6380;2023-01-17 13:10:12.613000;7;1000;4;1;0.0000;1;28889.0000;None;312000.0000
6386;2023-01-17 13:38:55.460000;7;1000;4;1;0.0000;1;11259.0000;None;121600.0000
6387;2023-01-17 13:52:28.610000;7;1000;4;1;0.0000;1;5898.0000;None;63700.0000
6384;2023-01-17 13:28:58.800000;7;1000;4;1;0.0000;1;47241.0000;None;510200.0000
22689;2023-01-17 16:12:17.013000;7;1000;4;1;0.0000;1;None;None;160600.0000
6371;2023-01-17 12:21:29.430000;7;1000;4;1;None;1;21408.0000;None;231200.0000
7182;2023-01-17 12:20:26.820000;7;1000;4;1;0.0000;1;None;None;261800.0000
7182;2023-01-17 12:20:26.820000;7;1000;4;1;0.0000;1;None;None;261800.0000
7185;2023-01-17 12:41:43.810000;7;1000;4;1;0.0000;1;None;None;56600.0000
6375;2023-01-17 12:38:56.337000;7;1000;4;1;0.0000;1;13685.0000;None;147800.0000
6375;2023-01-17 12:35:24.047000;7;1000;4;1;0.0000;1;13685.0000;None;147800.0000
6377;2023-01-17 12:43:51.870000;7;1000;4;1;0.0000;1;8907.0000;None;96200.0000
6372;2023-01-17 12:45:04.057000;7;1000;4;1;0.0000;1;30445.0000;None;328800.0000
6372;2023-01-17 12:26:16.940000;7;1000;4;1;0.0000;1;30445.0000;None;328800.0000
6372;2023-01-17 12:45:04.057000;7;1000;4;1;0.0000;1;30445.0000;None;328800.0000
7180;2023-01-17 12:11:32.333000;7;1000;4;1;0.0000;1;8889.0000;None;96000.0000
22656;2023-01-17 12:11:17.837000;7;1000;4;1;0.0000;1;None;None;122100.0000
6359;2023-01-17 15:19:26.567000;7;1000;4;1;0.0000;1;123260.0000;None;1331200.0000
6359;2023-01-17 13:50:50.567000;7;1000;4;1;0.0000;1;123260.0000;None;1331200.0000
6359;2023-01-17 13:21:23.587000;7;1000;4;1;0.0000;1;123260.0000;None;1331200.0000
6359;2023-01-17 11:30:56.667000;7;1000;4;1;0.0000;1;123260.0000;None;1331200.0000
6360;2023-01-17 12:49:31.787000;7;1000;4;1;0.0000;1;15796.0000;None;170600.0000
7179;2023-01-17 11:51:10.757000;7;1000;4;1;0.0000;1;None;None;43800.0000
22650;2023-01-17 12:00:57.793000;7;1000;4;1;0.0000;1;None;None;41800.0000
7178;2023-01-17 11:48:22.037000;7;1000;4;1;0.0000;1;None;None;26800.0000
7176;2023-01-17 09:38:18.820000;7;1000;4;1;0.0000;1;None;None;74400.0000
22640;2023-01-17 10:34:46.297000;7;1000;4;1;0.0000;1;None;None;74950.0000
6358;2023-01-17 12:37:44.580000;7;1000;4;1;0.0000;1;73537.0000;None;794200.0000
6358;2023-01-17 10:02:16.330000;7;1000;4;1;0.0000;1;73537.0000;None;794200.0000
6358;2023-01-17 10:02:16.330000;7;1000;4;1;0.0000;1;73537.0000;None;794200.0000
22641;2023-01-17 10:52:44.953000;7;1000;4;1;0.0000;1;None;None;31700.0000
6359;2023-01-17 11:30:56.667000;7;1000;4;1;0.0000;1;123260.0000;None;1331200.0000
6359;2023-01-17 11:30:56.667000;7;1000;4;1;0.0000;1;123260.0000;None;1331200.0000
22636;2023-01-17 09:12:01.427000;7;1000;4;1;0.0000;1;None;None;43200.0000
6358;2023-01-17 10:02:16.330000;7;1000;4;1;0.0000;1;73537.0000;None;794200.0000
22713;2023-01-17 20:00:39.400000;7;1000;4;1;0.0000;1;None;None;75700.0000
7215;2023-01-17 19:28:54.927000;7;1000;4;1;0.0000;1;None;None;158200.0000
22706;2023-01-17 18:51:27.760000;7;1000;4;1;0.0000;1;None;None;60150.0000
22698;2023-01-17 17:50:57.397000;7;1000;4;1;0.0000;1;None;None;29410.0000
6359;2023-01-17 11:30:56.667000;7;1001;1;1;0.0000;1;123260.0000;None;1331200.0000
6363;2023-01-17 12:15:50.980000;7;1001;1;1;0.0000;1;15852.0000;None;171200.0000
6363;2023-01-17 12:15:50.980000;7;1001;1;1;0.0000;1;15852.0000;None;171200.0000
6374;2023-01-17 12:32:45.063000;7;1001;1;1;0.0000;1;10556.0000;None;114000.0000
6374;2023-01-17 12:32:45.063000;7;1001;1;1;0.0000;1;10556.0000;None;114000.0000
6374;2023-01-17 12:32:45.063000;7;1001;1;1;0.0000;1;10556.0000;None;114000.0000
6366;2023-01-17 12:15:23.230000;7;1001;1;1;0.0000;1;16148.0000;None;174400.0000
6366;2023-01-17 12:15:23.230000;7;1001;1;1;0.0000;1;16148.0000;None;174400.0000
6366;2023-01-17 12:15:23.230000;7;1001;1;1;0.0000;1;16148.0000;None;174400.0000
6371;2023-01-17 12:21:29.430000;7;1001;1;1;None;1;21408.0000;None;231200.0000
6371;2023-01-17 12:21:29.430000;7;1001;1;1;None;1;21408.0000;None;231200.0000
6371;2023-01-17 12:21:29.430000;7;1001;1;1;None;1;21408.0000;None;231200.0000
22684;2023-01-17 12:26:59.313000;7;1001;1;1;0.0000;1;17296.0000;None;186800.0000
22684;2023-01-17 12:26:59.313000;7;1001;1;1;0.0000;1;17296.0000;None;186800.0000
22684;2023-01-17 12:26:59.313000;7;1001;1;1;0.0000;1;17296.0000;None;186800.0000
6384;2023-01-17 13:28:58.800000;7;1001;1;1;0.0000;1;47241.0000;None;510200.0000
6384;2023-01-17 13:28:58.800000;7;1001;1;1;0.0000;1;47241.0000;None;510200.0000
6384;2023-01-17 13:28:58.800000;7;1001;1;1;0.0000;1;47241.0000;None;510200.0000
6384;2023-01-17 13:28:58.800000;7;1002;1;1;0.0000;1;47241.0000;None;510200.0000
6381;2023-01-17 13:16:09.610000;7;1002;1;1;0.0000;1;6685.0000;None;72200.0000
22684;2023-01-17 12:26:59.313000;7;1002;1;1;0.0000;1;17296.0000;None;186800.0000
22684;2023-01-17 12:26:59.313000;7;1002;1;1;0.0000;1;17296.0000;None;186800.0000
22695;2023-01-17 17:20:22.780000;7;1002;1;1;0.0000;1;None;None;76150.0000
6371;2023-01-17 12:21:29.430000;7;1002;1;1;None;1;21408.0000;None;231200.0000
6372;2023-01-17 12:26:16.940000;7;1002;1;1;0.0000;1;30445.0000;None;328800.0000
6377;2023-01-17 12:43:51.870000;7;1002;1;1;0.0000;1;8907.0000;None;96200.0000
6361;2023-01-17 12:02:48.527000;7;1002;1;1;0.0000;1;3296.0000;None;35600.0000
6364;2023-01-17 12:11:17.247000;7;1002;1;1;0.0000;1;66074.0000;None;713600.0000
6379;2023-01-17 12:54:09.967000;7;1003;2;1;0.0000;1;40519.0000;None;437600.0000
22707;2023-01-17 18:56:48.887000;7;1004;1;1;0.0000;1;None;None;70700.0000
22706;2023-01-17 18:51:27.760000;7;1006;1;1;0.0000;1;None;None;60150.0000
22710;2023-01-17 19:41:43.910000;7;1006;1;1;0.0000;1;None;None;107200.0000
6391;2023-01-17 19:48:16.947000;7;1006;1;1;0.0000;1;11482.0000;None;124000.0000
6379;2023-01-17 12:54:09.967000;7;1006;1;1;0.0000;1;40519.0000;None;437600.0000
6381;2023-01-17 13:16:09.610000;7;1006;1;1;0.0000;1;6685.0000;None;72200.0000
6380;2023-01-17 13:02:02.623000;7;1006;1;1;0.0000;1;28889.0000;None;312000.0000
6384;2023-01-17 13:28:58.800000;7;1006;1;1;0.0000;1;47241.0000;None;510200.0000
6384;2023-01-17 13:28:58.800000;7;1006;1;1;0.0000;1;47241.0000;None;510200.0000
7194;2023-01-17 13:23:12.713000;7;1006;1;1;0.0000;1;None;None;153600.0000
7194;2023-01-17 13:23:12.713000;7;1006;1;1;0.0000;1;None;None;153600.0000
6360;2023-01-17 12:03:29.997000;7;1006;1;1;0.0000;1;15796.0000;None;170600.0000
6359;2023-01-17 11:30:56.667000;7;1006;1;1;0.0000;1;123260.0000;None;1331200.0000
6374;2023-01-17 12:51:03.690000;7;1006;1;1;0.0000;1;10556.0000;None;114000.0000
6375;2023-01-17 12:35:24.047000;7;1006;1;1;0.0000;1;13685.0000;None;147800.0000
6371;2023-01-17 12:21:29.430000;7;1006;1;1;None;1;21408.0000;None;231200.0000
6371;2023-01-17 12:21:29.430000;7;1006;1;1;None;1;21408.0000;None;231200.0000
6369;2023-01-17 12:25:20.717000;7;1006;1;1;0.0000;1;22778.0000;None;246000.0000
6368;2023-01-17 12:17:53.570000;7;1006;1;1;0.0000;1;8926.0000;None;96400.0000
7182;2023-01-17 12:20:26.820000;7;1006;1;1;0.0000;1;None;None;261800.0000
6366;2023-01-17 12:15:23.230000;7;1006;1;1;0.0000;1;16148.0000;None;174400.0000
6366;2023-01-17 12:15:23.230000;7;1006;1;1;0.0000;1;16148.0000;None;174400.0000
6365;2023-01-17 12:36:12.327000;7;1006;1;1;0.0000;1;15370.0000;None;166000.0000
6359;2023-01-17 11:30:56.667000;7;1006;1;1;0.0000;1;123260.0000;None;1331200.0000
6359;2023-01-17 11:30:56.667000;7;1006;1;1;0.0000;1;123260.0000;None;1331200.0000
6359;2023-01-17 11:30:56.667000;7;1006;1;1;0.0000;1;123260.0000;None;1331200.0000
6358;2023-01-17 10:02:16.330000;7;1006;1;1;0.0000;1;73537.0000;None;794200.0000
22640;2023-01-17 10:34:46.297000;7;1006;1;1;0.0000;1;None;None;74950.0000
22638;2023-01-17 10:10:27.147000;7;1006;1;1;0.0000;1;None;None;36600.0000
6358;2023-01-17 10:02:16.330000;7;1006;1;1;0.0000;1;73537.0000;None;794200.0000
6360;2023-01-17 12:03:29.997000;7;1007;1;1;0.0000;1;15796.0000;None;170600.0000
6384;2023-01-17 13:28:58.800000;7;1007;1;1;0.0000;1;47241.0000;None;510200.0000
6391;2023-01-17 19:51:55.427000;7;1007;1;1;0.0000;1;11482.0000;None;124000.0000
7194;2023-01-17 13:23:12.713000;7;1029;1;1;0.0000;1;None;None;153600.0000
6378;2023-01-17 12:50:03.683000;7;1030;1;1;0.0000;1;14333.0000;None;154800.0000
6369;2023-01-17 12:25:20.717000;7;1030;1;1;0.0000;1;22778.0000;None;246000.0000
6369;2023-01-17 12:18:43.900000;7;1034;3;2;0.0000;1;22778.0000;None;246000.0000
6366;2023-01-17 12:15:23.230000;7;1034;3;1;0.0000;1;16148.0000;None;174400.0000
6359;2023-01-17 11:30:56.667000;7;1034;3;1;0.0000;1;123260.0000;None;1331200.0000
6359;2023-01-17 13:18:07.087000;7;1034;3;2;0.0000;1;123260.0000;None;1331200.0000
6363;2023-01-17 12:06:35.423000;7;1034;3;2;0.0000;1;15852.0000;None;171200.0000
6379;2023-01-17 12:54:40.430000;7;1034;3;1;0.0000;1;40519.0000;None;437600.0000
6380;2023-01-17 13:01:28.217000;7;1034;3;1;0.0000;1;28889.0000;None;312000.0000
6380;2023-01-17 13:01:28.217000;7;1034;2;1;0.0000;1;28889.0000;None;312000.0000
6387;2023-01-17 13:52:28.610000;7;1034;3;1;0.0000;1;5898.0000;None;63700.0000
6358;2023-01-17 09:25:19.727000;7;1034;3;2;0.0000;1;73537.0000;None;794200.0000
6385;2023-01-17 13:34:57.343000;7;1054;1;1;0.0000;1;7537.0000;None;81400.0000
7181;2023-01-17 12:12:32.877000;7;1054;1;1;0.0000;1;10722.0000;None;115800.0000
6359;2023-01-17 13:47:03.647000;7;1203;1;1;0.0000;1;123260.0000;None;1331200.0000
22690;2023-01-17 16:26:44.160000;7;1203;1;3;0.0000;1;43204.0000;None;466600.0000
22687;2023-01-17 16:22:07.263000;7;1203;1;-3;0.0000;1;-43315.0000;None;-467800.0000
7206;2023-01-17 15:16:08.473000;7;1203;1;1;0.0000;1;None;None;58800.0000
7201;2023-01-17 13:54:27.040000;7;1203;1;3;0.0000;1;None;None;14000.0000
6358;2023-01-17 09:25:19.727000;7;1207;1;1;0.0000;1;73537.0000;None;794200.0000
6380;2023-01-17 13:01:28.217000;7;1207;1;1;0.0000;1;28889.0000;None;312000.0000
6359;2023-01-17 11:30:56.667000;7;1207;1;1;0.0000;1;123260.0000;None;1331200.0000
6359;2023-01-17 13:18:07.087000;7;1207;1;1;0.0000;1;123260.0000;None;1331200.0000
6359;2023-01-17 11:30:56.667000;7;1207;1;1;0.0000;1;123260.0000;None;1331200.0000
22645;2023-01-17 11:18:35.790000;7;1207;1;1;0.0000;1;None;None;9400.0000
6374;2023-01-17 12:38:36.517000;7;1207;1;1;0.0000;1;10556.0000;None;114000.0000
22667;2023-01-17 12:44:56.117000;7;1343;1;1;0.0000;1;None;None;202500.0000
22658;2023-01-17 12:13:22.597000;7;1343;1;1;0.0000;1;None;None;57400.0000
22671;2023-01-17 12:51:32.843000;7;1343;1;1;0.0000;1;None;None;37600.0000
22670;2023-01-17 12:49:57.980000;7;1343;1;1;0.0000;1;None;None;115900.0000
22675;2023-01-17 13:53:12.190000;7;1343;1;1;0.0000;1;None;None;25000.0000
22641;2023-01-17 10:52:44.953000;7;1343;1;1;0.0000;1;None;None;31700.0000
22642;2023-01-17 11:10:35.503000;7;1343;1;1;0.0000;1;None;None;33900.0000
22710;2023-01-17 19:41:43.910000;7;1344;1;1;0.0000;1;None;None;107200.0000
22711;2023-01-17 19:47:37.233000;7;1344;1;1;0.0000;1;None;None;83600.0000
22706;2023-01-17 18:51:27.760000;7;1344;1;1;0.0000;1;None;None;60150.0000
22698;2023-01-17 17:50:57.397000;7;1344;1;1;0.0000;1;None;None;29410.0000
22636;2023-01-17 09:12:01.427000;7;1344;1;1;0.0000;1;None;None;43200.0000
22635;2023-01-17 08:47:56.367000;7;1344;1;1;0.0000;1;None;None;31600.0000
22674;2023-01-17 13:50:30.043000;7;1344;1;1;0.0000;1;None;None;20800.0000
22688;2023-01-17 16:03:49.910000;7;1344;1;1;0.0000;1;None;None;95900.0000
22691;2023-01-17 16:31:44.783000;7;1344;1;1;0.0000;1;None;None;38000.0000
22661;2023-01-17 12:15:47.357000;7;1344;1;1;0.0000;1;None;None;15600.0000
22668;2023-01-17 12:45:55.883000;7;1344;1;1;0.0000;1;None;None;41800.0000
22664;2023-01-17 12:30:46.420000;7;1344;1;1;0.0000;1;None;None;30500.0000
22657;2023-01-17 12:12:34.340000;7;1344;1;1;0.0000;1;None;None;16600.0000
22655;2023-01-17 12:04:55.440000;7;1344;1;1;0.0000;1;None;None;29410.0000
22654;2023-01-17 12:04:25.967000;7;1344;1;1;0.0000;1;None;None;24800.0000
22652;2023-01-17 12:02:20.323000;7;1344;1;1;0.0000;1;None;None;32400.0000
22653;2023-01-17 12:02:59.087000;7;1344;1;1;0.0000;1;None;None;31300.0000
22647;2023-01-17 11:36:30.307000;7;1345;1;1;0.0000;1;None;None;18900.0000
22649;2023-01-17 11:59:26.807000;7;1345;1;1;0.0000;1;None;None;33600.0000
22649;2023-01-17 11:59:26.807000;7;1345;1;1;0.0000;1;None;None;33600.0000
22649;2023-01-17 11:59:26.807000;7;1345;1;1;0.0000;1;None;None;33600.0000
22649;2023-01-17 11:59:26.807000;7;1345;1;1;0.0000;1;None;None;33600.0000
6359;2023-01-17 13:47:03.647000;7;1345;1;10;0.0000;1;123260.0000;None;1331200.0000
7210;2023-01-17 16:14:45.700000;7;1345;1;1;0.0000;1;None;None;8000.0000
22687;2023-01-17 15:54:57.307000;7;1345;1;-3;None;1;-43315.0000;None;-467800.0000
22687;2023-01-17 16:18:03.107000;7;1345;1;3;0.0000;1;-43315.0000;None;-467800.0000
7201;2023-01-17 13:54:27.040000;7;1345;1;1;0.0000;1;None;None;14000.0000
7202;2023-01-17 13:57:02.693000;7;1345;1;1;0.0000;1;None;None;4000.0000
7206;2023-01-17 15:16:08.473000;7;1345;1;1;0.0000;1;None;None;58800.0000
22682;2023-01-17 14:56:10.707000;7;1345;1;1;0.0000;1;None;None;18900.0000
22682;2023-01-17 14:56:10.707000;7;1345;1;1;0.0000;1;None;None;18900.0000
22683;2023-01-17 15:16:05.530000;7;1345;1;1;0.0000;1;None;None;18900.0000
22683;2023-01-17 15:16:05.530000;7;1345;1;1;0.0000;1;None;None;18900.0000
7198;2023-01-17 13:38:45.700000;7;1345;1;1;0.0000;1;None;None;10000.0000
7198;2023-01-17 13:38:45.700000;7;1345;1;1;0.0000;1;None;None;10000.0000
7198;2023-01-17 13:38:45.700000;7;1345;1;1;0.0000;1;None;None;10000.0000
22673;2023-01-17 13:21:44.393000;7;1345;1;1;0.0000;1;None;None;18900.0000
22673;2023-01-17 13:21:44.393000;7;1345;1;1;0.0000;1;None;None;18900.0000
22672;2023-01-17 13:01:30.037000;7;1345;1;1;0.0000;1;None;None;33600.0000
7192;2023-01-17 13:11:55.510000;7;1345;1;3;0.0000;1;None;None;10000.0000
7191;2023-01-17 13:05:36.850000;7;1345;1;1;0.0000;1;None;None;10000.0000
7191;2023-01-17 13:05:36.850000;7;1345;1;1;0.0000;1;None;None;10000.0000
7191;2023-01-17 13:05:36.850000;7;1345;1;1;0.0000;1;None;None;10000.0000
7190;2023-01-17 13:04:43.257000;7;1345;1;1;0.0000;1;None;None;4000.0000
22644;2023-01-17 11:17:01.593000;7;1346;1;1;0.0000;1;None;None;10500.0000
22672;2023-01-17 13:01:30.037000;7;1346;1;1;0.0000;1;None;None;33600.0000
22672;2023-01-17 13:01:30.037000;7;1346;1;1;0.0000;1;None;None;33600.0000
22672;2023-01-17 13:01:30.037000;7;1346;1;1;0.0000;1;None;None;33600.0000
22669;2023-01-17 12:47:23.477000;7;1346;1;1;0.0000;1;None;None;15800.0000
22669;2023-01-17 12:47:23.477000;7;1346;1;1;0.0000;1;None;None;15800.0000
22669;2023-01-17 12:47:23.477000;7;1346;1;1;0.0000;1;None;None;15800.0000
22669;2023-01-17 12:47:23.477000;7;1346;1;1;0.0000;1;None;None;15800.0000
22673;2023-01-17 13:21:44.393000;7;1346;1;1;0.0000;1;None;None;18900.0000
7199;2023-01-17 13:40:30.043000;7;1346;1;6;0.0000;1;None;None;26000.0000
7206;2023-01-17 15:16:08.473000;7;1346;1;1;0.0000;1;None;None;58800.0000
6359;2023-01-17 13:47:03.647000;7;1346;1;1;0.0000;1;123260.0000;None;1331200.0000
22649;2023-01-17 11:59:26.807000;7;1346;1;1;0.0000;1;None;None;33600.0000
22649;2023-01-17 11:59:26.807000;7;1346;1;1;0.0000;1;None;None;33600.0000
22649;2023-01-17 11:59:26.807000;7;1346;1;1;0.0000;1;None;None;33600.0000
22649;2023-01-17 11:59:26.807000;7;1346;1;1;0.0000;1;None;None;33600.0000
22647;2023-01-17 11:36:30.307000;7;1346;1;1;0.0000;1;None;None;18900.0000
22647;2023-01-17 11:36:30.307000;7;1346;1;1;0.0000;1;None;None;18900.0000
22646;2023-01-17 11:27:44.310000;7;1346;1;1;0.0000;1;None;None;33600.0000
22646;2023-01-17 11:27:44.310000;7;1346;1;1;0.0000;1;None;None;33600.0000
6362;2023-01-17 12:50:41.183000;7;1346;1;1;0.0000;1;17889.0000;None;193200.0000
7184;2023-01-17 12:33:56.900000;7;1346;1;1;0.0000;1;None;None;4000.0000
7206;2023-01-17 15:16:08.473000;7;1347;1;1;0.0000;1;None;None;58800.0000
22683;2023-01-17 15:16:05.530000;7;1347;1;1;0.0000;1;None;None;18900.0000
22683;2023-01-17 15:16:05.530000;7;1347;1;1;0.0000;1;None;None;18900.0000
22683;2023-01-17 15:16:05.530000;7;1347;1;1;0.0000;1;None;None;18900.0000
7210;2023-01-17 16:14:45.700000;7;1347;1;1;0.0000;1;None;None;8000.0000
7211;2023-01-17 16:44:43.153000;7;1347;1;1;0.0000;1;None;None;8000.0000
7199;2023-01-17 13:40:30.043000;7;1347;1;1;0.0000;1;None;None;26000.0000
6386;2023-01-17 14:13:13.160000;7;1347;1;1;0.0000;1;11259.0000;None;121600.0000
22673;2023-01-17 13:21:44.393000;7;1347;1;1;0.0000;1;None;None;18900.0000
22669;2023-01-17 12:47:23.477000;7;1347;1;1;0.0000;1;None;None;15800.0000
22669;2023-01-17 12:47:23.477000;7;1347;1;1;0.0000;1;None;None;15800.0000
22672;2023-01-17 13:01:30.037000;7;1347;1;1;0.0000;1;None;None;33600.0000
22644;2023-01-17 11:17:01.593000;7;1348;1;1;0.0000;1;None;None;10500.0000
22672;2023-01-17 13:01:30.037000;7;1348;1;1;0.0000;1;None;None;33600.0000
22672;2023-01-17 13:01:30.037000;7;1348;1;1;0.0000;1;None;None;33600.0000
22672;2023-01-17 13:01:30.037000;7;1348;1;1;0.0000;1;None;None;33600.0000
22672;2023-01-17 13:01:30.037000;7;1348;1;1;0.0000;1;None;None;33600.0000
22672;2023-01-17 13:01:30.037000;7;1348;1;1;0.0000;1;None;None;33600.0000
22673;2023-01-17 13:21:44.393000;7;1348;1;1;0.0000;1;None;None;18900.0000
7211;2023-01-17 16:44:43.153000;7;1348;1;1;0.0000;1;None;None;8000.0000
7209;2023-01-17 16:03:38.327000;7;1348;1;3;0.0000;1;None;None;27600.0000
7206;2023-01-17 15:16:08.473000;7;1348;1;1;0.0000;1;None;None;58800.0000
6366;2023-01-17 13:06:06.087000;7;1348;1;1;0.0000;1;16148.0000;None;174400.0000
6366;2023-01-17 13:06:06.087000;7;1348;1;1;0.0000;1;16148.0000;None;174400.0000
6362;2023-01-17 12:50:41.183000;7;1348;1;1;0.0000;1;17889.0000;None;193200.0000
6362;2023-01-17 12:50:41.183000;7;1348;1;1;0.0000;1;17889.0000;None;193200.0000
22647;2023-01-17 11:36:30.307000;7;1348;1;1;0.0000;1;None;None;18900.0000
22649;2023-01-17 11:59:26.807000;7;1348;1;1;0.0000;1;None;None;33600.0000
22649;2023-01-17 11:59:26.807000;7;1349;1;1;0.0000;1;None;None;33600.0000
22649;2023-01-17 11:59:26.807000;7;1349;1;1;0.0000;1;None;None;33600.0000
22647;2023-01-17 11:36:30.307000;7;1349;1;1;0.0000;1;None;None;18900.0000
22646;2023-01-17 11:27:44.310000;7;1349;1;10;0.0000;1;None;None;33600.0000
7206;2023-01-17 15:16:08.473000;7;1349;1;1;0.0000;1;None;None;58800.0000
7204;2023-01-17 14:53:06.603000;7;1349;1;3;0.0000;1;None;None;18000.0000
7203;2023-01-17 14:44:45.557000;7;1349;1;3;0.0000;1;None;None;15800.0000
22672;2023-01-17 13:01:30.037000;7;1349;1;1;0.0000;1;None;None;33600.0000
22672;2023-01-17 13:01:30.037000;7;1349;1;1;0.0000;1;None;None;33600.0000
22644;2023-01-17 11:17:01.593000;7;1350;1;1;0.0000;1;None;None;10500.0000
22673;2023-01-17 13:21:44.393000;7;1350;1;1;0.0000;1;None;None;18900.0000
7204;2023-01-17 14:53:06.603000;7;1350;1;3;0.0000;1;None;None;18000.0000
22682;2023-01-17 14:56:10.707000;7;1350;1;1;0.0000;1;None;None;18900.0000
22682;2023-01-17 14:56:10.707000;7;1350;1;1;0.0000;1;None;None;18900.0000
22682;2023-01-17 14:56:10.707000;7;1350;1;1;0.0000;1;None;None;18900.0000
22682;2023-01-17 14:56:10.707000;7;1350;1;1;0.0000;1;None;None;18900.0000
22683;2023-01-17 15:16:05.530000;7;1350;1;1;0.0000;1;None;None;18900.0000
22647;2023-01-17 11:36:30.307000;7;1350;1;1;0.0000;1;None;None;18900.0000
22649;2023-01-17 11:59:26.807000;7;1350;1;1;0.0000;1;None;None;33600.0000
6362;2023-01-17 12:50:41.183000;1;100581;1;1;10000.0000;1;17889.0000;None;193200.0000
7203;2023-01-17 14:44:45.557000;1;100581;1;1;10000.0000;1;None;None;15800.0000
7209;2023-01-17 16:03:38.327000;1;100581;1;1;10000.0000;1;None;None;27600.0000
22687;2023-01-17 16:22:07.263000;1;100581;1;-1;-10000.0000;1;-43315.0000;None;-467800.0000
22687;2023-01-17 15:54:57.307000;1;100581;1;-1;-10000.0000;1;-43315.0000;None;-467800.0000
22687;2023-01-17 16:18:03.107000;1;100581;1;1;10000.0000;1;-43315.0000;None;-467800.0000
22690;2023-01-17 16:26:44.160000;1;100581;1;1;10000.0000;1;43204.0000;None;466600.0000
7198;2023-01-17 13:38:45.700000;1;100581;1;1;10000.0000;1;None;None;10000.0000
7201;2023-01-17 13:54:27.040000;1;100581;1;1;10000.0000;1;None;None;14000.0000
7191;2023-01-17 13:05:36.850000;1;100581;1;1;10000.0000;1;None;None;10000.0000
7192;2023-01-17 13:11:55.510000;1;100581;1;1;10000.0000;1;None;None;10000.0000
22644;2023-01-17 11:17:01.593000;1;100581;1;1;10500.0000;1;None;None;10500.0000
22673;2023-01-17 13:21:44.393000;1;100582;1;1;18900.0000;1;None;None;18900.0000
7199;2023-01-17 13:40:30.043000;1;100582;1;1;18000.0000;1;None;None;26000.0000
7204;2023-01-17 14:53:06.603000;1;100582;1;1;18000.0000;1;None;None;18000.0000
22682;2023-01-17 14:56:10.707000;1;100582;1;1;18900.0000;1;None;None;18900.0000
7206;2023-01-17 15:16:08.473000;1;100582;1;1;18000.0000;1;None;None;58800.0000
22683;2023-01-17 15:16:05.530000;1;100582;1;1;18900.0000;1;None;None;18900.0000
22647;2023-01-17 11:36:30.307000;1;100582;1;1;18900.0000;1;None;None;18900.0000
22646;2023-01-17 11:27:44.310000;1;100583;1;1;33600.0000;1;None;None;33600.0000
22649;2023-01-17 11:59:26.807000;1;100583;1;1;33600.0000;1;None;None;33600.0000
6359;2023-01-17 13:47:03.647000;1;100583;1;2;64000.0000;1;123260.0000;None;1331200.0000
22672;2023-01-17 13:01:30.037000;1;100583;1;1;33600.0000;1;None;None;33600.0000
6361;2023-01-17 12:31:04.250000;3;100596;1;1;5800.0000;1;3296.0000;None;35600.0000
6369;2023-01-17 13:43:14.363000;3;100606;1;2;13600.0000;1;22778.0000;None;246000.0000
22690;2023-01-17 16:26:44.160000;3;100606;1;1;6800.0000;1;43204.0000;None;466600.0000
22687;2023-01-17 16:18:03.107000;3;100606;1;1;6800.0000;1;-43315.0000;None;-467800.0000
22687;2023-01-17 15:54:57.307000;3;100606;1;-1;-6800.0000;1;-43315.0000;None;-467800.0000
22687;2023-01-17 16:22:07.263000;3;100606;1;-1;-6800.0000;1;-43315.0000;None;-467800.0000
6358;2023-01-17 13:04:41.640000;3;100606;1;3;20400.0000;1;73537.0000;None;794200.0000
7176;2023-01-17 09:38:18.820000;3;100606;1;1;6800.0000;1;None;None;74400.0000
22640;2023-01-17 10:34:46.297000;3;100607;1;1;7200.0000;1;None;None;74950.0000
7206;2023-01-17 15:16:08.473000;3;100607;1;6;40800.0000;1;None;None;58800.0000
6359;2023-01-17 13:47:03.647000;3;100607;1;1;6800.0000;1;123260.0000;None;1331200.0000
6359;2023-01-17 13:50:50.567000;3;100607;1;1;6800.0000;1;123260.0000;None;1331200.0000
6359;2023-01-17 13:50:50.567000;3;100612;1;1;9800.0000;1;123260.0000;None;1331200.0000
6359;2023-01-17 13:46:08.893000;3;100613;1;1;5800.0000;1;123260.0000;None;1331200.0000
6359;2023-01-17 13:59:42.007000;3;100614;1;4;23200.0000;1;123260.0000;None;1331200.0000
6359;2023-01-17 13:50:50.567000;3;100614;1;1;5800.0000;1;123260.0000;None;1331200.0000
6359;2023-01-17 13:50:50.567000;3;100614;1;1;5800.0000;1;123260.0000;None;1331200.0000
7180;2023-01-17 13:03:00.733000;3;100614;1;1;5800.0000;1;8889.0000;None;96000.0000
7180;2023-01-17 13:03:00.733000;3;100614;1;1;5800.0000;1;8889.0000;None;96000.0000
6365;2023-01-17 13:20:33.110000;3;100614;1;1;5800.0000;1;15370.0000;None;166000.0000
6365;2023-01-17 13:20:33.110000;3;100614;1;1;5800.0000;1;15370.0000;None;166000.0000
7186;2023-01-17 12:46:23.560000;3;100614;1;1;5800.0000;1;None;None;11600.0000
7186;2023-01-17 12:46:23.560000;3;100614;1;1;5800.0000;1;None;None;11600.0000
7203;2023-01-17 14:44:45.557000;3;100614;1;1;5800.0000;1;None;None;15800.0000
6380;2023-01-17 13:55:28.470000;3;100614;1;4;23200.0000;1;28889.0000;None;312000.0000
6386;2023-01-17 14:15:57.300000;3;100614;1;1;5800.0000;1;11259.0000;None;121600.0000
6386;2023-01-17 14:13:13.160000;3;100614;1;1;5800.0000;1;11259.0000;None;121600.0000
7177;2023-01-17 09:51:04.617000;3;100614;1;1;5800.0000;1;1167.0000;None;12600.0000
6358;2023-01-17 13:04:41.640000;3;100614;1;8;46400.0000;1;73537.0000;None;794200.0000
22700;2023-01-17 17:57:14.973000;1;100624;1;1;1000.0000;1;None;None;2000.0000
22700;2023-01-17 17:57:14.973000;1;100624;1;1;1000.0000;1;None;None;2000.0000
6387;2023-01-17 13:52:28.610000;1;100842;1;1;25800.0000;1;5898.0000;None;63700.0000
22667;2023-01-17 12:44:56.117000;1;100842;1;1;27100.0000;1;None;None;202500.0000
22670;2023-01-17 12:49:57.980000;1;100844;1;2;60600.0000;1;None;None;115900.0000
22656;2023-01-17 12:11:17.837000;1;100845;1;1;30300.0000;1;None;None;122100.0000
22640;2023-01-17 10:34:46.297000;1;100846;1;1;32400.0000;1;None;None;74950.0000
6364;2023-01-17 12:11:17.247000;1;100846;1;1;30800.0000;1;66074.0000;None;713600.0000
6377;2023-01-17 12:43:51.870000;1;100846;1;1;30800.0000;1;8907.0000;None;96200.0000
6372;2023-01-17 12:45:04.057000;1;100846;1;1;30800.0000;1;30445.0000;None;328800.0000
22658;2023-01-17 12:13:22.597000;1;100846;1;1;32400.0000;1;None;None;57400.0000
22694;2023-01-17 17:11:20.363000;1;100846;1;1;32400.0000;1;None;None;34900.0000
22680;2023-01-17 14:25:02.827000;1;100847;1;1;28200.0000;1;None;None;35800.0000
22678;2023-01-17 14:14:47.563000;1;100848;1;1;30300.0000;1;None;None;49500.0000
7182;2023-01-17 12:20:26.820000;1;100848;1;1;28800.0000;1;None;None;261800.0000
7182;2023-01-17 12:20:26.820000;1;100848;1;1;28800.0000;1;None;None;261800.0000
6364;2023-01-17 12:11:17.247000;1;100848;1;1;28800.0000;1;66074.0000;None;713600.0000
22651;2023-01-17 12:01:40.467000;1;100850;1;1;24000.0000;1;None;None;24000.0000
22667;2023-01-17 12:44:56.117000;1;100850;1;2;48000.0000;1;None;None;202500.0000
22704;2023-01-17 18:40:24.500000;1;100850;1;1;24000.0000;1;None;None;31200.0000
22667;2023-01-17 12:44:56.117000;1;100851;1;2;50000.0000;1;None;None;202500.0000
22666;2023-01-17 12:32:06.600000;1;100851;1;1;25000.0000;1;None;None;25000.0000
22658;2023-01-17 12:13:22.597000;1;100851;1;1;25000.0000;1;None;None;57400.0000
22648;2023-01-17 11:41:40.117000;1;100851;1;1;25000.0000;1;None;None;63700.0000
22670;2023-01-17 12:49:57.980000;1;100851;1;1;25000.0000;1;None;None;115900.0000
6387;2023-01-17 13:52:28.610000;1;100851;1;1;23800.0000;1;5898.0000;None;63700.0000
22675;2023-01-17 13:53:12.190000;1;100851;1;1;25000.0000;1;None;None;25000.0000
6364;2023-01-17 12:11:17.247000;1;100853;1;1;28800.0000;1;66074.0000;None;713600.0000
6364;2023-01-17 12:49:03.863000;1;100853;1;1;28800.0000;1;66074.0000;None;713600.0000
6367;2023-01-17 12:16:22.367000;1;100855;1;1;28800.0000;1;3620.0000;None;39100.0000
22670;2023-01-17 12:49:57.980000;1;100855;1;1;30300.0000;1;None;None;115900.0000
7189;2023-01-17 12:16:22.367000;1;100855;1;1;28800.0000;1;3296.0000;None;35600.0000
22641;2023-01-17 10:52:44.953000;1;100856;1;1;15600.0000;1;None;None;31700.0000
22678;2023-01-17 14:14:47.563000;1;100856;1;1;15600.0000;1;None;None;49500.0000
22661;2023-01-17 12:15:47.357000;1;100856;1;1;15600.0000;1;None;None;15600.0000
22689;2023-01-17 16:12:17.013000;8;100954;1;1;39800.0000;1;None;None;160600.0000
22708;2023-01-17 19:11:50.310000;8;100954;1;1;39800.0000;1;None;None;68600.0000
22677;2023-01-17 14:13:14.083000;1;100963;1;1;0.0000;1;None;None;45010.0000
22656;2023-01-17 12:11:17.837000;1;100974;1;1;18700.0000;1;None;None;122100.0000
6391;2023-01-17 19:48:16.947000;1;100974;1;1;17800.0000;1;11482.0000;None;124000.0000
22716;2023-01-17 20:16:21.717000;1;100995;1;1;11400.0000;1;None;None;11400.0000
22636;2023-01-17 09:12:01.427000;1;100995;1;1;10800.0000;1;None;None;43200.0000
22689;2023-01-17 16:12:17.013000;8;101026;1;2;67600.0000;1;None;None;160600.0000
6390;2023-01-17 17:16:19.010000;8;101026;1;1;33800.0000;1;5593.0000;None;60400.0000
6378;2023-01-17 12:50:03.683000;8;101026;1;1;33800.0000;1;14333.0000;None;154800.0000
6378;2023-01-17 12:47:51.627000;6;101061;1;1;0.0000;1;14333.0000;None;154800.0000
6379;2023-01-17 12:54:09.967000;6;101061;1;5;0.0000;1;40519.0000;None;437600.0000
6380;2023-01-17 13:01:28.217000;6;101061;1;1;0.0000;1;28889.0000;None;312000.0000
6380;2023-01-17 13:02:02.623000;6;101061;1;1;0.0000;1;28889.0000;None;312000.0000
6381;2023-01-17 13:16:09.610000;6;101061;1;2;0.0000;1;6685.0000;None;72200.0000
6387;2023-01-17 13:52:28.610000;6;101061;1;1;0.0000;1;5898.0000;None;63700.0000
6386;2023-01-17 13:38:55.460000;6;101061;1;1;0.0000;1;11259.0000;None;121600.0000
6385;2023-01-17 13:34:57.343000;6;101061;1;1;0.0000;1;7537.0000;None;81400.0000
6383;2023-01-17 13:24:23.407000;6;101061;1;1;0.0000;1;10574.0000;None;114200.0000
6384;2023-01-17 13:28:58.800000;6;101061;1;1;0.0000;1;47241.0000;None;510200.0000
6390;2023-01-17 17:16:19.010000;6;101061;1;1;0.0000;1;5593.0000;None;60400.0000
6388;2023-01-17 14:29:38.273000;6;101061;1;1;0.0000;1;3111.0000;None;33600.0000
7180;2023-01-17 12:11:32.333000;6;101061;1;1;0.0000;1;8889.0000;None;96000.0000
7181;2023-01-17 12:12:32.877000;6;101061;1;1;0.0000;1;10722.0000;None;115800.0000
6364;2023-01-17 12:11:17.247000;6;101061;1;4;0.0000;1;66074.0000;None;713600.0000
6361;2023-01-17 12:02:48.527000;6;101061;1;1;0.0000;1;3296.0000;None;35600.0000
6362;2023-01-17 12:05:11.103000;6;101061;1;1;0.0000;1;17889.0000;None;193200.0000
6363;2023-01-17 12:06:35.423000;6;101061;1;1;0.0000;1;15852.0000;None;171200.0000
6363;2023-01-17 12:15:50.980000;6;101061;1;1;0.0000;1;15852.0000;None;171200.0000
6360;2023-01-17 12:03:29.997000;6;101061;1;1;0.0000;1;15796.0000;None;170600.0000
6366;2023-01-17 12:15:23.230000;6;101061;1;1;0.0000;1;16148.0000;None;174400.0000
6365;2023-01-17 12:13:34.417000;6;101061;1;1;0.0000;1;15370.0000;None;166000.0000
6367;2023-01-17 12:16:22.367000;6;101061;1;1;0.0000;1;3620.0000;None;39100.0000
6368;2023-01-17 12:17:53.570000;6;101061;1;1;0.0000;1;8926.0000;None;96400.0000
6369;2023-01-17 12:18:43.900000;6;101061;1;1;0.0000;1;22778.0000;None;246000.0000
6371;2023-01-17 12:21:29.430000;6;101061;1;1;None;1;21408.0000;None;231200.0000
6377;2023-01-17 12:43:51.870000;6;101061;1;1;0.0000;1;8907.0000;None;96200.0000
6376;2023-01-17 12:42:35.040000;6;101061;1;1;0.0000;1;8722.0000;None;94200.0000
6375;2023-01-17 12:35:24.047000;6;101061;1;1;0.0000;1;13685.0000;None;147800.0000
6358;2023-01-17 10:02:16.330000;6;101061;1;5;0.0000;1;73537.0000;None;794200.0000
6359;2023-01-17 11:30:56.667000;6;101061;1;6;0.0000;1;123260.0000;None;1331200.0000
6391;2023-01-17 19:48:16.947000;6;101061;1;1;0.0000;1;11482.0000;None;124000.0000
6359;2023-01-17 11:30:56.667000;1;101073;1;1;69800.0000;1;123260.0000;None;1331200.0000
6371;2023-01-17 12:21:29.430000;1;101073;1;1;69800.0000;1;21408.0000;None;231200.0000
6371;2023-01-17 12:21:29.430000;1;101073;1;1;69800.0000;1;21408.0000;None;231200.0000
22684;2023-01-17 12:26:59.313000;1;101073;1;1;69800.0000;1;17296.0000;None;186800.0000
7194;2023-01-17 13:23:12.713000;1;101127;1;1;36800.0000;1;None;None;153600.0000
7194;2023-01-17 13:23:12.713000;1;101127;1;1;36800.0000;1;None;None;153600.0000
6371;2023-01-17 12:21:29.430000;1;101127;1;1;36800.0000;1;21408.0000;None;231200.0000
22688;2023-01-17 16:03:49.910000;1;101176;1;1;43900.0000;1;None;None;95900.0000
6378;2023-01-17 12:50:03.683000;1;101203;1;1;51800.0000;1;14333.0000;None;154800.0000
6375;2023-01-17 12:35:24.047000;1;101203;1;1;51800.0000;1;13685.0000;None;147800.0000
6362;2023-01-17 12:05:11.103000;1;101203;1;1;51800.0000;1;17889.0000;None;193200.0000
6369;2023-01-17 12:18:43.900000;1;101244;1;1;29800.0000;1;22778.0000;None;246000.0000
22636;2023-01-17 09:12:01.427000;1;101295;1;1;13800.0000;1;None;None;43200.0000
22643;2023-01-17 11:14:25.897000;1;101323;1;1;30300.0000;1;None;None;346915.0000
6364;2023-01-17 12:11:17.247000;1;101323;1;1;28800.0000;1;66074.0000;None;713600.0000
22713;2023-01-17 20:00:39.400000;1;101323;1;1;30300.0000;1;None;None;75700.0000
22715;2023-01-17 20:07:25.257000;6;101397;1;1;0.0000;1;None;None;77300.0000
22681;2023-01-17 14:31:44.787000;6;101397;1;1;0.0000;1;None;None;82800.0000
22715;2023-01-17 20:07:25.257000;8;101413;1;1;0.0000;1;None;None;77300.0000
7215;2023-01-17 19:28:54.927000;1;101433;1;1;0.0000;1;None;None;158200.0000
7215;2023-01-17 19:28:54.927000;1;101433;1;1;0.0000;1;None;None;158200.0000
22684;2023-01-17 12:26:59.313000;1;101433;1;1;0.0000;1;17296.0000;None;186800.0000
6359;2023-01-17 11:30:56.667000;1;101433;1;1;0.0000;1;123260.0000;None;1331200.0000
6369;2023-01-17 12:25:20.717000;1;101433;1;1;0.0000;1;22778.0000;None;246000.0000
6365;2023-01-17 12:36:12.327000;1;101433;1;1;0.0000;1;15370.0000;None;166000.0000
6366;2023-01-17 12:15:23.230000;1;101433;1;1;0.0000;1;16148.0000;None;174400.0000
6366;2023-01-17 12:15:23.230000;1;101433;1;1;0.0000;1;16148.0000;None;174400.0000
7182;2023-01-17 12:20:26.820000;1;101433;1;1;0.0000;1;None;None;261800.0000
6377;2023-01-17 12:43:51.870000;1;101433;1;1;0.0000;1;8907.0000;None;96200.0000
6358;2023-01-17 10:02:16.330000;1;101433;1;1;0.0000;1;73537.0000;None;794200.0000
6358;2023-01-17 10:02:16.330000;1;101433;1;1;0.0000;1;73537.0000;None;794200.0000
6358;2023-01-17 10:02:16.330000;1;101433;1;1;0.0000;1;73537.0000;None;794200.0000
6358;2023-01-17 10:02:16.330000;1;101433;1;1;0.0000;1;73537.0000;None;794200.0000
6358;2023-01-17 10:02:16.330000;1;101433;1;1;0.0000;1;73537.0000;None;794200.0000
6358;2023-01-17 10:02:16.330000;6;101438;1;1;0.0000;1;73537.0000;None;794200.0000
6358;2023-01-17 10:02:16.330000;6;101438;1;1;0.0000;1;73537.0000;None;794200.0000
6359;2023-01-17 11:30:56.667000;6;101438;1;1;0.0000;1;123260.0000;None;1331200.0000
6359;2023-01-17 11:30:56.667000;6;101438;1;1;0.0000;1;123260.0000;None;1331200.0000
7180;2023-01-17 12:11:32.333000;6;101438;1;1;0.0000;1;8889.0000;None;96000.0000
22711;2023-01-17 19:47:37.233000;6;101438;1;1;0.0000;1;None;None;83600.0000
22711;2023-01-17 19:47:37.233000;6;101438;1;1;0.0000;1;None;None;83600.0000
22712;2023-01-17 19:52:05.627000;6;101438;1;1;0.0000;1;None;None;79400.0000
22710;2023-01-17 19:41:43.910000;6;101442;1;1;0.0000;1;None;None;107200.0000
22715;2023-01-17 20:07:25.257000;6;101442;1;1;0.0000;1;None;None;77300.0000
6363;2023-01-17 12:06:35.423000;6;101442;1;1;0.0000;1;15852.0000;None;171200.0000
6363;2023-01-17 12:15:50.980000;6;101470;1;1;0.0000;1;15852.0000;None;171200.0000
6364;2023-01-17 12:11:17.247000;6;101470;1;1;0.0000;1;66074.0000;None;713600.0000
6358;2023-01-17 10:02:16.330000;1;101520;1;1;0.0000;1;73537.0000;None;794200.0000
6359;2023-01-17 11:30:56.667000;1;101520;1;1;0.0000;1;123260.0000;None;1331200.0000
22663;2023-01-17 12:30:06.997000;1;101520;1;1;0.0000;1;None;None;191840.0000
22687;2023-01-17 16:22:07.263000;1;101520;1;-1;0.0000;1;-43315.0000;None;-467800.0000
6383;2023-01-17 13:24:23.407000;1;101520;1;1;0.0000;1;10574.0000;None;114200.0000
6383;2023-01-17 13:26:56.770000;1;101522;1;1;0.0000;1;10574.0000;None;114200.0000
7194;2023-01-17 13:23:12.713000;1;101522;1;1;0.0000;1;None;None;153600.0000
6384;2023-01-17 13:28:58.800000;1;101522;1;1;0.0000;1;47241.0000;None;510200.0000
6384;2023-01-17 13:28:58.800000;1;101522;1;1;0.0000;1;47241.0000;None;510200.0000
6379;2023-01-17 13:14:57.583000;1;101522;1;1;0.0000;1;40519.0000;None;437600.0000
6379;2023-01-17 12:54:09.950000;1;101522;1;1;0.0000;1;40519.0000;None;437600.0000
6379;2023-01-17 12:54:09.967000;1;101522;1;1;0.0000;1;40519.0000;None;437600.0000
6379;2023-01-17 12:54:09.967000;1;101522;1;1;0.0000;1;40519.0000;None;437600.0000
6379;2023-01-17 12:54:09.967000;1;101522;1;1;0.0000;1;40519.0000;None;437600.0000
6372;2023-01-17 12:26:16.940000;1;101522;1;1;0.0000;1;30445.0000;None;328800.0000
6374;2023-01-17 12:51:03.690000;1;101522;1;1;0.0000;1;10556.0000;None;114000.0000
6368;2023-01-17 12:17:53.570000;1;101522;1;1;0.0000;1;8926.0000;None;96400.0000
7181;2023-01-17 12:12:32.877000;1;101522;1;1;0.0000;1;10722.0000;None;115800.0000
6359;2023-01-17 11:30:56.667000;1;101522;1;1;0.0000;1;123260.0000;None;1331200.0000
6359;2023-01-17 11:30:56.667000;1;101522;1;1;0.0000;1;123260.0000;None;1331200.0000
6359;2023-01-17 15:19:26.567000;1;101522;1;1;0.0000;1;123260.0000;None;1331200.0000
6360;2023-01-17 12:03:29.997000;1;101522;1;1;0.0000;1;15796.0000;None;170600.0000
6360;2023-01-17 12:03:29.997000;1;101522;1;1;0.0000;1;15796.0000;None;170600.0000
6359;2023-01-17 11:30:56.667000;1;101522;1;1;0.0000;1;123260.0000;None;1331200.0000
6359;2023-01-17 11:30:56.667000;1;101522;1;1;0.0000;1;123260.0000;None;1331200.0000
6359;2023-01-17 11:30:56.667000;1;101522;1;1;0.0000;1;123260.0000;None;1331200.0000
6359;2023-01-17 11:30:56.667000;1;101522;1;1;0.0000;1;123260.0000;None;1331200.0000
22709;2023-01-17 19:12:25.980000;6;101525;1;1;0.0000;1;None;None;33400.0000
22668;2023-01-17 12:45:55.883000;6;101525;1;1;0.0000;1;None;None;41800.0000
22653;2023-01-17 12:02:59.087000;6;101535;1;1;0.0000;1;None;None;31300.0000
6364;2023-01-17 12:11:17.247000;6;101546;1;1;0.0000;1;66074.0000;None;713600.0000
6374;2023-01-17 12:51:03.690000;1;101552;1;1;0.0000;1;10556.0000;None;114000.0000
6372;2023-01-17 12:26:16.940000;1;101552;1;1;0.0000;1;30445.0000;None;328800.0000
6369;2023-01-17 12:25:20.717000;1;101552;1;1;0.0000;1;22778.0000;None;246000.0000
6372;2023-01-17 12:26:16.940000;1;101552;1;1;0.0000;1;30445.0000;None;328800.0000
6380;2023-01-17 13:02:02.623000;1;101552;1;1;0.0000;1;28889.0000;None;312000.0000
6385;2023-01-17 13:34:57.343000;1;101552;1;1;0.0000;1;7537.0000;None;81400.0000
22687;2023-01-17 16:18:03.107000;1;101552;1;1;0.0000;1;-43315.0000;None;-467800.0000
22687;2023-01-17 16:22:07.263000;1;101552;1;-1;0.0000;1;-43315.0000;None;-467800.0000
22687;2023-01-17 16:18:03.107000;1;101552;1;1;0.0000;1;-43315.0000;None;-467800.0000
22687;2023-01-17 15:54:57.307000;1;101552;1;-1;None;1;-43315.0000;None;-467800.0000
22690;2023-01-17 16:26:44.160000;1;101552;1;1;0.0000;1;43204.0000;None;466600.0000
22690;2023-01-17 16:26:44.160000;1;101552;1;1;0.0000;1;43204.0000;None;466600.0000
22687;2023-01-17 15:54:57.307000;1;101552;1;-1;None;1;-43315.0000;None;-467800.0000
6359;2023-01-17 11:30:56.667000;1;101552;1;1;0.0000;1;123260.0000;None;1331200.0000
6391;2023-01-17 19:51:55.427000;1;101552;1;1;0.0000;1;11482.0000;None;124000.0000
22707;2023-01-17 18:56:48.887000;6;101563;1;1;0.0000;1;None;None;70700.0000
22706;2023-01-17 18:51:27.760000;6;101563;1;1;0.0000;1;None;None;60150.0000
22695;2023-01-17 17:20:22.780000;6;101563;1;1;0.0000;1;None;None;76150.0000
22663;2023-01-17 12:30:06.997000;1;101573;1;1;0.0000;1;None;None;191840.0000
22715;2023-01-17 20:07:25.257000;6;101597;1;1;0.0000;1;None;None;77300.0000
6365;2023-01-17 12:13:34.417000;6;101624;1;1;0.0000;1;15370.0000;None;166000.0000
6365;2023-01-17 12:13:34.417000;6;101624;1;1;0.0000;1;15370.0000;None;166000.0000
6384;2023-01-17 13:28:58.800000;6;101624;1;1;0.0000;1;47241.0000;None;510200.0000
22681;2023-01-17 14:31:44.787000;8;101635;1;1;0.0000;1;None;None;82800.0000
7194;2023-01-17 13:23:12.713000;3;101641;1;1;0.0000;1;None;None;153600.0000
6385;2023-01-17 13:34:57.343000;3;101641;1;1;0.0000;1;7537.0000;None;81400.0000
6386;2023-01-17 13:38:55.460000;3;101641;1;1;0.0000;1;11259.0000;None;121600.0000
6365;2023-01-17 12:13:34.417000;3;101641;1;1;0.0000;1;15370.0000;None;166000.0000
6365;2023-01-17 12:13:34.417000;3;101641;1;1;0.0000;1;15370.0000;None;166000.0000
6371;2023-01-17 12:21:29.430000;3;101641;1;1;None;1;21408.0000;None;231200.0000
6372;2023-01-17 12:45:04.057000;3;101641;1;1;0.0000;1;30445.0000;None;328800.0000
6372;2023-01-17 12:26:16.940000;3;101641;1;1;0.0000;1;30445.0000;None;328800.0000
6376;2023-01-17 12:42:35.040000;3;101641;1;1;0.0000;1;8722.0000;None;94200.0000
6376;2023-01-17 12:42:35.040000;3;101641;1;1;0.0000;1;8722.0000;None;94200.0000
6364;2023-01-17 12:11:50.717000;3;101641;1;2;None;1;66074.0000;None;713600.0000
6364;2023-01-17 12:11:50.717000;3;101641;1;6;None;1;66074.0000;None;713600.0000
7181;2023-01-17 12:12:32.877000;3;101641;1;1;0.0000;1;10722.0000;None;115800.0000
6362;2023-01-17 12:05:11.103000;3;101641;1;2;0.0000;1;17889.0000;None;193200.0000
6359;2023-01-17 11:30:56.667000;3;101641;1;1;0.0000;1;123260.0000;None;1331200.0000
6359;2023-01-17 13:18:07.087000;3;101641;1;2;0.0000;1;123260.0000;None;1331200.0000
6358;2023-01-17 09:25:19.727000;3;101641;1;2;0.0000;1;73537.0000;None;794200.0000
6358;2023-01-17 09:25:19.727000;3;101641;1;1;0.0000;1;73537.0000;None;794200.0000
6358;2023-01-17 09:25:19.727000;3;101641;1;2;0.0000;1;73537.0000;None;794200.0000
7194;2023-01-17 13:23:12.713000;1;101665;1;1;39800.0000;1;None;None;153600.0000
22696;2023-01-17 17:31:26.943000;1;101929;1;1;17700.0000;1;None;None;162000.0000
6384;2023-01-17 13:28:58.800000;1;101957;1;1;43800.0000;1;47241.0000;None;510200.0000
6384;2023-01-17 13:28:58.800000;1;101957;1;1;43800.0000;1;47241.0000;None;510200.0000
7182;2023-01-17 12:20:26.820000;8;101992;1;1;31800.0000;1;None;None;261800.0000
7182;2023-01-17 12:20:26.820000;8;101992;1;1;31800.0000;1;None;None;261800.0000
6363;2023-01-17 12:06:35.423000;1;102042;1;1;37800.0000;1;15852.0000;None;171200.0000
6379;2023-01-17 12:54:09.950000;1;102042;1;1;37800.0000;1;40519.0000;None;437600.0000
22712;2023-01-17 19:52:05.627000;1;102069;1;1;37600.0000;1;None;None;79400.0000
22681;2023-01-17 14:31:44.787000;1;102082;1;1;28200.0000;1;None;None;82800.0000
22690;2023-01-17 16:26:44.160000;1;102132;1;1;6800.0000;1;43204.0000;None;466600.0000
22687;2023-01-17 15:54:57.307000;1;102132;1;-1;-6800.0000;1;-43315.0000;None;-467800.0000
22687;2023-01-17 16:18:03.107000;1;102132;1;1;6800.0000;1;-43315.0000;None;-467800.0000
22687;2023-01-17 16:22:07.263000;1;102132;1;-1;-6800.0000;1;-43315.0000;None;-467800.0000
6358;2023-01-17 12:28:22.313000;1;102132;1;1;6800.0000;1;73537.0000;None;794200.0000
22664;2023-01-17 12:30:46.420000;1;102159;1;1;8200.0000;1;None;None;30500.0000
22703;2023-01-17 18:14:28.610000;1;102159;1;1;8200.0000;1;None;None;70600.0000
22641;2023-01-17 10:52:44.953000;1;102197;1;1;5800.0000;1;None;None;31700.0000
22664;2023-01-17 12:30:46.420000;8;102205;1;1;1500.0000;1;None;None;30500.0000
22681;2023-01-17 14:31:44.787000;8;102205;1;1;1500.0000;1;None;None;82800.0000
22654;2023-01-17 12:04:25.967000;1;102209;1;1;4000.0000;1;None;None;24800.0000
22678;2023-01-17 14:14:47.563000;1;102226;1;1;1800.0000;1;None;None;49500.0000
6380;2023-01-17 13:10:12.613000;1;102228;1;1;10800.0000;1;28889.0000;None;312000.0000
6386;2023-01-17 13:38:55.460000;1;102228;1;1;10800.0000;1;11259.0000;None;121600.0000
6365;2023-01-17 12:36:12.327000;1;102228;1;1;10800.0000;1;15370.0000;None;166000.0000
6371;2023-01-17 12:21:29.430000;1;102228;1;1;10800.0000;1;21408.0000;None;231200.0000
6371;2023-01-17 12:21:29.430000;1;102228;1;1;10800.0000;1;21408.0000;None;231200.0000
6358;2023-01-17 10:02:16.330000;1;102228;1;3;32400.0000;1;73537.0000;None;794200.0000
6387;2023-01-17 13:52:28.610000;1;102238;1;1;2500.0000;1;5898.0000;None;63700.0000
22691;2023-01-17 16:31:44.783000;1;102238;1;1;2500.0000;1;None;None;38000.0000
22695;2023-01-17 17:20:22.780000;1;102238;1;1;2500.0000;1;None;None;76150.0000
22694;2023-01-17 17:11:20.363000;1;102238;1;1;2500.0000;1;None;None;34900.0000
6359;2023-01-17 13:45:45.833000;1;102261;1;1;2800.0000;1;123260.0000;None;1331200.0000
6367;2023-01-17 12:41:51.773000;1;102286;1;1;1500.0000;1;3620.0000;None;39100.0000
22680;2023-01-17 14:25:02.827000;1;102286;1;1;1500.0000;1;None;None;35800.0000
22642;2023-01-17 11:10:35.503000;1;102286;1;1;1500.0000;1;None;None;33900.0000
22697;2023-01-17 17:42:19.710000;1;102286;1;1;1500.0000;1;None;None;39100.0000
22695;2023-01-17 17:20:22.780000;1;102296;1;1;2800.0000;1;None;None;76150.0000
22643;2023-01-17 11:14:25.897000;1;102456;1;1;17700.0000;1;None;None;346915.0000
22714;2023-01-17 20:02:59.310000;1;102457;1;1;18800.0000;1;None;None;87300.0000
6375;2023-01-17 12:35:24.047000;1;102474;1;1;30800.0000;1;13685.0000;None;147800.0000
6381;2023-01-17 13:16:09.610000;1;102482;1;1;33800.0000;1;6685.0000;None;72200.0000
22638;2023-01-17 10:10:27.147000;1;102482;1;1;33800.0000;1;None;None;36600.0000
6391;2023-01-17 19:48:16.947000;1;102501;1;1;39800.0000;1;11482.0000;None;124000.0000
22635;2023-01-17 08:47:56.367000;1;102522;1;1;9800.0000;1;None;None;31600.0000
22710;2023-01-17 19:41:43.910000;1;102522;1;1;10300.0000;1;None;None;107200.0000
22701;2023-01-17 18:04:06.310000;1;102534;1;1;38700.0000;1;None;None;38700.0000
22636;2023-01-17 09:12:01.427000;1;102554;1;1;9800.0000;1;None;None;43200.0000
7194;2023-01-17 13:23:12.713000;3;102619;1;1;7800.0000;1;None;None;153600.0000
6380;2023-01-17 13:01:28.217000;3;102620;1;1;8800.0000;1;28889.0000;None;312000.0000
7181;2023-01-17 12:12:32.877000;3;102631;1;1;7800.0000;1;10722.0000;None;115800.0000
6358;2023-01-17 09:25:19.727000;3;102631;1;1;7800.0000;1;73537.0000;None;794200.0000
6391;2023-01-17 19:51:55.427000;3;102631;1;1;7800.0000;1;11482.0000;None;124000.0000
22710;2023-01-17 19:41:43.910000;3;102635;1;1;9300.0000;1;None;None;107200.0000
22702;2023-01-17 18:05:00.980000;3;102635;1;1;9300.0000;1;None;None;119000.0000
22636;2023-01-17 09:12:01.427000;3;102635;1;1;8800.0000;1;None;None;43200.0000
6358;2023-01-17 10:16:57.423000;3;102635;1;1;8800.0000;1;73537.0000;None;794200.0000
7181;2023-01-17 12:12:32.877000;3;102635;1;1;8800.0000;1;10722.0000;None;115800.0000
6364;2023-01-17 12:11:50.717000;3;102635;1;1;8800.0000;1;66074.0000;None;713600.0000
6367;2023-01-17 12:16:22.367000;3;102635;1;1;8800.0000;1;3620.0000;None;39100.0000
6379;2023-01-17 12:54:40.430000;3;102635;1;1;8800.0000;1;40519.0000;None;437600.0000
6379;2023-01-17 12:54:40.430000;3;102635;1;1;8800.0000;1;40519.0000;None;437600.0000
6378;2023-01-17 12:47:58.190000;3;102635;1;1;8800.0000;1;14333.0000;None;154800.0000
6384;2023-01-17 13:29:14.317000;3;102635;1;1;8800.0000;1;47241.0000;None;510200.0000
22684;2023-01-17 12:26:59.313000;3;102635;1;1;8800.0000;1;17296.0000;None;186800.0000
22684;2023-01-17 13:13:21.223000;3;102635;1;1;8800.0000;1;17296.0000;None;186800.0000
6363;2023-01-17 12:15:50.980000;3;102637;1;1;9800.0000;1;15852.0000;None;171200.0000
6359;2023-01-17 11:30:56.667000;3;102637;1;1;9800.0000;1;123260.0000;None;1331200.0000
6359;2023-01-17 13:18:07.087000;3;102639;1;1;9800.0000;1;123260.0000;None;1331200.0000
6384;2023-01-17 13:29:14.317000;3;102639;1;1;9800.0000;1;47241.0000;None;510200.0000
6379;2023-01-17 12:54:40.430000;3;102639;1;1;9800.0000;1;40519.0000;None;437600.0000
6379;2023-01-17 12:54:40.430000;3;102644;1;1;6800.0000;1;40519.0000;None;437600.0000
6364;2023-01-17 12:11:50.717000;3;102651;1;1;9800.0000;1;66074.0000;None;713600.0000
22656;2023-01-17 12:11:17.837000;1;102670;1;1;37600.0000;1;None;None;122100.0000
22671;2023-01-17 12:51:32.843000;1;102670;1;1;37600.0000;1;None;None;37600.0000
22702;2023-01-17 18:05:00.980000;1;102670;1;1;37600.0000;1;None;None;119000.0000
22697;2023-01-17 17:42:19.710000;1;102670;1;1;37600.0000;1;None;None;39100.0000
22705;2023-01-17 18:41:34.013000;1;102670;1;1;37600.0000;1;None;None;73100.0000
22639;2023-01-17 10:15:36.213000;1;102671;1;1;38800.0000;1;None;None;38800.0000
22656;2023-01-17 12:11:17.837000;1;102672;1;1;35500.0000;1;None;None;122100.0000
22705;2023-01-17 18:41:34.013000;1;102672;1;1;35500.0000;1;None;None;73100.0000
7182;2023-01-17 12:20:26.820000;1;102673;1;1;36800.0000;1;None;None;261800.0000
6366;2023-01-17 12:15:23.230000;1;102673;1;1;36800.0000;1;16148.0000;None;174400.0000
22667;2023-01-17 12:44:56.117000;1;102673;1;2;77400.0000;1;None;None;202500.0000
22702;2023-01-17 18:05:00.980000;1;102675;1;1;30300.0000;1;None;None;119000.0000
22642;2023-01-17 11:10:35.503000;1;102676;1;1;32400.0000;1;None;None;33900.0000
6364;2023-01-17 12:11:17.247000;1;102676;1;1;30800.0000;1;66074.0000;None;713600.0000
22652;2023-01-17 12:02:20.323000;1;102676;1;1;32400.0000;1;None;None;32400.0000
22691;2023-01-17 16:31:44.783000;1;102677;1;1;35500.0000;1;None;None;38000.0000
22702;2023-01-17 18:05:00.980000;1;102677;1;1;35500.0000;1;None;None;119000.0000
22648;2023-01-17 11:41:40.117000;1;102678;1;1;38700.0000;1;None;None;63700.0000
22695;2023-01-17 17:20:22.780000;1;102679;1;1;35500.0000;1;None;None;76150.0000
22679;2023-01-17 14:15:47.397000;1;102679;1;1;35500.0000;1;None;None;36700.0000
22654;2023-01-17 12:04:25.967000;1;102681;1;1;20800.0000;1;None;None;24800.0000
6358;2023-01-17 10:02:16.330000;1;102685;1;1;20800.0000;1;73537.0000;None;794200.0000
7176;2023-01-17 09:38:18.820000;1;102701;1;1;33800.0000;1;None;None;74400.0000
7176;2023-01-17 09:38:18.820000;1;102701;1;1;33800.0000;1;None;None;74400.0000
6364;2023-01-17 12:11:17.247000;1;102726;1;1;45800.0000;1;66074.0000;None;713600.0000
6380;2023-01-17 13:02:02.623000;1;102726;1;3;137400.0000;1;28889.0000;None;312000.0000
6384;2023-01-17 13:28:58.800000;1;102726;1;1;45800.0000;1;47241.0000;None;510200.0000
6384;2023-01-17 13:28:58.800000;1;102726;1;1;45800.0000;1;47241.0000;None;510200.0000
6384;2023-01-17 13:28:58.800000;1;102726;1;1;45800.0000;1;47241.0000;None;510200.0000
6384;2023-01-17 13:29:14.317000;3;102747;1;1;4800.0000;1;47241.0000;None;510200.0000
6387;2023-01-17 13:52:28.610000;3;102747;1;1;4800.0000;1;5898.0000;None;63700.0000
6380;2023-01-17 13:01:28.217000;3;102747;1;1;4800.0000;1;28889.0000;None;312000.0000
6380;2023-01-17 13:01:28.217000;3;102747;1;1;4800.0000;1;28889.0000;None;312000.0000
6380;2023-01-17 13:01:28.217000;3;102747;1;1;4800.0000;1;28889.0000;None;312000.0000
6379;2023-01-17 12:54:40.430000;3;102747;1;1;4800.0000;1;40519.0000;None;437600.0000
6379;2023-01-17 12:54:40.430000;3;102747;1;1;4800.0000;1;40519.0000;None;437600.0000
6379;2023-01-17 13:10:31.677000;3;102747;1;1;4800.0000;1;40519.0000;None;437600.0000
7180;2023-01-17 12:11:32.333000;3;102747;1;1;4800.0000;1;8889.0000;None;96000.0000
6363;2023-01-17 12:06:35.423000;3;102747;1;1;4800.0000;1;15852.0000;None;171200.0000
6363;2023-01-17 12:06:35.423000;3;102747;1;2;9600.0000;1;15852.0000;None;171200.0000
6359;2023-01-17 13:18:07.087000;3;102747;1;1;4800.0000;1;123260.0000;None;1331200.0000
6359;2023-01-17 13:18:07.087000;3;102747;1;1;4800.0000;1;123260.0000;None;1331200.0000
6359;2023-01-17 11:30:56.667000;3;102747;1;2;9600.0000;1;123260.0000;None;1331200.0000
6359;2023-01-17 11:30:56.667000;3;102747;1;1;4800.0000;1;123260.0000;None;1331200.0000
6359;2023-01-17 11:30:56.667000;3;102747;1;1;4800.0000;1;123260.0000;None;1331200.0000
6359;2023-01-17 13:18:07.087000;3;102747;1;2;9600.0000;1;123260.0000;None;1331200.0000
6366;2023-01-17 12:15:23.230000;3;102747;1;1;4800.0000;1;16148.0000;None;174400.0000
6369;2023-01-17 12:18:43.900000;3;102747;1;1;4800.0000;1;22778.0000;None;246000.0000
6369;2023-01-17 12:18:43.900000;3;102747;1;2;9600.0000;1;22778.0000;None;246000.0000
6358;2023-01-17 09:25:19.727000;3;102747;1;1;4800.0000;1;73537.0000;None;794200.0000
6358;2023-01-17 09:25:19.727000;3;102747;1;2;9600.0000;1;73537.0000;None;794200.0000
22702;2023-01-17 18:05:00.980000;3;102747;1;1;5100.0000;1;None;None;119000.0000
6359;2023-01-17 11:30:56.667000;3;102748;1;1;15800.0000;1;123260.0000;None;1331200.0000
6359;2023-01-17 13:18:07.087000;3;102748;1;1;15800.0000;1;123260.0000;None;1331200.0000
6379;2023-01-17 12:54:40.430000;3;102748;1;1;15800.0000;1;40519.0000;None;437600.0000
6384;2023-01-17 13:29:14.317000;3;102748;1;1;15800.0000;1;47241.0000;None;510200.0000
7194;2023-01-17 13:23:12.713000;3;102748;1;1;15800.0000;1;None;None;153600.0000
6379;2023-01-17 12:54:40.430000;3;102749;1;1;5800.0000;1;40519.0000;None;437600.0000
6364;2023-01-17 12:11:50.717000;3;102749;1;1;5800.0000;1;66074.0000;None;713600.0000
22690;2023-01-17 16:26:44.160000;8;102797;1;1;54800.0000;1;43204.0000;None;466600.0000
22687;2023-01-17 16:18:03.107000;8;102797;1;1;56800.0000;1;-43315.0000;None;-467800.0000
22687;2023-01-17 15:54:57.307000;8;102797;1;-1;-56800.0000;1;-43315.0000;None;-467800.0000
22687;2023-01-17 16:22:07.263000;8;102797;1;-1;-54800.0000;1;-43315.0000;None;-467800.0000
22643;2023-01-17 11:14:25.897000;8;102800;1;1;58800.0000;1;None;None;346915.0000
22680;2023-01-17 14:25:02.827000;3;102886;1;1;6100.0000;1;None;None;35800.0000
7208;2023-01-17 15:39:17.077000;1;102905;1;1;5500.0000;1;None;None;34100.0000
7208;2023-01-17 15:39:17.077000;1;102905;1;1;5500.0000;1;None;None;34100.0000
7197;2023-01-17 13:36:45.437000;1;102905;1;1;5500.0000;1;None;None;5500.0000
7208;2023-01-17 15:39:17.077000;1;102909;1;1;5500.0000;1;None;None;34100.0000
6376;2023-01-17 12:42:35.040000;8;102920;1;1;41800.0000;1;8722.0000;None;94200.0000
6364;2023-01-17 12:11:17.247000;1;102927;1;1;64800.0000;1;66074.0000;None;713600.0000
22706;2023-01-17 18:51:27.760000;1;102960;1;1;6100.0000;1;None;None;60150.0000
6359;2023-01-17 11:30:56.667000;1;102982;1;1;59800.0000;1;123260.0000;None;1331200.0000
6379;2023-01-17 12:54:09.967000;1;102982;1;1;59800.0000;1;40519.0000;None;437600.0000
22696;2023-01-17 17:31:26.943000;8;103023;1;1;50200.0000;1;None;None;162000.0000
6359;2023-01-17 11:30:56.667000;8;103028;1;1;52800.0000;1;123260.0000;None;1331200.0000
22717;2023-01-17 20:23:13.863000;8;103028;1;1;52800.0000;1;None;None;195720.0000
7208;2023-01-17 15:39:17.077000;1;103097;1;1;8800.0000;1;None;None;34100.0000
7209;2023-01-17 16:03:38.327000;1;103100;1;1;8800.0000;1;None;None;27600.0000
7213;2023-01-17 17:37:02.810000;1;103100;1;1;8800.0000;1;None;None;17600.0000
22663;2023-01-17 12:30:06.997000;1;103134;1;1;33400.0000;1;None;None;191840.0000
22709;2023-01-17 19:12:25.980000;1;103134;1;1;33400.0000;1;None;None;33400.0000
22710;2023-01-17 19:41:43.910000;1;103134;1;1;33400.0000;1;None;None;107200.0000
6360;2023-01-17 12:49:31.787000;1;103166;1;1;19800.0000;1;15796.0000;None;170600.0000
6358;2023-01-17 10:02:16.330000;1;103171;1;1;28800.0000;1;73537.0000;None;794200.0000
6358;2023-01-17 10:02:16.330000;1;103171;1;1;28800.0000;1;73537.0000;None;794200.0000
6358;2023-01-17 10:02:16.330000;1;103171;1;1;28800.0000;1;73537.0000;None;794200.0000
7181;2023-01-17 12:12:32.877000;1;103171;1;1;28800.0000;1;10722.0000;None;115800.0000
6379;2023-01-17 12:54:09.950000;1;103171;1;1;28800.0000;1;40519.0000;None;437600.0000
6383;2023-01-17 13:24:23.407000;1;103340;1;1;30800.0000;1;10574.0000;None;114200.0000
6359;2023-01-17 15:19:26.567000;1;103340;1;1;30800.0000;1;123260.0000;None;1331200.0000
6359;2023-01-17 11:30:56.667000;1;103340;1;1;30800.0000;1;123260.0000;None;1331200.0000
6359;2023-01-17 11:30:56.667000;1;103340;1;1;30800.0000;1;123260.0000;None;1331200.0000
7212;2023-01-17 16:50:59.043000;1;103364;1;1;9800.0000;1;None;None;16600.0000
22657;2023-01-17 12:12:34.340000;1;103372;1;1;16600.0000;1;None;None;16600.0000
22640;2023-01-17 10:34:46.297000;6;103488;1;1;0.0000;1;None;None;74950.0000
6391;2023-01-17 19:48:16.947000;6;103488;1;1;0.0000;1;11482.0000;None;124000.0000
6368;2023-01-17 12:17:53.570000;1;103515;1;1;44800.0000;1;8926.0000;None;96400.0000
6384;2023-01-17 13:28:58.800000;1;103515;1;1;44800.0000;1;47241.0000;None;510200.0000
6380;2023-01-17 13:02:02.623000;1;103515;1;1;44800.0000;1;28889.0000;None;312000.0000
6369;2023-01-17 12:25:20.717000;1;103551;1;1;49800.0000;1;22778.0000;None;246000.0000
7185;2023-01-17 12:41:43.810000;1;103551;1;1;49800.0000;1;None;None;56600.0000
7181;2023-01-17 12:12:32.877000;1;103551;1;1;49800.0000;1;10722.0000;None;115800.0000
22663;2023-01-17 12:30:06.997000;1;103552;1;1;40800.0000;1;None;None;191840.0000
22688;2023-01-17 16:03:49.910000;1;103567;1;1;33400.0000;1;None;None;95900.0000
22714;2023-01-17 20:02:59.310000;8;103615;1;1;39700.0000;1;None;None;87300.0000
6362;2023-01-17 12:05:11.103000;1;103700;1;1;32800.0000;1;17889.0000;None;193200.0000
22718;2023-01-17 20:30:49.783000;8;103746;1;1;39700.0000;1;None;None;86500.0000
7215;2023-01-17 19:28:54.927000;1;103750;1;1;13800.0000;1;None;None;158200.0000
6363;2023-01-17 12:15:50.980000;1;103759;1;1;10800.0000;1;15852.0000;None;171200.0000
6366;2023-01-17 12:15:23.230000;1;103759;1;1;10800.0000;1;16148.0000;None;174400.0000
6366;2023-01-17 12:15:23.230000;1;103759;1;1;10800.0000;1;16148.0000;None;174400.0000
22688;2023-01-17 16:03:49.910000;1;103759;1;1;11400.0000;1;None;None;95900.0000
22681;2023-01-17 14:31:44.787000;1;103771;1;1;13500.0000;1;None;None;82800.0000
6378;2023-01-17 12:47:51.627000;1;103771;1;1;12800.0000;1;14333.0000;None;154800.0000
6371;2023-01-17 12:21:29.430000;1;103771;1;1;12800.0000;1;21408.0000;None;231200.0000
6359;2023-01-17 11:30:56.667000;1;103771;1;1;12800.0000;1;123260.0000;None;1331200.0000
6384;2023-01-17 13:28:58.800000;1;103772;1;1;17800.0000;1;47241.0000;None;510200.0000
7194;2023-01-17 13:23:12.713000;1;103773;1;1;9800.0000;1;None;None;153600.0000
6390;2023-01-17 17:16:19.010000;1;103773;1;1;9800.0000;1;5593.0000;None;60400.0000
22641;2023-01-17 10:52:44.953000;1;103773;1;1;10300.0000;1;None;None;31700.0000
22710;2023-01-17 19:41:43.910000;1;103773;1;1;10300.0000;1;None;None;107200.0000
7215;2023-01-17 19:28:54.927000;1;103776;1;1;14800.0000;1;None;None;158200.0000
6359;2023-01-17 11:30:56.667000;1;103776;1;1;14800.0000;1;123260.0000;None;1331200.0000
22677;2023-01-17 14:13:14.083000;1;103776;1;1;15600.0000;1;None;None;45010.0000
6363;2023-01-17 12:15:50.980000;1;103782;1;1;27800.0000;1;15852.0000;None;171200.0000
6363;2023-01-17 12:06:35.423000;1;103784;1;1;29800.0000;1;15852.0000;None;171200.0000
22653;2023-01-17 12:02:59.087000;1;103784;1;1;31300.0000;1;None;None;31300.0000
6365;2023-01-17 12:13:34.417000;1;103784;1;1;29800.0000;1;15370.0000;None;166000.0000
6364;2023-01-17 12:11:17.247000;1;103784;1;1;29800.0000;1;66074.0000;None;713600.0000
6365;2023-01-17 12:13:34.417000;1;103784;1;1;29800.0000;1;15370.0000;None;166000.0000
6359;2023-01-17 11:30:56.667000;1;103784;1;1;29800.0000;1;123260.0000;None;1331200.0000
6358;2023-01-17 10:02:16.330000;1;103784;1;1;29800.0000;1;73537.0000;None;794200.0000
6358;2023-01-17 10:02:16.330000;1;103784;1;1;29800.0000;1;73537.0000;None;794200.0000
22711;2023-01-17 19:47:37.233000;1;103788;1;1;41800.0000;1;None;None;83600.0000
22715;2023-01-17 20:07:25.257000;1;103788;1;1;41800.0000;1;None;None;77300.0000
22712;2023-01-17 19:52:05.627000;1;103788;1;1;41800.0000;1;None;None;79400.0000
22711;2023-01-17 19:47:37.233000;1;103791;1;1;41800.0000;1;None;None;83600.0000
6359;2023-01-17 11:30:56.667000;1;103791;1;1;39800.0000;1;123260.0000;None;1331200.0000
22668;2023-01-17 12:45:55.883000;1;103791;1;1;41800.0000;1;None;None;41800.0000
7180;2023-01-17 12:11:32.333000;1;103791;1;1;39800.0000;1;8889.0000;None;96000.0000
6384;2023-01-17 13:28:58.800000;1;103846;1;1;48800.0000;1;47241.0000;None;510200.0000
6388;2023-01-17 14:29:38.273000;8;103867;1;1;28800.0000;1;3111.0000;None;33600.0000
22690;2023-01-17 16:26:44.160000;8;103867;1;1;27800.0000;1;43204.0000;None;466600.0000
22690;2023-01-17 16:26:44.160000;8;103867;1;1;27800.0000;1;43204.0000;None;466600.0000
22687;2023-01-17 15:54:57.307000;8;103867;1;-2;-57600.0000;1;-43315.0000;None;-467800.0000
22687;2023-01-17 16:18:03.107000;8;103867;1;2;57600.0000;1;-43315.0000;None;-467800.0000
22687;2023-01-17 16:22:07.263000;8;103867;1;-1;-27800.0000;1;-43315.0000;None;-467800.0000
22687;2023-01-17 16:22:07.263000;8;103867;1;-1;-27800.0000;1;-43315.0000;None;-467800.0000
22659;2023-01-17 12:13:52.587000;8;103867;1;1;28800.0000;1;None;None;28800.0000
22713;2023-01-17 20:00:39.400000;8;103867;1;1;28800.0000;1;None;None;75700.0000
22714;2023-01-17 20:02:59.310000;8;103867;1;1;28800.0000;1;None;None;87300.0000
22708;2023-01-17 19:11:50.310000;8;103867;1;1;28800.0000;1;None;None;68600.0000
6358;2023-01-17 10:02:16.330000;1;103955;1;1;41800.0000;1;73537.0000;None;794200.0000
6358;2023-01-17 10:02:16.330000;1;103955;1;1;41800.0000;1;73537.0000;None;794200.0000
6358;2023-01-17 10:02:16.330000;1;103955;1;1;41800.0000;1;73537.0000;None;794200.0000
6359;2023-01-17 11:30:56.667000;1;103955;1;1;41800.0000;1;123260.0000;None;1331200.0000
6372;2023-01-17 12:26:16.940000;1;103955;1;1;41800.0000;1;30445.0000;None;328800.0000
6372;2023-01-17 12:26:16.940000;1;103955;1;1;41800.0000;1;30445.0000;None;328800.0000
6374;2023-01-17 12:51:03.690000;1;103955;1;1;41800.0000;1;10556.0000;None;114000.0000
6372;2023-01-17 12:26:16.940000;1;103955;1;1;41800.0000;1;30445.0000;None;328800.0000
6360;2023-01-17 12:03:29.997000;1;103955;1;1;41800.0000;1;15796.0000;None;170600.0000
22687;2023-01-17 16:18:03.107000;1;103955;1;2;83600.0000;1;-43315.0000;None;-467800.0000
22687;2023-01-17 15:54:57.307000;1;103955;1;-2;-83600.0000;1;-43315.0000;None;-467800.0000
22687;2023-01-17 16:22:07.263000;1;103955;1;-2;-73600.0000;1;-43315.0000;None;-467800.0000
22690;2023-01-17 16:26:44.160000;1;103955;1;2;73600.0000;1;43204.0000;None;466600.0000
6379;2023-01-17 12:54:09.967000;1;103955;1;1;41800.0000;1;40519.0000;None;437600.0000
22710;2023-01-17 19:41:43.910000;1;103955;1;1;43900.0000;1;None;None;107200.0000
6390;2023-01-17 17:16:19.010000;1;104004;1;1;16800.0000;1;5593.0000;None;60400.0000
22696;2023-01-17 17:31:26.943000;1;104004;1;1;17700.0000;1;None;None;162000.0000
6359;2023-01-17 13:50:50.567000;1;104004;1;1;16800.0000;1;123260.0000;None;1331200.0000
6359;2023-01-17 15:19:26.567000;1;104004;1;1;16800.0000;1;123260.0000;None;1331200.0000
22645;2023-01-17 11:18:35.790000;1;104194;1;1;9400.0000;1;None;None;9400.0000
7184;2023-01-17 12:33:56.900000;1;104272;1;1;4000.0000;1;None;None;4000.0000
6366;2023-01-17 13:06:06.087000;1;104272;1;1;4000.0000;1;16148.0000;None;174400.0000
6366;2023-01-17 13:06:06.087000;1;104272;1;1;4000.0000;1;16148.0000;None;174400.0000
7211;2023-01-17 16:44:43.153000;1;104272;1;1;4000.0000;1;None;None;8000.0000
7211;2023-01-17 16:44:43.153000;1;104272;1;1;4000.0000;1;None;None;8000.0000
7210;2023-01-17 16:14:45.700000;1;104272;1;1;4000.0000;1;None;None;8000.0000
7210;2023-01-17 16:14:45.700000;1;104272;1;1;4000.0000;1;None;None;8000.0000
7202;2023-01-17 13:57:02.693000;1;104272;1;1;4000.0000;1;None;None;4000.0000
7201;2023-01-17 13:54:27.040000;1;104272;1;1;4000.0000;1;None;None;14000.0000
7190;2023-01-17 13:04:43.257000;1;104272;1;1;4000.0000;1;None;None;4000.0000
6386;2023-01-17 14:13:13.160000;1;104272;1;1;4000.0000;1;11259.0000;None;121600.0000
7199;2023-01-17 13:40:30.043000;1;104272;1;2;8000.0000;1;None;None;26000.0000
7213;2023-01-17 17:37:02.810000;1;104275;1;1;8800.0000;1;None;None;17600.0000
7209;2023-01-17 16:03:38.327000;1;104275;1;1;8800.0000;1;None;None;27600.0000
6379;2023-01-17 12:54:09.967000;1;104293;1;1;44800.0000;1;40519.0000;None;437600.0000
6366;2023-01-17 12:15:23.230000;1;104293;1;1;44800.0000;1;16148.0000;None;174400.0000
6366;2023-01-17 12:15:23.230000;1;104293;1;1;44800.0000;1;16148.0000;None;174400.0000
6365;2023-01-17 12:36:12.327000;1;104293;1;1;44800.0000;1;15370.0000;None;166000.0000
6368;2023-01-17 12:17:53.570000;1;104293;1;1;44800.0000;1;8926.0000;None;96400.0000
6374;2023-01-17 12:51:03.690000;1;104293;1;1;44800.0000;1;10556.0000;None;114000.0000
6360;2023-01-17 12:03:29.997000;1;104293;1;1;44800.0000;1;15796.0000;None;170600.0000
6359;2023-01-17 11:30:56.667000;1;104294;1;1;65800.0000;1;123260.0000;None;1331200.0000
6358;2023-01-17 10:02:16.330000;1;104294;1;1;65800.0000;1;73537.0000;None;794200.0000
6358;2023-01-17 10:02:16.330000;1;104294;1;1;65800.0000;1;73537.0000;None;794200.0000
6369;2023-01-17 12:25:20.717000;1;104294;1;1;65800.0000;1;22778.0000;None;246000.0000
6380;2023-01-17 13:02:02.623000;1;104294;1;1;65800.0000;1;28889.0000;None;312000.0000
22684;2023-01-17 12:26:59.313000;1;104294;1;1;65800.0000;1;17296.0000;None;186800.0000
22684;2023-01-17 12:26:59.313000;1;104397;1;1;0.0000;1;17296.0000;None;186800.0000
6384;2023-01-17 13:28:58.800000;1;104397;1;1;0.0000;1;47241.0000;None;510200.0000
6372;2023-01-17 12:26:16.940000;1;104397;1;1;0.0000;1;30445.0000;None;328800.0000
22663;2023-01-17 12:30:06.997000;1;104397;1;1;0.0000;1;None;None;191840.0000
7180;2023-01-17 12:11:32.333000;1;104397;1;1;0.0000;1;8889.0000;None;96000.0000
22710;2023-01-17 19:41:43.910000;1;104397;1;1;0.0000;1;None;None;107200.0000
6359;2023-01-17 11:30:56.667000;1;104429;1;1;2800.0000;1;123260.0000;None;1331200.0000
6358;2023-01-17 10:02:16.330000;1;104429;1;1;2800.0000;1;73537.0000;None;794200.0000
6358;2023-01-17 12:37:44.580000;1;104429;1;1;2800.0000;1;73537.0000;None;794200.0000
6362;2023-01-17 12:05:11.103000;1;104429;1;1;2800.0000;1;17889.0000;None;193200.0000
6359;2023-01-17 13:21:23.587000;1;104429;1;1;2800.0000;1;123260.0000;None;1331200.0000
6359;2023-01-17 11:30:56.667000;1;104429;1;1;2800.0000;1;123260.0000;None;1331200.0000
6369;2023-01-17 12:25:20.717000;1;104429;1;1;2800.0000;1;22778.0000;None;246000.0000
22692;2023-01-17 16:32:27.570000;1;104431;1;1;18700.0000;1;None;None;37400.0000
22692;2023-01-17 16:32:27.570000;1;104431;1;1;18700.0000;1;None;None;37400.0000
22706;2023-01-17 18:51:27.760000;1;104431;1;1;18700.0000;1;None;None;60150.0000
6364;2023-01-17 12:11:50.717000;3;104446;1;1;5800.0000;1;66074.0000;None;713600.0000
6358;2023-01-17 13:04:41.640000;3;104554;1;1;4800.0000;1;73537.0000;None;794200.0000
6362;2023-01-17 12:50:41.183000;3;104554;1;1;4800.0000;1;17889.0000;None;193200.0000
6388;2023-01-17 14:29:38.273000;3;104554;1;1;4800.0000;1;3111.0000;None;33600.0000
22698;2023-01-17 17:50:57.397000;1;104619;1;1;0.0000;1;None;None;29410.0000
22696;2023-01-17 17:31:26.943000;8;104655;1;1;38800.0000;1;None;None;162000.0000
6362;2023-01-17 12:05:11.103000;8;104655;1;1;38800.0000;1;17889.0000;None;193200.0000
6376;2023-01-17 12:42:35.040000;8;104655;1;1;38800.0000;1;8722.0000;None;94200.0000
7180;2023-01-17 12:11:32.333000;1;104719;1;1;39800.0000;1;8889.0000;None;96000.0000
6385;2023-01-17 13:34:57.343000;1;104719;1;1;39800.0000;1;7537.0000;None;81400.0000
6372;2023-01-17 12:26:16.940000;1;104727;1;1;69800.0000;1;30445.0000;None;328800.0000
7182;2023-01-17 12:20:26.820000;1;104727;1;1;69800.0000;1;None;None;261800.0000
6359;2023-01-17 11:30:56.667000;8;104785;1;1;3800.0000;1;123260.0000;None;1331200.0000
22718;2023-01-17 20:30:49.783000;8;104791;1;1;2400.0000;1;None;None;86500.0000
7196;2023-01-17 13:35:33.857000;1;104958;1;1;8800.0000;1;None;None;8800.0000
7208;2023-01-17 15:39:17.077000;1;104958;1;1;8800.0000;1;None;None;34100.0000
7181;2023-01-17 12:12:32.877000;1;104987;1;1;13800.0000;1;10722.0000;None;115800.0000
22643;2023-01-17 11:14:25.897000;1;105023;1;1;58600.0000;1;None;None;346915.0000
6359;2023-01-17 11:30:56.667000;1;105065;1;1;0.0000;1;123260.0000;None;1331200.0000
6358;2023-01-17 10:02:16.330000;1;105065;1;1;0.0000;1;73537.0000;None;794200.0000
6358;2023-01-17 10:02:16.330000;1;105065;1;1;0.0000;1;73537.0000;None;794200.0000
6362;2023-01-17 12:05:11.103000;1;105065;1;1;0.0000;1;17889.0000;None;193200.0000
6371;2023-01-17 12:21:29.430000;1;105065;1;1;None;1;21408.0000;None;231200.0000
6371;2023-01-17 12:21:29.430000;1;105065;1;1;None;1;21408.0000;None;231200.0000
6364;2023-01-17 12:11:17.247000;6;105090;1;1;0.0000;1;66074.0000;None;713600.0000
6362;2023-01-17 12:05:11.103000;1;105188;1;1;31800.0000;1;17889.0000;None;193200.0000
6359;2023-01-17 11:30:56.667000;1;105188;1;2;63600.0000;1;123260.0000;None;1331200.0000
6372;2023-01-17 12:26:16.940000;1;105188;1;1;31800.0000;1;30445.0000;None;328800.0000
6375;2023-01-17 12:38:56.337000;1;105188;1;1;31800.0000;1;13685.0000;None;147800.0000
22690;2023-01-17 16:26:44.160000;1;105188;1;2;69600.0000;1;43204.0000;None;466600.0000
22687;2023-01-17 16:22:07.263000;1;105188;1;-2;-69600.0000;1;-43315.0000;None;-467800.0000
6358;2023-01-17 10:02:16.330000;1;105188;1;1;31800.0000;1;73537.0000;None;794200.0000
22638;2023-01-17 10:10:27.147000;1;105204;1;1;2800.0000;1;None;None;36600.0000
22674;2023-01-17 13:50:30.043000;1;105421;1;1;20800.0000;1;None;None;20800.0000
6375;2023-01-17 13:22:43.377000;1;105421;1;1;19800.0000;1;13685.0000;None;147800.0000
6364;2023-01-17 12:11:17.247000;6;105509;1;1;0.0000;1;66074.0000;None;713600.0000
6369;2023-01-17 12:25:20.717000;1;105647;1;1;69800.0000;1;22778.0000;None;246000.0000
6383;2023-01-17 13:26:56.770000;1;105647;1;1;69800.0000;1;10574.0000;None;114200.0000
6379;2023-01-17 13:14:57.583000;1;105647;1;1;69800.0000;1;40519.0000;None;437600.0000
22687;2023-01-17 16:22:07.263000;1;105647;1;-1;-64800.0000;1;-43315.0000;None;-467800.0000
22687;2023-01-17 16:18:03.107000;1;105647;1;1;69800.0000;1;-43315.0000;None;-467800.0000
22690;2023-01-17 16:26:44.160000;1;105647;1;1;64800.0000;1;43204.0000;None;466600.0000
22687;2023-01-17 15:54:57.307000;1;105647;1;-1;-69800.0000;1;-43315.0000;None;-467800.0000
6359;2023-01-17 11:30:56.667000;1;105647;1;1;69800.0000;1;123260.0000;None;1331200.0000
6359;2023-01-17 11:30:56.667000;1;105647;1;1;69800.0000;1;123260.0000;None;1331200.0000
6359;2023-01-17 11:30:56.667000;1;105647;1;1;69800.0000;1;123260.0000;None;1331200.0000
6359;2023-01-17 11:30:56.667000;1;105647;1;1;69800.0000;1;123260.0000;None;1331200.0000
7215;2023-01-17 19:28:54.927000;1;105647;1;1;64800.0000;1;None;None;158200.0000
7215;2023-01-17 19:28:54.927000;1;105647;1;1;64800.0000;1;None;None;158200.0000
22662;2023-01-17 12:20:56.757000;1;106356;1;1;0.0000;1;None;None;29410.0000
22663;2023-01-17 12:30:06.997000;1;106356;1;1;0.0000;1;None;None;191840.0000
22655;2023-01-17 12:04:55.440000;1;106356;1;1;0.0000;1;None;None;29410.0000
7195;2023-01-17 13:33:44.167000;8;107225;1;1;31800.0000;1;None;None;31800.0000
6359;2023-01-17 11:30:56.667000;8;107225;1;1;31800.0000;1;123260.0000;None;1331200.0000
22681;2023-01-17 14:31:44.787000;8;107226;1;1;35500.0000;1;None;None;82800.0000
22715;2023-01-17 20:07:25.257000;8;107226;1;1;35500.0000;1;None;None;77300.0000
22703;2023-01-17 18:14:28.610000;8;107227;1;1;0.0000;1;None;None;70600.0000
22681;2023-01-17 14:31:44.787000;8;107227;1;1;0.0000;1;None;None;82800.0000
7195;2023-01-17 13:33:44.167000;8;107227;1;1;0.0000;1;None;None;31800.0000
6385;2023-01-17 13:34:57.343000;8;107227;1;1;0.0000;1;7537.0000;None;81400.0000
6386;2023-01-17 13:38:55.460000;8;107227;1;1;0.0000;1;11259.0000;None;121600.0000
6364;2023-01-17 12:11:17.247000;8;107227;1;1;0.0000;1;66074.0000;None;713600.0000
22650;2023-01-17 12:00:57.793000;8;107227;1;1;0.0000;1;None;None;41800.0000
22643;2023-01-17 11:14:25.897000;8;107227;1;1;0.0000;1;None;None;346915.0000
6359;2023-01-17 11:30:56.667000;8;107228;1;1;0.0000;1;123260.0000;None;1331200.0000
6359;2023-01-17 11:30:56.667000;8;107228;1;1;0.0000;1;123260.0000;None;1331200.0000
6359;2023-01-17 11:30:56.667000;8;107228;1;1;0.0000;1;123260.0000;None;1331200.0000
7179;2023-01-17 11:51:10.757000;8;107228;1;1;0.0000;1;None;None;43800.0000
6363;2023-01-17 12:06:35.423000;8;107228;1;1;0.0000;1;15852.0000;None;171200.0000
22664;2023-01-17 12:30:46.420000;8;107228;1;1;0.0000;1;None;None;30500.0000
6372;2023-01-17 12:28:37.687000;8;107228;1;1;0.0000;1;30445.0000;None;328800.0000
7183;2023-01-17 12:25:07.993000;8;107228;1;1;0.0000;1;None;None;43800.0000
6386;2023-01-17 13:38:55.460000;8;107228;1;1;0.0000;1;11259.0000;None;121600.0000
6379;2023-01-17 12:54:09.950000;8;107228;1;1;0.0000;1;40519.0000;None;437600.0000
6379;2023-01-17 12:54:09.967000;8;107228;1;1;0.0000;1;40519.0000;None;437600.0000
6378;2023-01-17 12:50:03.683000;8;107228;1;1;0.0000;1;14333.0000;None;154800.0000
22693;2023-01-17 16:40:21.080000;8;107228;1;1;0.0000;1;None;None;113260.0000
7214;2023-01-17 18:24:06.377000;8;107228;1;1;0.0000;1;None;None;40800.0000
22703;2023-01-17 18:14:28.610000;8;107228;1;1;0.0000;1;None;None;70600.0000
22715;2023-01-17 20:07:25.257000;8;107228;1;1;0.0000;1;None;None;77300.0000
22681;2023-01-17 14:31:44.787000;8;107238;1;1;0.0000;1;None;None;82800.0000
22715;2023-01-17 20:07:25.257000;8;107238;1;1;0.0000;1;None;None;77300.0000
22715;2023-01-17 20:07:25.257000;8;107241;1;1;0.0000;1;None;None;77300.0000
22681;2023-01-17 14:31:44.787000;8;107242;1;1;0.0000;1;None;None;82800.0000
22681;2023-01-17 14:31:44.787000;8;107256;1;1;1000.0000;1;None;None;82800.0000
22681;2023-01-17 14:31:44.787000;8;107268;1;1;2100.0000;1;None;None;82800.0000
22681;2023-01-17 14:31:44.787000;8;107269;1;1;1000.0000;1;None;None;82800.0000
6359;2023-01-17 11:30:56.667000;8;107296;1;1;55800.0000;1;123260.0000;None;1331200.0000
6379;2023-01-17 12:54:09.950000;8;107298;1;1;43800.0000;1;40519.0000;None;437600.0000
7183;2023-01-17 12:25:07.993000;8;107298;1;1;43800.0000;1;None;None;43800.0000
6372;2023-01-17 12:28:37.687000;8;107298;1;1;43800.0000;1;30445.0000;None;328800.0000
7179;2023-01-17 11:51:10.757000;8;107298;1;1;43800.0000;1;None;None;43800.0000
22650;2023-01-17 12:00:57.793000;8;107926;1;1;41800.0000;1;None;None;41800.0000
22693;2023-01-17 16:40:21.080000;8;107926;1;1;41800.0000;1;None;None;113260.0000
22643;2023-01-17 11:14:25.897000;8;107926;1;1;41800.0000;1;None;None;346915.0000
6386;2023-01-17 13:38:55.460000;3;108191;1;1;0.0000;1;11259.0000;None;121600.0000
6362;2023-01-17 12:12:13.730000;3;108191;1;1;0.0000;1;17889.0000;None;193200.0000
6375;2023-01-17 12:35:24.047000;3;108191;1;1;0.0000;1;13685.0000;None;147800.0000
22679;2023-01-17 14:15:47.397000;1;108219;1;1;1200.0000;1;None;None;36700.0000
22702;2023-01-17 18:05:00.980000;1;108219;1;1;1200.0000;1;None;None;119000.0000
22681;2023-01-17 14:31:44.787000;8;108220;2;1;0.0000;1;None;None;82800.0000
22687;2023-01-17 15:54:57.307000;1;108267;1;-1;-38800.0000;1;-43315.0000;None;-467800.0000
22690;2023-01-17 16:26:44.160000;1;108267;1;1;38800.0000;1;43204.0000;None;466600.0000
22687;2023-01-17 16:18:03.107000;1;108267;1;1;38800.0000;1;-43315.0000;None;-467800.0000
22687;2023-01-17 16:22:07.263000;1;108267;1;-1;-38800.0000;1;-43315.0000;None;-467800.0000
6364;2023-01-17 12:11:17.247000;1;108267;1;5;194000.0000;1;66074.0000;None;713600.0000
6359;2023-01-17 11:30:56.667000;1;108267;1;1;38800.0000;1;123260.0000;None;1331200.0000
6358;2023-01-17 10:02:16.330000;1;108267;1;3;116400.0000;1;73537.0000;None;794200.0000
22635;2023-01-17 08:47:56.367000;1;108351;1;1;21800.0000;1;None;None;31600.0000
6377;2023-01-17 12:43:51.870000;1;108422;1;1;51800.0000;1;8907.0000;None;96200.0000
6384;2023-01-17 13:28:58.800000;1;108422;1;1;51800.0000;1;47241.0000;None;510200.0000
6391;2023-01-17 19:51:55.427000;1;108423;1;1;51800.0000;1;11482.0000;None;124000.0000
22669;2023-01-17 12:47:23.477000;1;108449;1;1;15800.0000;1;None;None;15800.0000
6381;2023-01-17 13:16:09.610000;1;108511;1;1;24800.0000;1;6685.0000;None;72200.0000
22678;2023-01-17 14:14:47.563000;1;108568;1;1;1800.0000;1;None;None;49500.0000
22689;2023-01-17 16:12:17.013000;8;108652;1;1;15600.0000;1;None;None;160600.0000
22713;2023-01-17 20:00:39.400000;8;108654;1;1;16600.0000;1;None;None;75700.0000
22703;2023-01-17 18:14:28.610000;8;108660;1;1;20800.0000;1;None;None;70600.0000
22703;2023-01-17 18:14:28.610000;8;108660;1;2;41600.0000;1;None;None;70600.0000
22664;2023-01-17 12:30:46.420000;8;108660;1;1;20800.0000;1;None;None;30500.0000
6384;2023-01-17 13:28:58.800000;1;108794;1;1;48800.0000;1;47241.0000;None;510200.0000
6364;2023-01-17 12:11:17.247000;1;108795;1;1;49800.0000;1;66074.0000;None;713600.0000
6374;2023-01-17 12:32:45.063000;1;108824;1;1;13800.0000;1;10556.0000;None;114000.0000
22665;2023-01-17 12:31:51.887000;8;109041;1;1;71460.0000;1;None;None;71460.0000
22693;2023-01-17 16:40:21.080000;8;109041;1;1;71460.0000;1;None;None;113260.0000
22643;2023-01-17 11:14:25.897000;8;109041;1;1;71460.0000;1;None;None;346915.0000
22717;2023-01-17 20:23:13.863000;8;109041;1;2;142920.0000;1;None;None;195720.0000
22698;2023-01-17 17:50:57.397000;1;109270;1;1;29410.0000;1;None;None;29410.0000
22677;2023-01-17 14:13:14.083000;1;109270;1;1;29410.0000;1;None;None;45010.0000
22663;2023-01-17 12:30:06.997000;1;109270;1;1;29410.0000;1;None;None;191840.0000
22663;2023-01-17 12:30:06.997000;1;109270;1;2;58820.0000;1;None;None;191840.0000
22663;2023-01-17 12:30:06.997000;1;109270;1;1;29410.0000;1;None;None;191840.0000
22662;2023-01-17 12:20:56.757000;1;109270;1;1;29410.0000;1;None;None;29410.0000
22655;2023-01-17 12:04:55.440000;1;109270;1;1;29410.0000;1;None;None;29410.0000
22696;2023-01-17 17:31:26.943000;8;109295;1;1;37600.0000;1;None;None;162000.0000
22689;2023-01-17 16:12:17.013000;8;109295;1;1;37600.0000;1;None;None;160600.0000
22718;2023-01-17 20:30:49.783000;8;109295;1;1;37600.0000;1;None;None;86500.0000
7214;2023-01-17 18:24:06.377000;8;109318;1;1;40800.0000;1;None;None;40800.0000
6386;2023-01-17 13:38:55.460000;8;109318;1;1;40800.0000;1;11259.0000;None;121600.0000
6386;2023-01-17 13:38:55.460000;8;109318;1;1;40800.0000;1;11259.0000;None;121600.0000
6378;2023-01-17 12:50:03.683000;8;109318;1;1;40800.0000;1;14333.0000;None;154800.0000
6379;2023-01-17 12:54:09.967000;8;109318;1;1;40800.0000;1;40519.0000;None;437600.0000
6363;2023-01-17 12:06:35.423000;8;109318;1;1;40800.0000;1;15852.0000;None;171200.0000
6364;2023-01-17 12:11:17.247000;8;109318;1;1;40800.0000;1;66074.0000;None;713600.0000
6385;2023-01-17 13:34:57.343000;8;109319;1;1;34800.0000;1;7537.0000;None;81400.0000
6359;2023-01-17 11:30:56.667000;8;109320;1;1;34800.0000;1;123260.0000;None;1331200.0000
6361;2023-01-17 12:02:48.527000;1;109401;1;1;29800.0000;1;3296.0000;None;35600.0000
6360;2023-01-17 12:03:29.997000;1;109404;1;1;43800.0000;1;15796.0000;None;170600.0000
6359;2023-01-17 11:30:56.667000;1;109406;1;1;33800.0000;1;123260.0000;None;1331200.0000
7178;2023-01-17 11:48:22.037000;1;109458;1;1;26800.0000;1;None;None;26800.0000
22684;2023-01-17 12:26:59.313000;1;109458;1;1;26800.0000;1;17296.0000;None;186800.0000
22706;2023-01-17 18:51:27.760000;1;109580;1;1;35350.0000;1;None;None;60150.0000
22707;2023-01-17 18:56:48.887000;1;109580;1;2;70700.0000;1;None;None;70700.0000
22695;2023-01-17 17:20:22.780000;1;109580;1;1;35350.0000;1;None;None;76150.0000
22640;2023-01-17 10:34:46.297000;1;109580;1;1;35350.0000;1;None;None;74950.0000
22643;2023-01-17 11:14:25.897000;1;109581;1;1;68255.0000;1;None;None;346915.0000
6358;2023-01-17 09:25:19.727000;3;200644;1;1;6800.0000;1;73537.0000;None;794200.0000
6386;2023-01-17 13:38:55.443000;3;200644;1;1;6800.0000;1;11259.0000;None;121600.0000
6386;2023-01-17 13:38:55.460000;3;200644;1;1;6800.0000;1;11259.0000;None;121600.0000
6385;2023-01-17 13:34:57.343000;3;200644;1;1;6800.0000;1;7537.0000;None;81400.0000
7182;2023-01-17 12:20:26.820000;3;200644;1;1;6800.0000;1;None;None;261800.0000
6359;2023-01-17 11:30:56.667000;3;200644;1;1;6800.0000;1;123260.0000;None;1331200.0000
6359;2023-01-17 13:18:07.087000;3;200644;1;2;13600.0000;1;123260.0000;None;1331200.0000
6359;2023-01-17 13:18:07.087000;3;200644;1;1;6800.0000;1;123260.0000;None;1331200.0000
6362;2023-01-17 12:05:11.103000;3;200644;1;2;13600.0000;1;17889.0000;None;193200.0000
6364;2023-01-17 12:11:50.717000;3;200644;1;6;40800.0000;1;66074.0000;None;713600.0000
7181;2023-01-17 12:12:32.877000;3;200644;1;1;6800.0000;1;10722.0000;None;115800.0000
22687;2023-01-17 16:22:07.263000;11;201026;1;-1;-81200.0000;1;-43315.0000;None;-467800.0000
22687;2023-01-17 15:54:57.307000;11;201026;1;-1;-81200.0000;1;-43315.0000;None;-467800.0000
22687;2023-01-17 16:18:03.107000;11;201026;1;1;81200.0000;1;-43315.0000;None;-467800.0000
6383;2023-01-17 13:26:56.770000;3;201146;1;1;6800.0000;1;10574.0000;None;114200.0000
6387;2023-01-17 13:52:28.610000;3;201146;1;1;6800.0000;1;5898.0000;None;63700.0000
6380;2023-01-17 13:01:28.217000;3;201146;1;1;6800.0000;1;28889.0000;None;312000.0000
6364;2023-01-17 12:11:50.717000;3;201146;1;2;13600.0000;1;66074.0000;None;713600.0000
6359;2023-01-17 13:18:07.087000;3;201146;1;1;6800.0000;1;123260.0000;None;1331200.0000
6360;2023-01-17 11:58:39.257000;3;201146;1;1;6800.0000;1;15796.0000;None;170600.0000
6365;2023-01-17 12:13:34.417000;3;201146;1;1;6800.0000;1;15370.0000;None;166000.0000
6374;2023-01-17 12:32:45.063000;3;201146;1;1;6800.0000;1;10556.0000;None;114000.0000
6374;2023-01-17 12:38:36.517000;3;201146;1;1;6800.0000;1;10556.0000;None;114000.0000
6376;2023-01-17 12:42:35.040000;3;201146;1;1;6800.0000;1;8722.0000;None;94200.0000
6358;2023-01-17 09:25:19.727000;3;201146;1;2;13600.0000;1;73537.0000;None;794200.0000
6358;2023-01-17 09:25:19.727000;3;201146;1;3;20400.0000;1;73537.0000;None;794200.0000
7177;2023-01-17 09:51:04.617000;3;201146;1;1;6800.0000;1;1167.0000;None;12600.0000
6358;2023-01-17 12:37:44.580000;3;201146;1;1;6800.0000;1;73537.0000;None;794200.0000
6365;2023-01-17 12:13:34.417000;2;201187;1;1;10800.0000;1;15370.0000;None;166000.0000
6365;2023-01-17 12:54:17.617000;2;201187;1;1;10800.0000;1;15370.0000;None;166000.0000
6365;2023-01-17 12:55:06.633000;2;201187;1;1;10800.0000;1;15370.0000;None;166000.0000
6371;2023-01-17 12:21:29.430000;3;201207;1;1;6800.0000;1;21408.0000;None;231200.0000
6368;2023-01-17 12:17:53.570000;3;201207;1;1;6800.0000;1;8926.0000;None;96400.0000
6381;2023-01-17 13:13:34.270000;3;201207;1;1;6800.0000;1;6685.0000;None;72200.0000
6384;2023-01-17 13:29:14.317000;3;201207;1;5;34000.0000;1;47241.0000;None;510200.0000
6358;2023-01-17 09:25:19.727000;3;201207;1;1;6800.0000;1;73537.0000;None;794200.0000
22688;2023-01-17 16:03:49.910000;3;201210;1;1;7200.0000;1;None;None;95900.0000
7182;2023-01-17 12:20:26.820000;3;201210;1;1;6800.0000;1;None;None;261800.0000
22704;2023-01-17 18:40:24.500000;3;201210;1;1;7200.0000;1;None;None;31200.0000
6391;2023-01-17 19:48:16.947000;3;201237;1;1;6800.0000;1;11482.0000;None;124000.0000
22718;2023-01-17 20:30:49.783000;3;201237;1;1;6800.0000;1;None;None;86500.0000
6377;2023-01-17 12:43:51.870000;3;201237;1;1;6800.0000;1;8907.0000;None;96200.0000
6376;2023-01-17 12:42:35.040000;3;201237;1;1;6800.0000;1;8722.0000;None;94200.0000
6358;2023-01-17 09:25:19.727000;3;201269;1;2;13600.0000;1;73537.0000;None;794200.0000
6375;2023-01-17 12:35:24.047000;3;201269;1;1;6800.0000;1;13685.0000;None;147800.0000
6371;2023-01-17 12:21:29.430000;3;201269;1;1;6800.0000;1;21408.0000;None;231200.0000
6362;2023-01-17 12:12:13.730000;3;201269;1;1;6800.0000;1;17889.0000;None;193200.0000
7194;2023-01-17 13:23:12.713000;3;201269;1;1;6800.0000;1;None;None;153600.0000
7182;2023-01-17 12:20:26.820000;3;201420;1;1;6800.0000;1;None;None;261800.0000
7182;2023-01-17 12:20:26.820000;3;201420;1;1;6800.0000;1;None;None;261800.0000
22690;2023-01-17 16:26:44.160000;2;201582;1;1;80000.0000;1;43204.0000;None;466600.0000
22690;2023-01-17 16:26:44.160000;3;201609;1;1;5800.0000;1;43204.0000;None;466600.0000
7212;2023-01-17 16:50:59.043000;3;201609;1;1;6800.0000;1;None;None;16600.0000
22687;2023-01-17 16:22:07.263000;3;201609;1;-1;-5800.0000;1;-43315.0000;None;-467800.0000
22687;2023-01-17 16:18:03.107000;3;201609;1;1;6800.0000;1;-43315.0000;None;-467800.0000
22687;2023-01-17 15:54:57.307000;3;201609;1;-1;-6800.0000;1;-43315.0000;None;-467800.0000
22684;2023-01-17 12:26:59.313000;3;201609;1;1;6800.0000;1;17296.0000;None;186800.0000
6383;2023-01-17 13:24:23.407000;3;201609;1;1;6800.0000;1;10574.0000;None;114200.0000
6381;2023-01-17 13:13:34.270000;3;201609;1;1;6800.0000;1;6685.0000;None;72200.0000
7189;2023-01-17 12:16:22.367000;3;201609;1;1;6800.0000;1;3296.0000;None;35600.0000
6378;2023-01-17 12:50:03.683000;3;201609;1;1;6800.0000;1;14333.0000;None;154800.0000
7187;2023-01-17 12:49:56.357000;3;201609;1;1;6800.0000;1;None;None;6800.0000
7182;2023-01-17 12:20:26.820000;3;201609;1;1;6800.0000;1;None;None;261800.0000
6366;2023-01-17 12:15:23.230000;3;201609;1;1;6800.0000;1;16148.0000;None;174400.0000
6366;2023-01-17 12:15:23.230000;3;201609;1;1;6800.0000;1;16148.0000;None;174400.0000
6371;2023-01-17 12:21:29.430000;3;201609;1;1;6800.0000;1;21408.0000;None;231200.0000
7185;2023-01-17 12:41:43.810000;3;201609;1;1;6800.0000;1;None;None;56600.0000
6375;2023-01-17 12:35:24.047000;3;201609;1;1;6800.0000;1;13685.0000;None;147800.0000
6377;2023-01-17 12:43:51.870000;3;201609;1;1;6800.0000;1;8907.0000;None;96200.0000
6372;2023-01-17 12:26:16.940000;3;201609;1;2;13600.0000;1;30445.0000;None;328800.0000
6372;2023-01-17 12:45:04.057000;3;201609;1;1;6800.0000;1;30445.0000;None;328800.0000
6372;2023-01-17 12:26:16.940000;3;201609;1;1;6800.0000;1;30445.0000;None;328800.0000
6364;2023-01-17 12:11:50.717000;3;201609;1;3;20400.0000;1;66074.0000;None;713600.0000
6364;2023-01-17 12:22:57.337000;3;201609;1;1;6800.0000;1;66074.0000;None;713600.0000
6360;2023-01-17 11:58:39.257000;3;201609;1;2;13600.0000;1;15796.0000;None;170600.0000
6359;2023-01-17 11:30:56.667000;3;201609;1;1;6800.0000;1;123260.0000;None;1331200.0000
6359;2023-01-17 13:18:07.087000;3;201609;1;1;6800.0000;1;123260.0000;None;1331200.0000
6358;2023-01-17 09:25:19.727000;3;201609;1;1;6800.0000;1;73537.0000;None;794200.0000
