22777;2023-01-18 18:02:39.807000;7;1000;4;1;0.0000;1;None;None;58300.0000
22784;2023-01-18 18:40:19.460000;7;1000;4;1;0.0000;1;None;None;80900.0000
22784;2023-01-18 18:40:19.460000;7;1000;4;1;0.0000;1;None;None;80900.0000
6419;2023-01-18 13:23:37.063000;7;1000;4;1;0.0000;1;6500.0000;None;70200.0000
6419;2023-01-18 13:23:37.063000;7;1000;4;1;0.0000;1;6500.0000;None;70200.0000
6421;2023-01-18 13:21:51.547000;7;1000;4;1;0.0000;1;9889.0000;None;106800.0000
7239;2023-01-18 13:22:21.393000;7;1000;4;1;0.0000;1;None;None;35600.0000
7242;2023-01-18 13:32:49.423000;7;1000;4;1;0.0000;1;None;None;59600.0000
7223;2023-01-18 12:15:27.660000;7;1000;4;1;0.0000;1;23074.0000;None;249200.0000
7224;2023-01-18 12:09:01.480000;7;1000;4;1;0.0000;1;16185.0000;None;174800.0000
7224;2023-01-18 12:09:01.480000;7;1000;4;1;0.0000;1;16185.0000;None;174800.0000
7222;2023-01-18 12:05:46.537000;7;1000;4;1;0.0000;1;None;None;6000.0000
7221;2023-01-18 12:03:40.470000;7;1000;4;1;0.0000;1;None;None;65800.0000
6398;2023-01-18 12:03:08.573000;7;1000;4;1;0.0000;1;8630.0000;None;93200.0000
6405;2023-01-18 12:19:28.803000;7;1000;4;1;0.0000;1;12759.0000;None;137800.0000
6405;2023-01-18 12:19:28.803000;7;1000;4;1;0.0000;1;12759.0000;None;137800.0000
6405;2023-01-18 12:19:28.803000;7;1000;4;1;0.0000;1;12759.0000;None;137800.0000
7227;2023-01-18 12:14:44.227000;7;1000;4;1;0.0000;1;None;None;43800.0000
6404;2023-01-18 12:12:52.550000;7;1000;4;1;0.0000;1;17982.0000;None;194200.0000
6404;2023-01-18 12:12:52.550000;7;1000;4;1;0.0000;1;17982.0000;None;194200.0000
7225;2023-01-18 12:12:34.427000;7;1000;4;1;0.0000;1;13222.0000;None;142800.0000
7229;2023-01-18 12:36:22.617000;7;1000;4;1;0.0000;1;None;None;17800.0000
6412;2023-01-18 12:50:53.947000;7;1000;4;1;0.0000;1;None;None;44600.0000
7228;2023-01-18 12:35:01.447000;7;1000;4;1;0.0000;1;40185.0000;None;434000.0000
6409;2023-01-18 12:27:34.203000;7;1000;4;1;0.0000;1;17278.0000;None;186600.0000
7219;2023-01-18 11:58:16.237000;7;1000;4;1;0.0000;1;None;None;35600.0000
6395;2023-01-18 11:58:02.963000;7;1000;4;1;0.0000;1;11833.0000;None;127800.0000
6397;2023-01-18 12:00:21.237000;7;1001;1;1;0.0000;1;10704.0000;None;115600.0000
6409;2023-01-18 12:31:32.643000;7;1001;1;1;0.0000;1;17278.0000;None;186600.0000
6413;2023-01-18 12:52:31.003000;7;1001;1;1;0.0000;1;12019.0000;None;129800.0000
6405;2023-01-18 12:19:28.803000;7;1001;1;1;0.0000;1;12759.0000;None;137800.0000
6406;2023-01-18 12:30:50.473000;7;1001;1;1;0.0000;1;48093.0000;None;519400.0000
6406;2023-01-18 12:30:50.473000;7;1001;1;1;0.0000;1;48093.0000;None;519400.0000
6400;2023-01-18 12:05:35.497000;7;1001;1;1;0.0000;1;35000.0000;None;378000.0000
6400;2023-01-18 12:05:35.497000;7;1001;1;1;0.0000;1;35000.0000;None;378000.0000
6400;2023-01-18 12:05:35.497000;7;1001;1;1;0.0000;1;35000.0000;None;378000.0000
6400;2023-01-18 12:16:46.043000;7;1001;1;1;0.0000;1;35000.0000;None;378000.0000
6400;2023-01-18 12:16:46.043000;7;1001;1;1;0.0000;1;35000.0000;None;378000.0000
6400;2023-01-18 12:16:46.043000;7;1001;1;1;0.0000;1;35000.0000;None;378000.0000
6428;2023-01-18 13:49:47.487000;7;1001;1;1;0.0000;1;10926.0000;None;118000.0000
6428;2023-01-18 13:49:47.487000;7;1001;1;1;0.0000;1;10926.0000;None;118000.0000
6432;2023-01-18 13:40:04.607000;7;1001;1;1;0.0000;1;13759.0000;None;148600.0000
6432;2023-01-18 13:40:04.607000;7;1001;1;1;0.0000;1;13759.0000;None;148600.0000
6432;2023-01-18 13:40:04.607000;7;1001;1;1;0.0000;1;13759.0000;None;148600.0000
6432;2023-01-18 13:50:28.080000;7;1002;1;1;0.0000;1;13759.0000;None;148600.0000
6420;2023-01-18 13:17:59.383000;7;1002;1;1;0.0000;1;20926.0000;None;226000.0000
6406;2023-01-18 12:30:50.473000;7;1002;1;1;0.0000;1;48093.0000;None;519400.0000
6402;2023-01-18 12:08:33.947000;7;1002;1;1;None;1;8333.0000;None;90000.0000
6408;2023-01-18 12:24:04.787000;7;1002;1;1;0.0000;1;8630.0000;None;93200.0000
6418;2023-01-18 13:10:35.537000;7;1003;2;1;0.0000;1;45611.0000;None;492600.0000
6397;2023-01-18 12:00:21.237000;7;1004;1;1;0.0000;1;10704.0000;None;115600.0000
22726;2023-01-18 09:57:33.053000;7;1006;1;1;0.0000;1;None;None;44600.0000
6410;2023-01-18 12:29:03.523000;7;1006;1;1;0.0000;1;49297.0000;None;532400.0000
7228;2023-01-18 12:35:01.447000;7;1006;1;1;0.0000;1;40185.0000;None;434000.0000
6410;2023-01-18 12:29:03.523000;7;1006;1;1;0.0000;1;49297.0000;None;532400.0000
6412;2023-01-18 12:50:53.947000;7;1006;1;1;0.0000;1;None;None;44600.0000
7232;2023-01-18 13:06:59.390000;7;1006;1;1;0.0000;1;15852.0000;None;171200.0000
6404;2023-01-18 12:12:52.550000;7;1006;1;1;0.0000;1;17982.0000;None;194200.0000
7225;2023-01-18 12:12:34.427000;7;1006;1;1;0.0000;1;13222.0000;None;142800.0000
6400;2023-01-18 12:16:46.043000;7;1006;1;1;0.0000;1;35000.0000;None;378000.0000
7221;2023-01-18 12:03:40.470000;7;1006;1;1;0.0000;1;None;None;65800.0000
6418;2023-01-18 13:10:35.537000;7;1006;1;1;0.0000;1;45611.0000;None;492600.0000
6418;2023-01-18 13:10:35.537000;7;1006;1;1;0.0000;1;45611.0000;None;492600.0000
6423;2023-01-18 13:30:13.373000;7;1006;1;1;0.0000;1;8398.0000;None;90700.0000
22774;2023-01-18 16:21:04.770000;7;1007;1;1;0.0000;1;None;None;46750.0000
22773;2023-01-18 16:13:27.107000;7;1007;1;1;0.0000;1;None;None;70900.0000
22776;2023-01-18 17:43:10.717000;7;1007;1;1;0.0000;1;None;None;132100.0000
6400;2023-01-18 12:16:46.043000;7;1007;1;1;0.0000;1;35000.0000;None;378000.0000
6400;2023-01-18 12:16:46.043000;7;1007;1;1;0.0000;1;35000.0000;None;378000.0000
6406;2023-01-18 12:30:50.473000;7;1007;1;1;0.0000;1;48093.0000;None;519400.0000
22749;2023-01-18 12:35:11.923000;7;1007;1;1;0.0000;1;None;None;40950.0000
22727;2023-01-18 11:21:51.513000;7;1034;3;1;0.0000;1;None;None;36900.0000
7228;2023-01-18 12:55:53.580000;7;1034;3;1;0.0000;1;40185.0000;None;434000.0000
7228;2023-01-18 12:33:04.493000;7;1034;3;2;0.0000;1;40185.0000;None;434000.0000
6410;2023-01-18 12:29:03.523000;7;1034;3;1;0.0000;1;49297.0000;None;532400.0000
6409;2023-01-18 12:27:34.203000;7;1034;3;1;0.0000;1;17278.0000;None;186600.0000
7232;2023-01-18 12:59:18.373000;7;1034;3;1;0.0000;1;15852.0000;None;171200.0000
6405;2023-01-18 12:19:28.803000;7;1034;2;1;0.0000;1;12759.0000;None;137800.0000
7226;2023-01-18 12:13:49.727000;7;1034;3;1;None;1;1722.0000;None;18600.0000
6403;2023-01-18 12:11:19.597000;7;1034;3;2;0.0000;1;7963.0000;None;86000.0000
6401;2023-01-18 12:06:29.117000;7;1034;3;1;0.0000;1;12074.0000;None;130400.0000
7223;2023-01-18 12:06:59.870000;7;1034;3;1;0.0000;1;23074.0000;None;249200.0000
6402;2023-01-18 12:08:33.947000;7;1034;3;1;None;1;8333.0000;None;90000.0000
6398;2023-01-18 12:03:08.573000;7;1034;2;1;0.0000;1;8630.0000;None;93200.0000
6430;2023-01-18 14:21:39.877000;7;1034;3;2;0.0000;1;9333.0000;None;100800.0000
6430;2023-01-18 14:21:39.877000;7;1034;2;2;0.0000;1;9333.0000;None;100800.0000
6426;2023-01-18 13:45:01.547000;7;1034;3;1;0.0000;1;4852.0000;None;52400.0000
6419;2023-01-18 13:12:59.523000;7;1034;3;2;0.0000;1;6500.0000;None;70200.0000
6422;2023-01-18 13:22:09.280000;7;1034;3;1;0.0000;1;None;None;45600.0000
7231;2023-01-18 12:57:42.707000;7;1203;1;1;0.0000;1;None;None;16800.0000
7216;2023-01-18 09:39:21.373000;7;1203;1;12;0.0000;1;None;None;36000.0000
7238;2023-01-18 13:19:02.707000;7;1203;1;3;0.0000;1;None;None;10000.0000
7245;2023-01-18 13:45:48.400000;7;1203;1;6;0.0000;1;None;None;18000.0000
7243;2023-01-18 13:33:54.870000;7;1203;1;1;0.0000;1;None;None;16800.0000
7252;2023-01-18 14:15:40.373000;7;1203;1;1;0.0000;1;None;None;8000.0000
7250;2023-01-18 14:03:42.207000;7;1203;1;2;0.0000;1;None;None;42000.0000
6428;2023-01-18 13:49:47.487000;7;1207;1;1;0.0000;1;10926.0000;None;118000.0000
6419;2023-01-18 13:12:59.523000;7;1207;1;2;0.0000;1;6500.0000;None;70200.0000
7235;2023-01-18 13:12:12.843000;7;1207;1;1;0.0000;1;None;None;11300.0000
6395;2023-01-18 11:58:02.963000;7;1207;1;1;0.0000;1;11833.0000;None;127800.0000
22735;2023-01-18 11:46:29.693000;7;1207;1;1;0.0000;1;None;None;37500.0000
6416;2023-01-18 13:25:36.113000;7;1207;1;1;None;1;12167.0000;None;131400.0000
6414;2023-01-18 12:53:12.603000;7;1207;1;1;0.0000;1;8870.0000;None;95800.0000
6398;2023-01-18 12:03:08.573000;7;1207;1;1;0.0000;1;8630.0000;None;93200.0000
7224;2023-01-18 12:09:01.480000;7;1207;1;1;0.0000;1;16185.0000;None;174800.0000
7225;2023-01-18 12:12:34.427000;7;1207;1;1;0.0000;1;13222.0000;None;142800.0000
22742;2023-01-18 12:12:42.070000;7;1343;1;1;0.0000;1;None;None;30300.0000
22744;2023-01-18 12:21:38.730000;7;1343;1;1;0.0000;1;None;None;37500.0000
22740;2023-01-18 12:02:48.983000;7;1343;1;1;0.0000;1;None;None;48000.0000
22752;2023-01-18 12:41:53.850000;7;1343;1;1;0.0000;1;None;None;35500.0000
22754;2023-01-18 12:56:47.783000;7;1343;1;1;0.0000;1;None;None;33400.0000
22755;2023-01-18 12:57:29.447000;7;1343;1;1;0.0000;1;None;None;111700.0000
22747;2023-01-18 12:24:06.197000;7;1343;1;1;0.0000;1;None;None;38700.0000
22746;2023-01-18 12:22:32.190000;7;1343;1;1;0.0000;1;None;None;48000.0000
22745;2023-01-18 12:22:06.440000;7;1343;1;1;0.0000;1;None;None;38700.0000
22734;2023-01-18 11:45:22.597000;7;1343;1;1;0.0000;1;None;None;36800.0000
22735;2023-01-18 11:46:29.693000;7;1343;1;1;0.0000;1;None;None;37500.0000
22737;2023-01-18 11:51:49.087000;7;1343;1;1;0.0000;1;None;None;32400.0000
22732;2023-01-18 11:36:01.483000;7;1343;1;1;0.0000;1;None;None;40800.0000
22727;2023-01-18 11:21:51.513000;7;1343;1;1;0.0000;1;None;None;36900.0000
22728;2023-01-18 11:23:47.427000;7;1343;1;1;0.0000;1;None;None;33900.0000
22731;2023-01-18 11:35:30.653000;7;1343;1;1;0.0000;1;None;None;35500.0000
22724;2023-01-18 09:37:34.443000;7;1343;1;1;0.0000;1;None;None;30300.0000
22725;2023-01-18 09:56:48.597000;7;1343;1;1;0.0000;1;None;None;28100.0000
22762;2023-01-18 13:35:24.620000;7;1343;1;1;0.0000;1;None;None;108200.0000
22768;2023-01-18 14:14:36.793000;7;1343;1;1;0.0000;1;None;None;38200.0000
22774;2023-01-18 16:21:04.770000;7;1344;1;1;0.0000;1;None;None;46750.0000
22776;2023-01-18 17:43:10.717000;7;1344;1;1;0.0000;1;None;None;132100.0000
22784;2023-01-18 18:40:19.460000;7;1344;1;1;0.0000;1;None;None;80900.0000
22785;2023-01-18 18:44:06.343000;7;1344;1;1;0.0000;1;None;None;36400.0000
22792;2023-01-18 19:59:50.597000;7;1344;1;1;0.0000;1;None;None;84710.0000
22794;2023-01-18 20:05:22.570000;7;1344;1;1;0.0000;1;None;None;27000.0000
22763;2023-01-18 13:36:27.917000;7;1344;1;1;0.0000;1;None;None;89910.0000
22765;2023-01-18 13:57:52.707000;7;1344;1;1;0.0000;1;None;None;88230.0000
22757;2023-01-18 13:01:40.413000;7;1344;1;1;0.0000;1;None;None;73100.0000
22730;2023-01-18 11:29:05.423000;7;1344;1;1;0.0000;1;None;None;29410.0000
22736;2023-01-18 11:47:39.423000;7;1344;1;1;0.0000;1;None;None;26000.0000
22749;2023-01-18 12:35:11.923000;7;1344;1;1;0.0000;1;None;None;40950.0000
22748;2023-01-18 12:30:08.747000;7;1344;1;1;0.0000;1;None;None;78620.0000
22753;2023-01-18 12:49:51.803000;7;1344;1;1;0.0000;1;None;None;70900.0000
22741;2023-01-18 12:03:53.393000;7;1344;1;1;0.0000;1;None;None;24000.0000
22743;2023-01-18 12:13:09.720000;7;1344;1;1;0.0000;1;None;None;41800.0000
7230;2023-01-18 12:37:45.247000;7;1345;1;3;0.0000;1;None;None;18000.0000
7247;2023-01-18 13:51:57.823000;7;1345;1;6;0.0000;1;None;None;18000.0000
7256;2023-01-18 16:51:44.967000;7;1345;1;3;0.0000;1;None;None;10000.0000
22772;2023-01-18 15:47:20.330000;7;1345;1;1;0.0000;1;None;None;18900.0000
22772;2023-01-18 15:47:20.330000;7;1345;1;1;0.0000;1;None;None;18900.0000
22772;2023-01-18 15:47:20.330000;7;1345;1;1;0.0000;1;None;None;18900.0000
22770;2023-01-18 15:04:43.210000;7;1345;1;2;0.0000;1;None;None;10500.0000
7251;2023-01-18 14:43:04.283000;7;1345;1;2;0.0000;1;4333.0000;None;46800.0000
22767;2023-01-18 14:11:24.453000;7;1345;1;1;0.0000;1;None;None;33600.0000
22767;2023-01-18 14:11:24.453000;7;1345;1;1;0.0000;1;None;None;33600.0000
22767;2023-01-18 14:11:24.453000;7;1345;1;1;0.0000;1;None;None;33600.0000
7250;2023-01-18 14:03:42.207000;7;1345;1;2;0.0000;1;None;None;42000.0000
22766;2023-01-18 14:01:18.490000;7;1345;1;1;0.0000;1;None;None;67200.0000
22766;2023-01-18 14:01:18.490000;7;1345;1;1;0.0000;1;None;None;67200.0000
22766;2023-01-18 14:01:18.490000;7;1345;1;1;0.0000;1;None;None;67200.0000
22766;2023-01-18 14:01:18.490000;7;1345;1;1;0.0000;1;None;None;67200.0000
22766;2023-01-18 14:01:18.490000;7;1346;1;1;0.0000;1;None;None;67200.0000
22766;2023-01-18 14:01:18.490000;7;1346;1;1;0.0000;1;None;None;67200.0000
22766;2023-01-18 14:01:18.490000;7;1346;1;1;0.0000;1;None;None;67200.0000
22766;2023-01-18 14:01:18.490000;7;1346;1;1;0.0000;1;None;None;67200.0000
7250;2023-01-18 14:03:42.207000;7;1346;1;2;0.0000;1;None;None;42000.0000
22767;2023-01-18 14:11:24.453000;7;1346;1;1;0.0000;1;None;None;33600.0000
22767;2023-01-18 14:11:24.453000;7;1346;1;1;0.0000;1;None;None;33600.0000
22767;2023-01-18 14:11:24.453000;7;1346;1;1;0.0000;1;None;None;33600.0000
22766;2023-01-18 14:01:18.490000;7;1346;1;1;0.0000;1;None;None;67200.0000
22766;2023-01-18 14:01:18.490000;7;1346;1;1;0.0000;1;None;None;67200.0000
22766;2023-01-18 14:01:18.490000;7;1346;1;1;0.0000;1;None;None;67200.0000
22766;2023-01-18 14:01:18.490000;7;1346;1;1;0.0000;1;None;None;67200.0000
7240;2023-01-18 13:30:45.283000;7;1346;1;1;0.0000;1;None;None;14500.0000
22760;2023-01-18 13:26:19.950000;7;1346;1;3;0.0000;1;None;None;33600.0000
7216;2023-01-18 09:39:21.373000;7;1346;1;1;0.0000;1;None;None;36000.0000
7218;2023-01-18 11:31:48;7;1346;1;6;0.0000;1;None;None;18000.0000
22751;2023-01-18 12:40:49.983000;7;1346;1;1;0.0000;1;None;None;18900.0000
22751;2023-01-18 12:40:49.983000;7;1346;1;1;0.0000;1;None;None;18900.0000
6414;2023-01-18 13:24:01.980000;7;1346;1;1;None;1;8870.0000;None;95800.0000
22739;2023-01-18 12:02:03.863000;7;1346;1;1;0.0000;1;None;None;18900.0000
22739;2023-01-18 12:02:03.863000;7;1346;1;1;0.0000;1;None;None;18900.0000
22739;2023-01-18 12:02:03.863000;7;1347;1;1;0.0000;1;None;None;18900.0000
22739;2023-01-18 12:02:03.863000;7;1347;1;1;0.0000;1;None;None;18900.0000
22751;2023-01-18 12:40:49.983000;7;1347;1;1;0.0000;1;None;None;18900.0000
22751;2023-01-18 12:40:49.983000;7;1347;1;1;0.0000;1;None;None;18900.0000
6415;2023-01-18 13:45:52.580000;7;1347;1;6;0.0000;1;9056.0000;None;97800.0000
22758;2023-01-18 13:11:01.990000;7;1347;1;1;0.0000;1;None;None;36000.0000
7250;2023-01-18 14:03:42.207000;7;1347;1;2;0.0000;1;None;None;42000.0000
7254;2023-01-18 15:30:06.537000;7;1347;1;1;0.0000;1;None;None;8000.0000
7254;2023-01-18 15:30:06.537000;7;1347;1;1;0.0000;1;None;None;8000.0000
22772;2023-01-18 15:47:20.330000;7;1348;1;1;0.0000;1;None;None;18900.0000
22772;2023-01-18 15:47:20.330000;7;1348;1;1;0.0000;1;None;None;18900.0000
22772;2023-01-18 15:47:20.330000;7;1348;1;1;0.0000;1;None;None;18900.0000
22770;2023-01-18 15:04:43.210000;7;1348;1;1;0.0000;1;None;None;10500.0000
7250;2023-01-18 14:03:42.207000;7;1348;1;2;0.0000;1;None;None;42000.0000
7250;2023-01-18 14:03:42.207000;7;1348;1;3;0.0000;1;None;None;42000.0000
22766;2023-01-18 14:01:18.490000;7;1348;1;1;0.0000;1;None;None;67200.0000
22766;2023-01-18 14:01:18.490000;7;1348;1;1;0.0000;1;None;None;67200.0000
22766;2023-01-18 14:01:18.490000;7;1348;1;1;0.0000;1;None;None;67200.0000
22766;2023-01-18 14:01:18.490000;7;1348;1;1;0.0000;1;None;None;67200.0000
22767;2023-01-18 14:11:24.453000;7;1348;1;1;0.0000;1;None;None;33600.0000
22767;2023-01-18 14:11:24.453000;7;1348;1;1;0.0000;1;None;None;33600.0000
22767;2023-01-18 14:11:24.453000;7;1348;1;1;0.0000;1;None;None;33600.0000
7251;2023-01-18 14:43:04.283000;7;1348;1;2;0.0000;1;4333.0000;None;46800.0000
22758;2023-01-18 13:11:01.990000;7;1348;1;1;0.0000;1;None;None;36000.0000
22751;2023-01-18 12:40:49.983000;7;1349;1;1;0.0000;1;None;None;18900.0000
22751;2023-01-18 12:40:49.983000;7;1349;1;1;0.0000;1;None;None;18900.0000
7230;2023-01-18 12:37:45.247000;7;1349;1;3;0.0000;1;None;None;18000.0000
22760;2023-01-18 13:26:19.950000;7;1349;1;5;0.0000;1;None;None;33600.0000
22767;2023-01-18 14:11:24.453000;7;1349;1;1;0.0000;1;None;None;33600.0000
22767;2023-01-18 14:11:24.453000;7;1349;1;1;0.0000;1;None;None;33600.0000
22767;2023-01-18 14:11:24.453000;7;1349;1;1;0.0000;1;None;None;33600.0000
22766;2023-01-18 14:01:18.490000;7;1349;1;1;0.0000;1;None;None;67200.0000
22766;2023-01-18 14:01:18.490000;7;1349;1;1;0.0000;1;None;None;67200.0000
22766;2023-01-18 14:01:18.490000;7;1349;1;1;0.0000;1;None;None;67200.0000
22766;2023-01-18 14:01:18.490000;7;1349;1;1;0.0000;1;None;None;67200.0000
7250;2023-01-18 14:03:42.207000;7;1349;1;2;0.0000;1;None;None;42000.0000
22766;2023-01-18 14:01:18.490000;7;1350;1;1;0.0000;1;None;None;67200.0000
22766;2023-01-18 14:01:18.490000;7;1350;1;1;0.0000;1;None;None;67200.0000
22766;2023-01-18 14:01:18.490000;7;1350;1;1;0.0000;1;None;None;67200.0000
22766;2023-01-18 14:01:18.490000;7;1350;1;1;0.0000;1;None;None;67200.0000
7251;2023-01-18 14:43:04.283000;7;1350;1;2;0.0000;1;4333.0000;None;46800.0000
22760;2023-01-18 13:26:19.950000;7;1350;1;4;0.0000;1;None;None;33600.0000
22739;2023-01-18 12:02:03.863000;7;1350;1;1;0.0000;1;None;None;18900.0000
22739;2023-01-18 12:02:03.863000;7;1350;1;1;0.0000;1;None;None;18900.0000
6394;2023-01-18 10:18:45.370000;6;100514;2;1;0.0000;1;13972.0000;None;150900.0000
6394;2023-01-18 10:18:45.370000;6;100514;2;1;0.0000;1;13972.0000;None;150900.0000
6394;2023-01-18 10:18:45.370000;6;100514;2;1;0.0000;1;13972.0000;None;150900.0000
7238;2023-01-18 13:19:02.707000;1;100581;1;1;10000.0000;1;None;None;10000.0000
7250;2023-01-18 14:03:42.207000;1;100581;1;1;10000.0000;1;None;None;42000.0000
22770;2023-01-18 15:04:43.210000;1;100581;1;1;10500.0000;1;None;None;10500.0000
7256;2023-01-18 16:51:44.967000;1;100581;1;1;10000.0000;1;None;None;10000.0000
22772;2023-01-18 15:47:20.330000;1;100582;1;1;18900.0000;1;None;None;18900.0000
7251;2023-01-18 14:43:04.283000;1;100582;1;1;18000.0000;1;4333.0000;None;46800.0000
7247;2023-01-18 13:51:57.823000;1;100582;1;1;18000.0000;1;None;None;18000.0000
7245;2023-01-18 13:45:48.400000;1;100582;1;1;18000.0000;1;None;None;18000.0000
7218;2023-01-18 11:31:48;1;100582;1;1;18000.0000;1;None;None;18000.0000
22739;2023-01-18 12:02:03.863000;1;100582;1;1;18900.0000;1;None;None;18900.0000
22751;2023-01-18 12:40:49.983000;1;100582;1;1;18900.0000;1;None;None;18900.0000
6415;2023-01-18 13:45:52.580000;1;100582;1;1;18000.0000;1;9056.0000;None;97800.0000
7230;2023-01-18 12:37:45.247000;1;100582;1;1;18000.0000;1;None;None;18000.0000
7216;2023-01-18 09:39:21.373000;1;100583;1;1;32000.0000;1;None;None;36000.0000
22766;2023-01-18 14:01:18.490000;1;100583;1;1;33600.0000;1;None;None;67200.0000
22760;2023-01-18 13:26:19.950000;1;100583;1;1;33600.0000;1;None;None;33600.0000
22767;2023-01-18 14:11:24.453000;1;100583;1;1;33600.0000;1;None;None;33600.0000
7250;2023-01-18 14:03:42.207000;1;100583;1;1;32000.0000;1;None;None;42000.0000
22766;2023-01-18 14:01:18.490000;1;100583;1;1;33600.0000;1;None;None;67200.0000
6436;2023-01-18 17:00:09.570000;1;100590;1;1;5800.0000;1;3407.0000;None;36800.0000
6436;2023-01-18 16:40:34.367000;1;100590;1;1;5800.0000;1;3407.0000;None;36800.0000
6436;2023-01-18 16:40:34.367000;1;100590;1;1;5800.0000;1;3407.0000;None;36800.0000
6395;2023-01-18 12:36:38.243000;3;100596;1;1;5800.0000;1;11833.0000;None;127800.0000
6432;2023-01-18 14:31:53.157000;3;100596;1;1;5800.0000;1;13759.0000;None;148600.0000
6432;2023-01-18 14:31:53.157000;3;100596;1;1;5800.0000;1;13759.0000;None;148600.0000
6418;2023-01-18 13:58:46.770000;3;100606;1;1;6800.0000;1;45611.0000;None;492600.0000
7249;2023-01-18 13:58:23.270000;3;100606;1;1;6800.0000;1;None;None;25900.0000
6392;2023-01-18 09:04:09.333000;3;100606;1;1;6800.0000;1;7537.0000;None;81400.0000
6392;2023-01-18 09:38:43.777000;3;100606;1;1;6800.0000;1;7537.0000;None;81400.0000
6392;2023-01-18 09:46:07.853000;3;100606;1;1;6800.0000;1;7537.0000;None;81400.0000
6414;2023-01-18 13:24:01.980000;3;100606;1;1;6800.0000;1;8870.0000;None;95800.0000
6409;2023-01-18 13:46:57.653000;3;100607;1;1;6800.0000;1;17278.0000;None;186600.0000
6409;2023-01-18 13:15:31.540000;3;100607;1;1;6800.0000;1;17278.0000;None;186600.0000
6409;2023-01-18 13:15:31.540000;3;100613;1;1;5800.0000;1;17278.0000;None;186600.0000
6409;2023-01-18 13:46:57.653000;3;100613;1;1;5800.0000;1;17278.0000;None;186600.0000
6409;2023-01-18 13:46:57.653000;3;100614;1;2;11600.0000;1;17278.0000;None;186600.0000
6409;2023-01-18 13:15:31.540000;3;100614;1;2;11600.0000;1;17278.0000;None;186600.0000
6414;2023-01-18 13:24:01.980000;3;100614;1;1;5800.0000;1;8870.0000;None;95800.0000
7223;2023-01-18 12:06:59.870000;3;100614;1;1;5800.0000;1;23074.0000;None;249200.0000
6395;2023-01-18 12:36:38.243000;3;100614;1;1;5800.0000;1;11833.0000;None;127800.0000
7249;2023-01-18 13:58:23.270000;3;100614;1;1;5800.0000;1;None;None;25900.0000
7249;2023-01-18 13:58:23.270000;3;100614;1;1;5800.0000;1;None;None;25900.0000
7248;2023-01-18 13:54:19.110000;3;100614;1;4;23200.0000;1;2148.0000;None;23200.0000
6426;2023-01-18 14:11:38.167000;3;100614;1;1;5800.0000;1;4852.0000;None;52400.0000
7235;2023-01-18 13:12:12.843000;3;100614;1;1;5800.0000;1;None;None;11300.0000
6430;2023-01-18 15:17:23.937000;3;100614;1;1;5800.0000;1;9333.0000;None;100800.0000
6436;2023-01-18 17:00:09.570000;3;100614;1;1;5800.0000;1;3407.0000;None;36800.0000
6436;2023-01-18 16:40:34.367000;3;100614;1;1;5800.0000;1;3407.0000;None;36800.0000
6423;2023-01-18 13:30:13.373000;1;100842;1;1;25800.0000;1;8398.0000;None;90700.0000
7251;2023-01-18 14:13:59.553000;1;100844;1;1;28800.0000;1;4333.0000;None;46800.0000
7219;2023-01-18 11:58:16.237000;1;100845;1;1;28800.0000;1;None;None;35600.0000
22724;2023-01-18 09:37:34.443000;1;100845;1;1;30300.0000;1;None;None;30300.0000
22737;2023-01-18 11:51:49.087000;1;100846;1;1;32400.0000;1;None;None;32400.0000
6406;2023-01-18 12:30:50.473000;1;100846;1;1;30800.0000;1;48093.0000;None;519400.0000
7228;2023-01-18 12:33:04.493000;1;100846;1;2;61600.0000;1;40185.0000;None;434000.0000
6421;2023-01-18 13:21:51.547000;1;100846;1;1;30800.0000;1;9889.0000;None;106800.0000
6420;2023-01-18 13:17:59.383000;1;100846;1;1;30800.0000;1;20926.0000;None;226000.0000
6421;2023-01-18 13:21:51.547000;1;100847;1;1;26800.0000;1;9889.0000;None;106800.0000
22744;2023-01-18 12:21:38.730000;1;100848;1;1;30300.0000;1;None;None;37500.0000
22742;2023-01-18 12:12:42.070000;1;100848;1;1;30300.0000;1;None;None;30300.0000
22740;2023-01-18 12:02:48.983000;1;100850;1;2;48000.0000;1;None;None;48000.0000
22741;2023-01-18 12:03:53.393000;1;100850;1;1;24000.0000;1;None;None;24000.0000
22746;2023-01-18 12:22:32.190000;1;100850;1;2;48000.0000;1;None;None;48000.0000
6409;2023-01-18 12:27:34.203000;1;100851;1;1;23800.0000;1;17278.0000;None;186600.0000
6414;2023-01-18 12:53:12.603000;1;100851;1;1;23800.0000;1;8870.0000;None;95800.0000
6415;2023-01-18 13:00:36.423000;1;100851;1;1;23800.0000;1;9056.0000;None;97800.0000
7228;2023-01-18 12:33:04.493000;1;100853;1;1;28800.0000;1;40185.0000;None;434000.0000
6420;2023-01-18 13:17:59.383000;1;100853;1;1;28800.0000;1;20926.0000;None;226000.0000
6420;2023-01-18 13:17:59.383000;1;100853;1;1;28800.0000;1;20926.0000;None;226000.0000
6400;2023-01-18 12:16:46.043000;1;100854;1;1;26800.0000;1;35000.0000;None;378000.0000
6416;2023-01-18 12:58:01.643000;1;100855;1;1;28800.0000;1;12167.0000;None;131400.0000
7232;2023-01-18 13:06:59.390000;1;100855;1;1;28800.0000;1;15852.0000;None;171200.0000
7232;2023-01-18 13:06:59.390000;1;100855;1;1;28800.0000;1;15852.0000;None;171200.0000
22735;2023-01-18 11:46:29.693000;1;100855;1;1;30300.0000;1;None;None;37500.0000
22755;2023-01-18 12:57:29.447000;1;100858;1;1;14500.0000;1;None;None;111700.0000
22734;2023-01-18 11:45:22.597000;1;100860;1;1;14500.0000;1;None;None;36800.0000
6406;2023-01-18 12:30:50.473000;8;100953;1;1;44800.0000;1;48093.0000;None;519400.0000
22790;2023-01-18 19:49:15.860000;8;100954;1;1;39800.0000;1;None;None;78100.0000
22763;2023-01-18 13:36:27.917000;1;100963;1;1;0.0000;1;None;None;89910.0000
22764;2023-01-18 13:43:10.293000;1;100963;1;1;0.0000;1;None;None;29410.0000
22730;2023-01-18 11:29:05.423000;1;100963;1;1;0.0000;1;None;None;29410.0000
22784;2023-01-18 18:40:19.460000;1;100974;1;1;18700.0000;1;None;None;80900.0000
22784;2023-01-18 18:40:19.460000;1;100974;1;2;37400.0000;1;None;None;80900.0000
22781;2023-01-18 18:27:41.340000;1;100995;1;1;11400.0000;1;None;None;51800.0000
22781;2023-01-18 18:27:41.340000;1;100995;1;1;11400.0000;1;None;None;51800.0000
6405;2023-01-18 12:19:28.803000;8;101026;1;1;33800.0000;1;12759.0000;None;137800.0000
22786;2023-01-18 18:47:34.463000;8;101026;1;1;33800.0000;1;None;None;100600.0000
22793;2023-01-18 20:04:50.530000;1;101048;1;1;47100.0000;1;None;None;139500.0000
7223;2023-01-18 12:06:59.870000;1;101051;1;1;49800.0000;1;23074.0000;None;249200.0000
7223;2023-01-18 12:06:59.870000;6;101061;1;1;0.0000;1;23074.0000;None;249200.0000
6400;2023-01-18 12:16:46.043000;6;101061;1;3;0.0000;1;35000.0000;None;378000.0000
6401;2023-01-18 12:06:29.150000;6;101061;1;2;0.0000;1;12074.0000;None;130400.0000
7224;2023-01-18 12:09:01.480000;6;101061;1;1;0.0000;1;16185.0000;None;174800.0000
6398;2023-01-18 12:03:08.573000;6;101061;1;1;0.0000;1;8630.0000;None;93200.0000
7226;2023-01-18 12:13:49.727000;6;101061;1;1;None;1;1722.0000;None;18600.0000
6405;2023-01-18 12:19:28.803000;6;101061;1;1;0.0000;1;12759.0000;None;137800.0000
6406;2023-01-18 12:30:50.473000;6;101061;1;6;0.0000;1;48093.0000;None;519400.0000
7225;2023-01-18 12:12:34.427000;6;101061;1;1;0.0000;1;13222.0000;None;142800.0000
6402;2023-01-18 12:08:33.947000;6;101061;1;1;None;1;8333.0000;None;90000.0000
6403;2023-01-18 12:11:19.597000;6;101061;1;1;0.0000;1;7963.0000;None;86000.0000
6416;2023-01-18 12:58:01.643000;6;101061;1;1;0.0000;1;12167.0000;None;131400.0000
6415;2023-01-18 13:00:36.423000;6;101061;1;2;0.0000;1;9056.0000;None;97800.0000
7232;2023-01-18 13:06:59.390000;6;101061;1;2;0.0000;1;15852.0000;None;171200.0000
6414;2023-01-18 12:53:12.603000;6;101061;1;1;0.0000;1;8870.0000;None;95800.0000
6413;2023-01-18 12:52:31.003000;6;101061;1;1;0.0000;1;12019.0000;None;129800.0000
7228;2023-01-18 12:33:04.493000;6;101061;1;2;0.0000;1;40185.0000;None;434000.0000
6409;2023-01-18 12:27:34.203000;6;101061;1;1;0.0000;1;17278.0000;None;186600.0000
6410;2023-01-18 12:29:03.523000;6;101061;1;3;0.0000;1;49297.0000;None;532400.0000
6407;2023-01-18 12:22:45.737000;6;101061;1;1;0.0000;1;9074.0000;None;98000.0000
6408;2023-01-18 12:24:04.787000;6;101061;1;1;0.0000;1;8630.0000;None;93200.0000
6395;2023-01-18 11:58:02.963000;6;101061;1;1;0.0000;1;11833.0000;None;127800.0000
6397;2023-01-18 12:00:21.237000;6;101061;1;1;0.0000;1;10704.0000;None;115600.0000
6430;2023-01-18 14:21:39.877000;6;101061;1;1;0.0000;1;9333.0000;None;100800.0000
6432;2023-01-18 13:50:28.080000;6;101061;1;1;0.0000;1;13759.0000;None;148600.0000
6426;2023-01-18 13:45:01.547000;6;101061;1;1;0.0000;1;4852.0000;None;52400.0000
6428;2023-01-18 13:49:47.487000;6;101061;1;1;0.0000;1;10926.0000;None;118000.0000
6423;2023-01-18 13:30:13.373000;6;101061;1;1;0.0000;1;8398.0000;None;90700.0000
6420;2023-01-18 13:17:59.383000;6;101061;1;2;0.0000;1;20926.0000;None;226000.0000
6422;2023-01-18 13:22:09.280000;6;101061;1;1;0.0000;1;None;None;45600.0000
6418;2023-01-18 13:10:35.537000;6;101061;1;2;0.0000;1;45611.0000;None;492600.0000
6419;2023-01-18 13:23:37.063000;6;101061;1;1;0.0000;1;6500.0000;None;70200.0000
6410;2023-01-18 12:29:03.523000;1;101073;1;1;69800.0000;1;49297.0000;None;532400.0000
7232;2023-01-18 13:06:59.390000;1;101127;1;1;36800.0000;1;15852.0000;None;171200.0000
22759;2023-01-18 13:18:50.790000;1;101176;1;1;43900.0000;1;None;None;129010.0000
22781;2023-01-18 18:27:41.340000;1;101295;1;1;14500.0000;1;None;None;51800.0000
22781;2023-01-18 18:27:41.340000;1;101295;1;1;14500.0000;1;None;None;51800.0000
22756;2023-01-18 13:00:58.830000;1;101323;1;1;30300.0000;1;None;None;132060.0000
22756;2023-01-18 13:00:58.830000;1;101323;1;1;30300.0000;1;None;None;132060.0000
7223;2023-01-18 12:06:59.870000;1;101323;1;1;28800.0000;1;23074.0000;None;249200.0000
6394;2023-01-18 10:18:45.370000;6;101405;2;1;0.0000;1;13972.0000;None;150900.0000
22796;2023-01-18 20:14:06.837000;6;101408;2;1;0.0000;1;None;None;71000.0000
22796;2023-01-18 20:14:06.837000;8;101413;1;1;0.0000;1;None;None;71000.0000
6395;2023-01-18 11:58:02.963000;1;101433;1;1;0.0000;1;11833.0000;None;127800.0000
6398;2023-01-18 12:03:08.573000;1;101433;1;1;0.0000;1;8630.0000;None;93200.0000
6404;2023-01-18 12:12:52.550000;1;101433;1;1;0.0000;1;17982.0000;None;194200.0000
7225;2023-01-18 12:12:34.427000;1;101433;1;1;0.0000;1;13222.0000;None;142800.0000
7228;2023-01-18 12:33:04.493000;1;101433;1;1;0.0000;1;40185.0000;None;434000.0000
22748;2023-01-18 12:30:08.747000;1;101433;1;1;0.0000;1;None;None;78620.0000
6420;2023-01-18 13:17:59.383000;1;101433;1;1;0.0000;1;20926.0000;None;226000.0000
6418;2023-01-18 13:10:35.537000;1;101433;1;1;0.0000;1;45611.0000;None;492600.0000
6430;2023-01-18 14:21:39.877000;6;101438;1;1;0.0000;1;9333.0000;None;100800.0000
6410;2023-01-18 12:29:03.523000;6;101438;1;1;0.0000;1;49297.0000;None;532400.0000
6401;2023-01-18 12:06:29.150000;6;101438;1;1;0.0000;1;12074.0000;None;130400.0000
6401;2023-01-18 12:06:29.117000;6;101438;1;1;0.0000;1;12074.0000;None;130400.0000
6401;2023-01-18 12:06:29.150000;6;101438;1;1;0.0000;1;12074.0000;None;130400.0000
7223;2023-01-18 12:15:27.660000;6;101438;1;1;0.0000;1;23074.0000;None;249200.0000
22743;2023-01-18 12:13:09.720000;6;101442;1;1;0.0000;1;None;None;41800.0000
6392;2023-01-18 09:04:09.333000;6;101488;1;1;0.0000;1;7537.0000;None;81400.0000
7221;2023-01-18 12:03:40.470000;1;101520;1;1;0.0000;1;None;None;65800.0000
6410;2023-01-18 12:29:03.523000;1;101520;1;1;0.0000;1;49297.0000;None;532400.0000
6410;2023-01-18 12:29:03.523000;1;101522;1;1;0.0000;1;49297.0000;None;532400.0000
6415;2023-01-18 13:00:36.423000;1;101522;1;1;0.0000;1;9056.0000;None;97800.0000
7224;2023-01-18 12:09:01.480000;1;101522;1;1;0.0000;1;16185.0000;None;174800.0000
7225;2023-01-18 12:12:34.427000;1;101522;1;1;0.0000;1;13222.0000;None;142800.0000
6404;2023-01-18 12:12:52.550000;1;101522;1;1;0.0000;1;17982.0000;None;194200.0000
6403;2023-01-18 12:11:19.597000;1;101522;1;1;0.0000;1;7963.0000;None;86000.0000
6403;2023-01-18 12:11:19.597000;1;101522;1;1;0.0000;1;7963.0000;None;86000.0000
6406;2023-01-18 12:30:50.473000;1;101522;1;1;0.0000;1;48093.0000;None;519400.0000
6406;2023-01-18 12:30:50.473000;1;101522;1;1;0.0000;1;48093.0000;None;519400.0000
6397;2023-01-18 12:00:21.237000;1;101522;1;1;0.0000;1;10704.0000;None;115600.0000
6432;2023-01-18 13:50:28.080000;1;101522;1;1;0.0000;1;13759.0000;None;148600.0000
22776;2023-01-18 17:43:10.717000;1;101522;1;1;0.0000;1;None;None;132100.0000
6418;2023-01-18 13:10:35.537000;1;101522;1;1;0.0000;1;45611.0000;None;492600.0000
6418;2023-01-18 13:10:35.537000;1;101522;1;1;0.0000;1;45611.0000;None;492600.0000
7239;2023-01-18 13:22:21.393000;1;101522;1;1;0.0000;1;None;None;35600.0000
7242;2023-01-18 13:32:49.423000;1;101522;1;1;0.0000;1;None;None;59600.0000
6426;2023-01-18 13:45:01.547000;1;101522;1;1;0.0000;1;4852.0000;None;52400.0000
6392;2023-01-18 09:04:09.333000;6;101524;1;1;0.0000;1;7537.0000;None;81400.0000
7224;2023-01-18 12:09:01.480000;6;101525;1;1;0.0000;1;16185.0000;None;174800.0000
7225;2023-01-18 12:12:34.427000;6;101535;1;1;0.0000;1;13222.0000;None;142800.0000
22757;2023-01-18 13:01:40.413000;6;101535;1;1;0.0000;1;None;None;73100.0000
22757;2023-01-18 13:01:40.413000;6;101535;1;1;0.0000;1;None;None;73100.0000
22792;2023-01-18 19:59:50.597000;6;101535;1;1;0.0000;1;None;None;84710.0000
6392;2023-01-18 09:04:09.333000;6;101543;1;1;0.0000;1;7537.0000;None;81400.0000
6410;2023-01-18 12:29:03.523000;6;101546;1;1;0.0000;1;49297.0000;None;532400.0000
6410;2023-01-18 12:29:03.523000;1;101552;1;1;0.0000;1;49297.0000;None;532400.0000
7228;2023-01-18 12:33:04.493000;1;101552;1;1;0.0000;1;40185.0000;None;434000.0000
7228;2023-01-18 12:33:04.493000;1;101552;1;1;0.0000;1;40185.0000;None;434000.0000
6410;2023-01-18 12:29:03.523000;1;101552;1;1;0.0000;1;49297.0000;None;532400.0000
6404;2023-01-18 12:12:52.550000;1;101552;1;1;0.0000;1;17982.0000;None;194200.0000
6406;2023-01-18 12:30:50.473000;1;101552;1;1;0.0000;1;48093.0000;None;519400.0000
6406;2023-01-18 12:30:50.473000;1;101552;1;1;0.0000;1;48093.0000;None;519400.0000
6395;2023-01-18 11:58:02.963000;1;101552;1;1;0.0000;1;11833.0000;None;127800.0000
22792;2023-01-18 19:59:50.597000;1;101552;1;1;0.0000;1;None;None;84710.0000
6418;2023-01-18 13:10:35.537000;1;101552;1;1;0.0000;1;45611.0000;None;492600.0000
6418;2023-01-18 13:10:35.537000;1;101552;1;1;0.0000;1;45611.0000;None;492600.0000
22759;2023-01-18 13:18:50.790000;1;101552;1;1;0.0000;1;None;None;129010.0000
6428;2023-01-18 13:49:47.487000;1;101552;1;1;0.0000;1;10926.0000;None;118000.0000
22774;2023-01-18 16:21:04.770000;6;101563;1;1;0.0000;1;None;None;46750.0000
22726;2023-01-18 09:57:33.053000;6;101563;1;1;0.0000;1;None;None;44600.0000
6400;2023-01-18 12:16:46.043000;6;101563;1;1;0.0000;1;35000.0000;None;378000.0000
22796;2023-01-18 20:14:06.837000;6;101597;1;1;0.0000;1;None;None;71000.0000
22796;2023-01-18 20:14:06.837000;6;101613;1;1;0.0000;1;None;None;71000.0000
22763;2023-01-18 13:36:27.917000;1;101623;1;1;0.0000;1;None;None;89910.0000
22748;2023-01-18 12:30:08.747000;1;101623;1;1;0.0000;1;None;None;78620.0000
6400;2023-01-18 12:16:46.043000;6;101624;1;1;0.0000;1;35000.0000;None;378000.0000
22796;2023-01-18 20:14:06.837000;8;101635;1;1;0.0000;1;None;None;71000.0000
6423;2023-01-18 13:30:13.373000;3;101641;1;1;0.0000;1;8398.0000;None;90700.0000
6421;2023-01-18 13:21:51.547000;3;101641;1;1;0.0000;1;9889.0000;None;106800.0000
6418;2023-01-18 13:10:35.537000;3;101641;1;4;0.0000;1;45611.0000;None;492600.0000
6432;2023-01-18 13:50:28.080000;3;101641;1;1;0.0000;1;13759.0000;None;148600.0000
6400;2023-01-18 12:16:46.043000;3;101641;1;1;0.0000;1;35000.0000;None;378000.0000
6400;2023-01-18 12:16:46.043000;3;101641;1;1;0.0000;1;35000.0000;None;378000.0000
6398;2023-01-18 12:03:08.573000;3;101641;1;1;0.0000;1;8630.0000;None;93200.0000
6406;2023-01-18 12:20:06.117000;3;101641;1;7;0.0000;1;48093.0000;None;519400.0000
6406;2023-01-18 12:20:06.130000;3;101641;1;1;0.0000;1;48093.0000;None;519400.0000
6404;2023-01-18 12:12:52.550000;3;101641;1;1;0.0000;1;17982.0000;None;194200.0000
7225;2023-01-18 12:12:34.427000;3;101641;1;1;0.0000;1;13222.0000;None;142800.0000
6404;2023-01-18 12:12:52.550000;3;101641;1;1;0.0000;1;17982.0000;None;194200.0000
7228;2023-01-18 12:33:04.493000;3;101641;1;1;0.0000;1;40185.0000;None;434000.0000
6410;2023-01-18 12:29:03.523000;3;101641;1;1;0.0000;1;49297.0000;None;532400.0000
6408;2023-01-18 12:24:04.787000;3;101641;1;1;0.0000;1;8630.0000;None;93200.0000
7232;2023-01-18 12:59:18.373000;3;101641;1;1;0.0000;1;15852.0000;None;171200.0000
7232;2023-01-18 12:59:18.373000;3;101641;1;1;0.0000;1;15852.0000;None;171200.0000
6413;2023-01-18 12:52:31.003000;3;101641;1;2;0.0000;1;12019.0000;None;129800.0000
6414;2023-01-18 12:53:12.603000;3;101641;1;1;0.0000;1;8870.0000;None;95800.0000
6415;2023-01-18 12:53:35.367000;3;101641;1;1;0.0000;1;9056.0000;None;97800.0000
6397;2023-01-18 12:00:21.237000;3;101641;1;1;0.0000;1;10704.0000;None;115600.0000
6397;2023-01-18 12:00:21.237000;3;101641;1;1;0.0000;1;10704.0000;None;115600.0000
22793;2023-01-18 20:04:50.530000;8;101883;1;1;54800.0000;1;None;None;139500.0000
22729;2023-01-18 11:24:49.560000;1;101929;1;1;17700.0000;1;None;None;100700.0000
22734;2023-01-18 11:45:22.597000;1;101954;1;1;20800.0000;1;None;None;36800.0000
22753;2023-01-18 12:49:51.803000;1;101954;1;1;20800.0000;1;None;None;70900.0000
22761;2023-01-18 13:28:11.563000;8;101992;1;1;33400.0000;1;None;None;35800.0000
22786;2023-01-18 18:47:34.463000;8;101996;1;1;16600.0000;1;None;None;100600.0000
7228;2023-01-18 12:33:04.493000;1;102035;1;1;35800.0000;1;40185.0000;None;434000.0000
7228;2023-01-18 12:33:04.493000;1;102041;1;1;29800.0000;1;40185.0000;None;434000.0000
7228;2023-01-18 12:33:04.493000;1;102041;1;1;29800.0000;1;40185.0000;None;434000.0000
6408;2023-01-18 12:24:04.787000;1;102041;1;1;29800.0000;1;8630.0000;None;93200.0000
6428;2023-01-18 13:49:47.487000;1;102056;1;1;59800.0000;1;10926.0000;None;118000.0000
22776;2023-01-18 17:43:10.717000;1;102082;1;1;28200.0000;1;None;None;132100.0000
7239;2023-01-18 13:22:21.393000;1;102132;1;1;6800.0000;1;None;None;35600.0000
6415;2023-01-18 13:00:36.423000;1;102132;1;1;6800.0000;1;9056.0000;None;97800.0000
6415;2023-01-18 13:00:36.423000;1;102132;1;1;6800.0000;1;9056.0000;None;97800.0000
6404;2023-01-18 12:12:52.550000;1;102132;1;1;6800.0000;1;17982.0000;None;194200.0000
6409;2023-01-18 12:27:34.203000;1;102139;1;1;5800.0000;1;17278.0000;None;186600.0000
7224;2023-01-18 12:09:01.480000;1;102163;1;1;4800.0000;1;16185.0000;None;174800.0000
7224;2023-01-18 12:09:01.480000;1;102163;1;1;4800.0000;1;16185.0000;None;174800.0000
6397;2023-01-18 12:00:21.237000;1;102173;1;1;5800.0000;1;10704.0000;None;115600.0000
22736;2023-01-18 11:47:39.423000;1;102197;1;1;5800.0000;1;None;None;26000.0000
22725;2023-01-18 09:56:48.597000;1;102197;1;1;5800.0000;1;None;None;28100.0000
22762;2023-01-18 13:35:24.620000;1;102197;1;1;5800.0000;1;None;None;108200.0000
22762;2023-01-18 13:35:24.620000;1;102197;1;1;5800.0000;1;None;None;108200.0000
22768;2023-01-18 14:14:36.793000;1;102197;1;1;5800.0000;1;None;None;38200.0000
6405;2023-01-18 12:19:28.803000;1;102228;1;1;10800.0000;1;12759.0000;None;137800.0000
7232;2023-01-18 13:06:59.390000;1;102228;1;1;10800.0000;1;15852.0000;None;171200.0000
22774;2023-01-18 16:21:04.770000;1;102228;1;1;11400.0000;1;None;None;46750.0000
22773;2023-01-18 16:13:27.107000;1;102228;1;1;11400.0000;1;None;None;70900.0000
22782;2023-01-18 18:29:09.263000;1;102238;1;1;2500.0000;1;None;None;73400.0000
22762;2023-01-18 13:35:24.620000;1;102238;1;1;2500.0000;1;None;None;108200.0000
22762;2023-01-18 13:35:24.620000;1;102238;1;1;2500.0000;1;None;None;108200.0000
6423;2023-01-18 13:30:13.373000;1;102238;1;1;2500.0000;1;8398.0000;None;90700.0000
6401;2023-01-18 12:06:29.150000;1;102239;1;1;5800.0000;1;12074.0000;None;130400.0000
6401;2023-01-18 12:06:29.150000;1;102239;1;1;5800.0000;1;12074.0000;None;130400.0000
6409;2023-01-18 12:51:25.677000;1;102283;1;1;4800.0000;1;17278.0000;None;186600.0000
7222;2023-01-18 12:05:46.537000;1;102286;1;4;6000.0000;1;None;None;6000.0000
22725;2023-01-18 09:56:48.597000;1;102286;1;1;1500.0000;1;None;None;28100.0000
22728;2023-01-18 11:23:47.427000;1;102286;1;1;1500.0000;1;None;None;33900.0000
22727;2023-01-18 11:21:51.513000;1;102286;1;1;1500.0000;1;None;None;36900.0000
22736;2023-01-18 11:47:39.423000;1;102286;1;1;1500.0000;1;None;None;26000.0000
22734;2023-01-18 11:45:22.597000;1;102286;1;1;1500.0000;1;None;None;36800.0000
22749;2023-01-18 12:35:11.923000;1;102296;1;1;2800.0000;1;None;None;40950.0000
6402;2023-01-18 12:08:33.947000;1;102314;1;1;8800.0000;1;8333.0000;None;90000.0000
6394;2023-01-18 10:18:45.370000;1;102315;1;1;1500.0000;1;13972.0000;None;150900.0000
6401;2023-01-18 12:06:29.150000;1;102407;1;1;34800.0000;1;12074.0000;None;130400.0000
22788;2023-01-18 19:18:54.903000;1;102456;1;1;17700.0000;1;None;None;89160.0000
22790;2023-01-18 19:49:15.860000;1;102456;1;1;17700.0000;1;None;None;78100.0000
6402;2023-01-18 12:08:33.947000;1;102475;1;1;37800.0000;1;8333.0000;None;90000.0000
22773;2023-01-18 16:13:27.107000;1;102479;1;1;54400.0000;1;None;None;70900.0000
7228;2023-01-18 12:35:01.447000;1;102493;1;1;44800.0000;1;40185.0000;None;434000.0000
6412;2023-01-18 12:50:53.947000;1;102498;1;1;34800.0000;1;None;None;44600.0000
22726;2023-01-18 09:57:33.053000;1;102501;1;1;41800.0000;1;None;None;44600.0000
6406;2023-01-18 12:30:50.473000;1;102502;1;1;47800.0000;1;48093.0000;None;519400.0000
6400;2023-01-18 12:16:46.043000;1;102502;1;1;47800.0000;1;35000.0000;None;378000.0000
6394;2023-01-18 10:18:45.370000;1;102522;1;1;9800.0000;1;13972.0000;None;150900.0000
6418;2023-01-18 13:10:35.537000;3;102616;1;1;6800.0000;1;45611.0000;None;492600.0000
6436;2023-01-18 16:40:34.367000;3;102617;1;1;7800.0000;1;3407.0000;None;36800.0000
6410;2023-01-18 12:29:03.523000;3;102620;1;1;8800.0000;1;49297.0000;None;532400.0000
6416;2023-01-18 12:58:01.643000;3;102624;1;1;7800.0000;1;12167.0000;None;131400.0000
6428;2023-01-18 13:49:47.487000;3;102624;1;1;7800.0000;1;10926.0000;None;118000.0000
6418;2023-01-18 13:10:35.537000;3;102631;1;1;7800.0000;1;45611.0000;None;492600.0000
6414;2023-01-18 12:53:12.603000;3;102631;1;1;7800.0000;1;8870.0000;None;95800.0000
6401;2023-01-18 12:06:29.117000;3;102631;1;1;7800.0000;1;12074.0000;None;130400.0000
6392;2023-01-18 09:04:09.333000;3;102635;1;1;8800.0000;1;7537.0000;None;81400.0000
6392;2023-01-18 09:04:09.333000;3;102635;1;1;8800.0000;1;7537.0000;None;81400.0000
6406;2023-01-18 12:20:06.130000;3;102635;1;1;8800.0000;1;48093.0000;None;519400.0000
6416;2023-01-18 12:58:01.643000;3;102635;1;1;8800.0000;1;12167.0000;None;131400.0000
6410;2023-01-18 12:29:03.523000;3;102635;1;3;26400.0000;1;49297.0000;None;532400.0000
6418;2023-01-18 13:10:35.537000;3;102635;1;1;8800.0000;1;45611.0000;None;492600.0000
6428;2023-01-18 13:49:47.487000;3;102635;1;1;8800.0000;1;10926.0000;None;118000.0000
22782;2023-01-18 18:29:09.263000;3;102635;1;1;9300.0000;1;None;None;73400.0000
22762;2023-01-18 13:35:24.620000;3;102637;1;2;20600.0000;1;None;None;108200.0000
6406;2023-01-18 12:30:50.473000;3;102639;1;1;9800.0000;1;48093.0000;None;519400.0000
6406;2023-01-18 12:30:50.473000;3;102639;1;1;9800.0000;1;48093.0000;None;519400.0000
6401;2023-01-18 12:06:29.117000;3;102639;1;1;9800.0000;1;12074.0000;None;130400.0000
22735;2023-01-18 11:46:29.693000;3;102644;1;1;7200.0000;1;None;None;37500.0000
6421;2023-01-18 13:21:51.547000;3;102644;1;1;6800.0000;1;9889.0000;None;106800.0000
22732;2023-01-18 11:36:01.483000;1;102671;1;1;40800.0000;1;None;None;40800.0000
22782;2023-01-18 18:29:09.263000;1;102671;1;1;40800.0000;1;None;None;73400.0000
22789;2023-01-18 19:47:23.607000;1;102671;1;1;40800.0000;1;None;None;40800.0000
22771;2023-01-18 15:16:47.367000;1;102671;1;1;40800.0000;1;None;None;40800.0000
22727;2023-01-18 11:21:51.513000;1;102675;1;1;30300.0000;1;None;None;36900.0000
22728;2023-01-18 11:23:47.427000;1;102676;1;1;32400.0000;1;None;None;33900.0000
22755;2023-01-18 12:57:29.447000;1;102676;1;3;97200.0000;1;None;None;111700.0000
22750;2023-01-18 12:38:19.417000;1;102676;1;1;32400.0000;1;None;None;32400.0000
22768;2023-01-18 14:14:36.793000;1;102676;1;1;32400.0000;1;None;None;38200.0000
22762;2023-01-18 13:35:24.620000;1;102677;1;2;71000.0000;1;None;None;108200.0000
22752;2023-01-18 12:41:53.850000;1;102677;1;1;35500.0000;1;None;None;35500.0000
22753;2023-01-18 12:49:51.803000;1;102678;1;1;38700.0000;1;None;None;70900.0000
22747;2023-01-18 12:24:06.197000;1;102678;1;1;38700.0000;1;None;None;38700.0000
6416;2023-01-18 12:58:01.643000;1;102680;1;1;36800.0000;1;12167.0000;None;131400.0000
22745;2023-01-18 12:22:06.440000;1;102680;1;1;38700.0000;1;None;None;38700.0000
22778;2023-01-18 18:22:44.913000;1;102680;1;1;38700.0000;1;None;None;38700.0000
22725;2023-01-18 09:56:48.597000;1;102683;1;1;20800.0000;1;None;None;28100.0000
22736;2023-01-18 11:47:39.423000;1;102684;1;1;18700.0000;1;None;None;26000.0000
22785;2023-01-18 18:44:06.343000;1;102684;1;1;18700.0000;1;None;None;36400.0000
6406;2023-01-18 12:30:50.473000;8;102692;1;1;33800.0000;1;48093.0000;None;519400.0000
22797;2023-01-18 20:14:41.713000;8;102692;1;1;35500.0000;1;None;None;156100.0000
22729;2023-01-18 11:24:49.560000;8;102696;1;1;14500.0000;1;None;None;100700.0000
6404;2023-01-18 12:12:52.550000;1;102700;1;1;42800.0000;1;17982.0000;None;194200.0000
22731;2023-01-18 11:35:30.653000;1;102701;1;1;35500.0000;1;None;None;35500.0000
22727;2023-01-18 11:21:51.513000;3;102747;1;1;5100.0000;1;None;None;36900.0000
6395;2023-01-18 11:58:02.963000;3;102747;1;1;4800.0000;1;11833.0000;None;127800.0000
6403;2023-01-18 12:11:19.597000;3;102747;1;2;9600.0000;1;7963.0000;None;86000.0000
7226;2023-01-18 12:13:49.727000;3;102747;1;1;4800.0000;1;1722.0000;None;18600.0000
7223;2023-01-18 12:06:59.870000;3;102747;1;1;4800.0000;1;23074.0000;None;249200.0000
7224;2023-01-18 12:42:08.707000;3;102747;1;1;4800.0000;1;16185.0000;None;174800.0000
7223;2023-01-18 12:15:27.660000;3;102747;1;1;4800.0000;1;23074.0000;None;249200.0000
7224;2023-01-18 12:09:01.480000;3;102747;1;1;4800.0000;1;16185.0000;None;174800.0000
7232;2023-01-18 12:59:18.373000;3;102747;1;1;4800.0000;1;15852.0000;None;171200.0000
6409;2023-01-18 12:27:34.203000;3;102747;1;1;4800.0000;1;17278.0000;None;186600.0000
6407;2023-01-18 12:22:45.737000;3;102747;1;1;4800.0000;1;9074.0000;None;98000.0000
6410;2023-01-18 12:29:03.523000;3;102747;1;1;4800.0000;1;49297.0000;None;532400.0000
6410;2023-01-18 12:29:03.523000;3;102747;1;2;9600.0000;1;49297.0000;None;532400.0000
7228;2023-01-18 12:55:53.580000;3;102747;1;1;4800.0000;1;40185.0000;None;434000.0000
7228;2023-01-18 12:33:04.493000;3;102747;1;1;4800.0000;1;40185.0000;None;434000.0000
7228;2023-01-18 12:33:04.493000;3;102747;1;2;9600.0000;1;40185.0000;None;434000.0000
22776;2023-01-18 17:43:10.717000;3;102747;1;1;5100.0000;1;None;None;132100.0000
22776;2023-01-18 17:43:10.717000;3;102747;1;2;10200.0000;1;None;None;132100.0000
6430;2023-01-18 14:21:39.877000;3;102747;1;2;9600.0000;1;9333.0000;None;100800.0000
22773;2023-01-18 16:13:27.107000;3;102747;1;1;5100.0000;1;None;None;70900.0000
6426;2023-01-18 13:45:01.547000;3;102747;1;1;4800.0000;1;4852.0000;None;52400.0000
6422;2023-01-18 13:22:09.280000;3;102747;1;1;4800.0000;1;None;None;45600.0000
6419;2023-01-18 13:12:59.523000;3;102747;1;2;9600.0000;1;6500.0000;None;70200.0000
6410;2023-01-18 12:29:03.523000;3;102748;1;1;15800.0000;1;49297.0000;None;532400.0000
6409;2023-01-18 12:27:34.203000;3;102748;1;1;15800.0000;1;17278.0000;None;186600.0000
7223;2023-01-18 12:06:59.870000;3;102748;1;1;15800.0000;1;23074.0000;None;249200.0000
6418;2023-01-18 13:10:35.537000;1;102814;1;1;48800.0000;1;45611.0000;None;492600.0000
7236;2023-01-18 13:13:13.483000;1;102908;1;1;5500.0000;1;None;None;5500.0000
7249;2023-01-18 13:58:23.270000;1;102908;1;1;5500.0000;1;None;None;25900.0000
7235;2023-01-18 13:12:12.843000;1;102909;1;1;5500.0000;1;None;None;11300.0000
7234;2023-01-18 13:10:41.607000;1;102909;1;1;5500.0000;1;None;None;19800.0000
7234;2023-01-18 13:10:41.607000;1;102909;1;1;5500.0000;1;None;None;19800.0000
6410;2023-01-18 12:29:03.523000;1;102927;1;1;64800.0000;1;49297.0000;None;532400.0000
6397;2023-01-18 12:00:21.237000;1;102982;1;1;59800.0000;1;10704.0000;None;115600.0000
6410;2023-01-18 12:29:03.523000;1;102982;1;1;59800.0000;1;49297.0000;None;532400.0000
6418;2023-01-18 13:10:35.537000;1;102982;1;1;59800.0000;1;45611.0000;None;492600.0000
6418;2023-01-18 13:10:35.537000;1;102982;1;1;59800.0000;1;45611.0000;None;492600.0000
22786;2023-01-18 18:47:34.463000;8;103023;1;1;50200.0000;1;None;None;100600.0000
22777;2023-01-18 18:02:39.807000;1;103034;1;1;17700.0000;1;None;None;58300.0000
6392;2023-01-18 09:04:09.333000;1;103043;1;1;12800.0000;1;7537.0000;None;81400.0000
6394;2023-01-18 11:07:11.933000;1;103084;1;1;5000.0000;1;13972.0000;None;150900.0000
22791;2023-01-18 19:55:37.917000;1;103097;1;2;18600.0000;1;None;None;24900.0000
7246;2023-01-18 13:50:11.073000;1;103100;1;1;8800.0000;1;None;None;8800.0000
7223;2023-01-18 12:15:27.660000;1;103134;1;1;31800.0000;1;23074.0000;None;249200.0000
7224;2023-01-18 12:09:01.480000;1;103134;1;1;31800.0000;1;16185.0000;None;174800.0000
6406;2023-01-18 12:30:50.473000;1;103171;1;1;28800.0000;1;48093.0000;None;519400.0000
6406;2023-01-18 12:30:50.473000;1;103171;1;1;28800.0000;1;48093.0000;None;519400.0000
7228;2023-01-18 12:33:04.493000;1;103171;1;1;28800.0000;1;40185.0000;None;434000.0000
7228;2023-01-18 12:33:04.493000;1;103171;1;1;28800.0000;1;40185.0000;None;434000.0000
6415;2023-01-18 13:00:36.423000;1;103171;1;1;28800.0000;1;9056.0000;None;97800.0000
6419;2023-01-18 13:23:37.063000;1;103171;1;1;28800.0000;1;6500.0000;None;70200.0000
7239;2023-01-18 13:22:21.393000;1;103171;1;1;28800.0000;1;None;None;35600.0000
6428;2023-01-18 13:49:47.487000;1;103340;1;1;30800.0000;1;10926.0000;None;118000.0000
7242;2023-01-18 13:32:49.423000;1;103340;1;1;30800.0000;1;None;None;59600.0000
6410;2023-01-18 12:29:03.523000;1;103340;1;1;30800.0000;1;49297.0000;None;532400.0000
6410;2023-01-18 12:29:03.523000;1;103340;1;1;30800.0000;1;49297.0000;None;532400.0000
6403;2023-01-18 12:11:19.597000;1;103340;1;1;30800.0000;1;7963.0000;None;86000.0000
6403;2023-01-18 12:11:19.597000;1;103340;1;1;30800.0000;1;7963.0000;None;86000.0000
6394;2023-01-18 10:21:28.963000;1;103364;1;1;9800.0000;1;13972.0000;None;150900.0000
6392;2023-01-18 09:04:09.333000;1;103367;1;1;11800.0000;1;7537.0000;None;81400.0000
6407;2023-01-18 12:59:26.777000;1;103372;1;1;15800.0000;1;9074.0000;None;98000.0000
6416;2023-01-18 13:37:34.993000;1;103372;1;1;15800.0000;1;12167.0000;None;131400.0000
6412;2023-01-18 12:50:53.947000;6;103488;1;1;0.0000;1;None;None;44600.0000
22749;2023-01-18 12:35:11.923000;6;103488;1;1;0.0000;1;None;None;40950.0000
6406;2023-01-18 12:30:50.473000;6;103488;1;1;0.0000;1;48093.0000;None;519400.0000
22795;2023-01-18 20:08:18.930000;6;103488;1;1;0.0000;1;None;None;84700.0000
22795;2023-01-18 20:08:18.930000;6;103488;1;1;0.0000;1;None;None;84700.0000
6418;2023-01-18 13:10:35.537000;1;103515;1;1;44800.0000;1;45611.0000;None;492600.0000
6410;2023-01-18 12:29:03.523000;1;103515;1;1;44800.0000;1;49297.0000;None;532400.0000
6407;2023-01-18 12:22:45.737000;8;103539;1;1;32800.0000;1;9074.0000;None;98000.0000
6406;2023-01-18 12:30:50.473000;1;103552;1;1;38800.0000;1;48093.0000;None;519400.0000
7224;2023-01-18 12:09:01.480000;1;103552;1;1;38800.0000;1;16185.0000;None;174800.0000
22729;2023-01-18 11:24:49.560000;8;103615;1;1;39700.0000;1;None;None;100700.0000
22733;2023-01-18 11:43:58.100000;8;103615;1;1;39700.0000;1;None;None;72500.0000
6407;2023-01-18 12:22:45.737000;8;103615;1;1;37800.0000;1;9074.0000;None;98000.0000
22797;2023-01-18 20:14:41.713000;8;103615;1;1;39700.0000;1;None;None;156100.0000
7227;2023-01-18 12:14:44.227000;1;103624;1;1;43800.0000;1;None;None;43800.0000
6404;2023-01-18 12:12:52.550000;8;103690;1;1;39800.0000;1;17982.0000;None;194200.0000
6404;2023-01-18 12:12:52.550000;1;103700;1;1;32800.0000;1;17982.0000;None;194200.0000
7224;2023-01-18 12:09:01.480000;1;103700;1;1;32800.0000;1;16185.0000;None;174800.0000
22797;2023-01-18 20:14:41.713000;8;103746;1;1;39700.0000;1;None;None;156100.0000
22753;2023-01-18 12:49:51.803000;1;103759;1;1;11400.0000;1;None;None;70900.0000
6428;2023-01-18 13:49:47.487000;1;103759;1;1;10800.0000;1;10926.0000;None;118000.0000
22777;2023-01-18 18:02:39.807000;1;103759;1;1;11400.0000;1;None;None;58300.0000
6397;2023-01-18 12:00:21.237000;1;103763;1;2;29600.0000;1;10704.0000;None;115600.0000
6409;2023-01-18 12:31:32.643000;1;103771;1;1;12800.0000;1;17278.0000;None;186600.0000
6400;2023-01-18 12:16:46.043000;1;103771;1;1;12800.0000;1;35000.0000;None;378000.0000
22794;2023-01-18 20:05:22.570000;1;103771;1;1;13500.0000;1;None;None;27000.0000
22794;2023-01-18 20:05:22.570000;1;103771;1;1;13500.0000;1;None;None;27000.0000
22792;2023-01-18 19:59:50.597000;1;103771;1;1;13500.0000;1;None;None;84710.0000
7229;2023-01-18 12:36:22.617000;1;103772;1;1;17800.0000;1;None;None;17800.0000
6413;2023-01-18 12:52:31.003000;1;103772;1;2;35600.0000;1;12019.0000;None;129800.0000
6406;2023-01-18 12:30:50.473000;1;103773;1;1;9800.0000;1;48093.0000;None;519400.0000
6405;2023-01-18 12:19:28.803000;1;103776;1;1;14800.0000;1;12759.0000;None;137800.0000
6401;2023-01-18 12:06:29.117000;1;103784;1;1;29800.0000;1;12074.0000;None;130400.0000
6401;2023-01-18 12:06:29.150000;1;103784;1;1;29800.0000;1;12074.0000;None;130400.0000
22757;2023-01-18 13:01:40.413000;1;103784;1;1;31300.0000;1;None;None;73100.0000
6410;2023-01-18 12:29:03.523000;1;103784;1;1;29800.0000;1;49297.0000;None;532400.0000
22757;2023-01-18 13:01:40.413000;1;103788;1;1;41800.0000;1;None;None;73100.0000
6400;2023-01-18 12:16:46.043000;1;103788;1;1;39800.0000;1;35000.0000;None;378000.0000
22792;2023-01-18 19:59:50.597000;1;103788;1;1;41800.0000;1;None;None;84710.0000
22763;2023-01-18 13:36:27.917000;1;103788;1;1;41800.0000;1;None;None;89910.0000
7225;2023-01-18 12:12:34.427000;1;103791;1;1;39800.0000;1;13222.0000;None;142800.0000
22743;2023-01-18 12:13:09.720000;1;103791;1;1;41800.0000;1;None;None;41800.0000
22795;2023-01-18 20:08:18.930000;1;103830;1;1;43900.0000;1;None;None;84700.0000
22795;2023-01-18 20:08:18.930000;1;103831;1;1;40800.0000;1;None;None;84700.0000
6430;2023-01-18 14:21:39.877000;1;103846;1;1;48800.0000;1;9333.0000;None;100800.0000
7258;2023-01-18 19:42:18.680000;8;103867;1;1;28800.0000;1;None;None;57600.0000
7258;2023-01-18 19:42:18.680000;8;103867;1;1;28800.0000;1;None;None;57600.0000
22787;2023-01-18 19:04:16.413000;8;103867;1;1;28800.0000;1;None;None;105200.0000
7242;2023-01-18 13:32:49.423000;8;103867;1;1;28800.0000;1;None;None;59600.0000
6421;2023-01-18 13:21:51.547000;8;103867;1;1;28800.0000;1;9889.0000;None;106800.0000
22733;2023-01-18 11:43:58.100000;8;103867;1;1;28800.0000;1;None;None;72500.0000
22729;2023-01-18 11:24:49.560000;8;103867;1;1;28800.0000;1;None;None;100700.0000
7225;2023-01-18 12:12:34.427000;3;103904;1;1;4800.0000;1;13222.0000;None;142800.0000
6406;2023-01-18 12:30:50.473000;1;103955;1;1;41800.0000;1;48093.0000;None;519400.0000
6426;2023-01-18 13:45:01.547000;1;103955;1;1;41800.0000;1;4852.0000;None;52400.0000
6392;2023-01-18 09:04:09.333000;1;104013;1;1;18800.0000;1;7537.0000;None;81400.0000
6394;2023-01-18 10:18:45.370000;1;104013;1;2;37600.0000;1;13972.0000;None;150900.0000
7216;2023-01-18 09:39:21.373000;1;104272;1;1;4000.0000;1;None;None;36000.0000
7231;2023-01-18 12:57:42.707000;1;104272;1;2;8000.0000;1;None;None;16800.0000
6414;2023-01-18 13:24:01.980000;1;104272;1;1;4000.0000;1;8870.0000;None;95800.0000
7243;2023-01-18 13:33:54.870000;1;104272;1;2;8000.0000;1;None;None;16800.0000
7240;2023-01-18 13:30:45.283000;1;104272;1;2;8000.0000;1;None;None;14500.0000
22758;2023-01-18 13:11:01.990000;1;104272;1;6;24000.0000;1;None;None;36000.0000
22758;2023-01-18 13:11:01.990000;1;104272;1;3;12000.0000;1;None;None;36000.0000
7252;2023-01-18 14:15:40.373000;1;104272;1;2;8000.0000;1;None;None;8000.0000
7254;2023-01-18 15:30:06.537000;1;104272;1;1;4000.0000;1;None;None;8000.0000
7254;2023-01-18 15:30:06.537000;1;104272;1;1;4000.0000;1;None;None;8000.0000
22775;2023-01-18 16:41:22.347000;1;104275;1;3;27900.0000;1;None;None;40500.0000
6406;2023-01-18 12:30:50.473000;1;104293;1;1;44800.0000;1;48093.0000;None;519400.0000
7225;2023-01-18 12:12:34.427000;1;104293;1;1;44800.0000;1;13222.0000;None;142800.0000
6404;2023-01-18 12:12:52.550000;1;104293;1;1;44800.0000;1;17982.0000;None;194200.0000
6400;2023-01-18 12:16:46.043000;1;104293;1;1;44800.0000;1;35000.0000;None;378000.0000
6432;2023-01-18 13:50:28.080000;1;104293;1;1;44800.0000;1;13759.0000;None;148600.0000
6420;2023-01-18 13:17:59.383000;1;104293;1;1;44800.0000;1;20926.0000;None;226000.0000
6418;2023-01-18 13:10:35.537000;1;104294;1;1;65800.0000;1;45611.0000;None;492600.0000
7221;2023-01-18 12:03:40.470000;1;104294;1;1;65800.0000;1;None;None;65800.0000
6398;2023-01-18 12:03:08.573000;1;104397;1;1;0.0000;1;8630.0000;None;93200.0000
6400;2023-01-18 12:16:46.043000;1;104397;1;1;0.0000;1;35000.0000;None;378000.0000
6405;2023-01-18 12:19:28.803000;1;104397;1;1;0.0000;1;12759.0000;None;137800.0000
6410;2023-01-18 12:29:03.523000;1;104397;1;1;0.0000;1;49297.0000;None;532400.0000
22748;2023-01-18 12:30:08.747000;1;104397;1;1;0.0000;1;None;None;78620.0000
6410;2023-01-18 12:29:03.523000;1;104397;1;1;0.0000;1;49297.0000;None;532400.0000
6418;2023-01-18 13:10:35.537000;1;104397;1;1;0.0000;1;45611.0000;None;492600.0000
6419;2023-01-18 13:23:37.063000;1;104397;1;1;0.0000;1;6500.0000;None;70200.0000
6432;2023-01-18 13:50:28.080000;1;104397;1;1;0.0000;1;13759.0000;None;148600.0000
7223;2023-01-18 12:06:59.870000;1;104429;1;2;5600.0000;1;23074.0000;None;249200.0000
22763;2023-01-18 13:36:27.917000;1;104431;1;1;18700.0000;1;None;None;89910.0000
6402;2023-01-18 12:08:33.947000;3;104446;1;1;5800.0000;1;8333.0000;None;90000.0000
6402;2023-01-18 12:08:33.947000;3;104446;1;1;5800.0000;1;8333.0000;None;90000.0000
7231;2023-01-18 12:57:42.707000;1;104551;1;1;8800.0000;1;None;None;16800.0000
7243;2023-01-18 13:33:54.870000;1;104551;1;1;8800.0000;1;None;None;16800.0000
7234;2023-01-18 13:10:41.607000;1;104551;1;1;8800.0000;1;None;None;19800.0000
6430;2023-01-18 15:17:23.937000;3;104554;1;1;4800.0000;1;9333.0000;None;100800.0000
7223;2023-01-18 12:15:27.660000;3;104554;1;1;4800.0000;1;23074.0000;None;249200.0000
22765;2023-01-18 13:57:52.707000;1;104619;1;1;0.0000;1;None;None;88230.0000
22787;2023-01-18 19:04:16.413000;8;104655;1;1;38800.0000;1;None;None;105200.0000
22797;2023-01-18 20:14:41.713000;8;104655;1;1;38800.0000;1;None;None;156100.0000
7223;2023-01-18 12:06:59.870000;8;104655;1;2;77600.0000;1;23074.0000;None;249200.0000
6406;2023-01-18 12:30:50.473000;8;104655;1;1;38800.0000;1;48093.0000;None;519400.0000
22776;2023-01-18 17:43:10.717000;1;104690;1;3;15300.0000;1;None;None;132100.0000
6418;2023-01-18 13:10:35.537000;1;104719;1;1;39800.0000;1;45611.0000;None;492600.0000
6418;2023-01-18 13:10:35.537000;1;104719;1;1;39800.0000;1;45611.0000;None;492600.0000
7225;2023-01-18 12:12:34.427000;1;104719;1;1;39800.0000;1;13222.0000;None;142800.0000
6398;2023-01-18 12:03:08.573000;1;104719;1;1;39800.0000;1;8630.0000;None;93200.0000
6398;2023-01-18 12:03:08.573000;1;104719;1;1;39800.0000;1;8630.0000;None;93200.0000
7228;2023-01-18 12:33:04.493000;1;104719;1;1;39800.0000;1;40185.0000;None;434000.0000
6395;2023-01-18 11:58:02.963000;1;104719;1;1;39800.0000;1;11833.0000;None;127800.0000
6413;2023-01-18 12:52:31.003000;8;104726;1;1;39800.0000;1;12019.0000;None;129800.0000
22748;2023-01-18 12:30:08.747000;1;104730;1;1;19800.0000;1;None;None;78620.0000
22733;2023-01-18 11:43:58.100000;8;104785;1;1;4000.0000;1;None;None;72500.0000
6406;2023-01-18 12:30:50.473000;8;104791;1;1;2200.0000;1;48093.0000;None;519400.0000
22761;2023-01-18 13:28:11.563000;8;104791;1;1;2400.0000;1;None;None;35800.0000
22797;2023-01-18 20:14:41.713000;8;104791;1;1;2400.0000;1;None;None;156100.0000
7226;2023-01-18 12:13:49.727000;1;104987;1;1;13800.0000;1;1722.0000;None;18600.0000
7249;2023-01-18 13:58:23.270000;6;105082;1;1;2000.0000;1;None;None;25900.0000
6410;2023-01-18 12:29:03.523000;6;105090;1;1;0.0000;1;49297.0000;None;532400.0000
6409;2023-01-18 12:31:32.643000;1;105188;1;1;31800.0000;1;17278.0000;None;186600.0000
6409;2023-01-18 12:27:34.203000;1;105188;1;1;31800.0000;1;17278.0000;None;186600.0000
22754;2023-01-18 12:56:47.783000;1;105188;1;1;33400.0000;1;None;None;33400.0000
7233;2023-01-18 12:36:22.617000;1;105188;1;1;31800.0000;1;None;None;31800.0000
6402;2023-01-18 12:08:33.947000;1;105188;1;1;31800.0000;1;8333.0000;None;90000.0000
7224;2023-01-18 12:09:01.480000;1;105188;1;1;31800.0000;1;16185.0000;None;174800.0000
6419;2023-01-18 13:23:37.063000;1;105188;1;1;31800.0000;1;6500.0000;None;70200.0000
6430;2023-01-18 14:21:39.877000;1;105188;1;1;31800.0000;1;9333.0000;None;100800.0000
22726;2023-01-18 09:57:33.053000;1;105204;1;1;2800.0000;1;None;None;44600.0000
22749;2023-01-18 12:35:11.923000;1;105204;1;1;2800.0000;1;None;None;40950.0000
22777;2023-01-18 18:02:39.807000;1;105406;1;1;29200.0000;1;None;None;58300.0000
22782;2023-01-18 18:29:09.263000;1;105421;1;1;20800.0000;1;None;None;73400.0000
6416;2023-01-18 13:37:34.993000;1;105421;1;1;19800.0000;1;12167.0000;None;131400.0000
22775;2023-01-18 16:41:22.347000;1;105428;1;1;6300.0000;1;None;None;40500.0000
22775;2023-01-18 16:41:22.347000;1;105428;1;1;6300.0000;1;None;None;40500.0000
22791;2023-01-18 19:55:37.917000;1;105428;1;1;6300.0000;1;None;None;24900.0000
6410;2023-01-18 12:29:03.523000;6;105509;1;1;0.0000;1;49297.0000;None;532400.0000
6410;2023-01-18 12:29:03.523000;1;105647;1;1;64800.0000;1;49297.0000;None;532400.0000
6410;2023-01-18 12:29:03.523000;1;105647;1;1;64800.0000;1;49297.0000;None;532400.0000
6405;2023-01-18 12:19:28.803000;1;105647;1;1;64800.0000;1;12759.0000;None;137800.0000
6395;2023-01-18 11:58:02.963000;1;105647;1;1;64800.0000;1;11833.0000;None;127800.0000
22776;2023-01-18 17:43:10.717000;1;105647;1;1;73300.0000;1;None;None;132100.0000
6432;2023-01-18 13:50:28.080000;1;105647;1;1;64800.0000;1;13759.0000;None;148600.0000
6404;2023-01-18 12:12:52.550000;8;105730;1;1;0.0000;1;17982.0000;None;194200.0000
22785;2023-01-18 18:44:06.343000;1;106023;1;1;17700.0000;1;None;None;36400.0000
7240;2023-01-18 13:30:45.283000;1;106043;1;1;6500.0000;1;None;None;14500.0000
7237;2023-01-18 13:16:04.127000;1;106043;1;2;13000.0000;1;None;None;13000.0000
6418;2023-01-18 13:10:35.537000;1;106351;1;1;69800.0000;1;45611.0000;None;492600.0000
22765;2023-01-18 13:57:52.707000;1;106356;1;1;0.0000;1;None;None;88230.0000
22765;2023-01-18 13:57:52.707000;1;106356;1;1;0.0000;1;None;None;88230.0000
22759;2023-01-18 13:18:50.790000;1;106881;1;1;24800.0000;1;None;None;129010.0000
22784;2023-01-18 18:40:19.460000;1;106881;1;1;24800.0000;1;None;None;80900.0000
22796;2023-01-18 20:14:06.837000;8;107226;1;1;35500.0000;1;None;None;71000.0000
22796;2023-01-18 20:14:06.837000;8;107226;1;1;35500.0000;1;None;None;71000.0000
22798;2023-01-18 20:15:04.477000;8;107227;1;1;0.0000;1;None;None;41600.0000
7228;2023-01-18 12:33:04.493000;8;107227;1;1;0.0000;1;40185.0000;None;434000.0000
6413;2023-01-18 12:52:31.003000;8;107227;1;1;0.0000;1;12019.0000;None;129800.0000
6414;2023-01-18 12:53:12.603000;8;107228;1;1;0.0000;1;8870.0000;None;95800.0000
7232;2023-01-18 13:06:59.390000;8;107228;1;1;0.0000;1;15852.0000;None;171200.0000
6400;2023-01-18 12:16:46.043000;8;107228;1;1;0.0000;1;35000.0000;None;378000.0000
22798;2023-01-18 20:15:04.477000;8;107228;1;1;0.0000;1;None;None;41600.0000
22796;2023-01-18 20:14:06.837000;8;107228;1;1;0.0000;1;None;None;71000.0000
22796;2023-01-18 20:14:06.837000;8;107228;1;1;0.0000;1;None;None;71000.0000
6422;2023-01-18 13:22:09.280000;8;107228;1;1;0.0000;1;None;None;45600.0000
7244;2023-01-18 13:06:59.390000;8;107228;1;1;0.0000;1;2463.0000;None;26600.0000
22796;2023-01-18 20:14:06.837000;8;107229;1;1;0.0000;1;None;None;71000.0000
22796;2023-01-18 20:14:06.837000;8;107233;1;1;0.0000;1;None;None;71000.0000
22796;2023-01-18 20:14:06.837000;8;107238;1;1;0.0000;1;None;None;71000.0000
22796;2023-01-18 20:14:06.837000;8;107242;1;1;0.0000;1;None;None;71000.0000
22796;2023-01-18 20:14:06.837000;8;107244;1;1;0.0000;1;None;None;71000.0000
6400;2023-01-18 12:16:46.043000;8;107296;1;1;55800.0000;1;35000.0000;None;378000.0000
7244;2023-01-18 13:06:59.390000;8;107297;1;1;19800.0000;1;2463.0000;None;26600.0000
6397;2023-01-18 12:00:21.237000;3;108191;1;1;0.0000;1;10704.0000;None;115600.0000
6415;2023-01-18 13:00:36.423000;3;108191;1;1;0.0000;1;9056.0000;None;97800.0000
6407;2023-01-18 12:22:45.737000;3;108191;1;1;0.0000;1;9074.0000;None;98000.0000
6420;2023-01-18 13:17:59.383000;3;108191;1;1;0.0000;1;20926.0000;None;226000.0000
6406;2023-01-18 12:30:50.473000;1;108267;1;1;38800.0000;1;48093.0000;None;519400.0000
6420;2023-01-18 13:17:59.383000;1;108267;1;1;38800.0000;1;20926.0000;None;226000.0000
22780;2023-01-18 18:26:22.917000;1;108351;1;1;22900.0000;1;None;None;45800.0000
22780;2023-01-18 18:26:22.917000;1;108351;1;1;22900.0000;1;None;None;45800.0000
22798;2023-01-18 20:15:04.477000;8;108660;1;1;20800.0000;1;None;None;41600.0000
22798;2023-01-18 20:15:04.477000;8;108660;1;1;20800.0000;1;None;None;41600.0000
6423;2023-01-18 13:30:13.373000;1;108794;1;1;48800.0000;1;8398.0000;None;90700.0000
6408;2023-01-18 12:24:04.787000;1;108796;1;1;49800.0000;1;8630.0000;None;93200.0000
6432;2023-01-18 13:40:04.607000;1;108825;1;1;13800.0000;1;13759.0000;None;148600.0000
22788;2023-01-18 19:18:54.903000;8;109041;1;1;71460.0000;1;None;None;89160.0000
22756;2023-01-18 13:00:58.830000;8;109041;1;1;71460.0000;1;None;None;132060.0000
22730;2023-01-18 11:29:05.423000;1;109270;1;1;29410.0000;1;None;None;29410.0000
22748;2023-01-18 12:30:08.747000;1;109270;1;1;29410.0000;1;None;None;78620.0000
22748;2023-01-18 12:30:08.747000;1;109270;1;1;29410.0000;1;None;None;78620.0000
22792;2023-01-18 19:59:50.597000;1;109270;1;1;29410.0000;1;None;None;84710.0000
22763;2023-01-18 13:36:27.917000;1;109270;1;1;29410.0000;1;None;None;89910.0000
22764;2023-01-18 13:43:10.293000;1;109270;1;1;29410.0000;1;None;None;29410.0000
22765;2023-01-18 13:57:52.707000;1;109270;1;1;29410.0000;1;None;None;88230.0000
22765;2023-01-18 13:57:52.707000;1;109270;1;1;29410.0000;1;None;None;88230.0000
22765;2023-01-18 13:57:52.707000;1;109270;1;1;29410.0000;1;None;None;88230.0000
22759;2023-01-18 13:18:50.790000;1;109270;1;1;29410.0000;1;None;None;129010.0000
22793;2023-01-18 20:04:50.530000;8;109295;1;1;37600.0000;1;None;None;139500.0000
22787;2023-01-18 19:04:16.413000;8;109295;1;1;37600.0000;1;None;None;105200.0000
7228;2023-01-18 12:33:04.493000;8;109318;1;1;40800.0000;1;40185.0000;None;434000.0000
7232;2023-01-18 13:06:59.390000;8;109318;1;1;40800.0000;1;15852.0000;None;171200.0000
6414;2023-01-18 12:53:12.603000;8;109318;1;1;40800.0000;1;8870.0000;None;95800.0000
6413;2023-01-18 12:52:31.003000;8;109318;1;1;40800.0000;1;12019.0000;None;129800.0000
6422;2023-01-18 13:22:09.280000;8;109318;1;1;40800.0000;1;None;None;45600.0000
6400;2023-01-18 12:16:46.043000;1;109324;1;1;55800.0000;1;35000.0000;None;378000.0000
6400;2023-01-18 12:05:35.497000;1;109458;1;1;26800.0000;1;35000.0000;None;378000.0000
6400;2023-01-18 12:05:35.497000;1;109458;1;1;26800.0000;1;35000.0000;None;378000.0000
6394;2023-01-18 10:18:45.370000;1;109522;1;1;0.0000;1;13972.0000;None;150900.0000
6394;2023-01-18 10:18:45.370000;1;109522;1;1;0.0000;1;13972.0000;None;150900.0000
6394;2023-01-18 10:18:45.370000;1;109525;1;1;0.0000;1;13972.0000;None;150900.0000
6394;2023-01-18 10:18:45.370000;1;109526;1;1;21800.0000;1;13972.0000;None;150900.0000
6394;2023-01-18 10:18:45.370000;1;109526;1;1;21800.0000;1;13972.0000;None;150900.0000
6394;2023-01-18 10:18:45.370000;1;109526;1;1;21800.0000;1;13972.0000;None;150900.0000
6394;2023-01-18 10:18:45.370000;1;109527;1;1;21800.0000;1;13972.0000;None;150900.0000
22749;2023-01-18 12:35:11.923000;1;109580;1;1;35350.0000;1;None;None;40950.0000
22774;2023-01-18 16:21:04.770000;1;109580;1;1;35350.0000;1;None;None;46750.0000
6412;2023-01-18 12:54:50.443000;3;200006;1;1;9800.0000;1;None;None;44600.0000
6412;2023-01-18 12:50:53.947000;3;200007;1;1;12800.0000;1;None;None;44600.0000
6412;2023-01-18 12:54:01.130000;3;200007;1;-1;-12800.0000;1;None;None;44600.0000
7223;2023-01-18 12:26:33.033000;3;200012;1;1;9800.0000;1;23074.0000;None;249200.0000
7223;2023-01-18 12:06:59.870000;3;200012;1;1;9800.0000;1;23074.0000;None;249200.0000
22790;2023-01-18 19:49:15.860000;3;200012;1;1;10300.0000;1;None;None;78100.0000
22759;2023-01-18 13:18:50.790000;3;200012;1;1;10300.0000;1;None;None;129010.0000
6420;2023-01-18 13:17:59.383000;2;200480;1;1;12800.0000;1;20926.0000;None;226000.0000
6406;2023-01-18 12:20:06.117000;3;200644;1;7;47600.0000;1;48093.0000;None;519400.0000
6404;2023-01-18 12:12:52.550000;3;200644;1;1;6800.0000;1;17982.0000;None;194200.0000
7225;2023-01-18 12:12:34.427000;3;200644;1;1;6800.0000;1;13222.0000;None;142800.0000
6413;2023-01-18 12:52:31.003000;3;200644;1;2;13600.0000;1;12019.0000;None;129800.0000
7228;2023-01-18 12:33:04.493000;3;200644;1;1;6800.0000;1;40185.0000;None;434000.0000
6408;2023-01-18 12:24:04.787000;3;200644;1;1;6800.0000;1;8630.0000;None;93200.0000
6397;2023-01-18 12:00:21.237000;3;200644;1;1;6800.0000;1;10704.0000;None;115600.0000
6421;2023-01-18 13:21:51.547000;3;200644;1;1;6800.0000;1;9889.0000;None;106800.0000
6418;2023-01-18 13:10:35.537000;3;200644;1;4;27200.0000;1;45611.0000;None;492600.0000
6423;2023-01-18 13:30:13.373000;3;200644;1;1;6800.0000;1;8398.0000;None;90700.0000
6432;2023-01-18 13:50:28.080000;3;200644;1;1;6800.0000;1;13759.0000;None;148600.0000
6397;2023-01-18 12:00:21.237000;3;201146;1;1;6800.0000;1;10704.0000;None;115600.0000
6395;2023-01-18 12:17:36.133000;3;201146;1;1;6800.0000;1;11833.0000;None;127800.0000
6410;2023-01-18 12:29:03.523000;3;201146;1;1;6800.0000;1;49297.0000;None;532400.0000
6415;2023-01-18 12:53:35.367000;3;201146;1;1;6800.0000;1;9056.0000;None;97800.0000
7232;2023-01-18 12:59:18.373000;3;201146;1;1;6800.0000;1;15852.0000;None;171200.0000
6404;2023-01-18 12:12:52.550000;3;201146;1;1;6800.0000;1;17982.0000;None;194200.0000
6405;2023-01-18 12:19:28.803000;3;201146;1;1;6800.0000;1;12759.0000;None;137800.0000
6406;2023-01-18 12:20:06.117000;3;201146;1;1;6800.0000;1;48093.0000;None;519400.0000
6401;2023-01-18 12:06:29.117000;3;201146;1;1;6800.0000;1;12074.0000;None;130400.0000
6400;2023-01-18 12:16:46.043000;3;201146;1;1;6800.0000;1;35000.0000;None;378000.0000
6398;2023-01-18 12:03:08.573000;3;201146;1;1;6800.0000;1;8630.0000;None;93200.0000
7244;2023-01-18 12:59:18.373000;3;201146;1;1;6800.0000;1;2463.0000;None;26600.0000
6429;2023-01-18 13:53:07.193000;3;201146;1;1;6800.0000;1;630.0000;None;6800.0000
6420;2023-01-18 13:17:59.383000;3;201146;1;1;6800.0000;1;20926.0000;None;226000.0000
6400;2023-01-18 12:16:46.043000;3;201207;1;2;13600.0000;1;35000.0000;None;378000.0000
7224;2023-01-18 12:09:01.480000;3;201207;1;2;13600.0000;1;16185.0000;None;174800.0000
6416;2023-01-18 13:15:35.703000;3;201207;1;1;6800.0000;1;12167.0000;None;131400.0000
6416;2023-01-18 13:25:36.113000;3;201207;1;1;6800.0000;1;12167.0000;None;131400.0000
6418;2023-01-18 13:10:35.537000;3;201207;1;1;6800.0000;1;45611.0000;None;492600.0000
6432;2023-01-18 13:50:28.080000;3;201207;1;1;6800.0000;1;13759.0000;None;148600.0000
7219;2023-01-18 11:58:16.237000;3;201269;1;1;6800.0000;1;None;None;35600.0000
6397;2023-01-18 12:00:21.237000;3;201269;1;1;6800.0000;1;10704.0000;None;115600.0000
6415;2023-01-18 13:00:36.423000;3;201269;1;1;6800.0000;1;9056.0000;None;97800.0000
6407;2023-01-18 12:22:45.737000;3;201269;1;1;6800.0000;1;9074.0000;None;98000.0000
6406;2023-01-18 12:20:06.117000;3;201269;1;1;6800.0000;1;48093.0000;None;519400.0000
6420;2023-01-18 13:17:59.383000;3;201269;1;1;6800.0000;1;20926.0000;None;226000.0000
22744;2023-01-18 12:21:38.730000;3;201420;1;1;7200.0000;1;None;None;37500.0000
6405;2023-01-18 12:19:28.803000;3;201609;1;1;6800.0000;1;12759.0000;None;137800.0000
6404;2023-01-18 12:12:52.550000;3;201609;1;1;6800.0000;1;17982.0000;None;194200.0000
7225;2023-01-18 12:12:34.427000;3;201609;1;1;6800.0000;1;13222.0000;None;142800.0000
6404;2023-01-18 12:12:52.550000;3;201609;1;1;6800.0000;1;17982.0000;None;194200.0000
7224;2023-01-18 12:09:01.480000;3;201609;1;1;6800.0000;1;16185.0000;None;174800.0000
6400;2023-01-18 12:16:46.043000;3;201609;1;3;20400.0000;1;35000.0000;None;378000.0000
6398;2023-01-18 12:03:08.573000;3;201609;1;1;6800.0000;1;8630.0000;None;93200.0000
6408;2023-01-18 12:24:04.787000;3;201609;1;1;6800.0000;1;8630.0000;None;93200.0000
6409;2023-01-18 12:27:34.203000;3;201609;1;1;6800.0000;1;17278.0000;None;186600.0000
7228;2023-01-18 12:33:04.493000;3;201609;1;1;6800.0000;1;40185.0000;None;434000.0000
7228;2023-01-18 12:33:04.493000;3;201609;1;1;6800.0000;1;40185.0000;None;434000.0000
6414;2023-01-18 12:53:12.603000;3;201609;1;1;6800.0000;1;8870.0000;None;95800.0000
7232;2023-01-18 12:59:18.373000;3;201609;1;1;6800.0000;1;15852.0000;None;171200.0000
7232;2023-01-18 12:59:18.373000;3;201609;1;1;6800.0000;1;15852.0000;None;171200.0000
6421;2023-01-18 13:21:51.547000;3;201609;1;1;6800.0000;1;9889.0000;None;106800.0000
6423;2023-01-18 13:30:13.373000;3;201609;1;1;6800.0000;1;8398.0000;None;90700.0000
6420;2023-01-18 13:17:59.383000;2;201615;1;1;14800.0000;1;20926.0000;None;226000.0000
6403;2023-01-18 12:11:19.597000;2;201615;1;1;14800.0000;1;7963.0000;None;86000.0000
22759;2023-01-18 13:18:50.790000;3;202112;1;1;10300.0000;1;None;None;129010.0000
22790;2023-01-18 19:49:15.860000;3;202133;1;1;10300.0000;1;None;None;78100.0000
22759;2023-01-18 13:18:50.790000;3;202134;1;1;10300.0000;1;None;None;129010.0000
6420;2023-01-18 13:17:59.383000;2;202604;1;1;12800.0000;1;20926.0000;None;226000.0000
7228;2023-01-18 12:33:04.493000;2;202604;1;1;12800.0000;1;40185.0000;None;434000.0000
7228;2023-01-18 12:33:04.493000;2;202604;1;1;12800.0000;1;40185.0000;None;434000.0000
