22830;2023-01-19 13:20:57.397000;7;1000;4;1;0.0000;1;16056.0000;None;173400.0000
7281;2023-01-19 13:24:39.743000;7;1000;4;1;0.0000;1;None;None;154000.0000
22830;2023-01-19 13:20:57.397000;7;1000;4;1;0.0000;1;16056.0000;None;173400.0000
7293;2023-01-19 14:13:29.983000;7;1000;4;1;0.0000;1;5852.0000;None;63200.0000
7292;2023-01-19 13:56:18.387000;7;1000;4;1;0.0000;1;11463.0000;None;123800.0000
6475;2023-01-19 13:59:39.863000;7;1000;4;1;0.0000;1;None;None;42600.0000
6472;2023-01-19 13:52:40.367000;7;1000;4;1;0.0000;1;2852.0000;None;30800.0000
7271;2023-01-19 12:45:28.113000;7;1000;4;1;0.0000;1;None;None;30800.0000
7280;2023-01-19 13:19:22.697000;7;1000;4;1;0.0000;1;None;None;23600.0000
7280;2023-01-19 13:19:22.697000;7;1000;4;1;0.0000;1;None;None;23600.0000
22872;2023-01-19 18:06:12.170000;7;1000;4;1;0.0000;1;None;None;52500.0000
22879;2023-01-19 19:31:14.500000;7;1000;4;1;0.0000;1;None;None;77200.0000
7296;2023-01-19 14:03:14.180000;7;1000;4;1;0.0000;1;3093.0000;None;33400.0000
22883;2023-01-19 19:41:16.737000;7;1000;4;1;0.0000;1;None;None;73110.0000
6456;2023-01-19 12:43:28.947000;7;1000;4;1;0.0000;1;39130.0000;None;422600.0000
22820;2023-01-19 12:31:35.230000;7;1000;4;1;0.0000;1;None;None;205600.0000
7265;2023-01-19 12:29:00.117000;7;1000;4;1;0.0000;1;None;None;655600.0000
6450;2023-01-19 12:25:03.063000;7;1000;4;1;0.0000;1;5667.0000;None;61200.0000
6452;2023-01-19 12:20:44.897000;7;1000;4;1;0.0000;1;9519.0000;None;102800.0000
6452;2023-01-19 12:20:44.897000;7;1000;4;1;0.0000;1;9519.0000;None;102800.0000
6453;2023-01-19 12:22:28.420000;7;1000;4;1;0.0000;1;18889.0000;None;204000.0000
7264;2023-01-19 12:23:54.670000;7;1000;4;1;0.0000;1;21111.0000;None;228000.0000
7264;2023-01-19 12:23:54.670000;7;1000;4;1;0.0000;1;21111.0000;None;228000.0000
7264;2023-01-19 12:23:54.670000;7;1000;4;1;0.0000;1;21111.0000;None;228000.0000
6443;2023-01-19 12:31:21.297000;7;1000;4;1;0.0000;1;54713.0000;None;590900.0000
6443;2023-01-19 12:17:27.287000;7;1000;4;1;0.0000;1;54713.0000;None;590900.0000
6442;2023-01-19 12:21:02.670000;7;1000;4;1;0.0000;1;34111.0000;None;368400.0000
7262;2023-01-19 12:08:41.580000;7;1000;4;1;0.0000;1;None;None;33600.0000
7261;2023-01-19 11:34:04.737000;7;1000;4;1;0.0000;1;None;None;65800.0000
7261;2023-01-19 11:34:04.737000;7;1000;4;1;0.0000;1;None;None;65800.0000
6438;2023-01-19 11:56:45.303000;7;1001;1;1;0.0000;1;25926.0000;None;280000.0000
6438;2023-01-19 11:56:45.303000;7;1001;1;1;0.0000;1;25926.0000;None;280000.0000
6438;2023-01-19 11:56:45.303000;7;1001;1;1;0.0000;1;25926.0000;None;280000.0000
7263;2023-01-19 12:22:06.110000;7;1001;1;1;0.0000;1;8537.0000;None;92200.0000
6452;2023-01-19 12:20:44.897000;7;1001;1;1;0.0000;1;9519.0000;None;102800.0000
6452;2023-01-19 12:20:44.897000;7;1001;1;1;0.0000;1;9519.0000;None;102800.0000
6452;2023-01-19 12:20:44.897000;7;1001;1;1;0.0000;1;9519.0000;None;102800.0000
6454;2023-01-19 12:26:18.740000;7;1001;1;1;0.0000;1;21537.0000;None;232600.0000
6454;2023-01-19 12:26:18.740000;7;1001;1;1;0.0000;1;21537.0000;None;232600.0000
6454;2023-01-19 12:26:18.740000;7;1001;1;1;0.0000;1;21537.0000;None;232600.0000
6456;2023-01-19 12:33:15.167000;7;1001;1;1;0.0000;1;39130.0000;None;422600.0000
6456;2023-01-19 12:33:15.167000;7;1001;1;1;0.0000;1;39130.0000;None;422600.0000
6456;2023-01-19 12:33:15.167000;7;1001;1;1;0.0000;1;39130.0000;None;422600.0000
22830;2023-01-19 13:20:57.397000;7;1001;1;1;0.0000;1;16056.0000;None;173400.0000
22830;2023-01-19 13:20:57.397000;7;1001;1;1;0.0000;1;16056.0000;None;173400.0000
7272;2023-01-19 12:50:24.607000;7;1001;1;1;0.0000;1;14685.0000;None;158600.0000
7272;2023-01-19 12:50:24.607000;7;1001;1;1;0.0000;1;14685.0000;None;158600.0000
7274;2023-01-19 12:58:39.737000;7;1001;1;1;0.0000;1;18093.0000;None;195400.0000
7274;2023-01-19 12:58:39.737000;7;1001;1;1;0.0000;1;18093.0000;None;195400.0000
7275;2023-01-19 13:01:09.777000;7;1001;1;1;0.0000;1;9074.0000;None;98000.0000
7275;2023-01-19 13:01:09.777000;7;1001;1;1;0.0000;1;9074.0000;None;98000.0000
7267;2023-01-19 12:39:48.950000;7;1001;1;1;0.0000;1;8796.0000;None;95000.0000
6464;2023-01-19 12:41:52.933000;7;1002;1;1;0.0000;1;29037.0000;None;313600.0000
6464;2023-01-19 12:41:52.933000;7;1002;1;1;0.0000;1;29037.0000;None;313600.0000
6466;2023-01-19 12:51:45.363000;7;1002;1;1;0.0000;1;9556.0000;None;103200.0000
6466;2023-01-19 12:51:45.363000;7;1002;1;1;0.0000;1;9556.0000;None;103200.0000
22830;2023-01-19 13:20:57.417000;7;1002;1;1;0.0000;1;16056.0000;None;173400.0000
6456;2023-01-19 12:33:15.167000;7;1002;1;1;0.0000;1;39130.0000;None;422600.0000
6453;2023-01-19 12:22:28.420000;7;1002;1;1;0.0000;1;18889.0000;None;204000.0000
6453;2023-01-19 12:22:28.420000;7;1002;1;1;0.0000;1;18889.0000;None;204000.0000
6438;2023-01-19 12:48:53.920000;7;1002;1;1;0.0000;1;25926.0000;None;280000.0000
6443;2023-01-19 12:10:01.480000;7;1002;1;1;0.0000;1;54713.0000;None;590900.0000
6443;2023-01-19 12:17:27.287000;7;1002;1;1;0.0000;1;54713.0000;None;590900.0000
6444;2023-01-19 12:23:16.663000;7;1002;1;1;0.0000;1;19167.0000;None;207000.0000
6444;2023-01-19 12:23:16.663000;7;1002;1;1;0.0000;1;19167.0000;None;207000.0000
6443;2023-01-19 12:17:27.287000;7;1006;1;1;0.0000;1;54713.0000;None;590900.0000
6443;2023-01-19 12:17:27.287000;7;1006;1;1;0.0000;1;54713.0000;None;590900.0000
6443;2023-01-19 12:31:21.297000;7;1006;1;1;0.0000;1;54713.0000;None;590900.0000
6443;2023-01-19 12:10:01.480000;7;1006;1;1;0.0000;1;54713.0000;None;590900.0000
6443;2023-01-19 12:10:01.480000;7;1006;1;1;0.0000;1;54713.0000;None;590900.0000
6443;2023-01-19 12:10:01.480000;7;1006;1;1;0.0000;1;54713.0000;None;590900.0000
6442;2023-01-19 12:08:41.973000;7;1006;1;1;0.0000;1;34111.0000;None;368400.0000
6442;2023-01-19 12:08:41.973000;7;1006;1;1;0.0000;1;34111.0000;None;368400.0000
6438;2023-01-19 12:48:53.920000;7;1006;1;1;0.0000;1;25926.0000;None;280000.0000
7261;2023-01-19 11:34:04.737000;7;1006;1;1;0.0000;1;None;None;65800.0000
22816;2023-01-19 12:22:04.037000;7;1006;1;1;0.0000;1;None;None;42550.0000
6448;2023-01-19 12:14:51.233000;7;1006;1;1;None;1;23982.0000;None;259000.0000
6456;2023-01-19 12:33:15.167000;7;1006;1;1;0.0000;1;39130.0000;None;422600.0000
6456;2023-01-19 12:33:15.167000;7;1006;1;1;0.0000;1;39130.0000;None;422600.0000
6456;2023-01-19 12:33:15.167000;7;1006;1;1;0.0000;1;39130.0000;None;422600.0000
6456;2023-01-19 12:43:28.947000;7;1006;1;1;0.0000;1;39130.0000;None;422600.0000
22820;2023-01-19 12:31:35.230000;7;1006;1;1;0.0000;1;None;None;205600.0000
7265;2023-01-19 12:29:00.117000;7;1006;1;1;0.0000;1;None;None;655600.0000
7265;2023-01-19 12:29:00.117000;7;1006;1;1;0.0000;1;None;None;655600.0000
7265;2023-01-19 12:29:00.117000;7;1006;1;1;0.0000;1;None;None;655600.0000
6471;2023-01-19 13:42:25.397000;7;1006;1;1;None;1;19833.0000;None;214200.0000
6471;2023-01-19 13:42:25.397000;7;1006;1;1;None;1;19833.0000;None;214200.0000
22846;2023-01-19 14:20:24.353000;7;1006;1;1;0.0000;1;None;None;35350.0000
7272;2023-01-19 12:50:24.607000;7;1006;1;1;0.0000;1;14685.0000;None;158600.0000
7273;2023-01-19 12:57:10.487000;7;1006;1;1;0.0000;1;19389.0000;None;209400.0000
7273;2023-01-19 12:57:10.487000;7;1006;1;1;0.0000;1;19389.0000;None;209400.0000
6457;2023-01-19 12:33:15.167000;7;1006;1;1;0.0000;1;8519.0000;None;92000.0000
6460;2023-01-19 12:35:48.667000;7;1006;1;1;0.0000;1;15222.0000;None;164400.0000
6458;2023-01-19 12:32:10.860000;7;1006;1;1;0.0000;1;16241.0000;None;175400.0000
22884;2023-01-19 19:47:15.617000;7;1006;1;1;0.0000;1;None;None;84050.0000
22880;2023-01-19 19:35:30.800000;7;1007;1;1;0.0000;1;None;None;60150.0000
6457;2023-01-19 12:33:15.167000;7;1007;1;1;0.0000;1;8519.0000;None;92000.0000
7273;2023-01-19 12:57:10.487000;7;1007;1;1;0.0000;1;19389.0000;None;209400.0000
7274;2023-01-19 12:58:39.737000;7;1007;1;1;0.0000;1;18093.0000;None;195400.0000
22828;2023-01-19 13:15:49.953000;7;1007;1;1;0.0000;1;None;None;81250.0000
22834;2023-01-19 13:28:50.047000;7;1007;1;1;0.0000;1;None;None;42550.0000
22818;2023-01-19 12:24:28.920000;7;1007;1;1;0.0000;1;None;None;100150.0000
6455;2023-01-19 12:31:02.750000;7;1007;1;1;None;1;17463.0000;None;188600.0000
6438;2023-01-19 12:48:53.920000;7;1007;1;1;0.0000;1;25926.0000;None;280000.0000
6443;2023-01-19 12:10:01.480000;7;1007;1;1;0.0000;1;54713.0000;None;590900.0000
6445;2023-01-19 12:10:55.077000;7;1007;1;1;0.0000;1;8444.0000;None;91200.0000
6470;2023-01-19 13:41:55.473000;7;1034;3;1;0.0000;1;6778.0000;None;73200.0000
6458;2023-01-19 12:32:10.860000;7;1034;3;1;0.0000;1;16241.0000;None;175400.0000
7268;2023-01-19 12:40:42.493000;7;1034;2;1;0.0000;1;7796.0000;None;84200.0000
6464;2023-01-19 12:45:33.020000;7;1034;2;1;0.0000;1;29037.0000;None;313600.0000
6445;2023-01-19 12:10:55.077000;7;1034;2;1;0.0000;1;8444.0000;None;91200.0000
6442;2023-01-19 12:08:41.973000;7;1034;3;1;0.0000;1;34111.0000;None;368400.0000
6454;2023-01-19 12:26:18.740000;7;1034;2;1;0.0000;1;21537.0000;None;232600.0000
6454;2023-01-19 12:26:18.740000;7;1034;3;1;0.0000;1;21537.0000;None;232600.0000
6454;2023-01-19 12:26:18.740000;7;1034;2;1;0.0000;1;21537.0000;None;232600.0000
6454;2023-01-19 12:26:18.740000;7;1034;3;1;0.0000;1;21537.0000;None;232600.0000
6451;2023-01-19 12:19:41.067000;7;1034;3;1;0.0000;1;6685.0000;None;72200.0000
7264;2023-01-19 12:23:54.670000;7;1034;3;2;0.0000;1;21111.0000;None;228000.0000
7263;2023-01-19 12:22:06.110000;7;1054;1;1;0.0000;1;8537.0000;None;92200.0000
6447;2023-01-19 12:13:41.213000;7;1054;1;1;0.0000;1;6593.0000;None;71200.0000
6447;2023-01-19 12:13:41.213000;7;1054;1;1;0.0000;1;6593.0000;None;71200.0000
6438;2023-01-19 13:53:28.833000;7;1203;1;3;0.0000;1;25926.0000;None;280000.0000
7298;2023-01-19 17:09:26.183000;7;1203;1;3;0.0000;1;None;None;14000.0000
7294;2023-01-19 14:32:33.103000;7;1203;1;1;0.0000;1;None;None;10000.0000
7294;2023-01-19 14:32:33.103000;7;1203;1;1;0.0000;1;None;None;10000.0000
7294;2023-01-19 14:32:33.103000;7;1203;1;1;0.0000;1;None;None;10000.0000
7284;2023-01-19 13:41:23.227000;7;1203;1;1;0.0000;1;None;None;12800.0000
7293;2023-01-19 14:13:29.983000;7;1207;1;1;0.0000;1;5852.0000;None;63200.0000
6475;2023-01-19 13:59:39.863000;7;1207;1;1;0.0000;1;None;None;42600.0000
22828;2023-01-19 13:15:49.953000;7;1207;1;1;0.0000;1;None;None;81250.0000
6445;2023-01-19 12:10:55.077000;7;1207;1;1;0.0000;1;8444.0000;None;91200.0000
6451;2023-01-19 12:19:41.067000;7;1207;1;1;0.0000;1;6685.0000;None;72200.0000
6452;2023-01-19 13:05:13.353000;7;1207;1;1;0.0000;1;9519.0000;None;102800.0000
7263;2023-01-19 12:22:06.110000;7;1207;1;1;0.0000;1;8537.0000;None;92200.0000
6454;2023-01-19 12:26:18.740000;7;1207;1;1;0.0000;1;21537.0000;None;232600.0000
22817;2023-01-19 12:22:51.027000;7;1207;1;1;0.0000;1;None;None;42400.0000
22818;2023-01-19 12:24:28.920000;7;1343;1;1;0.0000;1;None;None;100150.0000
22816;2023-01-19 12:22:04.037000;7;1343;1;1;0.0000;1;None;None;42550.0000
22808;2023-01-19 11:44:57.993000;7;1343;1;1;0.0000;1;None;None;39710.0000
22806;2023-01-19 11:41:34.930000;7;1343;1;1;0.0000;1;None;None;37500.0000
22807;2023-01-19 11:42:07.970000;7;1343;1;1;0.0000;1;None;None;48000.0000
22802;2023-01-19 10:56:53.083000;7;1343;1;1;0.0000;1;None;None;25000.0000
22803;2023-01-19 11:16:35.770000;7;1343;1;1;0.0000;1;None;None;39700.0000
22828;2023-01-19 13:15:49.953000;7;1343;1;1;0.0000;1;None;None;81250.0000
22823;2023-01-19 12:43:31.200000;7;1343;1;1;0.0000;1;None;None;24000.0000
22821;2023-01-19 12:38:52.293000;7;1343;1;1;0.0000;1;None;None;25500.0000
22841;2023-01-19 14:06:46.897000;7;1343;1;1;0.0000;1;None;None;29410.0000
22848;2023-01-19 14:24:16.723000;7;1343;1;1;0.0000;1;None;None;24000.0000
22833;2023-01-19 13:27:31.387000;7;1343;1;1;0.0000;1;None;None;28200.0000
22832;2023-01-19 13:27:00.310000;7;1344;1;1;0.0000;1;None;None;28200.0000
22834;2023-01-19 13:28:50.047000;7;1344;1;1;0.0000;1;None;None;42550.0000
22831;2023-01-19 13:26:31.777000;7;1344;1;1;0.0000;1;None;None;102300.0000
22836;2023-01-19 13:46:52.363000;7;1344;1;1;0.0000;1;None;None;31300.0000
22837;2023-01-19 13:49:37.403000;7;1344;1;1;0.0000;1;None;None;30300.0000
22840;2023-01-19 13:57:31.643000;7;1344;1;1;0.0000;1;None;None;71210.0000
22839;2023-01-19 13:54:48.063000;7;1344;1;1;0.0000;1;None;None;72500.0000
22824;2023-01-19 12:46:29.403000;7;1344;1;1;0.0000;1;None;None;67010.0000
22884;2023-01-19 19:47:15.617000;7;1344;1;1;0.0000;1;None;None;84050.0000
22885;2023-01-19 19:50:24.757000;7;1344;1;1;0.0000;1;None;None;92900.0000
22890;2023-01-19 20:06:15.353000;7;1344;1;1;0.0000;1;None;None;51300.0000
22891;2023-01-19 20:16:03.293000;7;1344;1;1;0.0000;1;None;None;70220.0000
22896;2023-01-19 20:29:12.637000;7;1344;1;1;0.0000;1;None;None;149600.0000
22872;2023-01-19 18:06:12.170000;7;1344;1;1;0.0000;1;None;None;52500.0000
22871;2023-01-19 17:42:26.167000;7;1344;1;1;0.0000;1;None;None;74200.0000
22870;2023-01-19 17:36:42;7;1344;1;1;0.0000;1;None;None;73010.0000
22874;2023-01-19 18:32:21.437000;7;1344;1;1;0.0000;1;None;None;83600.0000
22875;2023-01-19 18:58:50.463000;7;1344;1;1;0.0000;1;None;None;81300.0000
22878;2023-01-19 19:14:02.960000;7;1344;1;1;0.0000;1;None;None;74900.0000
22800;2023-01-19 08:55:09.570000;7;1344;1;1;0.0000;1;None;None;30300.0000
22812;2023-01-19 12:01:16.810000;7;1344;1;1;0.0000;1;None;None;114900.0000
22817;2023-01-19 12:22:51.027000;7;1344;1;1;0.0000;1;None;None;42400.0000
22819;2023-01-19 12:28:51.767000;7;1344;1;1;0.0000;1;None;None;114900.0000
22849;2023-01-19 14:25:37.707000;7;1345;1;1;0.0000;1;None;None;33600.0000
22849;2023-01-19 14:25:37.707000;7;1345;1;1;0.0000;1;None;None;33600.0000
22851;2023-01-19 14:37:25.190000;7;1345;1;1;0.0000;1;None;None;33600.0000
22851;2023-01-19 14:37:25.190000;7;1345;1;1;0.0000;1;None;None;33600.0000
22851;2023-01-19 14:37:25.190000;7;1345;1;1;0.0000;1;None;None;33600.0000
22852;2023-01-19 14:40:52.337000;7;1345;1;1;0.0000;1;None;None;18900.0000
22852;2023-01-19 14:40:52.337000;7;1345;1;1;0.0000;1;None;None;18900.0000
22852;2023-01-19 14:40:52.337000;7;1345;1;1;0.0000;1;None;None;18900.0000
22852;2023-01-19 14:40:52.337000;7;1345;1;1;0.0000;1;None;None;18900.0000
22856;2023-01-19 15:34:58.787000;7;1345;1;1;0.0000;1;None;None;10500.0000
22858;2023-01-19 16:08:39.663000;7;1345;1;4;0.0000;1;None;None;33600.0000
7278;2023-01-19 13:07:58.950000;7;1345;1;1;0.0000;1;None;None;15000.0000
7291;2023-01-19 14:04:19.260000;7;1345;1;3;0.0000;1;None;None;14000.0000
22844;2023-01-19 14:14:47.027000;7;1345;1;1;0.0000;1;None;None;33600.0000
22844;2023-01-19 14:14:47.027000;7;1345;1;1;0.0000;1;None;None;33600.0000
22844;2023-01-19 14:14:47.027000;7;1345;1;1;0.0000;1;None;None;33600.0000
7286;2023-01-19 13:45:40.950000;7;1345;1;1;0.0000;1;None;None;18000.0000
7285;2023-01-19 13:41:36.120000;7;1345;1;6;0.0000;1;None;None;18000.0000
7286;2023-01-19 13:45:40.950000;7;1346;1;1;0.0000;1;None;None;18000.0000
22838;2023-01-19 13:50:07.640000;7;1346;1;6;0.0000;1;None;None;18900.0000
22844;2023-01-19 14:14:47.027000;7;1346;1;1;0.0000;1;None;None;33600.0000
22844;2023-01-19 14:14:47.027000;7;1346;1;1;0.0000;1;None;None;33600.0000
22845;2023-01-19 14:16:43.797000;7;1346;1;1;0.0000;1;None;None;18900.0000
22845;2023-01-19 14:16:43.797000;7;1346;1;1;0.0000;1;None;None;18900.0000
22845;2023-01-19 14:16:43.797000;7;1346;1;1;0.0000;1;None;None;18900.0000
22847;2023-01-19 14:20:55.917000;7;1346;1;1;0.0000;1;None;None;18900.0000
22847;2023-01-19 14:20:55.917000;7;1346;1;1;0.0000;1;None;None;18900.0000
22847;2023-01-19 14:20:55.917000;7;1346;1;1;0.0000;1;None;None;18900.0000
6475;2023-01-19 14:17:29.400000;7;1346;1;1;0.0000;1;None;None;42600.0000
22826;2023-01-19 13:12:59.393000;7;1346;1;6;0.0000;1;None;None;18000.0000
22849;2023-01-19 14:25:37.707000;7;1346;1;1;0.0000;1;None;None;33600.0000
22849;2023-01-19 14:25:37.707000;7;1346;1;1;0.0000;1;None;None;33600.0000
7298;2023-01-19 17:09:26.183000;7;1346;1;1;0.0000;1;None;None;14000.0000
22869;2023-01-19 17:09:27.983000;7;1346;1;1;0.0000;1;None;None;18900.0000
22849;2023-01-19 14:25:37.707000;7;1347;1;1;0.0000;1;None;None;33600.0000
22849;2023-01-19 14:25:37.707000;7;1347;1;1;0.0000;1;None;None;33600.0000
22852;2023-01-19 14:40:52.337000;7;1347;1;1;0.0000;1;None;None;18900.0000
22851;2023-01-19 14:37:25.190000;7;1347;1;1;0.0000;1;None;None;33600.0000
22851;2023-01-19 14:37:25.190000;7;1347;1;1;0.0000;1;None;None;33600.0000
22851;2023-01-19 14:37:25.190000;7;1347;1;1;0.0000;1;None;None;33600.0000
7295;2023-01-19 14:36:56.853000;7;1347;1;1;0.0000;1;None;None;18800.0000
22853;2023-01-19 14:43:07.540000;7;1347;1;12;0.0000;1;None;None;33600.0000
22844;2023-01-19 14:14:47.027000;7;1347;1;1;0.0000;1;None;None;33600.0000
22844;2023-01-19 14:14:47.027000;7;1347;1;1;0.0000;1;None;None;33600.0000
7286;2023-01-19 13:45:40.950000;7;1347;1;1;0.0000;1;None;None;18000.0000
7286;2023-01-19 13:45:40.950000;7;1348;1;1;0.0000;1;None;None;18000.0000
6469;2023-01-19 13:59:38.730000;7;1348;1;1;0.0000;1;13907.0000;None;150200.0000
22844;2023-01-19 14:14:47.027000;7;1348;1;1;0.0000;1;None;None;33600.0000
22844;2023-01-19 14:14:47.027000;7;1348;1;1;0.0000;1;None;None;33600.0000
7291;2023-01-19 14:04:19.260000;7;1348;1;1;0.0000;1;None;None;14000.0000
6467;2023-01-19 13:48:43.067000;7;1348;1;12;0.0000;1;10296.0000;None;111200.0000
7295;2023-01-19 14:36:56.853000;7;1348;1;1;0.0000;1;None;None;18800.0000
22849;2023-01-19 14:25:37.707000;7;1348;1;1;0.0000;1;None;None;33600.0000
22849;2023-01-19 14:25:37.707000;7;1348;1;1;0.0000;1;None;None;33600.0000
7260;2023-01-19 11:23:28.367000;7;1348;1;1;0.0000;1;None;None;12800.0000
22849;2023-01-19 14:25:37.707000;7;1349;1;1;0.0000;1;None;None;33600.0000
22849;2023-01-19 14:25:37.707000;7;1349;1;1;0.0000;1;None;None;33600.0000
7295;2023-01-19 14:36:56.853000;7;1349;1;1;0.0000;1;None;None;18800.0000
22852;2023-01-19 14:40:52.337000;7;1349;1;1;0.0000;1;None;None;18900.0000
22851;2023-01-19 14:37:25.190000;7;1349;1;1;0.0000;1;None;None;33600.0000
22851;2023-01-19 14:37:25.190000;7;1349;1;1;0.0000;1;None;None;33600.0000
22851;2023-01-19 14:37:25.190000;7;1349;1;1;0.0000;1;None;None;33600.0000
22856;2023-01-19 15:34:58.787000;7;1349;1;1;0.0000;1;None;None;10500.0000
22858;2023-01-19 16:08:39.663000;7;1349;1;4;0.0000;1;None;None;33600.0000
22869;2023-01-19 17:09:27.983000;7;1349;1;4;0.0000;1;None;None;18900.0000
22868;2023-01-19 16:46:13.267000;7;1349;1;1;0.0000;1;None;None;8000.0000
7269;2023-01-19 12:42:09.930000;7;1349;1;1;0.0000;1;None;None;8000.0000
22844;2023-01-19 14:14:47.027000;7;1349;1;1;0.0000;1;None;None;33600.0000
22844;2023-01-19 14:14:47.027000;7;1349;1;1;0.0000;1;None;None;33600.0000
22844;2023-01-19 14:14:47.027000;7;1349;1;1;0.0000;1;None;None;33600.0000
22845;2023-01-19 14:16:43.797000;7;1349;1;1;0.0000;1;None;None;18900.0000
22845;2023-01-19 14:16:43.797000;7;1349;1;1;0.0000;1;None;None;18900.0000
22845;2023-01-19 14:16:43.797000;7;1349;1;1;0.0000;1;None;None;18900.0000
7286;2023-01-19 13:45:40.950000;7;1349;1;1;0.0000;1;None;None;18000.0000
7286;2023-01-19 13:45:40.950000;7;1350;1;1;0.0000;1;None;None;18000.0000
22847;2023-01-19 14:20:55.917000;7;1350;1;1;0.0000;1;None;None;18900.0000
22847;2023-01-19 14:20:55.917000;7;1350;1;1;0.0000;1;None;None;18900.0000
22847;2023-01-19 14:20:55.917000;7;1350;1;1;0.0000;1;None;None;18900.0000
22869;2023-01-19 17:09:27.983000;7;1350;1;1;0.0000;1;None;None;18900.0000
22858;2023-01-19 16:08:39.663000;7;1350;1;4;0.0000;1;None;None;33600.0000
22856;2023-01-19 15:34:58.787000;7;1350;1;1;0.0000;1;None;None;10500.0000
22851;2023-01-19 14:37:25.190000;7;1350;1;1;0.0000;1;None;None;33600.0000
22851;2023-01-19 14:37:25.190000;7;1350;1;1;0.0000;1;None;None;33600.0000
22851;2023-01-19 14:37:25.190000;7;1350;1;1;0.0000;1;None;None;33600.0000
22849;2023-01-19 14:25:37.707000;7;1350;1;1;0.0000;1;None;None;33600.0000
22849;2023-01-19 14:25:37.707000;7;1350;1;1;0.0000;1;None;None;33600.0000
6437;2023-01-19 10:31:01.550000;6;100514;2;1;None;1;6370.0000;None;68800.0000
7295;2023-01-19 14:36:56.853000;1;100581;1;1;10000.0000;1;None;None;18800.0000
7294;2023-01-19 14:32:33.103000;1;100581;1;1;10000.0000;1;None;None;10000.0000
22856;2023-01-19 15:34:58.787000;1;100581;1;1;10500.0000;1;None;None;10500.0000
7298;2023-01-19 17:09:26.183000;1;100581;1;1;10000.0000;1;None;None;14000.0000
7291;2023-01-19 14:04:19.260000;1;100581;1;1;10000.0000;1;None;None;14000.0000
6438;2023-01-19 13:53:28.833000;1;100581;1;1;10000.0000;1;25926.0000;None;280000.0000
22847;2023-01-19 14:20:55.917000;1;100582;1;1;18900.0000;1;None;None;18900.0000
22845;2023-01-19 14:16:43.797000;1;100582;1;1;18900.0000;1;None;None;18900.0000
7286;2023-01-19 13:45:40.950000;1;100582;1;1;18000.0000;1;None;None;18000.0000
22838;2023-01-19 13:50:07.640000;1;100582;1;1;18900.0000;1;None;None;18900.0000
7285;2023-01-19 13:41:36.120000;1;100582;1;1;18000.0000;1;None;None;18000.0000
22826;2023-01-19 13:12:59.393000;1;100582;1;1;18000.0000;1;None;None;18000.0000
22869;2023-01-19 17:09:27.983000;1;100582;1;1;18900.0000;1;None;None;18900.0000
22852;2023-01-19 14:40:52.337000;1;100582;1;1;18900.0000;1;None;None;18900.0000
22851;2023-01-19 14:37:25.190000;1;100583;1;1;33600.0000;1;None;None;33600.0000
22849;2023-01-19 14:25:37.707000;1;100583;1;1;33600.0000;1;None;None;33600.0000
22853;2023-01-19 14:43:07.540000;1;100583;1;1;33600.0000;1;None;None;33600.0000
22858;2023-01-19 16:08:39.663000;1;100583;1;1;33600.0000;1;None;None;33600.0000
6467;2023-01-19 13:48:43.067000;1;100583;1;1;32000.0000;1;10296.0000;None;111200.0000
22844;2023-01-19 14:14:47.027000;1;100583;1;1;33600.0000;1;None;None;33600.0000
6437;2023-01-19 10:56:47.273000;3;100606;1;1;6800.0000;1;6370.0000;None;68800.0000
6437;2023-01-19 11:31:16.817000;3;100606;1;1;6800.0000;1;6370.0000;None;68800.0000
6444;2023-01-19 13:19:40.967000;3;100606;1;1;6800.0000;1;19167.0000;None;207000.0000
6469;2023-01-19 13:59:38.730000;3;100606;1;1;6800.0000;1;13907.0000;None;150200.0000
6469;2023-01-19 13:59:38.730000;3;100607;1;1;6800.0000;1;13907.0000;None;150200.0000
6471;2023-01-19 14:17:15.067000;3;100607;1;1;6800.0000;1;19833.0000;None;214200.0000
7288;2023-01-19 13:50:35.253000;3;100613;1;1;5800.0000;1;None;None;5800.0000
6444;2023-01-19 13:19:40.967000;3;100614;1;1;5800.0000;1;19167.0000;None;207000.0000
6444;2023-01-19 13:19:40.967000;3;100614;1;1;5800.0000;1;19167.0000;None;207000.0000
6454;2023-01-19 13:46:04.863000;3;100614;1;2;11600.0000;1;21537.0000;None;232600.0000
6449;2023-01-19 12:52:09.447000;3;100614;1;1;5800.0000;1;10593.0000;None;114400.0000
6471;2023-01-19 14:17:15.067000;3;100614;1;1;5800.0000;1;19833.0000;None;214200.0000
6471;2023-01-19 14:17:15.067000;3;100614;1;1;5800.0000;1;19833.0000;None;214200.0000
22879;2023-01-19 19:31:14.500000;1;100624;1;1;1000.0000;1;None;None;77200.0000
6479;2023-01-19 14:31:21.720000;1;100842;1;1;25800.0000;1;4019.0000;None;43400.0000
6442;2023-01-19 12:08:41.973000;1;100845;1;1;28800.0000;1;34111.0000;None;368400.0000
22875;2023-01-19 18:58:50.463000;1;100845;1;1;30300.0000;1;None;None;81300.0000
22875;2023-01-19 18:58:50.463000;1;100845;1;1;30300.0000;1;None;None;81300.0000
6470;2023-01-19 13:41:55.473000;1;100846;1;1;30800.0000;1;6778.0000;None;73200.0000
6477;2023-01-19 14:03:14.180000;1;100846;1;1;30800.0000;1;3667.0000;None;39600.0000
7271;2023-01-19 12:45:28.113000;1;100846;1;1;30800.0000;1;None;None;30800.0000
6458;2023-01-19 12:32:10.860000;1;100846;1;1;30800.0000;1;16241.0000;None;175400.0000
6458;2023-01-19 13:17:26.273000;1;100846;1;1;30800.0000;1;16241.0000;None;175400.0000
22814;2023-01-19 12:10:50.530000;1;100846;1;1;32400.0000;1;None;None;33600.0000
22818;2023-01-19 12:24:28.920000;1;100846;1;1;32400.0000;1;None;None;100150.0000
22818;2023-01-19 12:24:28.920000;1;100846;1;1;32400.0000;1;None;None;100150.0000
22833;2023-01-19 13:27:31.387000;1;100847;1;1;28200.0000;1;None;None;28200.0000
6444;2023-01-19 12:23:16.663000;1;100850;1;1;22800.0000;1;19167.0000;None;207000.0000
6442;2023-01-19 12:08:41.973000;1;100850;1;1;22800.0000;1;34111.0000;None;368400.0000
22848;2023-01-19 14:24:16.723000;1;100850;1;1;24000.0000;1;None;None;24000.0000
22821;2023-01-19 12:38:52.293000;1;100850;1;1;24000.0000;1;None;None;25500.0000
22823;2023-01-19 12:43:31.200000;1;100850;1;1;24000.0000;1;None;None;24000.0000
7296;2023-01-19 14:03:14.180000;1;100851;1;1;23800.0000;1;3093.0000;None;33400.0000
22802;2023-01-19 10:56:53.083000;1;100851;1;1;25000.0000;1;None;None;25000.0000
7275;2023-01-19 13:01:09.777000;1;100852;1;1;26800.0000;1;9074.0000;None;98000.0000
22832;2023-01-19 13:27:00.310000;1;100852;1;1;28200.0000;1;None;None;28200.0000
22837;2023-01-19 13:49:37.403000;1;100853;1;1;30300.0000;1;None;None;30300.0000
6467;2023-01-19 13:13:50.587000;1;100853;1;1;28800.0000;1;10296.0000;None;111200.0000
6468;2023-01-19 13:18:08.603000;1;100853;1;1;28800.0000;1;7982.0000;None;86200.0000
22879;2023-01-19 19:31:14.500000;1;100853;1;1;30300.0000;1;None;None;77200.0000
22800;2023-01-19 08:55:09.570000;1;100853;1;1;30300.0000;1;None;None;30300.0000
7265;2023-01-19 12:29:00.117000;1;100853;1;1;28800.0000;1;None;None;655600.0000
6449;2023-01-19 12:17:50.027000;1;100853;1;1;28800.0000;1;10593.0000;None;114400.0000
6449;2023-01-19 12:17:50.027000;1;100853;1;1;28800.0000;1;10593.0000;None;114400.0000
7276;2023-01-19 13:04:28.257000;1;100855;1;1;28800.0000;1;3296.0000;None;35600.0000
6470;2023-01-19 13:41:55.473000;1;100855;1;1;28800.0000;1;6778.0000;None;73200.0000
7292;2023-01-19 13:56:18.387000;1;100855;1;1;28800.0000;1;11463.0000;None;123800.0000
6450;2023-01-19 12:18:53.690000;1;100855;1;1;28800.0000;1;5667.0000;None;61200.0000
7265;2023-01-19 12:29:00.117000;1;100855;1;1;28800.0000;1;None;None;655600.0000
7293;2023-01-19 14:13:29.983000;1;100857;1;1;14800.0000;1;5852.0000;None;63200.0000
6450;2023-01-19 12:18:53.690000;1;100857;1;1;14800.0000;1;5667.0000;None;61200.0000
7280;2023-01-19 13:19:22.697000;1;100858;1;1;13800.0000;1;None;None;23600.0000
6440;2023-01-19 12:15:08.013000;1;100862;1;1;27800.0000;1;8352.0000;None;90200.0000
22887;2023-01-19 19:57:19;8;100953;1;1;44800.0000;1;None;None;99000.0000
22873;2023-01-19 18:07:29.317000;8;100954;1;1;39800.0000;1;None;None;89000.0000
22829;2023-01-19 13:16:58.580000;8;100954;1;1;39800.0000;1;None;None;73200.0000
22824;2023-01-19 12:46:29.403000;1;100963;1;1;0.0000;1;None;None;67010.0000
22870;2023-01-19 17:36:42;1;100963;1;1;0.0000;1;None;None;73010.0000
22808;2023-01-19 11:44:57.993000;1;100963;1;1;0.0000;1;None;None;39710.0000
7299;2023-01-19 19:26:41.993000;8;101026;1;1;33800.0000;1;11296.0000;None;122000.0000
7299;2023-01-19 19:26:41.993000;8;101026;1;1;33800.0000;1;11296.0000;None;122000.0000
6452;2023-01-19 12:20:44.897000;8;101026;1;1;33800.0000;1;9519.0000;None;102800.0000
7299;2023-01-19 19:26:41.993000;6;101061;1;1;0.0000;1;11296.0000;None;122000.0000
6479;2023-01-19 14:31:21.720000;6;101061;1;1;0.0000;1;4019.0000;None;43400.0000
6466;2023-01-19 12:51:45.363000;6;101061;1;2;0.0000;1;9556.0000;None;103200.0000
6465;2023-01-19 12:44:59.380000;6;101061;1;1;None;1;8056.0000;None;87000.0000
6464;2023-01-19 12:41:52.933000;6;101061;1;2;0.0000;1;29037.0000;None;313600.0000
6460;2023-01-19 12:35:48.667000;6;101061;1;1;0.0000;1;15222.0000;None;164400.0000
7268;2023-01-19 12:40:42.493000;6;101061;1;1;0.0000;1;7796.0000;None;84200.0000
7275;2023-01-19 13:01:09.777000;6;101061;1;1;0.0000;1;9074.0000;None;98000.0000
7276;2023-01-19 13:04:28.257000;6;101061;1;1;0.0000;1;3296.0000;None;35600.0000
7274;2023-01-19 12:58:39.737000;6;101061;1;1;0.0000;1;18093.0000;None;195400.0000
7273;2023-01-19 12:57:10.487000;6;101061;1;1;0.0000;1;19389.0000;None;209400.0000
7272;2023-01-19 12:50:24.607000;6;101061;1;1;0.0000;1;14685.0000;None;158600.0000
7293;2023-01-19 14:13:29.983000;6;101061;1;1;0.0000;1;5852.0000;None;63200.0000
7292;2023-01-19 13:56:18.387000;6;101061;1;1;0.0000;1;11463.0000;None;123800.0000
6477;2023-01-19 14:03:14.180000;6;101061;1;1;0.0000;1;3667.0000;None;39600.0000
6470;2023-01-19 13:41:55.473000;6;101061;1;1;0.0000;1;6778.0000;None;73200.0000
6471;2023-01-19 13:42:25.397000;6;101061;1;2;None;1;19833.0000;None;214200.0000
6469;2023-01-19 13:24:04.967000;6;101061;1;1;0.0000;1;13907.0000;None;150200.0000
22830;2023-01-19 13:20:57.417000;6;101061;1;2;0.0000;1;16056.0000;None;173400.0000
6452;2023-01-19 12:20:44.897000;6;101061;1;1;0.0000;1;9519.0000;None;102800.0000
6451;2023-01-19 12:19:41.067000;6;101061;1;1;0.0000;1;6685.0000;None;72200.0000
6450;2023-01-19 12:18:53.690000;6;101061;1;1;0.0000;1;5667.0000;None;61200.0000
6449;2023-01-19 12:17:50.027000;6;101061;1;1;0.0000;1;10593.0000;None;114400.0000
6448;2023-01-19 12:14:51.233000;6;101061;1;2;None;1;23982.0000;None;259000.0000
7264;2023-01-19 12:23:54.670000;6;101061;1;2;0.0000;1;21111.0000;None;228000.0000
7263;2023-01-19 12:22:06.110000;6;101061;1;1;0.0000;1;8537.0000;None;92200.0000
6454;2023-01-19 12:26:18.740000;6;101061;1;2;0.0000;1;21537.0000;None;232600.0000
6455;2023-01-19 12:31:02.750000;6;101061;1;1;None;1;17463.0000;None;188600.0000
6456;2023-01-19 12:33:15.167000;6;101061;1;2;0.0000;1;39130.0000;None;422600.0000
6440;2023-01-19 12:15:08.013000;6;101061;1;1;0.0000;1;8352.0000;None;90200.0000
6442;2023-01-19 12:08:41.973000;6;101061;1;1;0.0000;1;34111.0000;None;368400.0000
6443;2023-01-19 12:10:01.480000;6;101061;1;2;0.0000;1;54713.0000;None;590900.0000
6445;2023-01-19 12:10:55.077000;6;101061;1;2;0.0000;1;8444.0000;None;91200.0000
6447;2023-01-19 12:13:41.213000;6;101061;1;1;0.0000;1;6593.0000;None;71200.0000
6444;2023-01-19 12:23:16.663000;6;101061;1;2;0.0000;1;19167.0000;None;207000.0000
6444;2023-01-19 13:19:40.967000;6;101061;1;1;0.0000;1;19167.0000;None;207000.0000
6456;2023-01-19 12:43:28.947000;1;101073;1;1;69800.0000;1;39130.0000;None;422600.0000
22830;2023-01-19 13:20:57.397000;1;101073;1;1;69800.0000;1;16056.0000;None;173400.0000
22874;2023-01-19 18:32:21.437000;1;101122;1;1;39700.0000;1;None;None;83600.0000
22803;2023-01-19 11:16:35.770000;1;101122;1;1;39700.0000;1;None;None;39700.0000
6438;2023-01-19 12:48:53.920000;1;101127;1;1;36800.0000;1;25926.0000;None;280000.0000
7272;2023-01-19 12:50:24.607000;1;101127;1;1;36800.0000;1;14685.0000;None;158600.0000
22831;2023-01-19 13:26:31.777000;1;101212;1;1;27100.0000;1;None;None;102300.0000
22839;2023-01-19 13:54:48.063000;1;101244;1;1;31300.0000;1;None;None;72500.0000
22896;2023-01-19 20:29:12.637000;1;101244;1;1;31300.0000;1;None;None;149600.0000
7265;2023-01-19 12:29:00.117000;1;101244;1;1;29800.0000;1;None;None;655600.0000
7265;2023-01-19 12:29:00.117000;1;101244;1;1;29800.0000;1;None;None;655600.0000
22871;2023-01-19 17:42:26.167000;1;101267;1;1;30300.0000;1;None;None;74200.0000
6454;2023-01-19 12:26:18.740000;1;101293;1;1;41800.0000;1;21537.0000;None;232600.0000
22820;2023-01-19 12:31:35.230000;1;101293;1;1;41800.0000;1;None;None;205600.0000
22807;2023-01-19 11:42:07.970000;1;101323;1;1;30300.0000;1;None;None;48000.0000
6440;2023-01-19 12:15:08.013000;1;101433;1;1;0.0000;1;8352.0000;None;90200.0000
7265;2023-01-19 12:29:00.117000;1;101433;1;1;0.0000;1;None;None;655600.0000
7265;2023-01-19 12:29:00.117000;1;101433;1;1;0.0000;1;None;None;655600.0000
7263;2023-01-19 12:22:06.110000;1;101433;1;1;0.0000;1;8537.0000;None;92200.0000
6453;2023-01-19 12:22:28.420000;1;101433;1;1;0.0000;1;18889.0000;None;204000.0000
6451;2023-01-19 12:19:41.067000;1;101433;1;1;0.0000;1;6685.0000;None;72200.0000
22830;2023-01-19 13:20:57.397000;1;101433;1;1;0.0000;1;16056.0000;None;173400.0000
6471;2023-01-19 13:42:25.397000;1;101433;1;1;None;1;19833.0000;None;214200.0000
6466;2023-01-19 12:51:45.363000;1;101433;1;1;0.0000;1;9556.0000;None;103200.0000
6458;2023-01-19 12:32:10.860000;1;101433;1;1;0.0000;1;16241.0000;None;175400.0000
7274;2023-01-19 12:58:39.737000;6;101438;1;1;0.0000;1;18093.0000;None;195400.0000
7263;2023-01-19 12:22:06.110000;6;101438;1;1;0.0000;1;8537.0000;None;92200.0000
6455;2023-01-19 12:31:02.750000;6;101438;1;1;None;1;17463.0000;None;188600.0000
6442;2023-01-19 12:21:02.670000;6;101438;1;1;0.0000;1;34111.0000;None;368400.0000
22803;2023-01-19 11:16:35.770000;6;101438;1;1;0.0000;1;None;None;39700.0000
22812;2023-01-19 12:01:16.810000;6;101438;1;1;0.0000;1;None;None;114900.0000
6455;2023-01-19 12:31:02.733000;6;101442;1;1;None;1;17463.0000;None;188600.0000
22874;2023-01-19 18:32:21.437000;6;101442;1;1;0.0000;1;None;None;83600.0000
22876;2023-01-19 19:00:51.257000;6;101442;1;1;0.0000;1;None;None;70000.0000
6437;2023-01-19 10:31:01.550000;6;101488;1;1;None;1;6370.0000;None;68800.0000
7261;2023-01-19 11:34:04.737000;1;101520;1;1;0.0000;1;None;None;65800.0000
6448;2023-01-19 12:14:51.233000;1;101520;1;1;None;1;23982.0000;None;259000.0000
22854;2023-01-19 15:09:26.793000;1;101520;1;1;0.0000;1;None;None;71210.0000
6464;2023-01-19 12:41:52.933000;1;101520;1;1;0.0000;1;29037.0000;None;313600.0000
7292;2023-01-19 13:56:18.387000;1;101520;1;1;0.0000;1;11463.0000;None;123800.0000
22830;2023-01-19 13:20:57.417000;1;101522;1;1;0.0000;1;16056.0000;None;173400.0000
6464;2023-01-19 12:41:52.933000;1;101522;1;1;0.0000;1;29037.0000;None;313600.0000
6466;2023-01-19 12:51:45.363000;1;101522;1;1;0.0000;1;9556.0000;None;103200.0000
6448;2023-01-19 12:14:51.233000;1;101522;1;1;None;1;23982.0000;None;259000.0000
7265;2023-01-19 12:29:00.117000;1;101522;1;1;0.0000;1;None;None;655600.0000
7265;2023-01-19 12:29:00.117000;1;101522;1;1;0.0000;1;None;None;655600.0000
7265;2023-01-19 12:29:00.117000;1;101522;1;1;0.0000;1;None;None;655600.0000
7265;2023-01-19 12:29:00.117000;1;101522;1;1;0.0000;1;None;None;655600.0000
6437;2023-01-19 10:31:01.550000;6;101524;1;1;None;1;6370.0000;None;68800.0000
22831;2023-01-19 13:26:31.777000;6;101525;1;1;0.0000;1;None;None;102300.0000
22836;2023-01-19 13:46:52.363000;6;101525;1;1;0.0000;1;None;None;31300.0000
22835;2023-01-19 13:46:32.907000;6;101525;1;1;0.0000;1;None;None;33400.0000
7293;2023-01-19 14:13:29.983000;6;101525;1;1;0.0000;1;5852.0000;None;63200.0000
22877;2023-01-19 19:02:22.053000;6;101525;1;1;0.0000;1;None;None;79400.0000
22894;2023-01-19 20:24:13.690000;6;101535;1;1;0.0000;1;None;None;119200.0000
22840;2023-01-19 13:57:31.643000;6;101535;1;1;0.0000;1;None;None;71210.0000
22831;2023-01-19 13:26:31.777000;6;101535;1;1;0.0000;1;None;None;102300.0000
6451;2023-01-19 12:19:41.067000;6;101535;1;1;0.0000;1;6685.0000;None;72200.0000
6437;2023-01-19 10:31:01.550000;6;101543;1;1;None;1;6370.0000;None;68800.0000
6445;2023-01-19 12:10:55.077000;1;101552;1;1;0.0000;1;8444.0000;None;91200.0000
6453;2023-01-19 12:22:28.420000;1;101552;1;1;0.0000;1;18889.0000;None;204000.0000
6454;2023-01-19 12:26:18.740000;1;101552;1;1;0.0000;1;21537.0000;None;232600.0000
6456;2023-01-19 12:33:15.167000;1;101552;1;1;0.0000;1;39130.0000;None;422600.0000
6456;2023-01-19 12:33:15.167000;1;101552;1;1;0.0000;1;39130.0000;None;422600.0000
6471;2023-01-19 13:42:25.397000;1;101552;1;1;None;1;19833.0000;None;214200.0000
22840;2023-01-19 13:57:31.643000;1;101552;1;1;0.0000;1;None;None;71210.0000
22841;2023-01-19 14:06:46.897000;1;101552;1;1;0.0000;1;None;None;29410.0000
7275;2023-01-19 13:01:09.777000;1;101552;1;1;0.0000;1;9074.0000;None;98000.0000
22883;2023-01-19 19:41:16.737000;1;101552;1;1;0.0000;1;None;None;73110.0000
22884;2023-01-19 19:47:15.617000;6;101563;1;1;0.0000;1;None;None;84050.0000
22880;2023-01-19 19:35:30.800000;6;101563;1;1;0.0000;1;None;None;60150.0000
6457;2023-01-19 12:33:15.167000;6;101563;1;1;0.0000;1;8519.0000;None;92000.0000
6448;2023-01-19 12:14:51.233000;6;101563;1;1;None;1;23982.0000;None;259000.0000
22876;2023-01-19 19:00:51.247000;1;101573;1;1;0.0000;1;None;None;70000.0000
22874;2023-01-19 18:32:21.437000;1;101573;1;1;0.0000;1;None;None;83600.0000
22854;2023-01-19 15:09:26.793000;1;101573;1;1;0.0000;1;None;None;71210.0000
22812;2023-01-19 12:01:16.810000;1;101623;1;1;0.0000;1;None;None;114900.0000
22812;2023-01-19 12:01:16.810000;1;101623;1;1;0.0000;1;None;None;114900.0000
22829;2023-01-19 13:16:58.580000;1;101623;1;1;0.0000;1;None;None;73200.0000
7274;2023-01-19 12:58:39.737000;6;101624;1;1;0.0000;1;18093.0000;None;195400.0000
6443;2023-01-19 12:10:01.480000;6;101624;1;1;0.0000;1;54713.0000;None;590900.0000
6442;2023-01-19 12:08:41.973000;3;101641;1;1;0.0000;1;34111.0000;None;368400.0000
6447;2023-01-19 12:13:41.213000;3;101641;1;2;0.0000;1;6593.0000;None;71200.0000
6444;2023-01-19 12:10:07.700000;3;101641;1;1;0.0000;1;19167.0000;None;207000.0000
6443;2023-01-19 13:00:58.787000;3;101641;1;1;0.0000;1;54713.0000;None;590900.0000
6443;2023-01-19 12:17:27.287000;3;101641;1;2;0.0000;1;54713.0000;None;590900.0000
6438;2023-01-19 12:48:53.920000;3;101641;1;1;0.0000;1;25926.0000;None;280000.0000
6448;2023-01-19 12:14:51.233000;3;101641;1;1;None;1;23982.0000;None;259000.0000
6453;2023-01-19 12:22:28.420000;3;101641;1;2;0.0000;1;18889.0000;None;204000.0000
7263;2023-01-19 12:22:06.110000;3;101641;1;1;0.0000;1;8537.0000;None;92200.0000
7264;2023-01-19 12:23:54.670000;3;101641;1;1;0.0000;1;21111.0000;None;228000.0000
7276;2023-01-19 13:04:28.257000;3;101641;1;1;0.0000;1;3296.0000;None;35600.0000
7273;2023-01-19 12:57:10.487000;3;101641;1;2;0.0000;1;19389.0000;None;209400.0000
6468;2023-01-19 13:18:08.603000;3;101641;1;1;0.0000;1;7982.0000;None;86200.0000
6468;2023-01-19 13:18:08.603000;3;101641;1;1;0.0000;1;7982.0000;None;86200.0000
6467;2023-01-19 13:04:58.963000;3;101641;1;1;0.0000;1;10296.0000;None;111200.0000
6458;2023-01-19 12:32:10.860000;3;101641;1;1;0.0000;1;16241.0000;None;175400.0000
6464;2023-01-19 12:41:52.933000;3;101641;1;1;0.0000;1;29037.0000;None;313600.0000
6460;2023-01-19 12:35:48.667000;3;101641;1;1;0.0000;1;15222.0000;None;164400.0000
6464;2023-01-19 12:41:52.933000;3;101641;1;1;0.0000;1;29037.0000;None;313600.0000
6465;2023-01-19 12:44:59.380000;3;101641;1;1;None;1;8056.0000;None;87000.0000
6466;2023-01-19 12:51:45.363000;3;101641;1;1;0.0000;1;9556.0000;None;103200.0000
7292;2023-01-19 13:56:18.387000;3;101641;1;1;0.0000;1;11463.0000;None;123800.0000
22830;2023-01-19 13:20:57.417000;3;101641;1;1;0.0000;1;16056.0000;None;173400.0000
6469;2023-01-19 13:24:04.967000;3;101641;1;1;0.0000;1;13907.0000;None;150200.0000
6469;2023-01-19 13:24:04.967000;3;101641;1;2;0.0000;1;13907.0000;None;150200.0000
7296;2023-01-19 14:03:14.180000;3;101641;1;1;0.0000;1;3093.0000;None;33400.0000
7299;2023-01-19 19:26:41.993000;3;101641;1;1;0.0000;1;11296.0000;None;122000.0000
22810;2023-01-19 11:52:18.813000;1;101929;1;1;17700.0000;1;None;None;82400.0000
22807;2023-01-19 11:42:07.970000;1;101929;1;1;17700.0000;1;None;None;48000.0000
22885;2023-01-19 19:50:24.747000;1;101929;1;1;17700.0000;1;None;None;92900.0000
22892;2023-01-19 20:20:18.680000;1;101929;1;1;17700.0000;1;None;None;72000.0000
6460;2023-01-19 12:35:48.667000;1;101954;1;1;19800.0000;1;15222.0000;None;164400.0000
7275;2023-01-19 13:01:09.777000;1;101954;1;1;19800.0000;1;9074.0000;None;98000.0000
6456;2023-01-19 12:33:15.167000;1;101954;1;1;19800.0000;1;39130.0000;None;422600.0000
22820;2023-01-19 12:31:35.230000;1;101954;1;1;19800.0000;1;None;None;205600.0000
6460;2023-01-19 12:35:48.667000;1;101957;1;1;43800.0000;1;15222.0000;None;164400.0000
6471;2023-01-19 13:42:25.397000;1;101958;1;1;67800.0000;1;19833.0000;None;214200.0000
6471;2023-01-19 13:42:25.397000;1;101958;1;1;67800.0000;1;19833.0000;None;214200.0000
22886;2023-01-19 19:55:35.377000;8;101996;1;1;16600.0000;1;None;None;88060.0000
22824;2023-01-19 12:46:29.403000;1;102035;1;1;37600.0000;1;None;None;67010.0000
7265;2023-01-19 12:29:00.117000;1;102042;1;1;37800.0000;1;None;None;655600.0000
22897;2023-01-19 20:31:01.737000;1;102082;1;1;28200.0000;1;None;None;75310.0000
22830;2023-01-19 13:20:57.397000;1;102132;1;1;6800.0000;1;16056.0000;None;173400.0000
6450;2023-01-19 12:25:03.063000;1;102132;1;1;6800.0000;1;5667.0000;None;61200.0000
6453;2023-01-19 12:22:28.420000;1;102141;1;1;1800.0000;1;18889.0000;None;204000.0000
6453;2023-01-19 12:55:34.183000;1;102141;1;1;1800.0000;1;18889.0000;None;204000.0000
22872;2023-01-19 18:06:12.170000;1;102141;1;1;1800.0000;1;None;None;52500.0000
22809;2023-01-19 11:48:09.847000;1;102159;1;1;8200.0000;1;None;None;72400.0000
22809;2023-01-19 11:48:09.847000;1;102159;1;1;8200.0000;1;None;None;72400.0000
6443;2023-01-19 13:07:12.693000;1;102187;1;1;2800.0000;1;54713.0000;None;590900.0000
22809;2023-01-19 11:48:09.847000;8;102205;1;1;1500.0000;1;None;None;72400.0000
22809;2023-01-19 11:48:09.847000;8;102205;1;1;1500.0000;1;None;None;72400.0000
22799;2023-01-19 08:10:42.833000;1;102209;1;1;4000.0000;1;None;None;37900.0000
22817;2023-01-19 12:22:51.027000;1;102226;1;1;1800.0000;1;None;None;42400.0000
6479;2023-01-19 14:31:21.720000;1;102228;1;1;10800.0000;1;4019.0000;None;43400.0000
6450;2023-01-19 12:25:03.063000;1;102228;1;1;10800.0000;1;5667.0000;None;61200.0000
6452;2023-01-19 12:20:44.897000;1;102228;1;1;10800.0000;1;9519.0000;None;102800.0000
6438;2023-01-19 12:48:53.920000;1;102228;1;1;10800.0000;1;25926.0000;None;280000.0000
6454;2023-01-19 13:07:27.940000;1;102261;1;1;2800.0000;1;21537.0000;None;232600.0000
6465;2023-01-19 13:12:21.417000;1;102283;1;1;4800.0000;1;8056.0000;None;87000.0000
22821;2023-01-19 12:38:52.293000;1;102286;1;1;1500.0000;1;None;None;25500.0000
22799;2023-01-19 08:10:42.833000;1;102286;1;1;1500.0000;1;None;None;37900.0000
6456;2023-01-19 12:33:15.167000;1;102314;1;1;8800.0000;1;39130.0000;None;422600.0000
22876;2023-01-19 19:00:51.257000;1;102407;1;1;36600.0000;1;None;None;70000.0000
22897;2023-01-19 20:31:01.737000;1;102456;1;1;17700.0000;1;None;None;75310.0000
7281;2023-01-19 13:24:39.743000;1;102457;1;1;18800.0000;1;None;None;154000.0000
22892;2023-01-19 20:20:18.680000;1;102458;1;1;19800.0000;1;None;None;72000.0000
6442;2023-01-19 12:08:41.973000;1;102458;1;1;19800.0000;1;34111.0000;None;368400.0000
6456;2023-01-19 12:33:15.167000;1;102475;1;1;37800.0000;1;39130.0000;None;422600.0000
6443;2023-01-19 12:10:01.480000;1;102478;1;1;45800.0000;1;54713.0000;None;590900.0000
6443;2023-01-19 12:10:01.480000;1;102478;1;1;45800.0000;1;54713.0000;None;590900.0000
6443;2023-01-19 12:10:01.480000;1;102478;1;1;45800.0000;1;54713.0000;None;590900.0000
6443;2023-01-19 12:10:01.480000;1;102478;1;1;45800.0000;1;54713.0000;None;590900.0000
6443;2023-01-19 12:31:21.297000;1;102478;1;1;45800.0000;1;54713.0000;None;590900.0000
6443;2023-01-19 12:17:27.287000;1;102479;1;1;51800.0000;1;54713.0000;None;590900.0000
6442;2023-01-19 12:08:41.973000;1;102479;1;1;51800.0000;1;34111.0000;None;368400.0000
6456;2023-01-19 12:33:15.167000;1;102483;1;1;39800.0000;1;39130.0000;None;422600.0000
6444;2023-01-19 12:23:16.663000;1;102486;1;1;42800.0000;1;19167.0000;None;207000.0000
6455;2023-01-19 12:31:02.750000;1;102491;1;1;37800.0000;1;17463.0000;None;188600.0000
7274;2023-01-19 12:58:39.737000;1;102494;1;1;49800.0000;1;18093.0000;None;195400.0000
7273;2023-01-19 12:57:10.487000;1;102502;1;1;47800.0000;1;19389.0000;None;209400.0000
7273;2023-01-19 12:57:10.487000;1;102502;1;1;47800.0000;1;19389.0000;None;209400.0000
6448;2023-01-19 12:14:51.233000;1;102502;1;1;47800.0000;1;23982.0000;None;259000.0000
6438;2023-01-19 12:48:53.920000;1;102502;1;1;47800.0000;1;25926.0000;None;280000.0000
22820;2023-01-19 12:31:35.230000;1;102506;1;1;39800.0000;1;None;None;205600.0000
22808;2023-01-19 11:44:57.993000;1;102522;1;1;10300.0000;1;None;None;39710.0000
6449;2023-01-19 12:17:50.027000;3;102619;1;1;7800.0000;1;10593.0000;None;114400.0000
6437;2023-01-19 10:31:01.550000;3;102630;1;1;8800.0000;1;6370.0000;None;68800.0000
22817;2023-01-19 12:22:51.027000;3;102631;1;1;8200.0000;1;None;None;42400.0000
7272;2023-01-19 12:56:01.713000;3;102635;1;1;8800.0000;1;14685.0000;None;158600.0000
7274;2023-01-19 12:58:39.737000;3;102635;1;1;8800.0000;1;18093.0000;None;195400.0000
22830;2023-01-19 13:20:57.417000;3;102635;1;1;8800.0000;1;16056.0000;None;173400.0000
6470;2023-01-19 13:41:55.473000;3;102635;1;1;8800.0000;1;6778.0000;None;73200.0000
6477;2023-01-19 14:03:14.180000;3;102635;1;1;8800.0000;1;3667.0000;None;39600.0000
6456;2023-01-19 12:33:15.167000;3;102635;1;1;8800.0000;1;39130.0000;None;422600.0000
22799;2023-01-19 08:10:42.833000;3;102635;1;1;9300.0000;1;None;None;37900.0000
6443;2023-01-19 12:10:01.497000;3;102635;1;1;8800.0000;1;54713.0000;None;590900.0000
7293;2023-01-19 14:13:29.983000;3;102637;1;1;9800.0000;1;5852.0000;None;63200.0000
22883;2023-01-19 19:41:16.737000;3;102637;1;1;10300.0000;1;None;None;73110.0000
22880;2023-01-19 19:35:30.800000;3;102637;1;1;10300.0000;1;None;None;60150.0000
6457;2023-01-19 12:33:15.167000;3;102639;1;1;9800.0000;1;8519.0000;None;92000.0000
6457;2023-01-19 12:33:15.167000;3;102644;1;1;6800.0000;1;8519.0000;None;92000.0000
22828;2023-01-19 13:15:49.953000;3;102644;1;1;7200.0000;1;None;None;81250.0000
7280;2023-01-19 13:19:22.697000;3;102651;1;1;9800.0000;1;None;None;23600.0000
6451;2023-01-19 12:19:41.067000;3;102651;1;1;9800.0000;1;6685.0000;None;72200.0000
22820;2023-01-19 12:31:35.230000;1;102666;1;3;98400.0000;1;None;None;205600.0000
22882;2023-01-19 19:40:22.637000;1;102670;1;1;37600.0000;1;None;None;67900.0000
6442;2023-01-19 12:08:41.973000;1;102671;1;1;38800.0000;1;34111.0000;None;368400.0000
6438;2023-01-19 12:48:53.920000;1;102671;1;1;38800.0000;1;25926.0000;None;280000.0000
7272;2023-01-19 12:50:24.607000;1;102671;1;1;38800.0000;1;14685.0000;None;158600.0000
7265;2023-01-19 12:29:00.117000;1;102673;1;1;36800.0000;1;None;None;655600.0000
22882;2023-01-19 19:40:22.637000;1;102675;1;1;30300.0000;1;None;None;67900.0000
22817;2023-01-19 12:22:51.027000;1;102676;1;1;32400.0000;1;None;None;42400.0000
22819;2023-01-19 12:28:51.767000;1;102676;1;3;97200.0000;1;None;None;114900.0000
22806;2023-01-19 11:41:34.930000;1;102676;1;1;32400.0000;1;None;None;37500.0000
6472;2023-01-19 13:52:40.367000;1;102676;1;1;30800.0000;1;2852.0000;None;30800.0000
7264;2023-01-19 12:23:54.670000;1;102677;1;1;33800.0000;1;21111.0000;None;228000.0000
7265;2023-01-19 12:29:00.117000;1;102678;1;1;36800.0000;1;None;None;655600.0000
7265;2023-01-19 12:29:00.117000;1;102678;1;1;36800.0000;1;None;None;655600.0000
22828;2023-01-19 13:15:49.953000;1;102678;1;1;38700.0000;1;None;None;81250.0000
6460;2023-01-19 12:35:48.667000;1;102678;1;1;36800.0000;1;15222.0000;None;164400.0000
6460;2023-01-19 12:35:48.667000;1;102678;1;1;36800.0000;1;15222.0000;None;164400.0000
6465;2023-01-19 12:44:59.380000;1;102678;1;1;36800.0000;1;8056.0000;None;87000.0000
22879;2023-01-19 19:31:14.500000;1;102678;1;1;38700.0000;1;None;None;77200.0000
6442;2023-01-19 12:08:41.973000;1;102680;1;1;36800.0000;1;34111.0000;None;368400.0000
22799;2023-01-19 08:10:42.833000;1;102685;1;1;21900.0000;1;None;None;37900.0000
22878;2023-01-19 19:14:02.960000;1;102685;1;2;43800.0000;1;None;None;74900.0000
22822;2023-01-19 12:43:01.480000;8;102691;1;1;64800.0000;1;None;None;129400.0000
6448;2023-01-19 12:14:51.233000;1;102726;1;1;45800.0000;1;23982.0000;None;259000.0000
7292;2023-01-19 13:56:18.387000;1;102726;1;1;45800.0000;1;11463.0000;None;123800.0000
6470;2023-01-19 13:41:55.473000;3;102747;1;1;4800.0000;1;6778.0000;None;73200.0000
6464;2023-01-19 12:41:52.933000;3;102747;1;1;4800.0000;1;29037.0000;None;313600.0000
6458;2023-01-19 12:32:10.860000;3;102747;1;1;4800.0000;1;16241.0000;None;175400.0000
6467;2023-01-19 13:04:58.963000;3;102747;1;1;4800.0000;1;10296.0000;None;111200.0000
7274;2023-01-19 12:58:39.737000;3;102747;1;1;4800.0000;1;18093.0000;None;195400.0000
7275;2023-01-19 13:01:09.777000;3;102747;1;1;4800.0000;1;9074.0000;None;98000.0000
6448;2023-01-19 12:14:51.233000;3;102747;1;1;4800.0000;1;23982.0000;None;259000.0000
6451;2023-01-19 12:19:41.067000;3;102747;1;1;4800.0000;1;6685.0000;None;72200.0000
7264;2023-01-19 12:23:54.670000;3;102747;1;2;9600.0000;1;21111.0000;None;228000.0000
6453;2023-01-19 12:22:28.420000;3;102747;1;1;4800.0000;1;18889.0000;None;204000.0000
7264;2023-01-19 12:51:59.063000;3;102747;1;1;4800.0000;1;21111.0000;None;228000.0000
6454;2023-01-19 12:26:18.740000;3;102747;1;1;4800.0000;1;21537.0000;None;232600.0000
6454;2023-01-19 12:26:18.740000;3;102747;1;1;4800.0000;1;21537.0000;None;232600.0000
6454;2023-01-19 12:26:18.740000;3;102747;1;1;4800.0000;1;21537.0000;None;232600.0000
6442;2023-01-19 12:08:41.973000;3;102747;1;1;4800.0000;1;34111.0000;None;368400.0000
6443;2023-01-19 12:10:01.497000;3;102747;1;1;4800.0000;1;54713.0000;None;590900.0000
6444;2023-01-19 12:23:16.663000;3;102747;1;1;4800.0000;1;19167.0000;None;207000.0000
6443;2023-01-19 12:17:27.287000;3;102747;1;1;4800.0000;1;54713.0000;None;590900.0000
6445;2023-01-19 12:10:55.077000;3;102747;1;1;4800.0000;1;8444.0000;None;91200.0000
22806;2023-01-19 11:41:34.930000;3;102747;1;1;5100.0000;1;None;None;37500.0000
6458;2023-01-19 12:32:10.860000;3;102748;1;1;15800.0000;1;16241.0000;None;175400.0000
7268;2023-01-19 12:40:42.493000;3;102748;1;1;15800.0000;1;7796.0000;None;84200.0000
6455;2023-01-19 12:31:02.750000;1;102753;1;1;67800.0000;1;17463.0000;None;188600.0000
7281;2023-01-19 13:24:39.743000;8;102798;1;1;48800.0000;1;None;None;154000.0000
6464;2023-01-19 12:41:52.933000;8;102800;1;1;58800.0000;1;29037.0000;None;313600.0000
22890;2023-01-19 20:06:15.353000;1;102814;1;1;51300.0000;1;None;None;51300.0000
6457;2023-01-19 12:33:15.167000;1;102902;1;1;31800.0000;1;8519.0000;None;92000.0000
6457;2023-01-19 12:33:15.167000;1;102903;1;1;36800.0000;1;8519.0000;None;92000.0000
7290;2023-01-19 13:56:19.917000;1;102906;1;3;16500.0000;1;None;None;42900.0000
7283;2023-01-19 13:36:58.713000;1;102908;1;3;16500.0000;1;None;None;16500.0000
6443;2023-01-19 13:07:12.693000;1;102908;1;1;5500.0000;1;54713.0000;None;590900.0000
6443;2023-01-19 13:07:12.693000;1;102908;1;1;5500.0000;1;54713.0000;None;590900.0000
6443;2023-01-19 13:07:12.693000;1;102908;1;1;5500.0000;1;54713.0000;None;590900.0000
7278;2023-01-19 13:07:58.950000;1;102909;1;2;11000.0000;1;None;None;15000.0000
7279;2023-01-19 13:09:47.510000;1;102909;1;1;5500.0000;1;None;None;5500.0000
6443;2023-01-19 13:07:12.693000;1;102910;1;1;5500.0000;1;54713.0000;None;590900.0000
6443;2023-01-19 13:07:12.693000;1;102910;1;1;5500.0000;1;54713.0000;None;590900.0000
22871;2023-01-19 17:42:26.167000;8;102920;1;1;43900.0000;1;None;None;74200.0000
22820;2023-01-19 12:31:35.230000;1;102960;1;1;5800.0000;1;None;None;205600.0000
7265;2023-01-19 12:29:00.117000;1;102982;1;1;59800.0000;1;None;None;655600.0000
7265;2023-01-19 12:29:00.117000;1;102982;1;1;59800.0000;1;None;None;655600.0000
7265;2023-01-19 12:29:00.117000;1;102982;1;1;59800.0000;1;None;None;655600.0000
6443;2023-01-19 12:10:01.480000;8;102995;1;1;17800.0000;1;54713.0000;None;590900.0000
22822;2023-01-19 12:43:01.480000;8;103023;1;1;50200.0000;1;None;None;129400.0000
22810;2023-01-19 11:52:18.813000;8;103023;1;1;50200.0000;1;None;None;82400.0000
6437;2023-01-19 10:31:01.550000;1;103038;1;1;12800.0000;1;6370.0000;None;68800.0000
7260;2023-01-19 11:23:28.367000;1;103092;1;1;8800.0000;1;None;None;12800.0000
22805;2023-01-19 11:38:14.723000;1;103092;1;1;9300.0000;1;None;None;46500.0000
22805;2023-01-19 11:38:14.723000;1;103092;1;1;9300.0000;1;None;None;46500.0000
22805;2023-01-19 11:38:14.723000;1;103092;1;1;9300.0000;1;None;None;46500.0000
22850;2023-01-19 14:29:33.890000;1;103092;1;1;9300.0000;1;None;None;37200.0000
22850;2023-01-19 14:29:33.890000;1;103092;1;1;9300.0000;1;None;None;37200.0000
22825;2023-01-19 12:49:49.607000;1;103092;1;3;26400.0000;1;None;None;26400.0000
22830;2023-01-19 14:08:01.300000;1;103092;1;1;8800.0000;1;16056.0000;None;173400.0000
7290;2023-01-19 13:56:19.917000;1;103092;1;3;26400.0000;1;None;None;42900.0000
7289;2023-01-19 13:51:07.083000;1;103095;1;3;26400.0000;1;None;None;26400.0000
22850;2023-01-19 14:29:33.890000;1;103095;1;1;9300.0000;1;None;None;37200.0000
7297;2023-01-19 16:01:50.057000;1;103095;1;1;8800.0000;1;None;None;8800.0000
22865;2023-01-19 16:33:27.553000;1;103095;1;1;9300.0000;1;None;None;27900.0000
7295;2023-01-19 14:36:56.853000;1;103100;1;1;8800.0000;1;None;None;18800.0000
7267;2023-01-19 12:42:57.883000;1;103130;1;1;9800.0000;1;8796.0000;None;95000.0000
22829;2023-01-19 13:16:58.580000;1;103134;1;1;33400.0000;1;None;None;73200.0000
7293;2023-01-19 14:13:29.983000;1;103134;1;1;31800.0000;1;5852.0000;None;63200.0000
22831;2023-01-19 13:26:31.777000;1;103134;1;1;33400.0000;1;None;None;102300.0000
22835;2023-01-19 13:46:32.907000;1;103134;1;1;33400.0000;1;None;None;33400.0000
22877;2023-01-19 19:02:22.053000;1;103134;1;1;33400.0000;1;None;None;79400.0000
22876;2023-01-19 19:00:51.247000;1;103134;1;1;33400.0000;1;None;None;70000.0000
6447;2023-01-19 12:13:41.213000;1;103171;1;1;28800.0000;1;6593.0000;None;71200.0000
6447;2023-01-19 12:13:41.213000;1;103171;1;1;28800.0000;1;6593.0000;None;71200.0000
7265;2023-01-19 12:29:00.117000;1;103171;1;1;28800.0000;1;None;None;655600.0000
7263;2023-01-19 12:22:06.110000;1;103171;1;1;28800.0000;1;8537.0000;None;92200.0000
6448;2023-01-19 12:14:51.233000;1;103171;1;1;28800.0000;1;23982.0000;None;259000.0000
7292;2023-01-19 13:56:18.387000;1;103171;1;1;28800.0000;1;11463.0000;None;123800.0000
6464;2023-01-19 12:41:52.933000;1;103171;1;1;28800.0000;1;29037.0000;None;313600.0000
6458;2023-01-19 12:32:10.860000;1;103340;1;1;30800.0000;1;16241.0000;None;175400.0000
6451;2023-01-19 12:19:41.067000;1;103340;1;1;30800.0000;1;6685.0000;None;72200.0000
7265;2023-01-19 12:29:00.117000;1;103340;1;1;30800.0000;1;None;None;655600.0000
6454;2023-01-19 12:26:18.740000;1;103342;1;1;46800.0000;1;21537.0000;None;232600.0000
6454;2023-01-19 12:26:18.740000;1;103342;1;1;46800.0000;1;21537.0000;None;232600.0000
22830;2023-01-19 13:20:57.397000;1;103342;1;1;46800.0000;1;16056.0000;None;173400.0000
6437;2023-01-19 10:31:01.550000;1;103367;1;1;11800.0000;1;6370.0000;None;68800.0000
6454;2023-01-19 13:46:04.863000;1;103372;1;1;15800.0000;1;21537.0000;None;232600.0000
6449;2023-01-19 12:52:25.787000;1;103372;1;1;15800.0000;1;10593.0000;None;114400.0000
6449;2023-01-19 12:52:25.787000;1;103372;1;1;15800.0000;1;10593.0000;None;114400.0000
22878;2023-01-19 19:14:02.960000;1;103372;1;1;16600.0000;1;None;None;74900.0000
22828;2023-01-19 13:15:49.953000;6;103488;1;1;0.0000;1;None;None;81250.0000
7273;2023-01-19 12:57:10.487000;6;103488;1;1;0.0000;1;19389.0000;None;209400.0000
7273;2023-01-19 12:57:10.487000;6;103488;1;1;0.0000;1;19389.0000;None;209400.0000
22846;2023-01-19 14:20:24.353000;6;103488;1;1;0.0000;1;None;None;35350.0000
22834;2023-01-19 13:28:50.047000;6;103488;1;1;0.0000;1;None;None;42550.0000
22816;2023-01-19 12:22:04.037000;6;103488;1;1;0.0000;1;None;None;42550.0000
22818;2023-01-19 12:24:28.920000;6;103488;1;1;0.0000;1;None;None;100150.0000
6453;2023-01-19 12:22:28.420000;1;103515;1;1;44800.0000;1;18889.0000;None;204000.0000
22896;2023-01-19 20:29:12.637000;1;103515;1;1;47100.0000;1;None;None;149600.0000
22894;2023-01-19 20:24:13.690000;1;103515;1;1;47100.0000;1;None;None;119200.0000
22894;2023-01-19 20:24:13.690000;1;103552;1;1;40800.0000;1;None;None;119200.0000
6467;2023-01-19 13:13:50.587000;1;103552;1;1;38800.0000;1;10296.0000;None;111200.0000
22896;2023-01-19 20:29:12.637000;1;103564;1;1;71200.0000;1;None;None;149600.0000
22887;2023-01-19 19:57:19;8;103615;1;1;39700.0000;1;None;None;99000.0000
7277;2023-01-19 13:04:55.677000;8;103615;1;1;37800.0000;1;None;None;76600.0000
22827;2023-01-19 13:14:53.230000;8;103615;1;1;39700.0000;1;None;None;153960.0000
6452;2023-01-19 12:20:44.897000;1;103669;1;1;23800.0000;1;9519.0000;None;102800.0000
7267;2023-01-19 12:39:48.950000;8;103690;1;1;39800.0000;1;8796.0000;None;95000.0000
6440;2023-01-19 12:15:08.013000;1;103700;1;1;32800.0000;1;8352.0000;None;90200.0000
22811;2023-01-19 11:53:45.323000;8;103746;1;1;39700.0000;1;None;None;39700.0000
22880;2023-01-19 19:35:30.800000;1;103750;1;1;14500.0000;1;None;None;60150.0000
6438;2023-01-19 12:48:53.920000;1;103759;1;1;10800.0000;1;25926.0000;None;280000.0000
22872;2023-01-19 18:06:12.170000;1;103759;1;1;11400.0000;1;None;None;52500.0000
22884;2023-01-19 19:47:15.617000;1;103759;1;3;34200.0000;1;None;None;84050.0000
22891;2023-01-19 20:16:03.293000;1;103759;1;1;11400.0000;1;None;None;70220.0000
7274;2023-01-19 12:58:39.737000;1;103759;1;1;10800.0000;1;18093.0000;None;195400.0000
6452;2023-01-19 12:20:44.897000;1;103771;1;1;12800.0000;1;9519.0000;None;102800.0000
22830;2023-01-19 13:20:57.397000;1;103771;1;1;12800.0000;1;16056.0000;None;173400.0000
22830;2023-01-19 13:20:57.397000;1;103771;1;1;12800.0000;1;16056.0000;None;173400.0000
22870;2023-01-19 17:36:42;1;103771;1;1;13500.0000;1;None;None;73010.0000
22875;2023-01-19 18:58:50.463000;1;103771;1;1;13500.0000;1;None;None;81300.0000
6480;2023-01-19 17:20:01.530000;1;103773;1;1;9800.0000;1;907.0000;None;9800.0000
6452;2023-01-19 12:20:44.897000;1;103776;1;1;14800.0000;1;9519.0000;None;102800.0000
7263;2023-01-19 12:22:06.110000;1;103784;1;1;29800.0000;1;8537.0000;None;92200.0000
22812;2023-01-19 12:01:16.810000;1;103784;1;1;31300.0000;1;None;None;114900.0000
6442;2023-01-19 12:21:02.670000;1;103784;1;1;29800.0000;1;34111.0000;None;368400.0000
6443;2023-01-19 12:10:01.480000;1;103784;1;1;29800.0000;1;54713.0000;None;590900.0000
22894;2023-01-19 20:24:13.690000;1;103784;1;1;31300.0000;1;None;None;119200.0000
22836;2023-01-19 13:46:52.363000;1;103784;1;1;31300.0000;1;None;None;31300.0000
22874;2023-01-19 18:32:21.437000;1;103786;1;1;43900.0000;1;None;None;83600.0000
22854;2023-01-19 15:09:26.793000;1;103788;1;1;41800.0000;1;None;None;71210.0000
22831;2023-01-19 13:26:31.777000;1;103788;1;1;41800.0000;1;None;None;102300.0000
22840;2023-01-19 13:57:31.643000;1;103788;1;1;41800.0000;1;None;None;71210.0000
22812;2023-01-19 12:01:16.810000;1;103788;1;1;41800.0000;1;None;None;114900.0000
22812;2023-01-19 12:01:16.810000;1;103788;1;1;41800.0000;1;None;None;114900.0000
6451;2023-01-19 12:19:41.067000;1;103793;1;1;26800.0000;1;6685.0000;None;72200.0000
6455;2023-01-19 12:31:02.733000;1;103793;1;1;26800.0000;1;17463.0000;None;188600.0000
7274;2023-01-19 12:58:39.737000;1;103793;1;1;26800.0000;1;18093.0000;None;195400.0000
7274;2023-01-19 12:58:39.737000;1;103846;1;1;48800.0000;1;18093.0000;None;195400.0000
7268;2023-01-19 12:40:42.493000;8;103866;1;1;29800.0000;1;7796.0000;None;84200.0000
6469;2023-01-19 13:24:04.967000;8;103867;1;1;28800.0000;1;13907.0000;None;150200.0000
7281;2023-01-19 13:24:39.743000;8;103867;1;1;28800.0000;1;None;None;154000.0000
7281;2023-01-19 13:24:39.743000;8;103867;1;1;28800.0000;1;None;None;154000.0000
7281;2023-01-19 13:24:39.743000;8;103867;1;1;28800.0000;1;None;None;154000.0000
22893;2023-01-19 20:21:48.657000;8;103867;1;1;28800.0000;1;None;None;43300.0000
22889;2023-01-19 20:00:14.067000;8;103867;1;1;28800.0000;1;None;None;103600.0000
22889;2023-01-19 20:00:14.067000;8;103867;1;1;28800.0000;1;None;None;103600.0000
7265;2023-01-19 12:29:00.117000;8;103867;1;1;28800.0000;1;None;None;655600.0000
7265;2023-01-19 12:29:00.117000;8;103867;1;1;28800.0000;1;None;None;655600.0000
7265;2023-01-19 12:29:00.117000;8;103867;1;1;28800.0000;1;None;None;655600.0000
6449;2023-01-19 12:52:09.447000;3;103904;1;1;4800.0000;1;10593.0000;None;114400.0000
6456;2023-01-19 12:33:15.167000;1;103955;1;1;41800.0000;1;39130.0000;None;422600.0000
22819;2023-01-19 12:28:51.767000;1;104004;1;1;17700.0000;1;None;None;114900.0000
6443;2023-01-19 13:07:12.693000;1;104004;1;1;16800.0000;1;54713.0000;None;590900.0000
22893;2023-01-19 20:21:48.657000;8;104259;1;1;14500.0000;1;None;None;43300.0000
22887;2023-01-19 19:57:19;8;104259;1;1;14500.0000;1;None;None;99000.0000
22878;2023-01-19 19:14:02.960000;8;104259;1;1;14500.0000;1;None;None;74900.0000
22870;2023-01-19 17:36:42;8;104259;1;1;14500.0000;1;None;None;73010.0000
22872;2023-01-19 18:06:12.170000;8;104259;1;1;14500.0000;1;None;None;52500.0000
7298;2023-01-19 17:09:26.183000;1;104272;1;1;4000.0000;1;None;None;14000.0000
22868;2023-01-19 16:46:13.267000;1;104272;1;2;8000.0000;1;None;None;8000.0000
6469;2023-01-19 13:59:38.730000;1;104272;1;1;4000.0000;1;13907.0000;None;150200.0000
7284;2023-01-19 13:41:23.227000;1;104272;1;1;4000.0000;1;None;None;12800.0000
6475;2023-01-19 14:17:29.400000;1;104272;1;1;4000.0000;1;None;None;42600.0000
7291;2023-01-19 14:04:19.260000;1;104272;1;1;4000.0000;1;None;None;14000.0000
7269;2023-01-19 12:42:09.930000;1;104272;1;2;8000.0000;1;None;None;8000.0000
7278;2023-01-19 13:07:58.950000;1;104272;1;1;4000.0000;1;None;None;15000.0000
7260;2023-01-19 11:23:28.367000;1;104272;1;1;4000.0000;1;None;None;12800.0000
7284;2023-01-19 13:41:23.227000;1;104275;1;1;8800.0000;1;None;None;12800.0000
22865;2023-01-19 16:33:27.553000;1;104275;1;1;9300.0000;1;None;None;27900.0000
22850;2023-01-19 14:29:33.890000;1;104275;1;1;9300.0000;1;None;None;37200.0000
6466;2023-01-19 12:51:45.363000;1;104293;1;1;44800.0000;1;9556.0000;None;103200.0000
6466;2023-01-19 12:51:45.363000;1;104293;1;1;44800.0000;1;9556.0000;None;103200.0000
7261;2023-01-19 11:34:04.737000;1;104294;1;1;65800.0000;1;None;None;65800.0000
6456;2023-01-19 12:33:15.167000;1;104294;1;1;65800.0000;1;39130.0000;None;422600.0000
6453;2023-01-19 12:22:28.420000;1;104294;1;1;65800.0000;1;18889.0000;None;204000.0000
6453;2023-01-19 12:22:28.420000;1;104294;1;1;65800.0000;1;18889.0000;None;204000.0000
22891;2023-01-19 20:16:03.293000;1;104397;1;1;0.0000;1;None;None;70220.0000
6447;2023-01-19 12:13:41.213000;1;104397;1;1;0.0000;1;6593.0000;None;71200.0000
6456;2023-01-19 12:33:15.167000;1;104397;1;1;0.0000;1;39130.0000;None;422600.0000
6456;2023-01-19 12:43:28.947000;1;104397;1;1;0.0000;1;39130.0000;None;422600.0000
6454;2023-01-19 12:26:18.740000;1;104397;1;1;0.0000;1;21537.0000;None;232600.0000
6447;2023-01-19 12:13:41.213000;1;104397;1;1;0.0000;1;6593.0000;None;71200.0000
6453;2023-01-19 12:22:28.420000;1;104429;1;1;2800.0000;1;18889.0000;None;204000.0000
6453;2023-01-19 12:58:30.240000;1;104429;1;1;2800.0000;1;18889.0000;None;204000.0000
7296;2023-01-19 14:03:14.180000;1;104429;1;1;2800.0000;1;3093.0000;None;33400.0000
22805;2023-01-19 11:38:14.723000;1;104551;1;1;9300.0000;1;None;None;46500.0000
22805;2023-01-19 11:38:14.723000;1;104551;1;1;9300.0000;1;None;None;46500.0000
7277;2023-01-19 13:04:55.677000;8;104655;1;1;38800.0000;1;None;None;76600.0000
22827;2023-01-19 13:14:53.230000;8;104655;1;1;38800.0000;1;None;None;153960.0000
22839;2023-01-19 13:54:48.063000;8;104655;1;1;38800.0000;1;None;None;72500.0000
22870;2023-01-19 17:36:42;1;104670;1;1;15600.0000;1;None;None;73010.0000
6438;2023-01-19 12:48:53.920000;6;104683;1;1;0.0000;1;25926.0000;None;280000.0000
7275;2023-01-19 13:01:09.777000;1;104719;1;1;39800.0000;1;9074.0000;None;98000.0000
6445;2023-01-19 12:10:55.077000;1;104719;1;1;39800.0000;1;8444.0000;None;91200.0000
22827;2023-01-19 13:14:53.230000;8;104785;1;1;4000.0000;1;None;None;153960.0000
22839;2023-01-19 13:54:48.063000;8;104791;1;1;2400.0000;1;None;None;72500.0000
22865;2023-01-19 16:33:27.553000;1;104958;1;1;9300.0000;1;None;None;27900.0000
22884;2023-01-19 19:47:15.617000;1;104987;1;1;14500.0000;1;None;None;84050.0000
22897;2023-01-19 20:31:01.737000;1;105065;1;1;0.0000;1;None;None;75310.0000
6460;2023-01-19 12:35:48.667000;1;105065;1;1;0.0000;1;15222.0000;None;164400.0000
6442;2023-01-19 12:08:41.973000;1;105188;1;1;31800.0000;1;34111.0000;None;368400.0000
7267;2023-01-19 12:42:57.883000;1;105188;1;1;31800.0000;1;8796.0000;None;95000.0000
6465;2023-01-19 12:44:59.380000;1;105188;1;1;31800.0000;1;8056.0000;None;87000.0000
6464;2023-01-19 12:41:52.933000;1;105188;1;2;63600.0000;1;29037.0000;None;313600.0000
6471;2023-01-19 13:42:25.397000;1;105188;1;1;31800.0000;1;19833.0000;None;214200.0000
6469;2023-01-19 13:24:04.967000;1;105188;1;2;63600.0000;1;13907.0000;None;150200.0000
22883;2023-01-19 19:41:16.737000;1;105188;1;1;33400.0000;1;None;None;73110.0000
6455;2023-01-19 13:31:22.630000;1;105421;1;1;19800.0000;1;17463.0000;None;188600.0000
6469;2023-01-19 13:59:38.730000;1;105421;1;1;19800.0000;1;13907.0000;None;150200.0000
7265;2023-01-19 12:29:00.117000;1;105647;1;1;64800.0000;1;None;None;655600.0000
6448;2023-01-19 12:14:51.233000;1;105647;1;1;64800.0000;1;23982.0000;None;259000.0000
7267;2023-01-19 12:39:48.950000;8;105729;1;1;0.0000;1;8796.0000;None;95000.0000
22892;2023-01-19 20:20:18.680000;8;106077;1;1;34500.0000;1;None;None;72000.0000
6464;2023-01-19 12:41:52.933000;1;106352;1;1;74800.0000;1;29037.0000;None;313600.0000
22873;2023-01-19 18:07:29.317000;8;106491;1;1;49200.0000;1;None;None;89000.0000
22872;2023-01-19 18:06:12.170000;1;106881;1;1;24800.0000;1;None;None;52500.0000
7268;2023-01-19 12:40:42.493000;8;107225;1;1;31800.0000;1;7796.0000;None;84200.0000
7273;2023-01-19 12:57:10.487000;8;107225;1;1;31800.0000;1;19389.0000;None;209400.0000
7282;2023-01-19 12:42:57.883000;8;107225;1;1;31800.0000;1;3574.0000;None;38600.0000
6475;2023-01-19 13:59:39.863000;8;107225;1;1;31800.0000;1;None;None;42600.0000
7264;2023-01-19 12:23:54.670000;8;107227;1;1;0.0000;1;21111.0000;None;228000.0000
6444;2023-01-19 13:19:40.967000;8;107227;1;1;0.0000;1;19167.0000;None;207000.0000
22809;2023-01-19 11:48:09.847000;8;107227;1;1;0.0000;1;None;None;72400.0000
22809;2023-01-19 11:48:09.847000;8;107227;1;1;0.0000;1;None;None;72400.0000
7282;2023-01-19 12:42:57.883000;8;107227;1;1;0.0000;1;3574.0000;None;38600.0000
7273;2023-01-19 12:57:10.487000;8;107227;1;1;0.0000;1;19389.0000;None;209400.0000
6468;2023-01-19 13:18:08.603000;8;107227;1;1;0.0000;1;7982.0000;None;86200.0000
7268;2023-01-19 12:40:42.493000;8;107228;1;1;0.0000;1;7796.0000;None;84200.0000
7270;2023-01-19 12:44:35.210000;8;107228;1;1;0.0000;1;None;None;43800.0000
6475;2023-01-19 13:59:39.863000;8;107228;1;1;0.0000;1;None;None;42600.0000
22877;2023-01-19 19:02:22.053000;8;107228;1;1;0.0000;1;None;None;79400.0000
7299;2023-01-19 19:26:41.993000;8;107228;1;1;0.0000;1;11296.0000;None;122000.0000
22889;2023-01-19 20:00:14.067000;8;107228;1;1;0.0000;1;None;None;103600.0000
6439;2023-01-19 12:01:44.113000;8;107228;1;1;0.0000;1;None;None;40800.0000
22813;2023-01-19 12:05:13.057000;8;107228;1;1;0.0000;1;None;None;58600.0000
7264;2023-01-19 12:23:54.670000;8;107228;1;1;0.0000;1;21111.0000;None;228000.0000
7264;2023-01-19 12:23:54.670000;8;107228;1;1;0.0000;1;21111.0000;None;228000.0000
7264;2023-01-19 12:23:54.670000;8;107228;1;1;0.0000;1;21111.0000;None;228000.0000
6448;2023-01-19 12:14:51.233000;8;107228;1;1;None;1;23982.0000;None;259000.0000
22809;2023-01-19 11:48:09.847000;8;107259;1;1;2700.0000;1;None;None;72400.0000
22809;2023-01-19 11:48:09.847000;8;107259;1;1;2700.0000;1;None;None;72400.0000
22809;2023-01-19 11:48:09.847000;8;107265;1;1;3000.0000;1;None;None;72400.0000
22809;2023-01-19 11:48:09.847000;8;107265;1;1;3000.0000;1;None;None;72400.0000
22813;2023-01-19 12:05:13.057000;8;107296;1;1;58600.0000;1;None;None;58600.0000
6444;2023-01-19 13:19:40.967000;8;107296;1;1;55800.0000;1;19167.0000;None;207000.0000
7264;2023-01-19 12:23:54.670000;8;107298;1;1;43800.0000;1;21111.0000;None;228000.0000
22889;2023-01-19 20:00:14.067000;8;107298;1;1;46000.0000;1;None;None;103600.0000
22877;2023-01-19 19:02:22.053000;8;107298;1;1;46000.0000;1;None;None;79400.0000
7270;2023-01-19 12:44:35.210000;8;107298;1;1;43800.0000;1;None;None;43800.0000
6468;2023-01-19 13:18:08.603000;8;107298;1;1;43800.0000;1;7982.0000;None;86200.0000
6448;2023-01-19 12:14:51.233000;8;107926;1;1;39800.0000;1;23982.0000;None;259000.0000
6456;2023-01-19 12:33:15.167000;3;108191;1;1;0.0000;1;39130.0000;None;422600.0000
6443;2023-01-19 12:23:26.693000;3;108191;1;2;0.0000;1;54713.0000;None;590900.0000
6442;2023-01-19 12:08:41.973000;3;108191;1;3;0.0000;1;34111.0000;None;368400.0000
6442;2023-01-19 12:21:02.670000;3;108191;1;1;0.0000;1;34111.0000;None;368400.0000
6443;2023-01-19 12:10:01.497000;3;108191;1;3;0.0000;1;54713.0000;None;590900.0000
6442;2023-01-19 12:40:10.027000;3;108191;1;1;0.0000;1;34111.0000;None;368400.0000
7293;2023-01-19 14:13:29.983000;3;108191;1;1;0.0000;1;5852.0000;None;63200.0000
7272;2023-01-19 12:56:01.713000;3;108192;1;1;0.0000;1;14685.0000;None;158600.0000
22814;2023-01-19 12:10:50.530000;1;108219;1;1;1200.0000;1;None;None;33600.0000
22799;2023-01-19 08:10:42.833000;1;108219;1;1;1200.0000;1;None;None;37900.0000
6454;2023-01-19 12:26:18.740000;1;108267;1;1;38800.0000;1;21537.0000;None;232600.0000
7272;2023-01-19 12:50:24.607000;1;108267;1;1;38800.0000;1;14685.0000;None;158600.0000
7274;2023-01-19 12:58:39.737000;1;108267;1;1;38800.0000;1;18093.0000;None;195400.0000
6456;2023-01-19 12:33:15.167000;1;108423;1;1;51800.0000;1;39130.0000;None;422600.0000
22810;2023-01-19 11:52:18.813000;8;108651;1;1;14500.0000;1;None;None;82400.0000
22809;2023-01-19 11:48:09.847000;8;108660;1;1;20800.0000;1;None;None;72400.0000
22809;2023-01-19 11:48:09.847000;8;108660;1;1;20800.0000;1;None;None;72400.0000
6444;2023-01-19 12:23:16.663000;1;108794;1;1;48800.0000;1;19167.0000;None;207000.0000
6442;2023-01-19 12:08:41.973000;1;108794;1;1;48800.0000;1;34111.0000;None;368400.0000
6464;2023-01-19 12:41:52.933000;1;108794;1;1;48800.0000;1;29037.0000;None;313600.0000
6458;2023-01-19 12:32:10.860000;1;108794;1;1;48800.0000;1;16241.0000;None;175400.0000
6443;2023-01-19 12:10:01.480000;1;108795;1;1;49800.0000;1;54713.0000;None;590900.0000
6443;2023-01-19 12:17:27.287000;1;108796;1;1;49800.0000;1;54713.0000;None;590900.0000
6443;2023-01-19 12:17:27.287000;1;108796;1;1;49800.0000;1;54713.0000;None;590900.0000
6438;2023-01-19 12:48:53.920000;1;108796;1;1;49800.0000;1;25926.0000;None;280000.0000
7272;2023-01-19 12:50:24.607000;1;108824;1;1;13800.0000;1;14685.0000;None;158600.0000
6438;2023-01-19 11:56:45.303000;1;108824;1;1;13800.0000;1;25926.0000;None;280000.0000
6454;2023-01-19 12:26:18.740000;1;108824;1;1;13800.0000;1;21537.0000;None;232600.0000
6438;2023-01-19 11:56:45.303000;1;108825;1;1;13800.0000;1;25926.0000;None;280000.0000
22886;2023-01-19 19:55:35.377000;8;109041;1;1;71460.0000;1;None;None;88060.0000
22895;2023-01-19 20:28:52.080000;8;109041;1;1;71460.0000;1;None;None;71460.0000
22881;2023-01-19 19:38:05.027000;8;109041;1;1;71460.0000;1;None;None;71460.0000
22827;2023-01-19 13:14:53.230000;8;109041;1;1;71460.0000;1;None;None;153960.0000
22808;2023-01-19 11:44:57.993000;1;109270;1;1;29410.0000;1;None;None;39710.0000
22824;2023-01-19 12:46:29.403000;1;109270;1;1;29410.0000;1;None;None;67010.0000
22841;2023-01-19 14:06:46.897000;1;109270;1;1;29410.0000;1;None;None;29410.0000
22840;2023-01-19 13:57:31.643000;1;109270;1;1;29410.0000;1;None;None;71210.0000
22870;2023-01-19 17:36:42;1;109270;1;1;29410.0000;1;None;None;73010.0000
22854;2023-01-19 15:09:26.793000;1;109270;1;1;29410.0000;1;None;None;71210.0000
22891;2023-01-19 20:16:03.293000;1;109270;1;2;58820.0000;1;None;None;70220.0000
22883;2023-01-19 19:41:16.737000;1;109270;1;1;29410.0000;1;None;None;73110.0000
22897;2023-01-19 20:31:01.737000;1;109270;1;1;29410.0000;1;None;None;75310.0000
22885;2023-01-19 19:50:24.747000;8;109295;1;1;37600.0000;1;None;None;92900.0000
22885;2023-01-19 19:50:24.747000;8;109295;1;1;37600.0000;1;None;None;92900.0000
6439;2023-01-19 12:01:44.113000;8;109318;1;1;40800.0000;1;None;None;40800.0000
7264;2023-01-19 12:23:54.670000;8;109318;1;1;40800.0000;1;21111.0000;None;228000.0000
7264;2023-01-19 12:23:54.670000;8;109318;1;1;40800.0000;1;21111.0000;None;228000.0000
7264;2023-01-19 12:23:54.670000;8;109318;1;1;40800.0000;1;21111.0000;None;228000.0000
7299;2023-01-19 19:26:41.993000;8;109318;1;1;40800.0000;1;11296.0000;None;122000.0000
7273;2023-01-19 12:57:10.487000;1;109323;1;1;54800.0000;1;19389.0000;None;209400.0000
6445;2023-01-19 12:10:55.077000;1;109407;1;1;39800.0000;1;8444.0000;None;91200.0000
7262;2023-01-19 12:08:41.580000;1;109458;1;1;26800.0000;1;None;None;33600.0000
7263;2023-01-19 12:22:06.110000;1;109458;1;1;26800.0000;1;8537.0000;None;92200.0000
6456;2023-01-19 12:33:15.167000;1;109458;1;1;26800.0000;1;39130.0000;None;422600.0000
6437;2023-01-19 10:31:01.550000;1;109527;1;1;21800.0000;1;6370.0000;None;68800.0000
22818;2023-01-19 12:24:28.920000;1;109580;1;1;35350.0000;1;None;None;100150.0000
22816;2023-01-19 12:22:04.037000;1;109580;1;1;35350.0000;1;None;None;42550.0000
22884;2023-01-19 19:47:15.617000;1;109580;1;1;35350.0000;1;None;None;84050.0000
22880;2023-01-19 19:35:30.800000;1;109580;1;1;35350.0000;1;None;None;60150.0000
22828;2023-01-19 13:15:49.953000;1;109580;1;1;35350.0000;1;None;None;81250.0000
22846;2023-01-19 14:20:24.353000;1;109580;1;1;35350.0000;1;None;None;35350.0000
22834;2023-01-19 13:28:50.047000;1;109580;1;1;35350.0000;1;None;None;42550.0000
6469;2023-01-19 13:24:04.967000;3;200644;1;2;13600.0000;1;13907.0000;None;150200.0000
6471;2023-01-19 13:42:25.397000;3;200644;1;1;6800.0000;1;19833.0000;None;214200.0000
7292;2023-01-19 13:56:18.387000;3;200644;1;1;6800.0000;1;11463.0000;None;123800.0000
6467;2023-01-19 13:04:58.963000;3;200644;1;1;6800.0000;1;10296.0000;None;111200.0000
6468;2023-01-19 13:18:08.603000;3;200644;1;1;6800.0000;1;7982.0000;None;86200.0000
6468;2023-01-19 13:18:08.603000;3;200644;1;1;6800.0000;1;7982.0000;None;86200.0000
7273;2023-01-19 12:57:10.487000;3;200644;1;2;13600.0000;1;19389.0000;None;209400.0000
6460;2023-01-19 12:35:48.667000;3;200644;1;1;6800.0000;1;15222.0000;None;164400.0000
7296;2023-01-19 14:03:14.180000;3;200644;1;1;6800.0000;1;3093.0000;None;33400.0000
7264;2023-01-19 12:23:54.670000;3;200644;1;1;6800.0000;1;21111.0000;None;228000.0000
7264;2023-01-19 12:23:54.670000;3;200644;1;1;6800.0000;1;21111.0000;None;228000.0000
6456;2023-01-19 13:22:00.227000;3;200644;1;1;6800.0000;1;39130.0000;None;422600.0000
6438;2023-01-19 12:48:53.920000;3;200644;1;1;6800.0000;1;25926.0000;None;280000.0000
7262;2023-01-19 12:08:41.580000;3;200644;1;1;6800.0000;1;None;None;33600.0000
6443;2023-01-19 12:10:01.480000;3;200644;1;1;6800.0000;1;54713.0000;None;590900.0000
6447;2023-01-19 12:13:41.213000;3;200644;1;2;13600.0000;1;6593.0000;None;71200.0000
6443;2023-01-19 12:17:27.287000;3;200644;1;2;13600.0000;1;54713.0000;None;590900.0000
6443;2023-01-19 12:23:26.693000;3;200644;1;2;13600.0000;1;54713.0000;None;590900.0000
6443;2023-01-19 13:00:58.787000;3;200644;1;1;6800.0000;1;54713.0000;None;590900.0000
6444;2023-01-19 12:10:07.700000;3;200644;1;1;6800.0000;1;19167.0000;None;207000.0000
6438;2023-01-19 12:05:02.160000;3;201146;1;1;6800.0000;1;25926.0000;None;280000.0000
7263;2023-01-19 12:22:06.110000;3;201146;1;1;6800.0000;1;8537.0000;None;92200.0000
6453;2023-01-19 12:22:28.420000;3;201146;1;2;13600.0000;1;18889.0000;None;204000.0000
6448;2023-01-19 12:14:51.233000;3;201146;1;1;6800.0000;1;23982.0000;None;259000.0000
6448;2023-01-19 12:14:51.233000;3;201146;1;1;6800.0000;1;23982.0000;None;259000.0000
6448;2023-01-19 12:14:51.233000;3;201146;1;1;6800.0000;1;23982.0000;None;259000.0000
6452;2023-01-19 13:05:13.353000;3;201146;1;1;6800.0000;1;9519.0000;None;102800.0000
7299;2023-01-19 19:26:41.993000;3;201146;1;1;6800.0000;1;11296.0000;None;122000.0000
6457;2023-01-19 13:28:08.643000;3;201146;1;1;6800.0000;1;8519.0000;None;92000.0000
6458;2023-01-19 12:32:10.860000;3;201146;1;1;6800.0000;1;16241.0000;None;175400.0000
6465;2023-01-19 12:44:59.380000;3;201146;1;1;6800.0000;1;8056.0000;None;87000.0000
6464;2023-01-19 12:41:52.933000;3;201146;1;1;6800.0000;1;29037.0000;None;313600.0000
6464;2023-01-19 12:45:33.020000;3;201146;1;1;6800.0000;1;29037.0000;None;313600.0000
7276;2023-01-19 13:04:28.257000;3;201146;1;1;6800.0000;1;3296.0000;None;35600.0000
6475;2023-01-19 13:59:39.863000;3;201146;1;1;6800.0000;1;None;None;42600.0000
7282;2023-01-19 12:42:57.883000;3;201146;1;1;6800.0000;1;3574.0000;None;38600.0000
7272;2023-01-19 12:56:01.713000;2;201187;1;1;10800.0000;1;14685.0000;None;158600.0000
7272;2023-01-19 12:56:01.713000;2;201187;1;1;10800.0000;1;14685.0000;None;158600.0000
6456;2023-01-19 12:33:15.167000;2;201187;1;1;10800.0000;1;39130.0000;None;422600.0000
6455;2023-01-19 12:31:02.750000;2;201187;1;1;10800.0000;1;17463.0000;None;188600.0000
6455;2023-01-19 12:31:02.750000;2;201187;1;1;10800.0000;1;17463.0000;None;188600.0000
6456;2023-01-19 13:22:00.227000;3;201207;1;1;6800.0000;1;39130.0000;None;422600.0000
6449;2023-01-19 12:17:50.027000;3;201207;1;1;6800.0000;1;10593.0000;None;114400.0000
6438;2023-01-19 11:56:45.303000;3;201207;1;1;6800.0000;1;25926.0000;None;280000.0000
6442;2023-01-19 12:08:41.973000;3;201207;1;1;6800.0000;1;34111.0000;None;368400.0000
7273;2023-01-19 12:57:10.487000;3;201207;1;1;6800.0000;1;19389.0000;None;209400.0000
7273;2023-01-19 12:57:10.487000;3;201207;1;1;6800.0000;1;19389.0000;None;209400.0000
7274;2023-01-19 12:58:39.737000;3;201207;1;1;6800.0000;1;18093.0000;None;195400.0000
6460;2023-01-19 12:35:48.667000;3;201207;1;1;6800.0000;1;15222.0000;None;164400.0000
6464;2023-01-19 12:41:52.933000;3;201207;1;1;6800.0000;1;29037.0000;None;313600.0000
6479;2023-01-19 14:31:21.720000;3;201207;1;1;6800.0000;1;4019.0000;None;43400.0000
22879;2023-01-19 19:31:14.500000;3;201210;1;1;7200.0000;1;None;None;77200.0000
22875;2023-01-19 18:58:50.463000;3;201210;1;1;7200.0000;1;None;None;81300.0000
22822;2023-01-19 12:43:01.480000;3;201210;1;1;7200.0000;1;None;None;129400.0000
22822;2023-01-19 12:43:01.480000;3;201210;1;1;7200.0000;1;None;None;129400.0000
22834;2023-01-19 13:28:50.047000;3;201210;1;1;7200.0000;1;None;None;42550.0000
22816;2023-01-19 12:22:04.037000;3;201210;1;1;7200.0000;1;None;None;42550.0000
6438;2023-01-19 11:56:45.303000;3;201237;1;1;6800.0000;1;25926.0000;None;280000.0000
6438;2023-01-19 12:52:14.960000;3;201237;1;1;6800.0000;1;25926.0000;None;280000.0000
22830;2023-01-19 13:20:57.417000;3;201269;1;1;6800.0000;1;16056.0000;None;173400.0000
7293;2023-01-19 14:13:29.983000;3;201269;1;1;6800.0000;1;5852.0000;None;63200.0000
7299;2023-01-19 19:26:41.993000;3;201269;1;1;6800.0000;1;11296.0000;None;122000.0000
6442;2023-01-19 12:08:41.973000;3;201269;1;3;20400.0000;1;34111.0000;None;368400.0000
6442;2023-01-19 12:08:41.973000;3;201269;1;1;6800.0000;1;34111.0000;None;368400.0000
6442;2023-01-19 12:21:02.670000;3;201269;1;1;6800.0000;1;34111.0000;None;368400.0000
6442;2023-01-19 12:40:10.027000;3;201269;1;1;6800.0000;1;34111.0000;None;368400.0000
6456;2023-01-19 12:33:15.167000;3;201269;1;1;6800.0000;1;39130.0000;None;422600.0000
6456;2023-01-19 12:33:15.167000;3;201609;1;1;6800.0000;1;39130.0000;None;422600.0000
6456;2023-01-19 12:33:15.167000;3;201609;1;1;6800.0000;1;39130.0000;None;422600.0000
6456;2023-01-19 13:28:13.437000;3;201609;1;1;6800.0000;1;39130.0000;None;422600.0000
6448;2023-01-19 12:14:51.233000;3;201609;1;1;6800.0000;1;23982.0000;None;259000.0000
6443;2023-01-19 12:10:01.497000;3;201609;1;1;6800.0000;1;54713.0000;None;590900.0000
6442;2023-01-19 12:08:41.973000;3;201609;1;1;6800.0000;1;34111.0000;None;368400.0000
6444;2023-01-19 12:23:16.663000;3;201609;1;1;6800.0000;1;19167.0000;None;207000.0000
6445;2023-01-19 12:10:55.077000;3;201609;1;1;6800.0000;1;8444.0000;None;91200.0000
6438;2023-01-19 13:04:16.790000;3;201609;1;1;6800.0000;1;25926.0000;None;280000.0000
6438;2023-01-19 12:48:53.920000;3;201609;1;1;6800.0000;1;25926.0000;None;280000.0000
7292;2023-01-19 13:56:18.387000;3;201609;1;1;6800.0000;1;11463.0000;None;123800.0000
7292;2023-01-19 13:56:18.387000;3;201609;1;1;6800.0000;1;11463.0000;None;123800.0000
6469;2023-01-19 13:24:04.967000;3;201609;1;1;6800.0000;1;13907.0000;None;150200.0000
6471;2023-01-19 13:42:25.397000;3;201609;1;1;6800.0000;1;19833.0000;None;214200.0000
6465;2023-01-19 12:44:59.380000;3;201609;1;1;6800.0000;1;8056.0000;None;87000.0000
6466;2023-01-19 12:51:45.363000;3;201609;1;1;6800.0000;1;9556.0000;None;103200.0000
6466;2023-01-19 12:51:45.363000;3;201609;1;1;6800.0000;1;9556.0000;None;103200.0000
6464;2023-01-19 12:41:52.933000;3;201609;1;1;6800.0000;1;29037.0000;None;313600.0000
6464;2023-01-19 12:41:52.933000;3;201609;1;1;6800.0000;1;29037.0000;None;313600.0000
7267;2023-01-19 13:24:48.980000;3;201609;1;1;6800.0000;1;8796.0000;None;95000.0000
7268;2023-01-19 12:40:42.493000;3;201609;1;1;6800.0000;1;7796.0000;None;84200.0000
7267;2023-01-19 12:39:48.950000;3;201609;1;1;6800.0000;1;8796.0000;None;95000.0000
6458;2023-01-19 13:24:49.790000;3;201609;1;1;6800.0000;1;16241.0000;None;175400.0000
6460;2023-01-19 12:35:48.667000;3;201609;1;1;6800.0000;1;15222.0000;None;164400.0000
6460;2023-01-19 12:35:48.667000;3;201609;1;1;6800.0000;1;15222.0000;None;164400.0000
7275;2023-01-19 13:01:09.777000;3;201609;1;1;6800.0000;1;9074.0000;None;98000.0000
6471;2023-01-19 13:42:25.397000;2;201615;1;1;14800.0000;1;19833.0000;None;214200.0000
6440;2023-01-19 12:01:57.503000;2;201615;1;1;14800.0000;1;8352.0000;None;90200.0000
6440;2023-01-19 12:15:08.013000;2;201615;1;1;14800.0000;1;8352.0000;None;90200.0000
6455;2023-01-19 12:31:02.750000;2;201615;1;1;14800.0000;1;17463.0000;None;188600.0000
