32465;21122022 13:24;7;1001;1;1;0.0000;1;17556.0000;None
9338;21122022 13:32;7;1001;1;1;0.0000;1;27278.0000;None
9338;21122022 13:32;7;1001;1;1;0.0000;1;27278.0000;None
9343;21122022 14:57;7;1001;1;1;0.0000;1;26611.0000;None
9343;21122022 14:18;7;1001;1;1;0.0000;1;26611.0000;None
9364;21122022 20:38;7;1001;1;1;0.0000;1;40352.0000;None
9364;21122022 20:38;7;1001;1;1;0.0000;1;40352.0000;None
9364;21122022 20:38;7;1001;1;1;0.0000;1;40352.0000;None
32475;21122022 16:27;7;1006;1;1;0.0000;1;53111.0000;None
30612;21122022 21:00;7;1006;1;1;0.0000;1;22648.0000;None
9343;21122022 14:18;7;1011;1;1;0.0000;1;26611.0000;None
9343;21122022 14:18;7;1011;1;1;0.0000;1;26611.0000;None
9344;21122022 14:30;7;1011;1;1;None;1;39334.0000;None
9337;21122022 13:18;7;1011;1;1;0.0000;1;21963.0000;None
32465;21122022 13:24;7;1011;1;1;0.0000;1;17556.0000;None
9364;21122022 20:38;7;1011;1;1;0.0000;1;40352.0000;None
32480;21122022 20:18;7;1011;1;1;0.0000;1;18500.0000;None
32480;21122022 20:18;7;1011;1;1;0.0000;1;18500.0000;None
32485;21122022 21:57;7;1011;1;1;0.0000;1;26278.0000;None
32485;21122022 21:57;7;1011;1;1;0.0000;1;26278.0000;None
10276;21122022 18:11;7;1014;1;1;0.0000;1;None;None
10276;21122022 18:11;7;1014;1;1;0.0000;1;None;None
10276;21122022 18:11;7;1014;1;1;0.0000;1;None;None
10276;21122022 18:11;7;1014;1;1;0.0000;1;None;None
10276;21122022 18:11;7;1014;1;1;0.0000;1;None;None
10276;21122022 18:11;7;1014;1;1;0.0000;1;None;None
32475;21122022 16:27;7;1020;1;1;0.0000;1;53111.0000;None
10275;21122022 18:00;7;1020;1;1;0.0000;1;20333.0000;None
32476;21122022 19:09;7;1020;1;1;0.0000;1;13222.0000;None
9342;21122022 14:14;7;1020;1;1;0.0000;1;None;None
32475;21122022 16:27;7;1020;1;1;0.0000;1;53111.0000;None
32465;21122022 13:24;7;1020;1;1;0.0000;1;17556.0000;None
32465;21122022 13:24;7;1020;1;1;0.0000;1;17556.0000;None
32465;21122022 13:24;7;1020;1;1;0.0000;1;17556.0000;None
9338;21122022 13:32;7;1020;1;1;0.0000;1;27278.0000;None
9338;21122022 13:32;7;1020;1;1;0.0000;1;27278.0000;None
32468;21122022 13:32;7;1020;1;1;0.0000;1;8815.0000;None
9364;21122022 20:38;7;1020;1;1;0.0000;1;40352.0000;None
32481;21122022 20:53;7;1020;1;1;0.0000;1;19519.0000;None
9359;21122022 20:12;7;1020;1;1;0.0000;1;38352.0000;None
30604;21122022 19:34;7;1020;1;1;0.0000;1;16500.0000;None
30604;21122022 19:34;7;1020;1;1;0.0000;1;16500.0000;None
9368;21122022 21:23;7;1026;1;1;0.0000;1;39389.0000;None
32484;21122022 21:24;7;1029;1;1;0.0000;1;19333.0000;None
9364;21122022 20:38;7;1029;1;1;0.0000;1;40352.0000;None
9364;21122022 20:38;7;1029;1;1;0.0000;1;40352.0000;None
30609;21122022 19:57;7;1029;1;1;0.0000;1;28482.0000;None
32467;21122022 13:29;7;1029;1;1;0.0000;1;10000.0000;None
9338;21122022 13:32;7;1029;1;1;0.0000;1;27278.0000;None
9338;21122022 13:32;7;1029;1;1;0.0000;1;27278.0000;None
9339;21122022 13:41;7;1029;1;1;0.0000;1;31889.0000;None
32465;21122022 13:24;7;1029;1;1;0.0000;1;17556.0000;None
9345;21122022 14:38;7;1029;1;1;None;1;14056.0000;None
9345;21122022 14:38;7;1029;1;1;None;1;14056.0000;None
32476;21122022 19:09;7;1029;1;1;0.0000;1;13222.0000;None
9357;21122022 19:24;7;1029;1;1;0.0000;1;23333.0000;None
10275;21122022 17:59;7;1029;1;1;0.0000;1;20333.0000;None
32476;21122022 19:09;7;1030;1;1;0.0000;1;13222.0000;None
9345;21122022 14:38;7;1030;1;1;0.0000;1;14056.0000;None
9345;21122022 14:38;7;1030;1;1;0.0000;1;14056.0000;None
9337;21122022 13:18;7;1030;1;1;0.0000;1;21963.0000;None
32465;21122022 13:24;7;1030;1;1;0.0000;1;17556.0000;None
32465;21122022 13:24;7;1030;1;1;0.0000;1;17556.0000;None
9338;21122022 13:32;7;1030;1;1;0.0000;1;27278.0000;None
9338;21122022 13:32;7;1030;1;1;0.0000;1;27278.0000;None
9334;21122022 12:20;7;1030;1;1;0.0000;1;24963.0000;None
9357;21122022 19:24;7;1030;1;1;0.0000;1;23333.0000;None
9364;21122022 20:38;7;1030;1;1;0.0000;1;40352.0000;None
9364;21122022 20:38;7;1030;1;1;0.0000;1;40352.0000;None
9364;21122022 20:38;7;1030;1;1;0.0000;1;40352.0000;None
32481;21122022 20:53;7;1030;1;1;0.0000;1;19519.0000;None
32481;21122022 20:53;7;1030;1;1;0.0000;1;19519.0000;None
9334;21122022 12:20;7;1040;1;1;0.0000;1;24963.0000;None
9358;21122022 20:06;7;1040;1;1;0.0000;1;73167.0000;None
9370;21122022 21:39;7;1044;1;1;0.0000;1;10611.0000;None
9334;21122022 12:20;7;1054;1;1;0.0000;1;24963.0000;None
32461;21122022 12:29;7;1054;1;1;0.0000;1;27796.0000;None
32461;21122022 12:29;7;1054;1;1;0.0000;1;27796.0000;None
9365;21122022 21:03;7;1054;1;1;0.0000;1;8148.0000;None
9358;21122022 20:06;7;1069;1;1;0.0000;1;73167.0000;None
9338;21122022 13:32;7;1129;1;1;0.0000;1;27278.0000;None
9338;21122022 13:32;7;1129;1;1;0.0000;1;27278.0000;None
32481;21122022 20:53;7;1129;1;1;0.0000;1;19519.0000;None
32481;21122022 20:53;7;1129;1;1;0.0000;1;19519.0000;None
9364;21122022 20:38;7;1129;1;1;0.0000;1;40352.0000;None
9364;21122022 20:38;7;1129;1;1;0.0000;1;40352.0000;None
9364;21122022 20:38;7;1129;1;1;0.0000;1;40352.0000;None
9362;21122022 21:47;7;1131;1;1;0.0000;1;48778.0000;None
9362;21122022 21:47;7;1131;1;1;0.0000;1;48778.0000;None
9369;21122022 21:47;7;1131;1;1;0.0000;1;31537.0000;None
9369;21122022 21:47;7;1131;1;1;0.0000;1;31537.0000;None
9368;21122022 21:09;7;1131;1;1;0.0000;1;39389.0000;None
9368;21122022 21:09;7;1131;1;1;0.0000;1;39389.0000;None
9368;21122022 21:09;7;1131;1;1;0.0000;1;39389.0000;None
9359;21122022 20:08;7;1131;1;1;0.0000;1;38352.0000;None
9359;21122022 20:08;7;1131;1;1;0.0000;1;38352.0000;None
9359;21122022 20:22;7;1131;1;1;0.0000;1;38352.0000;None
9361;21122022 21:32;7;1131;1;1;0.0000;1;25333.0000;None
9361;21122022 21:32;7;1131;1;1;0.0000;1;25333.0000;None
9360;21122022 20:39;7;1131;1;1;0.0000;1;26278.0000;None
9360;21122022 20:39;7;1131;1;1;0.0000;1;26278.0000;None
9334;21122022 13:10;7;1131;1;1;0.0000;1;24963.0000;None
9334;21122022 13:10;7;1131;1;1;0.0000;1;24963.0000;None
32474;21122022 15:41;7;1131;1;1;0.0000;1;None;None
32474;21122022 15:41;7;1131;1;1;0.0000;1;None;None
32474;21122022 15:41;7;1131;1;1;0.0000;1;None;None
32474;21122022 15:41;7;1131;1;1;0.0000;1;None;None
32474;21122022 15:41;7;1131;1;1;0.0000;1;None;None
32474;21122022 15:41;7;1131;1;1;0.0000;1;None;None
32474;21122022 15:41;7;1131;1;1;0.0000;1;None;None
32474;21122022 15:41;7;1131;1;1;0.0000;1;None;None
10271;21122022 15:33;7;1131;1;1;0.0000;1;24889.0000;None
10271;21122022 15:33;7;1131;1;1;0.0000;1;24889.0000;None
10271;21122022 15:33;7;1131;1;1;0.0000;1;24889.0000;None
10271;21122022 15:33;7;1131;1;1;0.0000;1;24889.0000;None
9344;21122022 14:30;7;1131;1;1;None;1;39334.0000;None
10272;21122022 16:18;7;1135;1;1;0.0000;1;None;None
10270;21122022 15:04;7;1135;1;1;None;1;None;None
9347;21122022 16:07;7;1135;1;1;0.0000;1;13389.0000;None
10266;21122022 12:53;7;1135;1;1;None;1;None;None
9358;21122022 20:06;7;1135;1;1;0.0000;1;73167.0000;None
9367;21122022 21:32;7;1135;1;1;0.0000;1;16500.0000;None
9367;21122022 22:04;7;1135;1;1;0.0000;1;16500.0000;None
9364;21122022 20:38;7;1135;1;1;0.0000;1;40352.0000;None
32481;21122022 20:53;7;1135;1;1;0.0000;1;19519.0000;None
9364;21122022 20:38;7;1135;1;1;0.0000;1;40352.0000;None
32481;21122022 20:53;7;1137;1;1;0.0000;1;19519.0000;None
9364;21122022 20:38;7;1137;1;1;0.0000;1;40352.0000;None
9364;21122022 20:38;7;1137;1;1;0.0000;1;40352.0000;None
32481;21122022 20:53;7;1137;1;1;0.0000;1;19519.0000;None
9367;21122022 21:32;7;1137;1;1;0.0000;1;16500.0000;None
9358;21122022 20:06;7;1137;1;1;0.0000;1;73167.0000;None
9339;21122022 13:41;7;1137;1;1;0.0000;1;31889.0000;None
32465;21122022 13:24;7;1137;1;1;0.0000;1;17556.0000;None
32465;21122022 13:24;7;1137;1;1;0.0000;1;17556.0000;None
10272;21122022 16:18;7;1157;1;1;0.0000;1;None;None
10272;21122022 16:18;7;1157;1;1;0.0000;1;None;None
10272;21122022 16:18;7;1157;1;1;0.0000;1;None;None
32474;21122022 15:41;7;1157;1;1;0.0000;1;None;None
32474;21122022 15:41;7;1157;1;1;0.0000;1;None;None
32474;21122022 15:41;7;1157;1;1;0.0000;1;None;None
32474;21122022 15:41;7;1157;1;1;0.0000;1;None;None
10278;21122022 18:50;7;1157;1;1;0.0000;1;21426.0000;None
10278;21122022 18:50;7;1157;1;1;0.0000;1;21426.0000;None
32477;21122022 19:28;7;1157;1;1;0.0000;1;26630.0000;None
10274;21122022 18:03;7;1157;1;1;0.0000;1;None;None
10274;21122022 18:03;7;1157;1;1;0.0000;1;None;None
10274;21122022 18:03;7;1157;1;1;0.0000;1;None;None
10274;21122022 18:03;7;1157;1;1;0.0000;1;None;None
10276;21122022 18:11;7;1157;1;1;0.0000;1;None;None
10276;21122022 18:11;7;1157;1;1;0.0000;1;None;None
10277;21122022 18:19;7;1157;1;1;None;1;None;None
10277;21122022 18:19;7;1157;1;1;None;1;None;None
32479;21122022 19:50;7;1157;1;1;0.0000;1;None;None
32479;21122022 19:50;7;1157;1;1;0.0000;1;None;None
32479;21122022 19:50;7;1157;1;1;0.0000;1;None;None
10294;21122022 19:49;7;1157;1;1;0.0000;1;None;None
10294;21122022 19:49;7;1157;1;1;0.0000;1;None;None
10294;21122022 19:49;7;1157;1;1;0.0000;1;None;None
10294;21122022 19:49;7;1157;1;1;0.0000;1;None;None
10294;21122022 19:49;7;1157;1;1;0.0000;1;None;None
10294;21122022 19:49;7;1157;1;1;0.0000;1;None;None
10294;21122022 19:49;7;1157;1;1;0.0000;1;None;None
10294;21122022 19:49;7;1157;1;1;0.0000;1;None;None
10294;21122022 19:49;7;1157;1;1;0.0000;1;None;None
30612;21122022 21:39;7;1157;1;1;0.0000;1;22648.0000;None
30612;21122022 21:39;7;1157;1;1;0.0000;1;22648.0000;None
30612;21122022 21:00;7;1158;1;1;0.0000;1;22648.0000;None
30612;21122022 21:00;7;1158;1;1;0.0000;1;22648.0000;None
9367;21122022 21:32;7;1158;1;1;0.0000;1;16500.0000;None
32483;21122022 20:56;7;1158;1;1;0.0000;1;2574.0000;None
32483;21122022 20:56;7;1158;1;1;0.0000;1;2574.0000;None
9366;21122022 20:51;7;1158;1;1;0.0000;1;7000.0000;None
32482;21122022 20:54;7;1158;1;1;0.0000;1;2111.0000;None
32482;21122022 20:54;7;1158;1;1;0.0000;1;2111.0000;None
10303;21122022 21:40;7;1158;1;1;0.0000;1;9667.0000;None
10303;21122022 21:40;7;1158;1;1;0.0000;1;9667.0000;None
10302;21122022 21:22;7;1158;1;1;None;1;3500.0000;None
10302;21122022 21:22;7;1158;1;1;None;1;3500.0000;None
32481;21122022 20:51;7;1158;1;1;0.0000;1;19519.0000;None
32481;21122022 20:51;7;1158;1;1;0.0000;1;19519.0000;None
9365;21122022 21:03;7;1158;1;1;0.0000;1;8148.0000;None
9365;21122022 21:03;7;1158;1;1;0.0000;1;8148.0000;None
9362;21122022 21:14;7;1158;1;1;0.0000;1;48778.0000;None
9362;21122022 21:14;7;1158;1;1;0.0000;1;48778.0000;None
32480;21122022 20:18;7;1158;1;1;0.0000;1;18500.0000;None
32480;21122022 20:18;7;1158;1;1;0.0000;1;18500.0000;None
30610;21122022 20:28;7;1158;1;1;0.0000;1;11759.0000;None
9364;21122022 20:38;7;1158;1;1;0.0000;1;40352.0000;None
9364;21122022 20:38;7;1158;1;1;0.0000;1;40352.0000;None
10301;21122022 20:18;7;1158;1;1;0.0000;1;11185.0000;None
10301;21122022 20:18;7;1158;1;1;0.0000;1;11185.0000;None
30611;21122022 20:25;7;1158;1;1;0.0000;1;10741.0000;None
30611;21122022 20:25;7;1158;1;1;0.0000;1;10741.0000;None
30608;21122022 19:48;7;1158;1;1;0.0000;1;13241.0000;None
30608;21122022 19:48;7;1158;1;1;0.0000;1;13241.0000;None
9360;21122022 20:39;7;1158;1;1;0.0000;1;26278.0000;None
9360;21122022 20:39;7;1158;1;1;0.0000;1;26278.0000;None
9361;21122022 20:15;7;1158;1;1;0.0000;1;25333.0000;None
9361;21122022 20:15;7;1158;1;1;0.0000;1;25333.0000;None
9361;21122022 20:46;7;1158;1;1;0.0000;1;25333.0000;None
9361;21122022 20:46;7;1158;1;1;0.0000;1;25333.0000;None
9361;21122022 20:46;7;1158;1;1;0.0000;1;25333.0000;None
9362;21122022 20:37;7;1158;1;1;0.0000;1;48778.0000;None
9362;21122022 20:37;7;1158;1;1;0.0000;1;48778.0000;None
30609;21122022 20:41;7;1158;1;1;0.0000;1;28482.0000;None
9358;21122022 19:31;7;1158;1;1;0.0000;1;73167.0000;None
9358;21122022 19:31;7;1158;1;1;0.0000;1;73167.0000;None
9358;21122022 19:31;7;1158;1;1;0.0000;1;73167.0000;None
30605;21122022 20:15;7;1158;1;1;None;1;33111.0000;None
30605;21122022 20:15;7;1158;1;1;None;1;33111.0000;None
30605;21122022 20:15;7;1158;1;1;None;1;33111.0000;None
30604;21122022 19:34;7;1158;1;1;0.0000;1;16500.0000;None
30605;21122022 19:29;7;1158;1;1;0.0000;1;33111.0000;None
30605;21122022 19:29;7;1158;1;1;0.0000;1;33111.0000;None
9358;21122022 20:06;7;1158;1;1;0.0000;1;73167.0000;None
30607;21122022 19:45;7;1158;1;1;0.0000;1;27908.0000;None
30607;21122022 19:45;7;1158;1;1;0.0000;1;27908.0000;None
32485;21122022 21:57;7;1158;1;1;0.0000;1;26278.0000;None
32485;21122022 21:57;7;1158;1;1;0.0000;1;26278.0000;None
32485;21122022 21:57;7;1158;1;1;0.0000;1;26278.0000;None
32486;21122022 22:29;7;1158;1;1;0.0000;1;5593.0000;None
32486;21122022 22:29;7;1158;1;1;0.0000;1;5593.0000;None
10275;21122022 17:59;7;1158;1;1;0.0000;1;20333.0000;None
10275;21122022 17:59;7;1158;1;1;0.0000;1;20333.0000;None
10275;21122022 18:00;7;1158;1;1;0.0000;1;20333.0000;None
9349;21122022 17:16;7;1158;1;1;0.0000;1;25148.0000;None
32475;21122022 16:27;7;1158;1;1;0.0000;1;53111.0000;None
32475;21122022 16:27;7;1158;1;1;0.0000;1;53111.0000;None
9349;21122022 16:28;7;1158;1;1;0.0000;1;25148.0000;None
9349;21122022 16:28;7;1158;1;1;0.0000;1;25148.0000;None
9349;21122022 16:28;7;1158;1;1;0.0000;1;25148.0000;None
9349;21122022 16:56;7;1158;1;1;0.0000;1;25148.0000;None
32477;21122022 19:28;7;1158;1;1;0.0000;1;26630.0000;None
32477;21122022 19:43;7;1158;1;1;0.0000;1;26630.0000;None
32477;21122022 19:43;7;1158;1;1;0.0000;1;26630.0000;None
32477;21122022 20:02;7;1158;1;1;0.0000;1;26630.0000;None
32477;21122022 20:02;7;1158;1;1;0.0000;1;26630.0000;None
32477;21122022 19:28;7;1158;1;1;0.0000;1;26630.0000;None
32477;21122022 20:27;7;1158;1;1;0.0000;1;26630.0000;None
30603;21122022 19:30;7;1158;1;1;0.0000;1;13056.0000;None
30603;21122022 19:30;7;1158;1;1;0.0000;1;13056.0000;None
9353;21122022 19:41;7;1158;1;1;0.0000;1;18759.0000;None
9353;21122022 19:41;7;1158;1;1;0.0000;1;18759.0000;None
32475;21122022 16:27;7;1158;1;1;0.0000;1;53111.0000;None
32475;21122022 16:27;7;1158;1;1;0.0000;1;53111.0000;None
32475;21122022 16:27;7;1158;1;1;0.0000;1;53111.0000;None
32475;21122022 16:27;7;1158;1;1;0.0000;1;53111.0000;None
9347;21122022 15:06;7;1158;1;1;0.0000;1;13389.0000;None
32473;21122022 15:23;7;1158;1;1;0.0000;1;18574.0000;None
32473;21122022 14:42;7;1158;1;1;0.0000;1;18574.0000;None
32473;21122022 14:42;7;1158;1;1;0.0000;1;18574.0000;None
9346;21122022 14:46;7;1158;1;1;0.0000;1;13796.0000;None
9346;21122022 14:46;7;1158;1;1;0.0000;1;13796.0000;None
9346;21122022 14:46;7;1158;1;1;0.0000;1;13796.0000;None
9344;21122022 14:30;7;1158;1;1;None;1;39334.0000;None
9344;21122022 14:30;7;1158;1;1;None;1;39334.0000;None
9344;21122022 14:30;7;1158;1;1;None;1;39334.0000;None
9343;21122022 14:18;7;1158;1;1;0.0000;1;26611.0000;None
9343;21122022 14:18;7;1158;1;1;0.0000;1;26611.0000;None
9343;21122022 14:18;7;1158;1;1;0.0000;1;26611.0000;None
9343;21122022 14:18;7;1158;1;1;0.0000;1;26611.0000;None
9343;21122022 14:57;7;1158;1;1;0.0000;1;26611.0000;None
9343;21122022 14:57;7;1158;1;1;0.0000;1;26611.0000;None
32472;21122022 14:24;7;1158;1;1;0.0000;1;11704.0000;None
32472;21122022 14:24;7;1158;1;1;0.0000;1;11704.0000;None
30602;21122022 14:28;7;1158;1;1;0.0000;1;11648.0000;None
9343;21122022 14:18;7;1158;1;1;0.0000;1;26611.0000;None
9343;21122022 14:18;7;1158;1;1;0.0000;1;26611.0000;None
30600;21122022 13:54;7;1158;1;1;0.0000;1;1657.0000;None
32461;21122022 13:06;7;1158;1;1;0.0000;1;27796.0000;None
32461;21122022 13:06;7;1158;1;1;0.0000;1;27796.0000;None
32462;21122022 13:33;7;1158;1;1;0.0000;1;32426.0000;None
32462;21122022 13:33;7;1158;1;1;0.0000;1;32426.0000;None
32462;21122022 13:25;7;1158;1;1;0.0000;1;32426.0000;None
32462;21122022 13:25;7;1158;1;1;0.0000;1;32426.0000;None
9338;21122022 13:32;7;1158;1;1;0.0000;1;27278.0000;None
9338;21122022 13:32;7;1158;1;1;0.0000;1;27278.0000;None
32463;21122022 13:00;7;1158;1;1;0.0000;1;16667.0000;None
32463;21122022 13:00;7;1158;1;1;0.0000;1;16667.0000;None
32463;21122022 13:00;7;1158;1;1;0.0000;1;16667.0000;None
32464;21122022 13:04;7;1158;1;1;0.0000;1;17148.0000;None
32464;21122022 13:04;7;1158;1;1;0.0000;1;17148.0000;None
9336;21122022 13:23;7;1158;1;1;0.0000;1;24111.0000;None
9336;21122022 13:23;7;1158;1;1;0.0000;1;24111.0000;None
9337;21122022 13:18;7;1158;1;1;0.0000;1;21963.0000;None
32467;21122022 13:29;7;1158;1;1;0.0000;1;10000.0000;None
32467;21122022 13:29;7;1158;1;1;0.0000;1;10000.0000;None
32467;21122022 13:45;7;1158;1;1;0.0000;1;10000.0000;None
32467;21122022 13:45;7;1158;1;1;0.0000;1;10000.0000;None
32468;21122022 13:32;7;1158;1;1;0.0000;1;8815.0000;None
9340;21122022 13:44;7;1158;1;1;0.0000;1;None;None
9340;21122022 13:44;7;1158;1;1;0.0000;1;None;None
9340;21122022 13:44;7;1158;1;1;0.0000;1;None;None
9340;21122022 13:44;7;1158;1;1;0.0000;1;None;None
30598;21122022 13:53;7;1158;1;1;0.0000;1;27889.0000;None
30598;21122022 13:53;7;1158;1;1;0.0000;1;27889.0000;None
30598;21122022 13:53;7;1158;1;1;0.0000;1;27889.0000;None
30598;21122022 13:53;7;1158;1;1;0.0000;1;27889.0000;None
32469;21122022 13:44;7;1158;1;1;0.0000;1;17778.0000;None
32469;21122022 13:44;7;1158;1;1;0.0000;1;17778.0000;None
32469;21122022 13:48;7;1158;1;1;0.0000;1;17778.0000;None
32469;21122022 13:48;7;1158;1;1;0.0000;1;17778.0000;None
30599;21122022 14:06;7;1158;1;1;0.0000;1;88093.0000;None
30599;21122022 14:06;7;1158;1;1;0.0000;1;88093.0000;None
30599;21122022 13:47;7;1158;1;1;0.0000;1;88093.0000;None
9365;21122022 21:03;7;1187;1;1;0.0000;1;8148.0000;None
30609;21122022 19:57;7;1207;1;1;0.0000;1;28482.0000;None
30598;21122022 13:28;7;1207;1;1;0.0000;1;27889.0000;None
30598;21122022 15:06;7;1207;1;1;0.0000;1;27889.0000;None
9339;21122022 14:34;7;1207;1;1;0.0000;1;31889.0000;None
32461;21122022 13:12;7;1207;1;1;0.0000;1;27796.0000;None
9341;21122022 14:15;7;1207;1;1;0.0000;1;14333.0000;None
30599;21122022 15:27;7;1207;1;1;0.0000;1;88093.0000;None
9347;21122022 15:35;7;1207;1;1;0.0000;1;13389.0000;None
10270;21122022 15:04;7;1213;1;1;None;1;None;None
10272;21122022 16:18;7;1213;1;1;0.0000;1;None;None
30599;21122022 14:06;7;1213;1;1;0.0000;1;88093.0000;None
10266;21122022 12:53;7;1213;1;1;None;1;None;None
9365;21122022 21:03;7;1213;1;1;0.0000;1;8148.0000;None
9364;21122022 20:38;7;1213;1;1;0.0000;1;40352.0000;None
9364;21122022 20:38;7;1213;1;1;0.0000;1;40352.0000;None
9364;21122022 20:38;7;1213;1;1;0.0000;1;40352.0000;None
30610;21122022 20:28;7;1213;1;1;0.0000;1;11759.0000;None
9362;21122022 20:37;7;1213;1;1;0.0000;1;48778.0000;None
9362;21122022 20:37;7;1213;1;1;0.0000;1;48778.0000;None
32481;21122022 20:53;7;1213;1;1;0.0000;1;19519.0000;None
32481;21122022 21:04;7;1220;1;1;0.0000;1;19519.0000;None
32481;21122022 21:04;7;1220;1;1;0.0000;1;19519.0000;None
9337;21122022 13:45;7;1220;1;1;0.0000;1;21963.0000;None
9334;21122022 12:32;7;1220;1;1;0.0000;1;24963.0000;None
32465;21122022 13:24;7;1245;1;1;0.0000;1;17556.0000;None
32465;21122022 13:24;7;1245;1;1;0.0000;1;17556.0000;None
9339;21122022 13:41;7;1245;1;1;0.0000;1;31889.0000;None
32481;21122022 20:53;7;1245;1;1;0.0000;1;19519.0000;None
9364;21122022 20:38;7;1245;1;1;0.0000;1;40352.0000;None
9364;21122022 20:38;7;1245;1;1;0.0000;1;40352.0000;None
32481;21122022 20:53;7;1245;1;1;0.0000;1;19519.0000;None
9367;21122022 21:32;7;1245;1;1;0.0000;1;16500.0000;None
9359;21122022 20:12;7;1245;1;1;0.0000;1;38352.0000;None
9358;21122022 20:06;7;1245;1;1;0.0000;1;73167.0000;None
32481;21122022 21:04;7;1246;1;1;0.0000;1;19519.0000;None
32481;21122022 21:04;7;1246;1;1;0.0000;1;19519.0000;None
9371;21122022 22:13;7;1303;1;1;0.0000;1;7056.0000;None
9337;21122022 14:43;7;1303;1;1;0.0000;1;21963.0000;None
32465;21122022 13:24;7;2001;1;1;0.0000;1;17556.0000;None
9343;21122022 14:18;7;2001;1;2;0.0000;1;26611.0000;None
30610;21122022 20:19;7;2001;1;1;0.0000;1;11759.0000;None
9365;21122022 20:42;7;2006;1;1;0.0000;1;8148.0000;None
32485;21122022 21:57;7;2006;1;1;0.0000;1;26278.0000;None
30603;21122022 19:17;7;2006;1;1;0.0000;1;13056.0000;None
30599;21122022 13:46;7;2008;1;7;0.0000;1;88093.0000;None
9340;21122022 13:34;7;2008;1;2;0.0000;1;None;None
32480;21122022 20:18;7;2008;1;2;0.0000;1;18500.0000;None
9362;21122022 20:09;7;2008;1;3;0.0000;1;48778.0000;None
9362;21122022 20:09;7;2008;1;3;0.0000;1;48778.0000;None
9358;21122022 20:04;7;2010;1;1;0.0000;1;73167.0000;None
30605;21122022 19:53;7;2018;1;1;0.0000;1;33111.0000;None
30605;21122022 19:38;7;2018;1;1;0.0000;1;33111.0000;None
9334;21122022 12:20;7;2042;1;1;0.0000;1;24963.0000;None
10271;21122022 15:33;7;2049;1;1;0.0000;1;24889.0000;None
30605;21122022 19:50;7;2049;1;1;0.0000;1;33111.0000;None
32480;21122022 21:07;7;2049;1;1;0.0000;1;18500.0000;None
32480;21122022 21:07;7;2049;1;1;0.0000;1;18500.0000;None
32481;21122022 20:51;7;2050;1;1;0.0000;1;19519.0000;None
9368;21122022 21:00;7;2050;1;1;0.0000;1;39389.0000;None
30609;21122022 19:57;7;2050;1;1;0.0000;1;28482.0000;None
9345;21122022 14:38;7;2050;1;1;None;1;14056.0000;None
32472;21122022 14:27;7;2050;1;1;None;1;11704.0000;None
32472;21122022 14:27;7;2050;1;1;None;1;11704.0000;None
9367;21122022 21:31;7;2072;1;1;0.0000;1;16500.0000;None
9371;21122022 21:44;7;2077;1;1;None;1;7056.0000;None
9352;21122022 18:43;8;100482;1;1;0.0000;1;28000.0000;None
9347;21122022 16:28;3;100606;1;1;6800.0000;1;13389.0000;None
9348;21122022 15:08;3;100606;1;1;6800.0000;1;1259.0000;None
9348;21122022 15:08;3;100606;1;1;6800.0000;1;1259.0000;None
32461;21122022 13:12;3;100613;1;1;5800.0000;1;27796.0000;None
32462;21122022 14:16;3;100613;1;1;5800.0000;1;32426.0000;None
9334;21122022 13:02;3;100614;1;1;5800.0000;1;24963.0000;None
9339;21122022 14:34;3;100614;1;1;5800.0000;1;31889.0000;None
30598;21122022 13:28;3;100614;1;1;5800.0000;1;27889.0000;None
30598;21122022 15:06;3;100614;1;1;5800.0000;1;27889.0000;None
9337;21122022 14:23;3;100614;1;2;11600.0000;1;21963.0000;None
9339;21122022 14:34;3;100614;1;1;5800.0000;1;31889.0000;None
9347;21122022 16:50;3;100614;1;1;5800.0000;1;13389.0000;None
9347;21122022 15:35;3;100614;1;1;5800.0000;1;13389.0000;None
9344;21122022 15:34;3;100614;1;1;5800.0000;1;39334.0000;None
9344;21122022 15:34;3;100614;1;1;5800.0000;1;39334.0000;None
9344;21122022 15:34;3;100614;1;1;5800.0000;1;39334.0000;None
9341;21122022 14:15;3;100614;1;1;5800.0000;1;14333.0000;None
30599;21122022 15:27;3;100614;1;1;5800.0000;1;88093.0000;None
30609;21122022 19:57;3;100614;1;1;5800.0000;1;28482.0000;None
9358;21122022 20:57;3;100614;1;1;5800.0000;1;73167.0000;None
9358;21122022 20:57;3;100614;1;1;5800.0000;1;73167.0000;None
9358;21122022 20:57;3;100614;1;1;5800.0000;1;73167.0000;None
9352;21122022 18:43;8;100794;1;1;0.0000;1;28000.0000;None
30598;21122022 13:53;8;100953;1;1;42800.0000;1;27889.0000;None
32470;21122022 14:24;8;100953;1;1;42800.0000;1;15037.0000;None
9353;21122022 18:55;8;100953;1;1;42800.0000;1;18759.0000;None
32477;21122022 20:02;8;100953;1;1;42800.0000;1;26630.0000;None
32471;21122022 14:22;8;100953;1;1;42800.0000;1;18778.0000;None
30601;21122022 14:28;8;100953;1;1;42800.0000;1;11944.0000;None
9344;21122022 14:30;8;100953;1;1;42800.0000;1;39334.0000;None
32473;21122022 14:42;8;100953;1;1;42800.0000;1;18574.0000;None
30609;21122022 19:57;8;100953;1;1;42800.0000;1;28482.0000;None
9368;21122022 21:23;8;100953;1;1;42800.0000;1;39389.0000;None
9371;21122022 21:44;8;100954;1;1;37800.0000;1;7056.0000;None
10294;21122022 19:49;8;100954;1;1;37800.0000;1;None;None
9344;21122022 14:30;8;100954;1;1;37800.0000;1;39334.0000;None
9344;21122022 14:30;8;100990;1;1;66800.0000;1;39334.0000;None
32471;21122022 14:22;8;100990;1;1;66800.0000;1;18778.0000;None
32475;21122022 16:27;8;100990;1;1;66800.0000;1;53111.0000;None
32461;21122022 13:12;3;100999;1;1;5800.0000;1;27796.0000;None
32477;21122022 20:48;1;101011;1;1;22800.0000;1;26630.0000;None
32477;21122022 20:48;1;101011;1;1;22800.0000;1;26630.0000;None
32482;21122022 20:54;1;101011;1;1;22800.0000;1;2111.0000;None
32468;21122022 13:32;8;101026;1;1;31800.0000;1;8815.0000;None
9337;21122022 13:18;8;101026;1;1;31800.0000;1;21963.0000;None
10272;21122022 16:18;8;101026;1;1;31800.0000;1;None;None
32472;21122022 14:24;8;101026;1;1;31800.0000;1;11704.0000;None
9367;21122022 21:32;8;101026;1;1;31800.0000;1;16500.0000;None
9367;21122022 22:07;8;101026;1;-1;-31800.0000;1;16500.0000;None
32484;21122022 21:24;8;101026;1;1;31800.0000;1;19333.0000;None
32475;21122022 16:27;1;101047;1;1;46800.0000;1;53111.0000;None
9347;21122022 16:07;1;101049;1;1;62800.0000;1;13389.0000;None
32461;21122022 13:12;1;101088;1;1;2800.0000;1;27796.0000;None
9345;21122022 14:38;1;101180;1;1;37800.0000;1;14056.0000;None
9339;21122022 14:10;8;101187;1;1;18800.0000;1;31889.0000;None
30598;21122022 13:39;2;101193;1;1;21800.0000;1;27889.0000;None
30598;21122022 13:28;2;101193;1;1;21800.0000;1;27889.0000;None
9347;21122022 16:50;1;101195;1;1;14800.0000;1;13389.0000;None
9344;21122022 15:34;1;101195;1;1;14800.0000;1;39334.0000;None
9342;21122022 14:14;1;101304;1;1;74800.0000;1;None;None
9358;21122022 20:06;1;101304;1;1;74800.0000;1;73167.0000;None
9337;21122022 13:16;1;101318;1;1;35800.0000;1;21963.0000;None
32462;21122022 13:25;1;101318;1;1;35800.0000;1;32426.0000;None
30610;21122022 20:28;1;101318;1;1;35800.0000;1;11759.0000;None
30612;21122022 21:00;1;101321;1;1;26800.0000;1;22648.0000;None
30604;21122022 19:34;1;101323;1;1;28800.0000;1;16500.0000;None
10294;21122022 19:49;1;101323;1;1;28800.0000;1;None;None
30598;21122022 13:53;1;101323;1;1;28800.0000;1;27889.0000;None
9368;21122022 21:23;6;101408;1;1;0.0000;1;39389.0000;None
30605;21122022 21:14;1;101425;1;1;16800.0000;1;33111.0000;None
9344;21122022 14:30;6;101546;1;1;None;1;39334.0000;None
10277;21122022 18:19;6;101546;1;1;None;1;None;None
10277;21122022 18:19;6;101546;1;1;None;1;None;None
10277;21122022 18:19;6;101546;1;1;None;1;None;None
10277;21122022 18:19;6;101546;1;1;None;1;None;None
10277;21122022 18:19;6;101546;1;1;None;1;None;None
10277;21122022 18:19;6;101546;1;1;None;1;None;None
9368;21122022 21:23;6;101546;1;1;0.0000;1;39389.0000;None
30599;21122022 13:47;1;101651;1;1;15800.0000;1;88093.0000;None
9333;21122022 12:07;2;101727;1;1;32800.0000;1;16019.0000;None
30599;21122022 13:47;2;101727;1;1;32800.0000;1;88093.0000;None
30599;21122022 14:17;2;101727;1;1;32800.0000;1;88093.0000;None
9338;21122022 13:54;2;101727;1;1;32800.0000;1;27278.0000;None
9338;21122022 13:24;2;101727;1;1;32800.0000;1;27278.0000;None
30599;21122022 15:05;2;101727;1;1;32800.0000;1;88093.0000;None
30599;21122022 15:13;2;101727;1;1;32800.0000;1;88093.0000;None
9362;21122022 21:27;2;101727;1;1;32800.0000;1;48778.0000;None
9358;21122022 20:04;2;101794;1;1;39800.0000;1;73167.0000;None
9358;21122022 19:31;2;101794;1;1;39800.0000;1;73167.0000;None
10277;21122022 18:19;8;101883;1;1;52800.0000;1;None;None
9338;21122022 13:32;8;101883;1;1;52800.0000;1;27278.0000;None
32469;21122022 13:48;8;101883;1;1;52800.0000;1;17778.0000;None
32476;21122022 20:08;1;101891;1;1;16800.0000;1;13222.0000;None
9357;21122022 20:12;1;101891;1;1;16800.0000;1;23333.0000;None
30606;21122022 20:17;1;101891;1;1;16800.0000;1;13352.0000;None
32462;21122022 13:33;1;101927;1;1;119800.0000;1;32426.0000;None
9334;21122022 12:20;1;101927;1;1;119800.0000;1;24963.0000;None
32461;21122022 12:32;1;101927;1;1;119800.0000;1;27796.0000;None
32464;21122022 13:04;1;101927;1;1;119800.0000;1;17148.0000;None
9364;21122022 20:38;1;101927;1;1;119800.0000;1;40352.0000;None
10304;21122022 23:03;1;101929;1;-1;-16800.0000;1;-26611.0000;None
10304;21122022 23:03;1;101929;1;-1;-16800.0000;1;-26611.0000;None
30599;21122022 14:06;1;101929;1;1;16800.0000;1;88093.0000;None
10267;21122022 13:33;1;101929;1;1;16800.0000;1;2833.0000;None
10277;21122022 18:19;1;101929;1;4;67200.0000;1;None;None
9343;21122022 14:18;1;101929;1;1;16800.0000;1;26611.0000;None
9343;21122022 14:53;1;101929;1;1;16800.0000;1;26611.0000;None
10271;21122022 15:33;1;101929;1;1;16800.0000;1;24889.0000;None
10271;21122022 15:33;1;101929;1;1;16800.0000;1;24889.0000;None
9362;21122022 20:37;8;101970;1;1;119800.0000;1;48778.0000;None
9369;21122022 21:15;8;101971;1;1;46800.0000;1;31537.0000;None
30613;21122022 21:20;8;101971;1;1;46800.0000;1;18759.0000;None
10275;21122022 18:00;8;101971;1;1;46800.0000;1;20333.0000;None
9367;21122022 21:32;8;101992;1;1;31800.0000;1;16500.0000;None
32462;21122022 13:21;8;101996;1;1;15800.0000;1;32426.0000;None
32462;21122022 13:45;8;101996;1;1;15800.0000;1;32426.0000;None
32462;21122022 12:39;8;101996;1;1;15800.0000;1;32426.0000;None
10266;21122022 12:53;8;101996;1;2;31600.0000;1;None;None
32465;21122022 13:24;8;101996;1;1;15800.0000;1;17556.0000;None
10272;21122022 16:18;8;101996;1;2;31600.0000;1;None;None
32473;21122022 14:42;8;101996;1;1;15800.0000;1;18574.0000;None
32481;21122022 20:51;8;101996;1;1;15800.0000;1;19519.0000;None
9364;21122022 20:25;8;101996;1;1;15800.0000;1;40352.0000;None
30609;21122022 19:57;8;101996;1;1;15800.0000;1;28482.0000;None
30609;21122022 20:11;8;101996;1;1;15800.0000;1;28482.0000;None
32485;21122022 21:57;8;101996;1;1;15800.0000;1;26278.0000;None
10266;21122022 12:53;8;102052;1;1;59800.0000;1;None;None
9333;21122022 12:07;8;102052;1;1;59800.0000;1;16019.0000;None
9352;21122022 19:36;3;102102;1;1;9800.0000;1;28000.0000;None
9353;21122022 20:44;3;102112;1;1;4800.0000;1;18759.0000;None
9353;21122022 20:44;3;102112;1;1;4800.0000;1;18759.0000;None
30609;21122022 21:03;3;102112;1;1;4800.0000;1;28482.0000;None
30609;21122022 19:57;3;102112;1;1;4800.0000;1;28482.0000;None
30598;21122022 15:06;3;102117;1;1;4800.0000;1;27889.0000;None
30598;21122022 15:06;3;102117;1;1;4800.0000;1;27889.0000;None
30599;21122022 14:06;1;102142;1;1;9800.0000;1;88093.0000;None
30599;21122022 14:06;8;102143;1;1;3800.0000;1;88093.0000;None
10271;21122022 15:33;8;102143;1;1;3800.0000;1;24889.0000;None
10271;21122022 15:33;8;102143;1;1;3800.0000;1;24889.0000;None
32474;21122022 15:41;8;102143;1;3;11400.0000;1;None;None
32474;21122022 15:41;8;102143;1;5;19000.0000;1;None;None
32474;21122022 15:41;8;102143;1;1;3800.0000;1;None;None
32474;21122022 15:41;8;102143;1;1;3800.0000;1;None;None
32474;21122022 15:41;8;102143;1;1;3800.0000;1;None;None
9343;21122022 15:06;8;102143;1;1;3800.0000;1;26611.0000;None
9343;21122022 14:18;8;102143;1;1;3800.0000;1;26611.0000;None
9364;21122022 20:38;8;102143;1;1;3800.0000;1;40352.0000;None
10304;21122022 23:03;8;102143;1;-1;-3800.0000;1;-26611.0000;None
10304;21122022 23:03;8;102143;1;-1;-3800.0000;1;-26611.0000;None
32461;21122022 13:06;1;102169;1;1;3800.0000;1;27796.0000;None
9367;21122022 21:32;8;102340;1;1;33800.0000;1;16500.0000;None
30613;21122022 21:20;8;102340;1;1;33800.0000;1;18759.0000;None
9342;21122022 14:14;1;102395;1;1;37800.0000;1;None;None
32476;21122022 19:09;1;102395;1;1;37800.0000;1;13222.0000;None
30602;21122022 14:28;1;102447;1;1;16800.0000;1;11648.0000;None
9344;21122022 14:30;1;102447;1;1;16800.0000;1;39334.0000;None
32462;21122022 12:39;1;102447;1;1;16800.0000;1;32426.0000;None
30599;21122022 13:49;1;102447;1;1;16800.0000;1;88093.0000;None
30599;21122022 13:49;1;102447;1;1;16800.0000;1;88093.0000;None
32470;21122022 14:24;1;102447;1;1;16800.0000;1;15037.0000;None
32467;21122022 13:29;1;102457;1;1;17800.0000;1;10000.0000;None
9337;21122022 13:16;1;102457;1;1;17800.0000;1;21963.0000;None
10275;21122022 17:59;1;102457;1;1;17800.0000;1;20333.0000;None
9364;21122022 20:38;1;102457;1;1;17800.0000;1;40352.0000;None
9367;21122022 21:32;1;102458;1;1;18800.0000;1;16500.0000;None
32463;21122022 13:00;1;102458;1;1;18800.0000;1;16667.0000;None
9339;21122022 13:41;1;102458;1;1;18800.0000;1;31889.0000;None
9360;21122022 20:52;1;102535;1;1;19800.0000;1;26278.0000;None
30605;21122022 21:14;1;102535;1;1;19800.0000;1;33111.0000;None
10272;21122022 16:18;8;102540;1;3;101400.0000;1;None;None
9349;21122022 17:16;8;102594;1;1;58800.0000;1;25148.0000;None
9352;21122022 18:43;8;102597;1;1;0.0000;1;28000.0000;None
9368;21122022 21:00;3;102620;1;1;7800.0000;1;39389.0000;None
30598;21122022 13:39;6;102629;1;1;0.0000;1;27889.0000;None
30598;21122022 13:28;6;102629;1;1;0.0000;1;27889.0000;None
32465;21122022 13:24;3;102633;1;1;11800.0000;1;17556.0000;None
9352;21122022 19:01;3;102633;1;1;11800.0000;1;28000.0000;None
10275;21122022 17:59;3;102633;1;1;11800.0000;1;20333.0000;None
10275;21122022 17:59;3;102633;1;1;11800.0000;1;20333.0000;None
10271;21122022 15:33;3;102633;1;1;11800.0000;1;24889.0000;None
10271;21122022 15:33;3;102633;1;1;11800.0000;1;24889.0000;None
10271;21122022 15:33;3;102633;1;1;11800.0000;1;24889.0000;None
9344;21122022 14:30;3;102633;1;1;11800.0000;1;39334.0000;None
9344;21122022 14:30;3;102633;1;1;11800.0000;1;39334.0000;None
9343;21122022 14:18;3;102633;1;2;23600.0000;1;26611.0000;None
32472;21122022 14:25;3;102633;1;1;11800.0000;1;11704.0000;None
9343;21122022 14:34;3;102633;1;1;11800.0000;1;26611.0000;None
32484;21122022 21:24;3;102633;1;1;11800.0000;1;19333.0000;None
32484;21122022 21:24;3;102633;1;1;11800.0000;1;19333.0000;None
30610;21122022 20:19;3;102633;1;1;11800.0000;1;11759.0000;None
10304;21122022 23:03;3;102633;1;-2;-23600.0000;1;-26611.0000;None
10304;21122022 23:03;3;102633;1;-1;-11800.0000;1;-26611.0000;None
30605;21122022 19:53;3;102635;1;1;7800.0000;1;33111.0000;None
30605;21122022 19:38;3;102635;1;1;7800.0000;1;33111.0000;None
30609;21122022 19:57;3;102635;1;1;7800.0000;1;28482.0000;None
9344;21122022 14:30;3;102635;1;1;7800.0000;1;39334.0000;None
9334;21122022 12:20;3;102635;1;1;7800.0000;1;24963.0000;None
32477;21122022 19:10;3;102636;1;1;8800.0000;1;26630.0000;None
32477;21122022 19:19;3;102636;1;1;8800.0000;1;26630.0000;None
32477;21122022 19:19;3;102636;1;1;8800.0000;1;26630.0000;None
30604;21122022 19:26;3;102637;1;1;9800.0000;1;16500.0000;None
32481;21122022 21:05;3;102637;1;1;9800.0000;1;19519.0000;None
32477;21122022 19:31;3;102643;1;1;13800.0000;1;26630.0000;None
9358;21122022 19:31;3;102643;1;1;13800.0000;1;73167.0000;None
9358;21122022 19:50;3;102643;1;1;13800.0000;1;73167.0000;None
9342;21122022 14:14;3;102663;1;1;10800.0000;1;None;None
32468;21122022 13:32;3;102663;1;1;10800.0000;1;8815.0000;None
9338;21122022 13:32;8;102691;1;1;59800.0000;1;27278.0000;None
10266;21122022 12:53;8;102691;1;1;59800.0000;1;None;None
30603;21122022 19:30;8;102691;1;1;59800.0000;1;13056.0000;None
30607;21122022 19:45;8;102691;1;1;59800.0000;1;27908.0000;None
9361;21122022 21:32;8;102691;1;1;59800.0000;1;25333.0000;None
32484;21122022 21:24;8;102691;1;1;59800.0000;1;19333.0000;None
10303;21122022 21:40;8;102691;1;1;59800.0000;1;9667.0000;None
30611;21122022 20:25;8;102692;1;1;33800.0000;1;10741.0000;None
9359;21122022 20:12;8;102692;1;1;33800.0000;1;38352.0000;None
32462;21122022 13:14;8;102696;1;1;13800.0000;1;32426.0000;None
9362;21122022 20:37;8;102696;1;1;13800.0000;1;48778.0000;None
9369;21122022 21:15;2;102706;1;1;39800.0000;1;31537.0000;None
32467;21122022 13:29;3;102747;1;1;4800.0000;1;10000.0000;None
30603;21122022 19:17;3;102747;1;1;4800.0000;1;13056.0000;None
30599;21122022 14:57;3;102747;1;1;4800.0000;1;88093.0000;None
9371;21122022 21:44;3;102747;1;1;4800.0000;1;7056.0000;None
9367;21122022 20:56;3;102747;1;1;4800.0000;1;16500.0000;None
9367;21122022 21:31;3;102747;1;1;4800.0000;1;16500.0000;None
9365;21122022 20:42;3;102747;1;1;4800.0000;1;8148.0000;None
9359;21122022 20:12;3;102747;1;1;4800.0000;1;38352.0000;None
32485;21122022 21:57;3;102747;1;1;4800.0000;1;26278.0000;None
30604;21122022 19:26;3;102748;1;1;14800.0000;1;16500.0000;None
30604;21122022 19:26;3;102748;1;1;14800.0000;1;16500.0000;None
30604;21122022 19:26;3;102748;1;1;14800.0000;1;16500.0000;None
9361;21122022 21:15;3;102748;1;1;14800.0000;1;25333.0000;None
9342;21122022 14:14;3;102748;1;1;14800.0000;1;None;None
30601;21122022 14:16;3;102748;1;1;14800.0000;1;11944.0000;None
9352;21122022 18:34;3;102748;1;1;14800.0000;1;28000.0000;None
32468;21122022 13:32;3;102748;1;1;14800.0000;1;8815.0000;None
32465;21122022 13:24;3;102748;1;1;14800.0000;1;17556.0000;None
32465;21122022 13:37;3;102748;1;1;14800.0000;1;17556.0000;None
32476;21122022 19:09;3;102749;1;1;5800.0000;1;13222.0000;None
30604;21122022 19:26;3;102749;1;1;5800.0000;1;16500.0000;None
9359;21122022 19:41;3;102751;1;1;8800.0000;1;38352.0000;None
32476;21122022 18:32;3;102751;1;1;8800.0000;1;13222.0000;None
9369;21122022 21:15;2;102775;1;1;44800.0000;1;31537.0000;None
32480;21122022 20:18;8;102778;1;1;19800.0000;1;18500.0000;None
32479;21122022 19:50;8;102790;1;1;35800.0000;1;None;None
32471;21122022 14:22;8;102790;1;1;35800.0000;1;18778.0000;None
30600;21122022 13:54;8;102790;1;1;35800.0000;1;1657.0000;None
9340;21122022 13:44;8;102790;1;1;35800.0000;1;None;None
30598;21122022 13:53;8;102797;1;1;54800.0000;1;27889.0000;None
30599;21122022 14:06;8;102797;1;1;54800.0000;1;88093.0000;None
10272;21122022 16:18;8;102797;1;1;54800.0000;1;None;None
9349;21122022 16:56;8;102797;1;1;54800.0000;1;25148.0000;None
10272;21122022 16:18;8;102800;1;1;53800.0000;1;None;None
32464;21122022 13:04;8;102800;1;1;53800.0000;1;17148.0000;None
9359;21122022 20:12;8;102800;1;1;53800.0000;1;38352.0000;None
32480;21122022 20:18;8;102800;1;1;53800.0000;1;18500.0000;None
9357;21122022 19:24;8;102823;1;1;49800.0000;1;23333.0000;None
10271;21122022 15:33;1;102824;1;1;45800.0000;1;24889.0000;None
9343;21122022 14:18;1;102824;1;1;45800.0000;1;26611.0000;None
10304;21122022 23:03;1;102824;1;-1;-45800.0000;1;-26611.0000;None
32465;21122022 13:24;1;102842;1;1;76800.0000;1;17556.0000;None
30613;21122022 21:20;8;102850;1;1;42800.0000;1;18759.0000;None
9352;21122022 19:36;1;102908;1;1;5200.0000;1;28000.0000;None
9352;21122022 19:36;1;102910;1;1;5200.0000;1;28000.0000;None
9353;21122022 20:11;1;102925;1;1;12800.0000;1;18759.0000;None
9353;21122022 20:24;1;102925;1;1;12800.0000;1;18759.0000;None
32472;21122022 14:24;1;102925;1;1;12800.0000;1;11704.0000;None
32475;21122022 16:27;1;102925;1;1;12800.0000;1;53111.0000;None
32475;21122022 16:27;1;102925;1;1;12800.0000;1;53111.0000;None
32475;21122022 16:27;1;102925;1;1;12800.0000;1;53111.0000;None
32475;21122022 16:27;1;102925;1;1;12800.0000;1;53111.0000;None
10294;21122022 19:49;1;102925;1;2;25600.0000;1;None;None
9361;21122022 20:15;1;102925;1;1;12800.0000;1;25333.0000;None
9361;21122022 20:15;1;102925;1;1;12800.0000;1;25333.0000;None
9368;21122022 21:23;1;102927;1;1;64800.0000;1;39389.0000;None
9344;21122022 14:30;1;102927;1;1;64800.0000;1;39334.0000;None
10277;21122022 18:19;1;102927;1;2;129600.0000;1;None;None
30599;21122022 14:06;1;102927;1;1;64800.0000;1;88093.0000;None
30608;21122022 19:48;2;102933;1;1;25800.0000;1;13241.0000;None
30599;21122022 14:26;2;102979;1;1;27800.0000;1;88093.0000;None
30599;21122022 13:47;2;102979;1;1;27800.0000;1;88093.0000;None
30599;21122022 13:47;2;102979;1;1;27800.0000;1;88093.0000;None
30599;21122022 14:33;2;102979;1;1;27800.0000;1;88093.0000;None
9352;21122022 18:43;8;102983;1;1;0.0000;1;28000.0000;None
9352;21122022 18:43;8;102985;1;1;0.0000;1;28000.0000;None
10272;21122022 16:18;8;102986;1;1;11800.0000;1;None;None
10266;21122022 12:53;8;102986;1;1;11800.0000;1;None;None
9334;21122022 13:10;8;102986;1;1;11800.0000;1;24963.0000;None
32479;21122022 19:50;8;102986;1;1;11800.0000;1;None;None
9352;21122022 18:43;8;102987;1;1;245800.0000;1;28000.0000;None
10278;21122022 18:50;8;102988;1;3;104400.0000;1;21426.0000;None
32475;21122022 16:27;8;102988;1;1;34800.0000;1;53111.0000;None
32475;21122022 16:27;8;102988;1;1;34800.0000;1;53111.0000;None
32461;21122022 12:29;8;102988;1;1;34800.0000;1;27796.0000;None
10266;21122022 12:53;8;102988;1;1;34800.0000;1;None;None
32479;21122022 19:50;8;102988;1;1;34800.0000;1;None;None
9360;21122022 20:39;8;102988;1;1;34800.0000;1;26278.0000;None
9362;21122022 20:09;8;102988;1;1;34800.0000;1;48778.0000;None
9362;21122022 21:47;8;102988;1;1;34800.0000;1;48778.0000;None
9364;21122022 20:38;8;102988;1;1;34800.0000;1;40352.0000;None
32485;21122022 21:57;8;102988;1;1;34800.0000;1;26278.0000;None
9360;21122022 20:39;8;102989;1;1;10800.0000;1;26278.0000;None
10266;21122022 12:53;8;102992;1;1;39800.0000;1;None;None
9360;21122022 20:39;8;102992;1;1;39800.0000;1;26278.0000;None
9361;21122022 20:46;8;102992;1;1;39800.0000;1;25333.0000;None
32485;21122022 21:57;8;102993;1;1;8800.0000;1;26278.0000;None
9334;21122022 13:10;8;102994;1;1;8800.0000;1;24963.0000;None
9334;21122022 13:10;8;102995;1;1;16800.0000;1;24963.0000;None
32461;21122022 12:29;8;102995;1;1;16800.0000;1;27796.0000;None
10266;21122022 12:53;8;102995;1;1;16800.0000;1;None;None
9353;21122022 19:41;8;102995;1;1;16800.0000;1;18759.0000;None
32472;21122022 14:24;8;102995;1;1;16800.0000;1;11704.0000;None
9361;21122022 20:46;8;102995;1;1;16800.0000;1;25333.0000;None
9362;21122022 20:09;8;102995;1;1;16800.0000;1;48778.0000;None
32479;21122022 19:50;8;102995;1;1;16800.0000;1;None;None
32479;21122022 19:50;8;102997;1;1;10800.0000;1;None;None
9362;21122022 20:09;8;102997;1;1;10800.0000;1;48778.0000;None
9361;21122022 20:46;8;102997;1;1;10800.0000;1;25333.0000;None
9364;21122022 20:38;8;102997;1;2;21600.0000;1;40352.0000;None
10303;21122022 21:40;8;102997;1;1;10800.0000;1;9667.0000;None
10304;21122022 23:03;8;102997;1;-4;-43200.0000;1;-26611.0000;None
10304;21122022 23:03;8;102997;1;-3;-32400.0000;1;-26611.0000;None
32472;21122022 14:24;8;102997;1;1;10800.0000;1;11704.0000;None
9343;21122022 14:57;8;102997;1;1;10800.0000;1;26611.0000;None
9343;21122022 14:57;8;102997;1;1;10800.0000;1;26611.0000;None
9343;21122022 14:57;8;102997;1;1;10800.0000;1;26611.0000;None
9343;21122022 14:18;8;102997;1;1;10800.0000;1;26611.0000;None
9343;21122022 14:18;8;102997;1;1;10800.0000;1;26611.0000;None
9343;21122022 14:18;8;102997;1;1;10800.0000;1;26611.0000;None
9343;21122022 14:18;8;102997;1;1;10800.0000;1;26611.0000;None
10272;21122022 16:18;8;102997;1;9;97200.0000;1;None;None
32475;21122022 16:27;8;102997;1;1;10800.0000;1;53111.0000;None
32475;21122022 16:27;8;102997;1;1;10800.0000;1;53111.0000;None
10271;21122022 15:33;8;102997;1;7;75600.0000;1;24889.0000;None
9353;21122022 19:41;8;102997;1;1;10800.0000;1;18759.0000;None
10274;21122022 18:03;8;102997;1;1;10800.0000;1;None;None
10266;21122022 12:53;8;102997;1;1;10800.0000;1;None;None
9334;21122022 13:10;8;102997;1;1;10800.0000;1;24963.0000;None
10266;21122022 12:53;8;102999;1;1;17800.0000;1;None;None
10274;21122022 18:03;8;103002;1;1;16800.0000;1;None;None
10272;21122022 16:18;8;103002;1;1;16800.0000;1;None;None
32472;21122022 14:24;8;103002;1;1;16800.0000;1;11704.0000;None
9360;21122022 20:39;8;103002;1;1;16800.0000;1;26278.0000;None
9352;21122022 18:43;8;103012;1;1;0.0000;1;28000.0000;None
9352;21122022 18:43;8;103012;1;1;0.0000;1;28000.0000;None
9352;21122022 18:43;8;103014;1;1;0.0000;1;28000.0000;None
9352;21122022 18:43;8;103014;1;1;0.0000;1;28000.0000;None
9357;21122022 19:24;8;103018;1;1;36800.0000;1;23333.0000;None
9365;21122022 21:03;8;103019;1;1;31800.0000;1;8148.0000;None
32463;21122022 13:00;8;103023;1;1;47800.0000;1;16667.0000;None
32463;21122022 13:00;8;103023;1;1;47800.0000;1;16667.0000;None
10266;21122022 12:53;8;103023;1;1;47800.0000;1;None;None
9336;21122022 13:23;8;103023;1;1;47800.0000;1;24111.0000;None
9339;21122022 13:41;8;103023;1;1;47800.0000;1;31889.0000;None
9341;21122022 13:48;8;103023;1;1;47800.0000;1;14333.0000;None
10270;21122022 15:04;8;103023;1;4;191200.0000;1;None;None
32481;21122022 20:53;8;103023;1;1;47800.0000;1;19519.0000;None
32480;21122022 20:18;8;103023;1;1;47800.0000;1;18500.0000;None
30608;21122022 19:48;8;103023;1;1;47800.0000;1;13241.0000;None
9368;21122022 21:23;1;103025;1;1;69800.0000;1;39389.0000;None
9370;21122022 21:39;8;103028;1;1;49800.0000;1;10611.0000;None
30608;21122022 19:48;8;103028;1;1;49800.0000;1;13241.0000;None
30609;21122022 19:57;8;103028;1;1;49800.0000;1;28482.0000;None
32475;21122022 16:27;1;103058;1;1;32800.0000;1;53111.0000;None
9345;21122022 14:38;1;103073;1;1;32800.0000;1;14056.0000;None
10303;21122022 21:40;8;103165;1;1;33800.0000;1;9667.0000;None
32485;21122022 21:57;8;103165;1;1;33800.0000;1;26278.0000;None
32475;21122022 16:27;1;103519;1;1;76800.0000;1;53111.0000;None
30607;21122022 19:45;1;103519;1;1;76800.0000;1;27908.0000;None
10274;21122022 18:03;8;103539;1;3;98400.0000;1;None;None
9346;21122022 14:46;8;103539;1;1;32800.0000;1;13796.0000;None
10272;21122022 16:18;8;103539;1;1;32800.0000;1;None;None
9339;21122022 13:41;8;103539;1;1;32800.0000;1;31889.0000;None
30611;21122022 20:25;8;103539;1;1;32800.0000;1;10741.0000;None
30610;21122022 20:28;8;103539;1;1;32800.0000;1;11759.0000;None
30604;21122022 19:34;8;103544;1;1;23800.0000;1;16500.0000;None
10275;21122022 18:00;8;103547;1;1;67800.0000;1;20333.0000;None
30605;21122022 20:15;8;103547;1;1;67800.0000;1;33111.0000;None
30606;21122022 19:35;8;103547;1;1;67800.0000;1;13352.0000;None
9369;21122022 21:19;8;103547;1;1;67800.0000;1;31537.0000;None
10275;21122022 18:00;8;103548;1;1;54800.0000;1;20333.0000;None
30602;21122022 14:28;8;103591;1;1;27800.0000;1;11648.0000;None
30613;21122022 21:20;8;103591;1;1;27800.0000;1;18759.0000;None
9339;21122022 13:41;1;103596;1;1;72800.0000;1;31889.0000;None
9358;21122022 20:06;1;103596;1;1;72800.0000;1;73167.0000;None
10270;21122022 15:04;1;103612;1;10;158000.0000;1;None;None
9347;21122022 15:06;8;103615;1;1;37800.0000;1;13389.0000;None
32473;21122022 15:23;8;103615;1;1;37800.0000;1;18574.0000;None
9344;21122022 15:03;8;103615;1;1;37800.0000;1;39334.0000;None
10274;21122022 18:03;8;103615;1;1;37800.0000;1;None;None
10274;21122022 18:03;8;103615;1;1;37800.0000;1;None;None
9349;21122022 16:28;8;103615;1;1;37800.0000;1;25148.0000;None
10278;21122022 18:50;8;103615;1;1;37800.0000;1;21426.0000;None
9353;21122022 18:55;8;103615;1;1;37800.0000;1;18759.0000;None
9335;21122022 12:41;8;103615;1;1;37800.0000;1;7982.0000;None
32463;21122022 13:00;8;103615;1;1;37800.0000;1;16667.0000;None
32469;21122022 13:48;8;103615;1;1;37800.0000;1;17778.0000;None
9340;21122022 13:44;8;103615;1;1;37800.0000;1;None;None
32468;21122022 13:32;8;103615;1;1;37800.0000;1;8815.0000;None
32467;21122022 13:45;8;103615;1;1;37800.0000;1;10000.0000;None
32461;21122022 12:29;8;103615;1;1;37800.0000;1;27796.0000;None
9358;21122022 19:31;8;103615;1;1;37800.0000;1;73167.0000;None
9361;21122022 20:15;8;103615;1;1;37800.0000;1;25333.0000;None
10302;21122022 21:22;8;103615;1;1;37800.0000;1;3500.0000;None
9367;21122022 21:32;8;103615;1;1;37800.0000;1;16500.0000;None
9366;21122022 20:51;8;103615;1;1;37800.0000;1;7000.0000;None
30611;21122022 20:25;8;103615;1;1;37800.0000;1;10741.0000;None
10301;21122022 20:18;8;103615;1;1;37800.0000;1;11185.0000;None
32485;21122022 21:57;8;103615;1;1;37800.0000;1;26278.0000;None
32486;21122022 22:29;8;103615;1;1;37800.0000;1;5593.0000;None
30609;21122022 19:57;8;103687;1;1;85800.0000;1;28482.0000;None
9360;21122022 20:39;8;103690;1;1;39800.0000;1;26278.0000;None
9360;21122022 20:39;8;103690;1;1;39800.0000;1;26278.0000;None
9360;21122022 20:39;8;103690;1;1;39800.0000;1;26278.0000;None
10294;21122022 19:49;8;103690;1;1;39800.0000;1;None;None
9364;21122022 20:38;8;103690;1;1;39800.0000;1;40352.0000;None
10277;21122022 18:19;8;103690;1;1;39800.0000;1;None;None
10277;21122022 18:19;8;103690;1;1;39800.0000;1;None;None
10277;21122022 18:19;8;103690;1;1;39800.0000;1;None;None
9360;21122022 20:39;8;103691;1;1;0.0000;1;26278.0000;None
9337;21122022 13:18;1;103714;1;1;56800.0000;1;21963.0000;None
32480;21122022 20:18;1;103730;1;1;20800.0000;1;18500.0000;None
9336;21122022 13:56;1;103780;1;1;16800.0000;1;24111.0000;None
30598;21122022 15:06;1;103780;1;1;16800.0000;1;27889.0000;None
32472;21122022 14:45;1;103780;1;1;16800.0000;1;11704.0000;None
32481;21122022 20:53;1;103864;1;1;79800.0000;1;19519.0000;None
9333;21122022 12:07;8;103866;1;1;28800.0000;1;16019.0000;None
9335;21122022 12:41;8;103866;1;1;28800.0000;1;7982.0000;None
10266;21122022 12:53;8;103867;1;1;27800.0000;1;None;None
32463;21122022 13:00;8;103867;1;1;27800.0000;1;16667.0000;None
32465;21122022 13:24;8;103867;1;1;27800.0000;1;17556.0000;None
32465;21122022 13:24;8;103867;1;1;27800.0000;1;17556.0000;None
32470;21122022 14:24;8;103867;1;1;27800.0000;1;15037.0000;None
30599;21122022 13:47;8;103867;1;1;27800.0000;1;88093.0000;None
30599;21122022 14:06;8;103867;1;1;27800.0000;1;88093.0000;None
30599;21122022 14:06;8;103867;1;1;27800.0000;1;88093.0000;None
30601;21122022 14:28;8;103867;1;1;27800.0000;1;11944.0000;None
9346;21122022 14:46;8;103867;1;1;27800.0000;1;13796.0000;None
10270;21122022 15:04;8;103867;1;4;111200.0000;1;None;None
32475;21122022 16:27;8;103867;1;1;27800.0000;1;53111.0000;None
10277;21122022 18:19;8;103867;1;2;55600.0000;1;None;None
30603;21122022 19:30;8;103867;1;1;27800.0000;1;13056.0000;None
32478;21122022 19:11;8;103867;1;1;27800.0000;1;None;None
32477;21122022 20:02;8;103867;1;1;27800.0000;1;26630.0000;None
32477;21122022 19:28;8;103867;1;1;27800.0000;1;26630.0000;None
32477;21122022 19:28;8;103867;1;1;27800.0000;1;26630.0000;None
32483;21122022 20:56;8;103867;1;1;27800.0000;1;2574.0000;None
30612;21122022 21:00;8;103867;1;1;27800.0000;1;22648.0000;None
9371;21122022 21:44;8;103867;1;1;27800.0000;1;7056.0000;None
9369;21122022 21:47;8;103867;1;1;27800.0000;1;31537.0000;None
9360;21122022 20:39;8;103867;1;1;27800.0000;1;26278.0000;None
9361;21122022 21:32;8;103867;1;1;27800.0000;1;25333.0000;None
30604;21122022 19:34;8;103867;1;1;27800.0000;1;16500.0000;None
32462;21122022 14:16;3;103912;1;1;6800.0000;1;32426.0000;None
30605;21122022 19:50;3;103912;1;1;6800.0000;1;33111.0000;None
9365;21122022 21:50;3;103912;1;1;6800.0000;1;8148.0000;None
9365;21122022 20:42;3;103912;1;1;6800.0000;1;8148.0000;None
9338;21122022 13:32;1;103940;1;1;72800.0000;1;27278.0000;None
32474;21122022 15:41;1;103944;1;1;20800.0000;1;None;None
9358;21122022 20:06;1;103980;1;1;89800.0000;1;73167.0000;None
32486;21122022 22:47;1;104004;1;1;16800.0000;1;5593.0000;None
32461;21122022 13:12;1;104004;1;1;16800.0000;1;27796.0000;None
32470;21122022 15:17;1;104004;1;1;16800.0000;1;15037.0000;None
9340;21122022 14:21;1;104004;1;1;16800.0000;1;None;None
30599;21122022 14:06;8;104200;1;1;15800.0000;1;88093.0000;None
30599;21122022 14:06;1;104211;1;1;25800.0000;1;88093.0000;None
9359;21122022 20:12;1;104215;1;1;18800.0000;1;38352.0000;None
9357;21122022 19:24;2;104234;1;1;36800.0000;1;23333.0000;None
9368;21122022 21:00;2;104234;1;1;36800.0000;1;39389.0000;None
9368;21122022 22:08;2;104234;1;1;36800.0000;1;39389.0000;None
9368;21122022 21:07;2;104234;1;1;36800.0000;1;39389.0000;None
9368;21122022 21:07;2;104234;1;1;36800.0000;1;39389.0000;None
9334;21122022 12:20;1;104256;1;1;28800.0000;1;24963.0000;None
10267;21122022 13:33;8;104259;1;1;13800.0000;1;2833.0000;None
10276;21122022 18:11;8;104259;1;2;27600.0000;1;None;None
32469;21122022 13:44;8;104298;1;4;71200.0000;1;17778.0000;None
9337;21122022 13:16;1;104308;1;1;68800.0000;1;21963.0000;None
9358;21122022 19:31;1;104308;1;1;68800.0000;1;73167.0000;None
9336;21122022 13:23;8;104655;1;1;37800.0000;1;24111.0000;None
10266;21122022 12:53;8;104655;1;1;37800.0000;1;None;None
9338;21122022 13:32;8;104655;1;1;37800.0000;1;27278.0000;None
30599;21122022 14:06;8;104655;1;1;37800.0000;1;88093.0000;None
32467;21122022 13:45;8;104655;1;1;37800.0000;1;10000.0000;None
30603;21122022 19:30;8;104655;1;1;37800.0000;1;13056.0000;None
10270;21122022 15:04;8;104655;1;4;151200.0000;1;None;None
32473;21122022 14:42;8;104655;1;1;37800.0000;1;18574.0000;None
30601;21122022 14:28;8;104655;1;1;37800.0000;1;11944.0000;None
30602;21122022 15:00;8;104655;1;1;37800.0000;1;11648.0000;None
9344;21122022 14:30;8;104655;1;1;37800.0000;1;39334.0000;None
9358;21122022 20:06;8;104655;1;1;37800.0000;1;73167.0000;None
30604;21122022 19:34;8;104655;1;1;37800.0000;1;16500.0000;None
10294;21122022 19:49;8;104655;1;1;37800.0000;1;None;None
30612;21122022 21:39;8;104655;1;1;37800.0000;1;22648.0000;None
30612;21122022 21:00;8;104655;1;1;37800.0000;1;22648.0000;None
9366;21122022 20:51;8;104655;1;1;37800.0000;1;7000.0000;None
9369;21122022 21:47;8;104655;1;1;37800.0000;1;31537.0000;None
32484;21122022 21:24;8;104655;1;1;37800.0000;1;19333.0000;None
9365;21122022 21:03;8;104655;1;1;37800.0000;1;8148.0000;None
30610;21122022 20:28;8;104655;1;1;37800.0000;1;11759.0000;None
10301;21122022 20:18;8;104655;1;1;37800.0000;1;11185.0000;None
32475;21122022 16:27;1;104766;1;1;16800.0000;1;53111.0000;None
9339;21122022 13:41;1;105010;2;1;0.0000;1;31889.0000;None
9340;21122022 13:44;1;105023;1;1;55800.0000;1;None;None
30599;21122022 13:49;1;105023;1;1;55800.0000;1;88093.0000;None
32477;21122022 20:27;1;105023;1;1;55800.0000;1;26630.0000;None
32484;21122022 21:24;1;105023;1;1;55800.0000;1;19333.0000;None
9368;21122022 21:09;1;105023;1;1;55800.0000;1;39389.0000;None
30598;21122022 15:06;6;105082;1;1;2000.0000;1;27889.0000;None
30599;21122022 14:06;6;105090;1;1;0.0000;1;88093.0000;None
9344;21122022 14:30;6;105090;1;1;None;1;39334.0000;None
9343;21122022 14:44;1;105197;1;1;9800.0000;1;26611.0000;None
9343;21122022 14:53;1;105197;1;1;9800.0000;1;26611.0000;None
9334;21122022 12:20;1;105197;1;1;9800.0000;1;24963.0000;None
9364;21122022 20:38;1;105197;1;1;9800.0000;1;40352.0000;None
10304;21122022 23:03;1;105197;1;-2;-19600.0000;1;-26611.0000;None
9336;21122022 13:05;1;105239;1;1;46800.0000;1;24111.0000;None
32475;21122022 16:27;8;105424;1;1;58800.0000;1;53111.0000;None
10277;21122022 18:19;8;105424;1;1;58800.0000;1;None;None
30607;21122022 19:45;8;105424;1;1;58800.0000;1;27908.0000;None
9334;21122022 13:10;8;105434;1;1;38800.0000;1;24963.0000;None
30602;21122022 15:00;8;105438;1;1;27800.0000;1;11648.0000;None
30613;21122022 21:20;8;105457;1;1;21800.0000;1;18759.0000;None
10277;21122022 18:19;8;105472;1;2;139600.0000;1;None;None
30605;21122022 20:15;8;105472;1;1;69800.0000;1;33111.0000;None
10277;21122022 18:19;6;105509;1;1;None;1;None;None
10277;21122022 18:19;6;105509;1;1;None;1;None;None
10277;21122022 18:19;6;105509;1;1;None;1;None;None
10277;21122022 18:19;6;105509;1;1;None;1;None;None
10277;21122022 18:19;6;105509;1;1;None;1;None;None
10277;21122022 18:19;6;105509;1;1;None;1;None;None
9344;21122022 14:30;6;105509;1;1;None;1;39334.0000;None
30599;21122022 14:06;6;105509;1;1;0.0000;1;88093.0000;None
30599;21122022 14:06;6;105509;1;1;0.0000;1;88093.0000;None
9368;21122022 21:23;6;105509;1;1;0.0000;1;39389.0000;None
9358;21122022 19:31;6;105520;1;1;0.0000;1;73167.0000;None
9351;21122022 19:19;6;105520;1;1;0.0000;1;43111.0000;None
9351;21122022 22:16;6;105520;1;1;0.0000;1;43111.0000;None
9351;21122022 21:42;6;105520;1;1;0.0000;1;43111.0000;None
9351;21122022 22:16;6;105520;1;1;0.0000;1;43111.0000;None
9351;21122022 20:31;6;105520;1;1;None;1;43111.0000;None
9351;21122022 20:31;6;105520;1;1;None;1;43111.0000;None
9351;21122022 21:42;6;105520;1;1;0.0000;1;43111.0000;None
30612;21122022 21:00;6;105631;1;1;0.0000;1;22648.0000;None
30611;21122022 20:19;6;105636;1;2;0.0000;1;10741.0000;None
30605;21122022 19:38;6;105636;1;1;0.0000;1;33111.0000;None
30609;21122022 19:57;6;105636;1;1;0.0000;1;28482.0000;None
9349;21122022 16:24;6;105636;1;1;0.0000;1;25148.0000;None
30603;21122022 19:17;6;105636;1;1;0.0000;1;13056.0000;None
9344;21122022 14:30;6;105636;1;1;None;1;39334.0000;None
32471;21122022 14:07;6;105636;1;2;0.0000;1;18778.0000;None
9345;21122022 14:38;6;105636;1;1;None;1;14056.0000;None
32473;21122022 14:42;6;105636;1;1;0.0000;1;18574.0000;None
32469;21122022 14:03;6;105636;1;1;0.0000;1;17778.0000;None
30599;21122022 13:46;6;105636;1;7;0.0000;1;88093.0000;None
30598;21122022 14:27;6;105636;1;2;0.0000;1;27889.0000;None
32467;21122022 13:29;6;105636;1;1;0.0000;1;10000.0000;None
9340;21122022 13:34;6;105636;1;2;0.0000;1;None;None
9335;21122022 12:41;6;105636;1;1;0.0000;1;7982.0000;None
9352;21122022 18:43;8;105728;1;1;0.0000;1;28000.0000;None
10277;21122022 18:19;8;105731;1;1;None;1;None;None
10277;21122022 18:19;8;105731;1;1;None;1;None;None
10277;21122022 18:19;8;105731;1;1;None;1;None;None
10294;21122022 19:49;8;105731;1;1;0.0000;1;None;None
9360;21122022 20:39;8;105731;1;1;0.0000;1;26278.0000;None
9364;21122022 20:38;8;105731;1;1;0.0000;1;40352.0000;None
9358;21122022 20:04;3;105735;1;1;0.0000;1;73167.0000;None
9351;21122022 21:09;3;105735;1;1;0.0000;1;43111.0000;None
9351;21122022 19:50;3;105735;1;1;0.0000;1;43111.0000;None
9351;21122022 18:21;3;105735;1;1;0.0000;1;43111.0000;None
9351;21122022 18:53;3;105735;1;1;0.0000;1;43111.0000;None
9360;21122022 20:39;8;105752;1;1;0.0000;1;26278.0000;None
30599;21122022 15:13;2;105805;1;1;32800.0000;1;88093.0000;None
30599;21122022 15:13;2;105805;1;1;32800.0000;1;88093.0000;None
30599;21122022 14:26;2;105805;1;1;32800.0000;1;88093.0000;None
30599;21122022 13:49;2;105805;1;1;32800.0000;1;88093.0000;None
30599;21122022 13:49;2;105805;1;1;32800.0000;1;88093.0000;None
32475;21122022 16:27;8;106077;1;1;32800.0000;1;53111.0000;None
10278;21122022 18:50;8;106077;1;1;32800.0000;1;21426.0000;None
32479;21122022 19:50;8;106077;1;1;32800.0000;1;None;None
30609;21122022 19:57;8;106077;1;1;32800.0000;1;28482.0000;None
30609;21122022 20:41;8;106077;1;1;32800.0000;1;28482.0000;None
9367;21122022 22:04;8;106077;1;1;32800.0000;1;16500.0000;None
9358;21122022 20:06;1;106337;1;1;0.0000;1;73167.0000;None
9358;21122022 20:06;1;106337;2;1;0.0000;1;73167.0000;None
9339;21122022 13:41;1;106337;2;1;0.0000;1;31889.0000;None
32473;21122022 15:23;8;106491;1;1;46800.0000;1;18574.0000;None
9341;21122022 13:48;8;106491;1;1;46800.0000;1;14333.0000;None
9344;21122022 14:30;8;106491;1;1;46800.0000;1;39334.0000;None
30606;21122022 19:35;8;106491;1;1;46800.0000;1;13352.0000;None
9358;21122022 20:06;8;106491;1;1;46800.0000;1;73167.0000;None
9343;21122022 14:18;1;106691;1;1;15600.0000;1;26611.0000;None
10271;21122022 15:33;1;106691;1;1;15600.0000;1;24889.0000;None
10304;21122022 23:03;1;106691;1;-1;-15600.0000;1;-26611.0000;None
9352;21122022 18:43;8;106860;1;1;0.0000;1;28000.0000;None
9352;21122022 18:43;8;106860;1;1;0.0000;1;28000.0000;None
9352;21122022 18:43;8;106860;1;1;0.0000;1;28000.0000;None
32475;21122022 16:27;1;106922;1;1;0.0000;1;53111.0000;None
32475;21122022 16:27;1;106922;2;1;0.0000;1;53111.0000;None
32475;21122022 16:27;1;106922;1;1;0.0000;1;53111.0000;None
32475;21122022 16:27;1;106922;2;1;0.0000;1;53111.0000;None
32475;21122022 16:27;1;106922;2;1;0.0000;1;53111.0000;None
30607;21122022 19:45;1;106922;2;1;0.0000;1;27908.0000;None
30607;21122022 19:45;1;106922;2;1;0.0000;1;27908.0000;None
30612;21122022 21:00;1;106922;2;1;0.0000;1;22648.0000;None
9368;21122022 21:23;1;106922;2;1;0.0000;1;39389.0000;None
32481;21122022 20:53;1;106922;1;1;0.0000;1;19519.0000;None
32481;21122022 20:53;1;106922;2;1;0.0000;1;19519.0000;None
32471;21122022 14:22;8;107043;1;1;37800.0000;1;18778.0000;None
9341;21122022 13:48;1;107168;1;1;34800.0000;1;14333.0000;None
9346;21122022 14:46;3;107198;1;1;9800.0000;1;13796.0000;None
9358;21122022 20:03;8;107209;1;1;152800.0000;1;73167.0000;None
10270;21122022 15:04;8;107284;1;4;143200.0000;1;None;None
10266;21122022 12:53;8;107333;1;1;64800.0000;1;None;None
9370;21122022 21:39;8;107333;1;1;64800.0000;1;10611.0000;None
32485;21122022 21:57;8;107333;1;1;64800.0000;1;26278.0000;None
9369;21122022 21:47;8;107334;1;1;75800.0000;1;31537.0000;None
10270;21122022 15:04;8;107334;1;4;303200.0000;1;None;None
32485;21122022 21:57;2;107492;1;1;37200.0000;1;26278.0000;None
32485;21122022 21:57;2;107492;1;1;37200.0000;1;26278.0000;None
9359;21122022 20:08;8;107525;1;2;119600.0000;1;38352.0000;None
9359;21122022 20:22;8;107525;1;1;59800.0000;1;38352.0000;None
9359;21122022 20:22;8;107525;1;1;59800.0000;1;38352.0000;None
32462;21122022 13:33;8;107525;1;1;59800.0000;1;32426.0000;None
30599;21122022 13:49;8;107526;1;1;25800.0000;1;88093.0000;None
9345;21122022 14:38;8;107526;1;1;25800.0000;1;14056.0000;None
30599;21122022 14:06;8;107529;1;1;9800.0000;1;88093.0000;None
30599;21122022 14:06;8;107529;1;1;9800.0000;1;88093.0000;None
30612;21122022 21:00;2;107767;1;1;48800.0000;1;22648.0000;None
30612;21122022 21:00;2;108101;1;1;32800.0000;1;22648.0000;None
30612;21122022 21:00;2;108101;1;1;32800.0000;1;22648.0000;None
9351;21122022 19:19;2;108121;1;1;38800.0000;1;43111.0000;None
9351;21122022 18:53;2;108121;1;1;38800.0000;1;43111.0000;None
9351;21122022 20:31;2;108121;1;1;38800.0000;1;43111.0000;None
9351;21122022 19:50;2;108121;1;1;38800.0000;1;43111.0000;None
9351;21122022 18:21;2;108121;1;2;77600.0000;1;43111.0000;None
9351;21122022 21:42;2;108121;1;1;38800.0000;1;43111.0000;None
9351;21122022 21:42;2;108121;1;1;38800.0000;1;43111.0000;None
9351;21122022 21:09;2;108121;1;1;38800.0000;1;43111.0000;None
9351;21122022 20:31;2;108121;1;1;38800.0000;1;43111.0000;None
9351;21122022 22:16;2;108121;1;1;38800.0000;1;43111.0000;None
9351;21122022 22:16;2;108121;1;1;38800.0000;1;43111.0000;None
9347;21122022 15:06;4;108191;1;1;0.0000;1;13389.0000;None
32462;21122022 13:00;4;108191;1;1;0.0000;1;32426.0000;None
9334;21122022 12:20;4;108191;1;1;0.0000;1;24963.0000;None
32470;21122022 13:54;4;108191;1;1;0.0000;1;15037.0000;None
32470;21122022 13:43;4;108191;1;1;0.0000;1;15037.0000;None
9335;21122022 12:41;4;108191;1;1;0.0000;1;7982.0000;None
9336;21122022 13:05;4;108191;1;2;0.0000;1;24111.0000;None
32464;21122022 13:04;4;108191;1;2;0.0000;1;17148.0000;None
9359;21122022 19:41;4;108191;1;1;0.0000;1;38352.0000;None
30608;21122022 19:47;4;108191;1;1;0.0000;1;13241.0000;None
32481;21122022 20:51;2;108193;1;1;48800.0000;1;19519.0000;None
32480;21122022 20:18;2;108193;1;1;48800.0000;1;18500.0000;None
9336;21122022 13:05;1;108429;1;1;69800.0000;1;24111.0000;None
9346;21122022 14:46;1;108429;1;1;69800.0000;1;13796.0000;None
9349;21122022 16:28;1;108429;1;1;69800.0000;1;25148.0000;None
30607;21122022 19:45;1;108429;1;1;69800.0000;1;27908.0000;None
30605;21122022 20:15;1;108429;1;1;69800.0000;1;33111.0000;None
32475;21122022 16:27;1;108435;1;1;23800.0000;1;53111.0000;None
9339;21122022 13:41;1;108437;1;1;67800.0000;1;31889.0000;None
9362;21122022 21:14;1;108437;1;1;67800.0000;1;48778.0000;None
30598;21122022 13:53;1;108443;1;1;66800.0000;1;27889.0000;None
32470;21122022 14:24;8;108518;1;1;41800.0000;1;15037.0000;None
9333;21122022 12:07;8;108518;1;1;41800.0000;1;16019.0000;None
32461;21122022 12:46;8;109117;1;1;18800.0000;1;27796.0000;None
32461;21122022 12:29;8;109117;1;1;18800.0000;1;27796.0000;None
10278;21122022 18:50;8;109117;1;3;56400.0000;1;21426.0000;None
9357;21122022 19:24;8;109117;1;1;18800.0000;1;23333.0000;None
30605;21122022 19:29;8;109117;1;1;18800.0000;1;33111.0000;None
9339;21122022 14:34;1;109317;1;1;15800.0000;1;31889.0000;None
9362;21122022 20:16;1;109500;1;1;21800.0000;1;48778.0000;None
9357;21122022 19:24;1;109502;1;1;25800.0000;1;23333.0000;None
32476;21122022 19:09;1;109503;1;1;48800.0000;1;13222.0000;None
32476;21122022 19:09;1;109504;1;1;24800.0000;1;13222.0000;None
9357;21122022 19:24;1;109504;1;1;24800.0000;1;23333.0000;None
30605;21122022 20:15;1;109504;1;1;24800.0000;1;33111.0000;None
30607;21122022 19:45;1;109505;1;1;19800.0000;1;27908.0000;None
9368;21122022 21:09;1;109505;1;1;19800.0000;1;39389.0000;None
10304;21122022 23:03;1;109505;1;-1;-19800.0000;1;-26611.0000;None
32477;21122022 19:43;1;109505;1;1;19800.0000;1;26630.0000;None
10271;21122022 15:33;1;109505;1;1;19800.0000;1;24889.0000;None
9343;21122022 14:18;1;109505;1;1;19800.0000;1;26611.0000;None
9345;21122022 14:38;1;109513;1;1;36800.0000;1;14056.0000;None
30605;21122022 19:29;1;109513;1;1;36800.0000;1;33111.0000;None
9340;21122022 13:44;8;109533;1;1;44800.0000;1;None;None
32467;21122022 13:29;3;200004;1;1;9800.0000;1;10000.0000;None
30598;21122022 14:27;3;200004;1;2;19600.0000;1;27889.0000;None
9337;21122022 13:16;3;200004;1;1;9800.0000;1;21963.0000;None
9335;21122022 12:41;3;200004;1;1;9800.0000;1;7982.0000;None
9335;21122022 12:41;3;200004;1;1;9800.0000;1;7982.0000;None
9333;21122022 12:07;3;200004;1;1;9800.0000;1;16019.0000;None
9345;21122022 14:38;3;200004;1;1;9800.0000;1;14056.0000;None
9343;21122022 14:18;3;200004;1;1;9800.0000;1;26611.0000;None
9344;21122022 14:30;3;200004;1;1;9800.0000;1;39334.0000;None
32471;21122022 14:07;3;200004;1;1;9800.0000;1;18778.0000;None
32471;21122022 14:07;3;200004;1;1;9800.0000;1;18778.0000;None
30602;21122022 14:16;3;200004;1;1;9800.0000;1;11648.0000;None
10304;21122022 23:03;3;200004;1;-1;-9800.0000;1;-26611.0000;None
32473;21122022 14:42;3;200007;1;1;10800.0000;1;18574.0000;None
9347;21122022 15:06;3;200007;1;1;10800.0000;1;13389.0000;None
10271;21122022 15:33;3;200007;1;1;10800.0000;1;24889.0000;None
32475;21122022 16:27;3;200007;1;1;10800.0000;1;53111.0000;None
32475;21122022 16:27;3;200007;1;1;10800.0000;1;53111.0000;None
30603;21122022 19:17;3;200007;1;1;10800.0000;1;13056.0000;None
9349;21122022 16:24;3;200007;1;1;10800.0000;1;25148.0000;None
30605;21122022 19:38;3;200007;1;1;10800.0000;1;33111.0000;None
9361;21122022 21:15;3;200007;1;1;10800.0000;1;25333.0000;None
9362;21122022 20:09;3;200008;1;1;13800.0000;1;48778.0000;None
9340;21122022 13:34;3;200008;1;1;13800.0000;1;None;None
30599;21122022 13:46;3;200008;1;3;41400.0000;1;88093.0000;None
9362;21122022 20:09;2;200150;1;1;159800.0000;1;48778.0000;None
9361;21122022 20:08;2;200478;1;1;14800.0000;1;25333.0000;None
9361;21122022 20:08;2;200478;1;1;14800.0000;1;25333.0000;None
9359;21122022 20:45;2;200478;1;1;14800.0000;1;38352.0000;None
9359;21122022 19:41;2;200478;1;1;14800.0000;1;38352.0000;None
30613;21122022 21:20;2;200478;1;1;14800.0000;1;18759.0000;None
30613;21122022 21:20;2;200478;1;1;14800.0000;1;18759.0000;None
32462;21122022 13:43;2;200478;1;1;14800.0000;1;32426.0000;None
30599;21122022 14:26;2;200478;1;1;14800.0000;1;88093.0000;None
30599;21122022 13:49;2;200478;1;1;14800.0000;1;88093.0000;None
9339;21122022 14:19;2;200478;1;1;14800.0000;1;31889.0000;None
9339;21122022 13:49;2;200478;1;1;14800.0000;1;31889.0000;None
9339;21122022 13:26;2;200478;1;1;14800.0000;1;31889.0000;None
9357;21122022 19:24;2;200478;1;1;14800.0000;1;23333.0000;None
9353;21122022 19:53;2;200478;1;1;14800.0000;1;18759.0000;None
9353;21122022 19:53;2;200478;1;1;14800.0000;1;18759.0000;None
9353;21122022 18:55;2;200478;1;1;14800.0000;1;18759.0000;None
9353;21122022 18:55;2;200478;1;1;14800.0000;1;18759.0000;None
30606;21122022 19:35;2;200480;1;1;12800.0000;1;13352.0000;None
9338;21122022 13:24;3;201146;1;1;5800.0000;1;27278.0000;None
32469;21122022 13:41;2;201187;1;1;9800.0000;1;17778.0000;None
32462;21122022 13:21;2;201187;1;1;9800.0000;1;32426.0000;None
9352;21122022 18:32;2;201187;1;1;9800.0000;1;28000.0000;None
9341;21122022 13:48;2;201187;1;2;19600.0000;1;14333.0000;None
9359;21122022 19:41;2;201187;1;1;9800.0000;1;38352.0000;None
9359;21122022 20:45;2;201187;1;1;9800.0000;1;38352.0000;None
30608;21122022 20:10;2;201187;1;1;9800.0000;1;13241.0000;None
30608;21122022 19:47;2;201187;1;1;9800.0000;1;13241.0000;None
9360;21122022 19:52;2;201187;1;1;9800.0000;1;26278.0000;None
30607;21122022 19:42;3;201206;1;1;5800.0000;1;27908.0000;None
30607;21122022 19:42;3;201206;1;1;5800.0000;1;27908.0000;None
9368;21122022 21:50;3;201206;1;1;5800.0000;1;39389.0000;None
9371;21122022 21:44;3;201206;1;1;5800.0000;1;7056.0000;None
9368;21122022 21:00;3;201206;1;1;5800.0000;1;39389.0000;None
32486;21122022 22:29;3;201206;1;1;5800.0000;1;5593.0000;None
30602;21122022 14:16;3;201206;1;1;5800.0000;1;11648.0000;None
30601;21122022 14:16;3;201206;1;1;5800.0000;1;11944.0000;None
32469;21122022 13:41;3;201237;1;1;5800.0000;1;17778.0000;None
9372;21122022 22:49;3;201237;1;1;5800.0000;1;537.0000;None
9368;21122022 21:00;3;201237;1;1;5800.0000;1;39389.0000;None
9368;21122022 18:32;3;201237;1;1;5800.0000;1;39389.0000;None
9368;21122022 21:41;3;201237;1;-1;-5800.0000;1;39389.0000;None
30611;21122022 20:19;3;201269;1;2;11600.0000;1;10741.0000;None
9359;21122022 19:41;3;201269;1;1;5800.0000;1;38352.0000;None
32469;21122022 14:03;3;201269;1;1;5800.0000;1;17778.0000;None
32470;21122022 13:54;3;201269;1;1;5800.0000;1;15037.0000;None
32470;21122022 13:43;3;201269;1;1;5800.0000;1;15037.0000;None
32464;21122022 13:04;3;201269;1;2;11600.0000;1;17148.0000;None
32462;21122022 13:00;3;201269;1;1;5800.0000;1;32426.0000;None
9334;21122022 12:20;3;201269;1;1;5800.0000;1;24963.0000;None
9334;21122022 12:20;3;201312;1;1;4800.0000;1;24963.0000;None
32461;21122022 12:29;3;201312;1;1;4800.0000;1;27796.0000;None
32461;21122022 12:29;3;201312;1;1;4800.0000;1;27796.0000;None
9337;21122022 13:16;3;201312;1;1;4800.0000;1;21963.0000;None
32470;21122022 14:45;3;201312;1;1;4800.0000;1;15037.0000;None
30598;21122022 13:34;3;201312;1;1;4800.0000;1;27889.0000;None
9343;21122022 14:18;3;201312;1;1;4800.0000;1;26611.0000;None
10271;21122022 15:33;3;201312;1;1;4800.0000;1;24889.0000;None
30607;21122022 19:42;3;201312;1;1;4800.0000;1;27908.0000;None
9360;21122022 19:52;3;201312;1;1;4800.0000;1;26278.0000;None
9367;21122022 21:31;3;201312;1;1;4800.0000;1;16500.0000;None
10304;21122022 23:03;3;201312;1;-1;-4800.0000;1;-26611.0000;None
9364;21122022 20:25;2;201387;1;1;163800.0000;1;40352.0000;None
9336;21122022 13:05;2;201615;1;1;13800.0000;1;24111.0000;None
9336;21122022 13:05;2;201615;1;2;27600.0000;1;24111.0000;None
32462;21122022 12:43;2;201615;1;1;13800.0000;1;32426.0000;None
10301;21122022 20:45;2;201615;1;1;13800.0000;1;11185.0000;None
10301;21122022 20:17;2;201615;1;1;13800.0000;1;11185.0000;None
9357;21122022 19:42;2;201615;1;1;13800.0000;1;23333.0000;None
9357;21122022 20:11;2;201615;1;1;13800.0000;1;23333.0000;None
9339;21122022 13:26;2;201959;1;1;13800.0000;1;31889.0000;None
9358;21122022 19:31;3;202112;1;1;9800.0000;1;73167.0000;None
9358;21122022 20:04;3;202112;1;1;9800.0000;1;73167.0000;None
9358;21122022 19:31;3;202114;1;1;9800.0000;1;73167.0000;None
9358;21122022 20:04;3;202133;1;1;9800.0000;1;73167.0000;None
9358;21122022 19:31;3;202133;1;1;9800.0000;1;73167.0000;None
10282;21122022 19:11;1;202274;1;25;43200.0000;1;None;None
10283;21122022 19:15;1;202274;1;25;43200.0000;1;None;None
10286;21122022 19:21;1;202274;1;25;43200.0000;1;None;None
10287;21122022 19:23;1;202274;1;24;41472.0000;1;None;None
10284;21122022 19:16;1;202274;1;24;41472.0000;1;None;None
10285;21122022 19:18;1;202274;1;24;41472.0000;1;None;None
10285;21122022 19:18;1;202274;1;1;1728.0000;1;None;None
10279;21122022 19:05;1;202274;1;21;36288.0000;1;None;None
10281;21122022 19:10;1;202274;1;25;43200.0000;1;None;None
10280;21122022 19:07;1;202274;1;25;43200.0000;1;None;None
10290;21122022 19:30;1;202274;1;21;36288.0000;1;None;None
10288;21122022 19:25;1;202274;1;24;41472.0000;1;None;None
10289;21122022 19:27;1;202274;1;24;41472.0000;1;None;None
10292;21122022 19:43;1;202274;1;25;43200.0000;1;None;None
10293;21122022 19:45;1;202274;1;17;29376.0000;1;None;None
10291;21122022 19:39;1;202274;1;23;39744.0000;1;None;None
10295;21122022 19:51;1;202274;1;25;43200.0000;1;None;None
10300;21122022 20:02;1;202274;1;23;39744.0000;1;None;None
10299;21122022 20:01;1;202274;1;25;43200.0000;1;None;None
10296;21122022 19:54;1;202274;1;25;43200.0000;1;None;None
10297;21122022 19:56;1;202274;1;18;31104.0000;1;None;None
9349;21122022 16:24;2;202387;1;1;19800.0000;1;25148.0000;None
9349;21122022 16:47;2;202387;1;1;19800.0000;1;25148.0000;None
10271;21122022 15:33;2;202387;1;1;19800.0000;1;24889.0000;None
9343;21122022 14:18;2;202387;1;1;19800.0000;1;26611.0000;None
10304;21122022 23:03;2;202387;1;-1;-19800.0000;1;-26611.0000;None
32461;21122022 12:29;3;202570;1;1;8800.0000;1;27796.0000;None
32469;21122022 14:03;3;202570;1;1;8800.0000;1;17778.0000;None
32472;21122022 14:27;3;202570;1;1;8800.0000;1;11704.0000;None
9345;21122022 14:38;3;202570;1;1;8800.0000;1;14056.0000;None
32475;21122022 16:27;3;202570;1;1;8800.0000;1;53111.0000;None
32475;21122022 16:27;3;202570;1;1;8800.0000;1;53111.0000;None
32473;21122022 14:42;3;202570;1;1;8800.0000;1;18574.0000;None
9346;21122022 14:46;3;202570;1;1;8800.0000;1;13796.0000;None
32475;21122022 17:17;3;202570;1;1;8800.0000;1;53111.0000;None
10275;21122022 18:26;3;202570;1;1;8800.0000;1;20333.0000;None
32485;21122022 21:57;3;202570;1;1;8800.0000;1;26278.0000;None
30609;21122022 19:57;3;202570;1;1;8800.0000;1;28482.0000;None
9358;21122022 20:36;3;202570;1;1;8800.0000;1;73167.0000;None
9358;21122022 20:42;3;202570;1;1;8800.0000;1;73167.0000;None
9358;21122022 20:50;3;202570;1;1;8800.0000;1;73167.0000;None
9358;21122022 20:50;3;202570;1;1;8800.0000;1;73167.0000;None
30605;21122022 19:38;3;202570;1;1;8800.0000;1;33111.0000;None
30605;21122022 21:41;3;202570;1;-1;-8800.0000;1;33111.0000;None
32480;21122022 21:07;3;202570;1;1;8800.0000;1;18500.0000;None
30610;21122022 20:19;3;202570;1;1;8800.0000;1;11759.0000;None
10301;21122022 20:17;3;202570;1;1;8800.0000;1;11185.0000;None
10301;21122022 20:45;3;202570;1;1;8800.0000;1;11185.0000;None
9364;21122022 20:25;3;202570;1;1;8800.0000;1;40352.0000;None
32481;21122022 20:51;3;202570;1;1;8800.0000;1;19519.0000;None
9367;21122022 20:56;3;202570;1;1;8800.0000;1;16500.0000;None
10274;21122022 18:03;9;802020;1;1;20160.0000;1;None;None
10277;21122022 18:19;9;802020;1;1;62300.0000;1;None;None
10276;21122022 18:11;9;802020;1;1;5000.0000;1;None;None
10270;21122022 17:56;9;802020;1;1;105800.0000;1;None;None
10272;21122022 16:18;9;802020;1;1;43200.0000;1;None;None
32474;21122022 15:43;9;802020;1;1;6260.0000;1;None;None
10266;21122022 12:53;9;802020;1;1;46120.0000;1;None;None
10294;21122022 19:49;9;802020;1;1;16980.0000;1;None;None
32479;21122022 19:52;9;802020;1;1;14280.0000;1;None;None
