28232;2023-01-07 10:45:12.677000;7;1020;1;1;0.0000;1;2722.0000;None;29400.0000
4222;2023-01-07 09:33:21.047000;7;1020;1;1;0.0000;1;6148.0000;None;66400.0000
28201;2023-01-07 09:30:14.600000;7;1049;1;1;0.0000;1;6648.0000;None;71800.0000
28216;2023-01-07 09:57:23.980000;7;1049;1;1;0.0000;1;8056.0000;None;87000.0000
4240;2023-01-07 11:38:38.883000;7;1135;1;1;0.0000;1;None;None;8800.0000
4241;2023-01-07 11:38:38.883000;7;1135;1;1;0.0000;1;None;None;19600.0000
28247;2023-01-07 11:34:54.503000;7;1135;1;1;0.0000;1;4963.0000;None;53600.0000
4226;2023-01-07 09:53:34.787000;7;1135;1;1;0.0000;1;3130.0000;None;33800.0000
28217;2023-01-07 09:58:24.143000;7;1135;1;1;0.0000;1;2722.0000;None;29400.0000
28219;2023-01-07 10:04:36.793000;7;1135;1;1;0.0000;1;4630.0000;None;50000.0000
28220;2023-01-07 10:16:25.417000;7;1135;1;1;0.0000;1;None;None;150400.0000
28220;2023-01-07 10:16:25.417000;7;1135;1;1;0.0000;1;None;None;150400.0000
28229;2023-01-07 10:36:58.437000;7;1135;1;1;0.0000;1;7926.0000;None;85600.0000
28201;2023-01-07 09:30:14.600000;7;1135;1;1;0.0000;1;6648.0000;None;71800.0000
4225;2023-01-07 09:47:54.347000;7;1135;1;1;0.0000;1;None;None;24000.0000
4225;2023-01-07 09:47:54.347000;7;1135;1;1;0.0000;1;None;None;24000.0000
28206;2023-01-07 09:06:39.023000;7;1135;1;1;0.0000;1;1796.0000;None;19400.0000
28208;2023-01-07 09:15:34.727000;7;1135;1;1;0.0000;1;6074.0000;None;65600.0000
14165;2023-01-07 08:47:36.663000;7;1135;1;1;0.0000;1;4963.0000;None;53600.0000
14165;2023-01-07 08:47:36.663000;7;1155;1;1;0.0000;1;4963.0000;None;53600.0000
14165;2023-01-07 08:47:36.663000;7;1155;1;1;0.0000;1;4963.0000;None;53600.0000
28208;2023-01-07 09:15:34.727000;7;1155;1;1;0.0000;1;6074.0000;None;65600.0000
28194;2023-01-07 07:26:02.393000;7;1155;1;1;None;1;8111.0000;None;87600.0000
28220;2023-01-07 10:16:25.417000;7;1155;1;1;0.0000;1;None;None;150400.0000
28247;2023-01-07 11:34:54.503000;7;1155;1;1;0.0000;1;4963.0000;None;53600.0000
28247;2023-01-07 11:34:54.503000;7;1155;1;1;0.0000;1;4963.0000;None;53600.0000
4241;2023-01-07 11:38:38.883000;7;1155;1;1;0.0000;1;None;None;19600.0000
4240;2023-01-07 11:38:38.883000;7;1155;1;1;0.0000;1;None;None;8800.0000
28215;2023-01-07 10:14:09.227000;7;1207;1;1;0.0000;1;2167.0000;None;23400.0000
28215;2023-01-07 09:56:29.407000;7;1207;1;1;0.0000;1;2167.0000;None;23400.0000
28222;2023-01-07 10:17:57.227000;7;1207;1;1;0.0000;1;1074.0000;None;11600.0000
28232;2023-01-07 10:45:12.677000;7;1207;1;1;0.0000;1;2722.0000;None;29400.0000
28239;2023-01-07 11:16:32.427000;7;1207;1;1;0.0000;1;2611.0000;None;28200.0000
28194;2023-01-07 07:22:08.797000;7;1207;1;1;0.0000;1;8111.0000;None;87600.0000
28201;2023-01-07 09:21:42.367000;7;1207;1;1;None;1;6648.0000;None;71800.0000
28201;2023-01-07 09:30:14.600000;7;1207;1;1;0.0000;1;6648.0000;None;71800.0000
28201;2023-01-07 07:48:58.577000;7;1207;1;1;0.0000;1;6648.0000;None;71800.0000
28201;2023-01-07 09:17:38.920000;7;1207;1;1;0.0000;1;6648.0000;None;71800.0000
28208;2023-01-07 09:15:34.727000;7;1207;1;1;0.0000;1;6074.0000;None;65600.0000
14164;2023-01-07 08:05:02.427000;7;1207;1;1;0.0000;1;2093.0000;None;22600.0000
14165;2023-01-07 08:47:36.663000;7;1207;1;1;0.0000;1;4963.0000;None;53600.0000
28210;2023-01-07 09:28:53.777000;7;2002;1;1;0.0000;1;5296.0000;None;57200.0000
14167;2023-01-07 09:25:58.807000;7;2026;1;1;0.0000;1;1889.0000;None;20400.0000
28244;2023-01-07 11:24:40.617000;7;2026;1;1;0.0000;1;889.0000;None;9600.0000
28232;2023-01-07 10:45:12.677000;7;2026;1;1;0.0000;1;2722.0000;None;29400.0000
14168;2023-01-07 09:54:05.133000;7;2028;1;1;0.0000;1;2870.0000;None;31000.0000
28249;2023-01-07 11:55:05.027000;7;2028;1;1;0.0000;1;2778.0000;None;30000.0000
28249;2023-01-07 11:55:05.027000;7;2028;1;1;0.0000;1;2778.0000;None;30000.0000
28249;2023-01-07 11:55:05.027000;7;2028;1;1;0.0000;1;2778.0000;None;30000.0000
28249;2023-01-07 11:55:05.027000;7;2028;1;1;0.0000;1;2778.0000;None;30000.0000
28249;2023-01-07 11:55:05.027000;7;2028;1;1;0.0000;1;2778.0000;None;30000.0000
28249;2023-01-07 11:55:05.027000;7;2028;1;1;0.0000;1;2778.0000;None;30000.0000
28249;2023-01-07 11:55:05.027000;7;2028;1;1;0.0000;1;2778.0000;None;30000.0000
28249;2023-01-07 11:55:05.027000;7;2028;1;1;0.0000;1;2778.0000;None;30000.0000
28249;2023-01-07 11:55:05.027000;7;2028;1;1;0.0000;1;2778.0000;None;30000.0000
28251;2023-01-07 12:11:12.047000;7;2033;1;1;0.0000;1;1611.0000;None;17400.0000
28227;2023-01-07 10:28:08.303000;7;2033;1;1;0.0000;1;1519.0000;None;16400.0000
14168;2023-01-07 09:54:05.133000;7;2042;1;1;0.0000;1;2870.0000;None;31000.0000
28206;2023-01-07 09:06:39.023000;7;2046;1;1;0.0000;1;1796.0000;None;19400.0000
14166;2023-01-07 08:59:43.107000;7;2046;1;1;0.0000;1;1352.0000;None;14600.0000
28206;2023-01-07 09:06:39.023000;7;2046;1;1;0.0000;1;1796.0000;None;19400.0000
28207;2023-01-07 09:06:58.213000;7;2046;1;1;0.0000;1;None;None;4800.0000
14170;2023-01-07 09:51:52.907000;7;2049;1;1;0.0000;1;3833.0000;None;41400.0000
28247;2023-01-07 09:51:52.907000;7;2049;1;1;0.0000;1;4963.0000;None;53600.0000
28247;2023-01-07 09:51:52.907000;7;2049;1;1;0.0000;1;4963.0000;None;53600.0000
28245;2023-01-07 11:33:11.677000;7;2049;1;1;0.0000;1;444.0000;None;4800.0000
28264;2023-01-07 17:23:52.973000;7;2049;1;1;0.0000;1;2963.0000;None;32000.0000
28264;2023-01-07 17:23:52.973000;7;2049;1;1;0.0000;1;2963.0000;None;32000.0000
28194;2023-01-07 07:36:39.373000;7;2049;1;1;0.0000;1;8111.0000;None;87600.0000
4219;2023-01-07 07:13:17.503000;7;2049;1;1;0.0000;1;1611.0000;None;17400.0000
28222;2023-01-07 10:17:57.227000;7;2050;1;1;0.0000;1;1074.0000;None;11600.0000
28232;2023-01-07 10:45:12.677000;7;2062;1;1;0.0000;1;2722.0000;None;29400.0000
4222;2023-01-07 09:33:21.047000;7;2062;1;1;0.0000;1;6148.0000;None;66400.0000
14168;2023-01-07 09:54:05.133000;7;2072;1;1;0.0000;1;2870.0000;None;31000.0000
28210;2023-01-07 09:28:53.760000;6;100519;1;1;0.0000;1;5296.0000;None;57200.0000
4225;2023-01-07 09:47:54.347000;6;100523;2;1;0.0000;1;None;None;24000.0000
4226;2023-01-07 09:53:34.787000;6;100523;1;1;0.0000;1;3130.0000;None;33800.0000
28220;2023-01-07 10:16:25.417000;1;100590;1;1;4800.0000;1;None;None;150400.0000
28240;2023-01-07 10:58:42.753000;1;100590;1;1;4800.0000;1;4056.0000;None;43800.0000
28236;2023-01-07 11:19:27.473000;1;100590;1;1;4800.0000;1;6444.0000;None;69600.0000
28236;2023-01-07 11:19:27.473000;1;100590;1;1;4800.0000;1;6444.0000;None;69600.0000
14165;2023-01-07 08:47:36.663000;1;100590;1;1;4800.0000;1;4963.0000;None;53600.0000
28201;2023-01-07 09:30:14.600000;1;100590;1;1;4800.0000;1;6648.0000;None;71800.0000
28264;2023-01-07 17:25:58.847000;3;100596;1;1;5800.0000;1;2963.0000;None;32000.0000
28264;2023-01-07 17:25:58.847000;3;100596;1;1;5800.0000;1;2963.0000;None;32000.0000
28257;2023-01-07 13:19:31.740000;3;100596;1;1;5800.0000;1;7657.0000;None;82700.0000
28257;2023-01-07 13:19:31.740000;3;100596;1;1;5800.0000;1;7657.0000;None;82700.0000
28257;2023-01-07 13:19:31.740000;3;100596;1;1;5800.0000;1;7657.0000;None;82700.0000
28237;2023-01-07 11:09:30.930000;3;100596;1;1;5800.0000;1;2074.0000;None;22400.0000
14169;2023-01-07 10:48:22.533000;3;100596;1;1;5800.0000;1;None;None;5800.0000
28223;2023-01-07 10:18:18.357000;3;100599;1;1;2400.0000;1;222.0000;None;2400.0000
28255;2023-01-07 13:02:08.313000;3;100606;1;1;6800.0000;1;1259.0000;None;13600.0000
28255;2023-01-07 13:02:08.313000;3;100606;1;1;6800.0000;1;1259.0000;None;13600.0000
4236;2023-01-07 11:47:33.387000;3;100606;1;1;6800.0000;1;630.0000;None;6800.0000
28267;2023-01-07 17:37:20.417000;3;100606;1;1;6800.0000;1;1167.0000;None;12600.0000
28261;2023-01-07 12:58:25.923000;3;100606;1;1;6800.0000;1;1889.0000;None;20400.0000
28261;2023-01-07 12:58:25.923000;3;100606;1;1;6800.0000;1;1889.0000;None;20400.0000
4247;2023-01-07 18:02:22.693000;3;100606;1;1;6800.0000;1;1259.0000;None;13600.0000
4246;2023-01-07 17:42:01.253000;3;100606;1;1;6800.0000;1;2630.0000;None;28400.0000
28220;2023-01-07 10:40:55.557000;3;100606;1;1;6800.0000;1;None;None;150400.0000
28229;2023-01-07 10:28:08.303000;3;100606;1;1;6800.0000;1;7926.0000;None;85600.0000
28229;2023-01-07 10:36:58.437000;3;100606;1;1;6800.0000;1;7926.0000;None;85600.0000
28227;2023-01-07 10:28:08.303000;3;100606;1;1;6800.0000;1;1519.0000;None;16400.0000
28226;2023-01-07 10:26:52.373000;3;100606;1;1;6800.0000;1;2148.0000;None;23200.0000
28226;2023-01-07 10:26:52.373000;3;100606;1;1;6800.0000;1;2148.0000;None;23200.0000
28240;2023-01-07 10:58:42.753000;3;100606;1;1;6800.0000;1;4056.0000;None;43800.0000
4219;2023-01-07 07:47:38.500000;3;100606;1;1;6800.0000;1;1611.0000;None;17400.0000
4219;2023-01-07 07:13:17.503000;3;100606;1;1;6800.0000;1;1611.0000;None;17400.0000
14166;2023-01-07 08:59:43.107000;3;100606;1;1;6800.0000;1;1352.0000;None;14600.0000
28206;2023-01-07 09:06:39.023000;3;100606;1;1;6800.0000;1;1796.0000;None;19400.0000
28210;2023-01-07 09:28:53.777000;3;100606;1;1;6800.0000;1;5296.0000;None;57200.0000
28210;2023-01-07 09:28:53.777000;3;100607;1;1;6800.0000;1;5296.0000;None;57200.0000
28197;2023-01-07 07:29:43.080000;3;100607;1;1;6800.0000;1;1259.0000;None;13600.0000
28197;2023-01-07 07:56:19.560000;3;100607;1;1;6800.0000;1;1259.0000;None;13600.0000
28240;2023-01-07 10:58:42.753000;3;100607;1;1;6800.0000;1;4056.0000;None;43800.0000
4228;2023-01-07 10:24:12.487000;3;100607;1;1;6800.0000;1;None;None;6800.0000
28220;2023-01-07 10:11:18.760000;3;100607;1;1;6800.0000;1;None;None;150400.0000
28217;2023-01-07 09:58:24.143000;3;100607;1;1;6800.0000;1;2722.0000;None;29400.0000
28218;2023-01-07 09:59:16.487000;3;100607;1;1;6800.0000;1;2444.0000;None;26400.0000
14168;2023-01-07 09:54:05.133000;3;100607;1;1;6800.0000;1;2870.0000;None;31000.0000
28215;2023-01-07 09:56:29.407000;3;100607;1;1;6800.0000;1;2167.0000;None;23400.0000
28216;2023-01-07 09:57:23.980000;3;100607;1;1;6800.0000;1;8056.0000;None;87000.0000
28216;2023-01-07 10:41:03.880000;3;100607;1;1;6800.0000;1;8056.0000;None;87000.0000
28216;2023-01-07 10:36:05.697000;3;100607;1;1;6800.0000;1;8056.0000;None;87000.0000
28216;2023-01-07 09:57:23.980000;3;100607;1;1;6800.0000;1;8056.0000;None;87000.0000
28268;2023-01-07 17:40:33.727000;3;100607;1;1;6800.0000;1;630.0000;None;6800.0000
28250;2023-01-07 12:10:27.157000;3;100613;1;1;4800.0000;1;444.0000;None;4800.0000
28215;2023-01-07 10:14:09.227000;3;100614;1;1;4800.0000;1;2167.0000;None;23400.0000
28226;2023-01-07 11:20:40.870000;3;100614;1;1;4800.0000;1;2148.0000;None;23200.0000
28226;2023-01-07 11:20:40.870000;3;100614;1;1;4800.0000;1;2148.0000;None;23200.0000
4229;2023-01-07 10:30:44.367000;3;100614;1;1;4800.0000;1;2074.0000;None;22400.0000
28234;2023-01-07 10:57:02.473000;3;100614;1;1;4800.0000;1;1444.0000;None;15600.0000
28236;2023-01-07 11:43:04.460000;3;100614;1;1;4800.0000;1;6444.0000;None;69600.0000
28236;2023-01-07 11:01:05.363000;3;100614;1;1;4800.0000;1;6444.0000;None;69600.0000
28236;2023-01-07 11:01:05.363000;3;100614;1;1;4800.0000;1;6444.0000;None;69600.0000
28238;2023-01-07 11:10:30.167000;3;100614;1;1;4800.0000;1;1352.0000;None;14600.0000
28243;2023-01-07 11:23:27.597000;3;100614;1;1;4800.0000;1;2074.0000;None;22400.0000
28244;2023-01-07 11:24:40.617000;3;100614;1;1;4800.0000;1;889.0000;None;9600.0000
28244;2023-01-07 11:24:40.617000;3;100614;1;1;4800.0000;1;889.0000;None;9600.0000
28196;2023-01-07 07:23:21.460000;3;100614;1;1;4800.0000;1;444.0000;None;4800.0000
28203;2023-01-07 08:03:18.737000;3;100614;1;1;4800.0000;1;444.0000;None;4800.0000
28193;2023-01-07 07:11:51.757000;3;100614;1;1;4800.0000;1;1074.0000;None;11600.0000
4218;2023-01-07 07:01:29.880000;3;100614;1;1;4800.0000;1;981.0000;None;10600.0000
28211;2023-01-07 09:29:09.400000;3;100614;1;1;4800.0000;1;2722.0000;None;29400.0000
14167;2023-01-07 09:40:07.517000;3;100614;1;1;4800.0000;1;1889.0000;None;20400.0000
4222;2023-01-07 09:33:21.047000;3;100614;1;1;4800.0000;1;6148.0000;None;66400.0000
4222;2023-01-07 09:33:21.047000;3;100614;1;1;4800.0000;1;6148.0000;None;66400.0000
14167;2023-01-07 09:25:58.807000;3;100614;1;1;4800.0000;1;1889.0000;None;20400.0000
28206;2023-01-07 09:06:39.023000;3;100614;1;1;4800.0000;1;1796.0000;None;19400.0000
14165;2023-01-07 08:47:36.663000;3;100614;1;1;4800.0000;1;4963.0000;None;53600.0000
28207;2023-01-07 09:06:58.213000;3;100614;1;1;4800.0000;1;None;None;4800.0000
28208;2023-01-07 09:15:34.727000;3;100614;1;1;4800.0000;1;6074.0000;None;65600.0000
28251;2023-01-07 12:11:12.047000;3;100614;1;1;4800.0000;1;1611.0000;None;17400.0000
14170;2023-01-07 12:03:02.930000;3;100614;1;1;4800.0000;1;3833.0000;None;41400.0000
14170;2023-01-07 12:03:02.930000;3;100614;1;1;4800.0000;1;3833.0000;None;41400.0000
14170;2023-01-07 12:03:02.930000;3;100614;1;1;4800.0000;1;3833.0000;None;41400.0000
14170;2023-01-07 09:51:52.907000;3;100614;1;1;4800.0000;1;3833.0000;None;41400.0000
28249;2023-01-07 11:55:05.027000;3;100614;1;1;4800.0000;1;2778.0000;None;30000.0000
28249;2023-01-07 12:21:57.563000;3;100614;1;1;4800.0000;1;2778.0000;None;30000.0000
14170;2023-01-07 10:52:49.410000;3;100614;1;1;4800.0000;1;3833.0000;None;41400.0000
14170;2023-01-07 11:18:18.167000;3;100614;1;1;4800.0000;1;3833.0000;None;41400.0000
28251;2023-01-07 12:11:12.047000;3;100614;1;1;4800.0000;1;1611.0000;None;17400.0000
28252;2023-01-07 12:17:04.607000;3;100614;1;1;4800.0000;1;444.0000;None;4800.0000
4235;2023-01-07 11:43:19.043000;3;100614;1;1;4800.0000;1;None;None;11600.0000
28249;2023-01-07 11:55:05.027000;3;100614;1;1;4800.0000;1;2778.0000;None;30000.0000
28245;2023-01-07 11:33:11.677000;3;100614;1;1;4800.0000;1;444.0000;None;4800.0000
28247;2023-01-07 09:51:52.907000;3;100614;1;1;4800.0000;1;4963.0000;None;53600.0000
28247;2023-01-07 09:51:52.907000;3;100614;1;1;4800.0000;1;4963.0000;None;53600.0000
28247;2023-01-07 11:52:23.263000;3;100614;1;1;4800.0000;1;4963.0000;None;53600.0000
28263;2023-01-07 16:32:52.447000;3;100614;1;1;4800.0000;1;2704.0000;None;29200.0000
28261;2023-01-07 14:18:01.777000;3;100614;1;1;4800.0000;1;1889.0000;None;20400.0000
4242;2023-01-07 15:24:37.743000;3;100614;1;1;4800.0000;1;889.0000;None;9600.0000
4242;2023-01-07 15:24:37.743000;3;100614;1;1;4800.0000;1;889.0000;None;9600.0000
4247;2023-01-07 18:02:22.693000;3;100614;1;1;4800.0000;1;1259.0000;None;13600.0000
28204;2023-01-07 08:23:54.743000;1;100624;1;1;1000.0000;1;None;None;3800.0000
28204;2023-01-07 08:23:54.743000;1;100624;1;1;1000.0000;1;None;None;3800.0000
4233;2023-01-07 11:40:49.127000;1;100624;1;1;1000.0000;1;None;None;1000.0000
4235;2023-01-07 11:43:19.043000;1;100625;1;1;6800.0000;1;None;None;11600.0000
28257;2023-01-07 13:15:28.450000;1;100625;1;1;6800.0000;1;7657.0000;None;82700.0000
28257;2023-01-07 13:16:18.640000;1;100625;1;1;6800.0000;1;7657.0000;None;82700.0000
28249;2023-01-07 12:24:01.977000;1;100625;1;1;6800.0000;1;2778.0000;None;30000.0000
28249;2023-01-07 11:55:05.027000;1;100625;1;1;6800.0000;1;2778.0000;None;30000.0000
28263;2023-01-07 16:32:52.447000;1;100625;1;1;6800.0000;1;2704.0000;None;29200.0000
28201;2023-01-07 09:17:38.920000;3;100628;1;1;5800.0000;1;6648.0000;None;71800.0000
28201;2023-01-07 07:48:58.577000;3;100628;1;1;5800.0000;1;6648.0000;None;71800.0000
28193;2023-01-07 07:11:51.757000;1;100630;1;1;6800.0000;1;1074.0000;None;11600.0000
28243;2023-01-07 11:23:27.597000;1;100630;1;1;6800.0000;1;2074.0000;None;22400.0000
28240;2023-01-07 10:58:42.753000;1;100630;1;1;6800.0000;1;4056.0000;None;43800.0000
28239;2023-01-07 11:16:32.427000;1;100630;1;1;6800.0000;1;2611.0000;None;28200.0000
4243;2023-01-07 11:38:38.883000;1;100995;1;1;10800.0000;1;None;None;10800.0000
4241;2023-01-07 11:38:38.883000;1;100995;1;1;10800.0000;1;None;None;19600.0000
28247;2023-01-07 11:34:54.503000;1;100995;1;1;10800.0000;1;4963.0000;None;53600.0000
28247;2023-01-07 11:34:54.503000;1;100995;1;1;10800.0000;1;4963.0000;None;53600.0000
28234;2023-01-07 10:57:02.473000;1;100995;1;1;10800.0000;1;1444.0000;None;15600.0000
28232;2023-01-07 10:45:12.677000;1;100995;1;1;10800.0000;1;2722.0000;None;29400.0000
28237;2023-01-07 11:09:30.930000;1;100995;1;1;10800.0000;1;2074.0000;None;22400.0000
28215;2023-01-07 09:56:29.407000;1;100995;1;1;10800.0000;1;2167.0000;None;23400.0000
28217;2023-01-07 09:58:24.143000;1;100995;1;1;10800.0000;1;2722.0000;None;29400.0000
28218;2023-01-07 09:59:16.487000;1;100995;1;1;10800.0000;1;2444.0000;None;26400.0000
28220;2023-01-07 10:16:25.417000;1;100995;1;1;10800.0000;1;None;None;150400.0000
28220;2023-01-07 10:16:25.417000;1;100995;1;1;10800.0000;1;None;None;150400.0000
28205;2023-01-07 09:00:37.777000;1;100995;1;1;10800.0000;1;1000.0000;None;10800.0000
14165;2023-01-07 08:47:36.663000;1;100995;1;1;10800.0000;1;4963.0000;None;53600.0000
14165;2023-01-07 08:47:36.663000;1;100995;1;1;10800.0000;1;4963.0000;None;53600.0000
28208;2023-01-07 09:15:34.727000;1;100995;1;1;10800.0000;1;6074.0000;None;65600.0000
28209;2023-01-07 09:18:48.017000;1;100995;1;1;10800.0000;1;1722.0000;None;18600.0000
14167;2023-01-07 09:25:58.807000;1;100995;1;1;10800.0000;1;1889.0000;None;20400.0000
4222;2023-01-07 09:33:21.047000;1;100995;1;1;10800.0000;1;6148.0000;None;66400.0000
4222;2023-01-07 09:33:21.047000;1;100995;1;1;10800.0000;1;6148.0000;None;66400.0000
4224;2023-01-07 09:39:02.880000;1;100995;1;1;10800.0000;1;5000.0000;None;54000.0000
4224;2023-01-07 09:39:02.880000;1;100995;1;1;10800.0000;1;5000.0000;None;54000.0000
28222;2023-01-07 10:17:57.227000;3;100999;1;1;5800.0000;1;1074.0000;None;11600.0000
28225;2023-01-07 10:24:04.273000;3;100999;1;1;5800.0000;1;1630.0000;None;17600.0000
28265;2023-01-07 17:24:06.090000;3;100999;1;1;5800.0000;1;2981.0000;None;32200.0000
28265;2023-01-07 17:24:06.090000;3;100999;1;1;5800.0000;1;2981.0000;None;32200.0000
28264;2023-01-07 17:23:52.973000;3;100999;1;1;5800.0000;1;2963.0000;None;32000.0000
28257;2023-01-07 13:22:26.043000;1;101068;1;1;4800.0000;1;7657.0000;None;82700.0000
28227;2023-01-07 10:28:08.303000;1;101069;1;1;2800.0000;1;1519.0000;None;16400.0000
28253;2023-01-07 12:35:47.173000;3;101228;1;1;8800.0000;1;3093.0000;None;33400.0000
28253;2023-01-07 13:10:26.517000;3;101228;1;1;8800.0000;1;3093.0000;None;33400.0000
14170;2023-01-07 11:18:18.167000;1;101270;1;1;0.0000;1;3833.0000;None;41400.0000
4222;2023-01-07 09:22:35.683000;1;101270;1;1;0.0000;1;6148.0000;None;66400.0000
4224;2023-01-07 09:39:02.880000;3;101332;1;1;10800.0000;1;5000.0000;None;54000.0000
28208;2023-01-07 09:15:34.727000;3;101332;1;1;10800.0000;1;6074.0000;None;65600.0000
28243;2023-01-07 11:23:27.597000;3;101332;1;1;10800.0000;1;2074.0000;None;22400.0000
28232;2023-01-07 10:45:12.677000;3;101332;1;1;10800.0000;1;2722.0000;None;29400.0000
28220;2023-01-07 10:20:06.580000;3;101332;1;1;10800.0000;1;None;None;150400.0000
28220;2023-01-07 10:16:25.417000;3;101332;1;1;10800.0000;1;None;None;150400.0000
28220;2023-01-07 10:11:18.760000;3;101332;1;1;10800.0000;1;None;None;150400.0000
28263;2023-01-07 16:32:52.447000;3;101332;1;1;10800.0000;1;2704.0000;None;29200.0000
28225;2023-01-07 10:24:04.273000;1;101400;1;1;0.0000;1;1630.0000;None;17600.0000
4226;2023-01-07 09:53:34.787000;6;101405;1;1;0.0000;1;3130.0000;None;33800.0000
28210;2023-01-07 09:28:53.760000;6;101421;2;1;0.0000;1;5296.0000;None;57200.0000
28210;2023-01-07 09:28:53.760000;6;101454;1;1;0.0000;1;5296.0000;None;57200.0000
28208;2023-01-07 09:15:34.727000;6;101488;1;1;0.0000;1;6074.0000;None;65600.0000
28219;2023-01-07 10:04:36.793000;6;101488;1;1;0.0000;1;4630.0000;None;50000.0000
28229;2023-01-07 10:36:58.437000;6;101488;1;1;0.0000;1;7926.0000;None;85600.0000
28225;2023-01-07 10:24:04.273000;6;101488;1;1;0.0000;1;1630.0000;None;17600.0000
28240;2023-01-07 10:58:42.753000;6;101488;1;1;0.0000;1;4056.0000;None;43800.0000
28194;2023-01-07 07:26:02.393000;1;101502;1;1;None;1;8111.0000;None;87600.0000
28265;2023-01-07 17:24:06.090000;1;101502;1;1;0.0000;1;2981.0000;None;32200.0000
28253;2023-01-07 12:35:47.173000;1;101502;1;1;0.0000;1;3093.0000;None;33400.0000
28257;2023-01-07 13:07:30.707000;1;101502;1;1;0.0000;1;7657.0000;None;82700.0000
28257;2023-01-07 13:07:30.707000;1;101502;1;1;0.0000;1;7657.0000;None;82700.0000
28208;2023-01-07 09:15:34.727000;6;101524;1;1;0.0000;1;6074.0000;None;65600.0000
28240;2023-01-07 10:58:42.753000;6;101524;1;1;0.0000;1;4056.0000;None;43800.0000
28229;2023-01-07 10:36:58.437000;6;101524;1;1;0.0000;1;7926.0000;None;85600.0000
28219;2023-01-07 10:04:36.793000;6;101524;1;1;0.0000;1;4630.0000;None;50000.0000
28225;2023-01-07 10:24:04.273000;6;101524;1;1;0.0000;1;1630.0000;None;17600.0000
28216;2023-01-07 09:57:23.980000;6;101524;1;1;0.0000;1;8056.0000;None;87000.0000
28216;2023-01-07 09:57:23.980000;6;101524;1;1;0.0000;1;8056.0000;None;87000.0000
28216;2023-01-07 09:57:23.980000;6;101524;1;1;0.0000;1;8056.0000;None;87000.0000
28216;2023-01-07 09:57:23.980000;6;101524;1;1;0.0000;1;8056.0000;None;87000.0000
28216;2023-01-07 09:57:23.980000;6;101543;1;1;0.0000;1;8056.0000;None;87000.0000
28216;2023-01-07 09:57:23.980000;6;101543;1;1;0.0000;1;8056.0000;None;87000.0000
28219;2023-01-07 10:04:36.793000;6;101543;1;1;0.0000;1;4630.0000;None;50000.0000
28229;2023-01-07 10:36:58.437000;6;101543;1;1;0.0000;1;7926.0000;None;85600.0000
28240;2023-01-07 10:58:42.753000;6;101543;1;1;0.0000;1;4056.0000;None;43800.0000
28208;2023-01-07 09:15:34.727000;6;101543;1;1;0.0000;1;6074.0000;None;65600.0000
4225;2023-01-07 09:47:54.347000;1;101633;1;1;0.0000;1;None;None;24000.0000
4225;2023-01-07 09:47:54.347000;1;101633;1;1;0.0000;1;None;None;24000.0000
28213;2023-01-07 09:37:08.297000;1;101666;1;1;16800.0000;1;None;None;16800.0000
28211;2023-01-07 09:37:50.260000;1;101666;1;1;16800.0000;1;2722.0000;None;29400.0000
28229;2023-01-07 10:36:58.437000;1;101666;1;1;16800.0000;1;7926.0000;None;85600.0000
28219;2023-01-07 10:04:36.793000;1;101666;1;1;16800.0000;1;4630.0000;None;50000.0000
4226;2023-01-07 09:53:34.787000;1;101965;1;1;33800.0000;1;3130.0000;None;33800.0000
28248;2023-01-07 11:31:48.480000;1;102003;1;1;4800.0000;1;2667.0000;None;28800.0000
28248;2023-01-07 11:49:43.260000;1;102003;1;1;4800.0000;1;2667.0000;None;28800.0000
28194;2023-01-07 07:36:39.373000;3;102102;1;1;9800.0000;1;8111.0000;None;87600.0000
28194;2023-01-07 07:36:39.373000;3;102102;1;1;9800.0000;1;8111.0000;None;87600.0000
28194;2023-01-07 07:22:08.797000;3;102102;1;1;9800.0000;1;8111.0000;None;87600.0000
28194;2023-01-07 07:22:08.797000;3;102102;1;1;9800.0000;1;8111.0000;None;87600.0000
28219;2023-01-07 10:04:36.793000;3;102102;1;1;9800.0000;1;4630.0000;None;50000.0000
28266;2023-01-07 17:34:56.263000;3;102102;1;1;9800.0000;1;907.0000;None;9800.0000
14165;2023-01-07 08:47:36.663000;3;102112;1;1;4800.0000;1;4963.0000;None;53600.0000
14164;2023-01-07 08:05:02.427000;3;102115;1;1;7800.0000;1;2093.0000;None;22600.0000
28239;2023-01-07 11:16:32.427000;3;102115;1;1;7800.0000;1;2611.0000;None;28200.0000
28239;2023-01-07 11:16:32.427000;3;102115;1;1;7800.0000;1;2611.0000;None;28200.0000
28204;2023-01-07 08:23:54.743000;1;102177;1;1;1800.0000;1;None;None;3800.0000
28220;2023-01-07 10:16:25.417000;1;102191;1;1;4800.0000;1;None;None;150400.0000
28220;2023-01-07 10:16:25.417000;1;102191;1;1;4800.0000;1;None;None;150400.0000
28215;2023-01-07 09:56:35.307000;1;102212;1;1;1000.0000;1;2167.0000;None;23400.0000
4240;2023-01-07 11:38:38.883000;1;102554;1;1;8800.0000;1;None;None;8800.0000
4241;2023-01-07 11:38:38.883000;1;102554;1;1;8800.0000;1;None;None;19600.0000
28247;2023-01-07 11:34:54.503000;1;102554;1;1;8800.0000;1;4963.0000;None;53600.0000
28247;2023-01-07 11:34:54.503000;1;102554;1;1;8800.0000;1;4963.0000;None;53600.0000
28216;2023-01-07 09:57:23.980000;1;102554;1;1;8800.0000;1;8056.0000;None;87000.0000
28220;2023-01-07 10:16:25.417000;1;102554;1;1;8800.0000;1;None;None;150400.0000
14165;2023-01-07 08:47:36.663000;1;102554;1;1;8800.0000;1;4963.0000;None;53600.0000
14165;2023-01-07 08:47:36.663000;1;102554;1;1;8800.0000;1;4963.0000;None;53600.0000
28208;2023-01-07 09:15:34.727000;1;102554;1;1;8800.0000;1;6074.0000;None;65600.0000
28201;2023-01-07 09:30:14.600000;1;102554;1;1;8800.0000;1;6648.0000;None;71800.0000
28194;2023-01-07 07:26:02.393000;1;102554;1;1;8800.0000;1;8111.0000;None;87600.0000
14168;2023-01-07 09:54:05.133000;1;102558;1;1;11800.0000;1;2870.0000;None;31000.0000
28216;2023-01-07 09:57:23.980000;1;102558;1;1;11800.0000;1;8056.0000;None;87000.0000
28217;2023-01-07 09:58:24.143000;1;102561;1;1;9800.0000;1;2722.0000;None;29400.0000
28220;2023-01-07 10:16:25.417000;1;102561;1;1;9800.0000;1;None;None;150400.0000
28220;2023-01-07 10:16:25.417000;1;102561;1;1;9800.0000;1;None;None;150400.0000
28238;2023-01-07 11:10:30.167000;1;102561;1;1;9800.0000;1;1352.0000;None;14600.0000
28208;2023-01-07 09:15:34.727000;1;102561;1;1;9800.0000;1;6074.0000;None;65600.0000
4222;2023-01-07 09:33:21.047000;1;102561;1;1;9800.0000;1;6148.0000;None;66400.0000
4222;2023-01-07 09:33:21.047000;1;102561;1;1;9800.0000;1;6148.0000;None;66400.0000
4224;2023-01-07 09:39:02.880000;1;102561;1;1;9800.0000;1;5000.0000;None;54000.0000
4224;2023-01-07 09:39:02.880000;1;102561;1;1;9800.0000;1;5000.0000;None;54000.0000
14164;2023-01-07 08:05:02.427000;1;102564;1;1;14800.0000;1;2093.0000;None;22600.0000
28210;2023-01-07 09:28:53.760000;6;102629;2;1;0.0000;1;5296.0000;None;57200.0000
4222;2023-01-07 09:22:35.683000;3;102630;1;1;8800.0000;1;6148.0000;None;66400.0000
28201;2023-01-07 09:17:38.920000;3;102630;1;1;8800.0000;1;6648.0000;None;71800.0000
28218;2023-01-07 09:59:16.487000;3;102630;1;1;8800.0000;1;2444.0000;None;26400.0000
28220;2023-01-07 10:35:04.693000;3;102630;1;1;8800.0000;1;None;None;150400.0000
28251;2023-01-07 12:13:48.337000;3;102635;1;1;7800.0000;1;1611.0000;None;17400.0000
28220;2023-01-07 10:40:55.557000;3;102635;1;1;7800.0000;1;None;None;150400.0000
28220;2023-01-07 10:24:48.377000;3;102635;1;1;7800.0000;1;None;None;150400.0000
28220;2023-01-07 10:16:25.417000;3;102635;1;1;7800.0000;1;None;None;150400.0000
28232;2023-01-07 10:48:13.313000;3;102635;1;1;7800.0000;1;2722.0000;None;29400.0000
28211;2023-01-07 09:38:32.847000;3;102635;1;1;7800.0000;1;2722.0000;None;29400.0000
28209;2023-01-07 09:18:48.017000;3;102635;1;1;7800.0000;1;1722.0000;None;18600.0000
14166;2023-01-07 08:59:43.107000;3;102635;1;1;7800.0000;1;1352.0000;None;14600.0000
4229;2023-01-07 10:39:50.167000;3;102637;1;1;9800.0000;1;2074.0000;None;22400.0000
4226;2023-01-07 09:53:34.787000;6;102646;2;1;0.0000;1;3130.0000;None;33800.0000
14168;2023-01-07 09:54:05.133000;3;102649;1;1;4800.0000;1;2870.0000;None;31000.0000
28208;2023-01-07 09:15:34.727000;3;102651;1;1;8800.0000;1;6074.0000;None;65600.0000
28201;2023-01-07 09:21:42.367000;3;102651;1;1;8800.0000;1;6648.0000;None;71800.0000
28267;2023-01-07 17:37:20.417000;3;102749;1;1;5800.0000;1;1167.0000;None;12600.0000
28264;2023-01-07 17:23:42.497000;1;103092;1;1;8800.0000;1;2963.0000;None;32000.0000
28263;2023-01-07 16:32:52.447000;1;103102;1;1;6800.0000;1;2704.0000;None;29200.0000
4239;2023-01-07 13:49:19.580000;1;103210;1;1;10800.0000;1;None;None;10800.0000
28265;2023-01-07 17:24:06.090000;1;103248;1;1;14800.0000;1;2981.0000;None;32200.0000
28257;2023-01-07 13:07:30.707000;1;103248;1;1;14800.0000;1;7657.0000;None;82700.0000
28257;2023-01-07 13:07:30.707000;1;103268;1;1;15800.0000;1;7657.0000;None;82700.0000
28253;2023-01-07 12:35:47.173000;1;103268;1;1;15800.0000;1;3093.0000;None;33400.0000
28194;2023-01-07 07:26:02.393000;1;103289;1;1;19800.0000;1;8111.0000;None;87600.0000
28246;2023-01-07 11:34:09.803000;1;103364;1;1;8800.0000;1;2444.0000;None;26400.0000
28246;2023-01-07 11:34:09.803000;1;103365;1;1;7800.0000;1;2444.0000;None;26400.0000
28201;2023-01-07 09:30:14.600000;1;103365;1;1;7800.0000;1;6648.0000;None;71800.0000
4229;2023-01-07 10:48:17.597000;1;103365;1;1;7800.0000;1;2074.0000;None;22400.0000
28229;2023-01-07 10:36:58.437000;1;103367;1;1;11800.0000;1;7926.0000;None;85600.0000
28240;2023-01-07 10:58:42.753000;1;103367;1;1;11800.0000;1;4056.0000;None;43800.0000
28216;2023-01-07 09:57:23.980000;1;103367;1;1;11800.0000;1;8056.0000;None;87000.0000
28216;2023-01-07 09:57:23.980000;1;103367;1;1;11800.0000;1;8056.0000;None;87000.0000
28225;2023-01-07 10:24:04.273000;1;103367;1;1;11800.0000;1;1630.0000;None;17600.0000
28219;2023-01-07 10:04:36.793000;1;103367;1;1;11800.0000;1;4630.0000;None;50000.0000
28208;2023-01-07 09:15:34.727000;1;103367;1;1;11800.0000;1;6074.0000;None;65600.0000
28240;2023-01-07 10:58:42.753000;3;103733;1;1;6800.0000;1;4056.0000;None;43800.0000
28221;2023-01-07 10:11:25.373000;3;103904;1;1;3800.0000;1;None;None;7600.0000
28221;2023-01-07 10:11:25.373000;3;103904;1;1;3800.0000;1;None;None;7600.0000
28246;2023-01-07 11:50:39.203000;1;103999;1;1;9800.0000;1;2444.0000;None;26400.0000
4219;2023-01-07 07:13:17.503000;1;104274;1;1;3800.0000;1;1611.0000;None;17400.0000
28259;2023-01-07 12:58:25.923000;1;104274;1;1;3800.0000;1;None;None;3800.0000
4225;2023-01-07 09:47:54.347000;6;104374;2;1;0.0000;1;None;None;24000.0000
28236;2023-01-07 11:01:05.363000;1;104660;1;1;19800.0000;1;6444.0000;None;69600.0000
28248;2023-01-07 11:31:48.480000;1;104690;1;1;4800.0000;1;2667.0000;None;28800.0000
28248;2023-01-07 11:31:48.480000;1;104690;1;1;4800.0000;1;2667.0000;None;28800.0000
28248;2023-01-07 11:49:43.260000;1;104690;1;1;4800.0000;1;2667.0000;None;28800.0000
28248;2023-01-07 11:49:43.260000;1;104690;1;1;4800.0000;1;2667.0000;None;28800.0000
28216;2023-01-07 09:57:23.980000;1;104698;1;1;3800.0000;1;8056.0000;None;87000.0000
28216;2023-01-07 09:57:23.980000;1;104698;1;1;3800.0000;1;8056.0000;None;87000.0000
14170;2023-01-07 11:18:18.167000;1;104749;1;1;1000.0000;1;3833.0000;None;41400.0000
4222;2023-01-07 09:22:35.683000;1;104749;1;1;1000.0000;1;6148.0000;None;66400.0000
28216;2023-01-07 09:57:23.980000;6;104782;1;1;2000.0000;1;8056.0000;None;87000.0000
28216;2023-01-07 09:57:23.980000;6;104782;1;1;2000.0000;1;8056.0000;None;87000.0000
28216;2023-01-07 10:36:05.697000;6;104782;1;1;2000.0000;1;8056.0000;None;87000.0000
28261;2023-01-07 14:18:01.777000;6;104782;1;1;2000.0000;1;1889.0000;None;20400.0000
28216;2023-01-07 10:41:03.880000;6;105082;1;1;2000.0000;1;8056.0000;None;87000.0000
28220;2023-01-07 10:40:55.557000;6;105082;1;1;2000.0000;1;None;None;150400.0000
28217;2023-01-07 09:58:24.143000;6;105082;1;1;2000.0000;1;2722.0000;None;29400.0000
28236;2023-01-07 11:01:05.363000;6;105082;1;1;2000.0000;1;6444.0000;None;69600.0000
28236;2023-01-07 11:01:05.363000;6;105082;1;1;2000.0000;1;6444.0000;None;69600.0000
28236;2023-01-07 11:43:04.460000;6;105082;1;1;2000.0000;1;6444.0000;None;69600.0000
28229;2023-01-07 10:36:58.437000;6;105082;1;1;2000.0000;1;7926.0000;None;85600.0000
28229;2023-01-07 10:36:58.437000;6;105082;1;1;2000.0000;1;7926.0000;None;85600.0000
4224;2023-01-07 09:39:02.880000;6;105082;1;1;2000.0000;1;5000.0000;None;54000.0000
28206;2023-01-07 09:06:39.023000;6;105082;1;1;2000.0000;1;1796.0000;None;19400.0000
4247;2023-01-07 18:02:22.693000;6;105082;1;1;2000.0000;1;1259.0000;None;13600.0000
28249;2023-01-07 11:55:05.027000;6;105082;1;1;2000.0000;1;2778.0000;None;30000.0000
4226;2023-01-07 09:53:34.787000;1;105149;1;1;0.0000;1;3130.0000;None;33800.0000
28227;2023-01-07 10:29:14.720000;1;105165;1;1;6800.0000;1;1519.0000;None;16400.0000
28229;2023-01-07 10:36:58.437000;1;105165;1;1;6800.0000;1;7926.0000;None;85600.0000
28201;2023-01-07 10:22:48.057000;1;105175;1;1;3800.0000;1;6648.0000;None;71800.0000
28201;2023-01-07 10:22:48.057000;1;105175;1;1;3800.0000;1;6648.0000;None;71800.0000
28201;2023-01-07 10:22:48.057000;1;105178;1;1;3800.0000;1;6648.0000;None;71800.0000
14168;2023-01-07 09:54:05.133000;1;105199;1;1;1800.0000;1;2870.0000;None;31000.0000
28257;2023-01-07 13:08:30.907000;1;106043;1;1;6500.0000;1;7657.0000;None;82700.0000
4225;2023-01-07 09:47:54.347000;1;106278;1;1;0.0000;1;None;None;24000.0000
4225;2023-01-07 09:47:54.347000;6;107314;4;1;0.0000;1;None;None;24000.0000
28194;2023-01-07 07:26:02.393000;3;107358;1;1;19800.0000;1;8111.0000;None;87600.0000
28229;2023-01-07 10:36:58.437000;3;107358;1;1;19800.0000;1;7926.0000;None;85600.0000
28236;2023-01-07 11:01:05.363000;3;107358;1;1;19800.0000;1;6444.0000;None;69600.0000
28237;2023-01-07 11:09:30.930000;1;108269;1;1;5800.0000;1;2074.0000;None;22400.0000
14168;2023-01-07 10:05:58.020000;1;108269;1;1;5800.0000;1;2870.0000;None;31000.0000
28219;2023-01-07 10:04:36.793000;1;108269;1;1;5800.0000;1;4630.0000;None;50000.0000
28220;2023-01-07 10:40:55.557000;1;108269;1;1;5800.0000;1;None;None;150400.0000
28206;2023-01-07 09:06:39.023000;1;108269;1;1;5800.0000;1;1796.0000;None;19400.0000
4246;2023-01-07 10:28:08.303000;1;108457;1;1;15800.0000;1;2630.0000;None;28400.0000
28229;2023-01-07 10:36:58.437000;1;109248;1;1;12800.0000;1;7926.0000;None;85600.0000
4225;2023-01-07 09:47:54.347000;1;109435;1;1;12000.0000;1;None;None;24000.0000
4225;2023-01-07 09:47:54.347000;1;109435;1;1;12000.0000;1;None;None;24000.0000
4225;2023-01-07 09:47:54.347000;6;109437;1;1;0.0000;1;None;None;24000.0000
4225;2023-01-07 09:47:54.347000;6;109438;1;1;0.0000;1;None;None;24000.0000
28201;2023-01-07 09:30:14.600000;1;109555;1;1;9800.0000;1;6648.0000;None;71800.0000
28257;2023-01-07 13:07:30.707000;3;200007;1;1;9800.0000;1;7657.0000;None;82700.0000
4218;2023-01-07 07:01:29.880000;3;200644;1;1;5800.0000;1;981.0000;None;10600.0000
14170;2023-01-07 11:18:18.167000;3;200644;1;1;5800.0000;1;3833.0000;None;41400.0000
14170;2023-01-07 10:52:49.410000;3;201146;1;1;5800.0000;1;3833.0000;None;41400.0000
4246;2023-01-07 17:42:01.253000;3;201146;1;1;5800.0000;1;2630.0000;None;28400.0000
28265;2023-01-07 17:24:06.090000;3;201146;1;1;5800.0000;1;2981.0000;None;32200.0000
28264;2023-01-07 17:23:52.973000;3;201146;1;1;5800.0000;1;2963.0000;None;32000.0000
28222;2023-01-07 10:17:57.227000;3;201146;1;1;5800.0000;1;1074.0000;None;11600.0000
28219;2023-01-07 10:31:44.137000;3;201146;1;1;5800.0000;1;4630.0000;None;50000.0000
4222;2023-01-07 09:22:35.683000;3;201146;1;1;5800.0000;1;6148.0000;None;66400.0000
28210;2023-01-07 09:28:53.760000;3;201221;1;1;5800.0000;1;5296.0000;None;57200.0000
28239;2023-01-07 11:16:32.427000;3;201269;1;1;5800.0000;1;2611.0000;None;28200.0000
28210;2023-01-07 09:28:53.760000;1;201566;1;1;37800.0000;1;5296.0000;None;57200.0000
