4367;2023-01-10 08:41:33.800000;7;1049;1;1;0.0000;1;1537.0000;None;16600.0000
4367;2023-01-10 08:41:33.800000;7;1135;1;1;0.0000;1;1537.0000;None;16600.0000
28544;2023-01-10 08:46:18.707000;7;1135;1;1;0.0000;1;2000.0000;None;21600.0000
28546;2023-01-10 08:54:34.747000;7;1135;1;1;0.0000;1;2185.0000;None;23600.0000
28554;2023-01-10 11:17:58.837000;7;1207;1;1;0.0000;1;1704.0000;None;18400.0000
28555;2023-01-10 11:21:03.383000;7;2046;1;1;0.0000;1;630.0000;None;6800.0000
4375;2023-01-10 10:37:30.513000;7;2046;1;1;0.0000;1;None;None;4800.0000
28558;2023-01-10 12:34:00.783000;7;2049;1;1;0.0000;1;981.0000;None;10600.0000
28550;2023-01-10 10:01:11.763000;7;2049;1;1;0.0000;1;352.0000;None;3800.0000
4364;2023-01-10 08:22:27.960000;6;100514;1;1;0.0000;1;None;None;24000.0000
4364;2023-01-10 08:22:27.960000;6;100514;1;1;0.0000;1;None;None;24000.0000
4364;2023-01-10 08:22:27.960000;6;100523;2;1;0.0000;1;None;None;24000.0000
4364;2023-01-10 08:22:27.960000;6;100523;2;1;0.0000;1;None;None;24000.0000
4391;2023-01-10 18:26:40.960000;1;100590;1;1;4800.0000;1;None;None;21200.0000
4391;2023-01-10 18:26:40.960000;1;100590;1;1;4800.0000;1;None;None;21200.0000
28573;2023-01-10 16:49:23.703000;3;100596;1;1;5800.0000;1;None;None;5800.0000
28564;2023-01-10 15:16:30.580000;3;100596;1;1;5800.0000;1;2241.0000;None;24200.0000
28565;2023-01-10 14:53:53.860000;3;100596;1;1;5800.0000;1;537.0000;None;5800.0000
28562;2023-01-10 14:24:34.147000;3;100596;1;1;5800.0000;1;1046.0000;None;11300.0000
28554;2023-01-10 11:17:58.837000;3;100596;1;1;5800.0000;1;1704.0000;None;18400.0000
28541;2023-01-10 09:04:55.123000;3;100596;1;1;5800.0000;1;2148.0000;None;23200.0000
4374;2023-01-10 10:34:29.183000;3;100599;1;1;4800.0000;1;None;None;4800.0000
28567;2023-01-10 15:16:45.567000;3;100599;1;1;4800.0000;1;None;None;12600.0000
28564;2023-01-10 15:16:30.580000;3;100606;1;1;6800.0000;1;2241.0000;None;24200.0000
28563;2023-01-10 14:49:51.997000;3;100606;1;1;6800.0000;1;1333.0000;None;14400.0000
28575;2023-01-10 17:07:17.307000;3;100606;1;1;6800.0000;1;1167.0000;None;12600.0000
28576;2023-01-10 17:27:32.387000;3;100606;1;1;6800.0000;1;4889.0000;None;52800.0000
28576;2023-01-10 17:22:10.883000;3;100606;1;1;6800.0000;1;4889.0000;None;52800.0000
28576;2023-01-10 17:22:10.883000;3;100606;1;1;6800.0000;1;4889.0000;None;52800.0000
28552;2023-01-10 11:23:46.773000;3;100606;1;1;6800.0000;1;1167.0000;None;12600.0000
28555;2023-01-10 11:21:03.383000;3;100606;1;1;6800.0000;1;630.0000;None;6800.0000
4378;2023-01-10 13:37:27.107000;3;100606;1;1;6800.0000;1;None;None;25000.0000
4378;2023-01-10 13:37:27.107000;3;100606;1;1;6800.0000;1;None;None;25000.0000
28551;2023-01-10 09:07:32.107000;3;100606;1;1;6800.0000;1;5241.0000;None;56600.0000
28551;2023-01-10 09:56:19.857000;3;100606;1;1;6800.0000;1;5241.0000;None;56600.0000
28551;2023-01-10 10:11:41.293000;3;100606;1;1;6800.0000;1;5241.0000;None;56600.0000
28551;2023-01-10 11:05:04.610000;3;100606;1;1;6800.0000;1;5241.0000;None;56600.0000
4367;2023-01-10 08:41:33.800000;3;100606;1;1;6800.0000;1;1537.0000;None;16600.0000
28541;2023-01-10 08:55:50.977000;3;100606;1;1;6800.0000;1;2148.0000;None;23200.0000
28540;2023-01-10 08:38:39.123000;3;100606;1;1;6800.0000;1;1259.0000;None;13600.0000
28541;2023-01-10 08:38:49.940000;3;100606;1;1;6800.0000;1;2148.0000;None;23200.0000
4366;2023-01-10 08:31:20.120000;3;100606;1;1;6800.0000;1;None;None;6800.0000
28535;2023-01-10 07:52:44.087000;3;100606;1;1;6800.0000;1;1611.0000;None;17400.0000
28534;2023-01-10 06:58:09.617000;3;100606;1;1;6800.0000;1;630.0000;None;6800.0000
28537;2023-01-10 08:07:22.320000;3;100607;1;1;6800.0000;1;1074.0000;None;11600.0000
28536;2023-01-10 07:58:22.130000;3;100607;1;1;6800.0000;1;815.0000;None;8800.0000
28540;2023-01-10 08:38:39.123000;3;100607;1;1;6800.0000;1;1259.0000;None;13600.0000
28551;2023-01-10 11:05:04.610000;3;100607;1;1;6800.0000;1;5241.0000;None;56600.0000
28568;2023-01-10 15:20:19.220000;3;100607;1;1;6800.0000;1;2241.0000;None;24200.0000
28570;2023-01-10 15:40:07.423000;3;100607;1;1;6800.0000;1;3926.0000;None;42400.0000
28572;2023-01-10 16:25:28.547000;3;100607;1;1;6800.0000;1;1889.0000;None;20400.0000
28559;2023-01-10 12:46:03.307000;3;100613;1;1;4800.0000;1;796.0000;None;8600.0000
28561;2023-01-10 13:12:48.597000;3;100614;1;1;4800.0000;1;444.0000;None;4800.0000
28558;2023-01-10 12:20:52.790000;3;100614;1;1;4800.0000;1;981.0000;None;10600.0000
4380;2023-01-10 14:11:02.240000;3;100614;1;1;4800.0000;1;1241.0000;None;13400.0000
4380;2023-01-10 14:11:02.240000;3;100614;1;1;4800.0000;1;1241.0000;None;13400.0000
28553;2023-01-10 11:16:20.390000;3;100614;1;1;4800.0000;1;444.0000;None;4800.0000
4375;2023-01-10 10:37:30.513000;3;100614;1;1;4800.0000;1;None;None;4800.0000
4371;2023-01-10 10:12:40.860000;3;100614;1;1;4800.0000;1;889.0000;None;9600.0000
4371;2023-01-10 10:12:40.860000;3;100614;1;1;4800.0000;1;889.0000;None;9600.0000
4368;2023-01-10 09:08:04.627000;3;100614;1;1;4800.0000;1;None;None;4800.0000
28548;2023-01-10 09:10:09.297000;3;100614;1;1;4800.0000;1;1722.0000;None;18600.0000
28544;2023-01-10 08:46:18.707000;3;100614;1;1;4800.0000;1;2000.0000;None;21600.0000
28545;2023-01-10 08:46:44.857000;3;100614;1;1;4800.0000;1;2259.0000;None;24400.0000
28572;2023-01-10 17:11:09.217000;3;100614;1;1;4800.0000;1;1889.0000;None;20400.0000
28572;2023-01-10 16:25:28.547000;3;100614;1;1;4800.0000;1;1889.0000;None;20400.0000
28563;2023-01-10 14:49:51.997000;3;100614;1;1;4800.0000;1;1333.0000;None;14400.0000
28564;2023-01-10 14:51:11.003000;3;100614;1;1;4800.0000;1;2241.0000;None;24200.0000
28564;2023-01-10 15:16:30.580000;3;100614;1;1;4800.0000;1;2241.0000;None;24200.0000
14230;2023-01-10 15:11:42.827000;3;100614;1;1;4800.0000;1;None;None;12600.0000
28566;2023-01-10 15:10:10.797000;3;100614;1;1;4800.0000;1;889.0000;None;9600.0000
28566;2023-01-10 15:47:35.863000;3;100614;1;1;4800.0000;1;889.0000;None;9600.0000
4387;2023-01-10 16:41:19.440000;3;100614;1;1;4800.0000;1;444.0000;None;4800.0000
4365;2023-01-10 08:25:54.543000;3;100614;1;1;4800.0000;1;None;None;4800.0000
28539;2023-01-10 08:27:24.833000;3;100614;1;1;4800.0000;1;1537.0000;None;16600.0000
28542;2023-01-10 08:41:05.127000;3;100614;1;1;4800.0000;1;None;None;26200.0000
28537;2023-01-10 08:07:22.320000;3;100614;1;1;4800.0000;1;1074.0000;None;11600.0000
28535;2023-01-10 07:52:44.087000;3;100614;1;1;4800.0000;1;1611.0000;None;17400.0000
28545;2023-01-10 08:46:44.857000;3;100615;1;1;8800.0000;1;2259.0000;None;24400.0000
4376;2023-01-10 11:07:55.880000;1;100624;1;1;1000.0000;1;None;None;4000.0000
4376;2023-01-10 11:07:55.880000;1;100624;1;1;1000.0000;1;None;None;4000.0000
4392;2023-01-10 18:30:41.703000;1;100625;1;1;6800.0000;1;None;None;12600.0000
28542;2023-01-10 08:41:05.127000;1;100630;1;1;6800.0000;1;None;None;26200.0000
28576;2023-01-10 17:22:10.883000;1;100995;1;1;10800.0000;1;4889.0000;None;52800.0000
28576;2023-01-10 17:22:10.883000;1;100995;1;1;10800.0000;1;4889.0000;None;52800.0000
28576;2023-01-10 17:27:32.387000;1;100995;1;1;10800.0000;1;4889.0000;None;52800.0000
28545;2023-01-10 08:46:44.857000;1;100995;1;1;10800.0000;1;2259.0000;None;24400.0000
28552;2023-01-10 11:03:55.163000;3;100999;1;1;5800.0000;1;1167.0000;None;12600.0000
28554;2023-01-10 11:17:58.837000;3;100999;1;1;5800.0000;1;1704.0000;None;18400.0000
28558;2023-01-10 12:34:00.783000;3;100999;1;1;5800.0000;1;981.0000;None;10600.0000
28575;2023-01-10 17:07:17.307000;3;100999;1;1;5800.0000;1;1167.0000;None;12600.0000
28574;2023-01-10 16:54:35.430000;3;100999;1;1;5800.0000;1;796.0000;None;8600.0000
4382;2023-01-10 15:03:52.497000;3;100999;1;1;5800.0000;1;889.0000;None;9600.0000
28568;2023-01-10 16:58:58.160000;3;100999;1;1;5800.0000;1;2241.0000;None;24200.0000
28568;2023-01-10 16:58:58.160000;3;100999;1;1;5800.0000;1;2241.0000;None;24200.0000
28538;2023-01-10 08:11:37.223000;3;100999;1;1;5800.0000;1;889.0000;None;9600.0000
4388;2023-01-10 17:00:13.293000;1;101068;1;1;4800.0000;1;None;None;4800.0000
28577;2023-01-10 17:22:25.947000;1;101068;1;1;4800.0000;1;1444.0000;None;15600.0000
4378;2023-01-10 13:37:27.107000;1;101068;1;1;4800.0000;1;None;None;25000.0000
4378;2023-01-10 13:37:27.107000;1;101069;1;1;2800.0000;1;None;None;25000.0000
28574;2023-01-10 16:54:35.430000;1;101069;1;1;2800.0000;1;796.0000;None;8600.0000
28542;2023-01-10 08:41:05.127000;3;101332;1;1;10800.0000;1;None;None;26200.0000
4389;2023-01-10 17:21:38.067000;3;101332;1;1;10800.0000;1;None;None;10800.0000
28577;2023-01-10 17:22:25.947000;3;101332;1;1;10800.0000;1;1444.0000;None;15600.0000
28570;2023-01-10 17:07:21.697000;3;101332;1;1;10800.0000;1;3926.0000;None;42400.0000
28549;2023-01-10 10:01:04.730000;3;101332;1;1;10800.0000;1;1630.0000;None;17600.0000
28570;2023-01-10 17:49:26.950000;1;101502;1;1;0.0000;1;3926.0000;None;42400.0000
28539;2023-01-10 08:27:24.833000;6;101524;1;1;0.0000;1;1537.0000;None;16600.0000
28539;2023-01-10 08:27:24.833000;6;101524;1;1;0.0000;1;1537.0000;None;16600.0000
28539;2023-01-10 08:27:24.833000;6;101543;1;1;0.0000;1;1537.0000;None;16600.0000
4364;2023-01-10 08:22:27.960000;1;101633;1;1;0.0000;1;None;None;24000.0000
4364;2023-01-10 08:22:27.960000;1;101633;1;1;0.0000;1;None;None;24000.0000
4369;2023-01-10 09:28:52.490000;1;101666;1;1;16800.0000;1;None;None;16800.0000
28544;2023-01-10 08:46:18.707000;1;101666;1;1;16800.0000;1;2000.0000;None;21600.0000
28546;2023-01-10 08:54:34.747000;1;101666;1;1;16800.0000;1;2185.0000;None;23600.0000
28560;2023-01-10 12:46:51.010000;2;101679;1;1;19800.0000;1;3667.0000;None;39600.0000
28560;2023-01-10 12:52:53.587000;2;101679;1;1;19800.0000;1;3667.0000;None;39600.0000
28571;2023-01-10 16:23:01.800000;3;102115;1;1;7800.0000;1;1074.0000;None;11600.0000
4370;2023-01-10 09:30:49.783000;3;102115;1;1;7800.0000;1;None;None;7800.0000
28571;2023-01-10 16:23:01.800000;2;102147;1;1;3800.0000;1;1074.0000;None;11600.0000
4367;2023-01-10 08:41:33.800000;1;102223;1;1;1000.0000;1;1537.0000;None;16600.0000
4376;2023-01-10 11:40:04.057000;1;102223;1;1;1000.0000;1;None;None;4000.0000
4376;2023-01-10 11:07:55.880000;1;102223;1;1;1000.0000;1;None;None;4000.0000
4385;2023-01-10 15:51:55.320000;1;102412;1;1;1800.0000;1;None;None;5400.0000
4385;2023-01-10 15:51:55.320000;1;102412;1;1;1800.0000;1;None;None;5400.0000
4385;2023-01-10 15:51:55.320000;1;102412;1;1;1800.0000;1;None;None;5400.0000
28563;2023-01-10 14:49:51.997000;1;102415;1;1;2800.0000;1;1333.0000;None;14400.0000
4393;2023-01-10 19:09:50.877000;1;102415;1;1;2800.0000;1;None;None;2800.0000
28551;2023-01-10 10:11:41.293000;1;102415;1;1;2800.0000;1;5241.0000;None;56600.0000
4378;2023-01-10 13:37:27.107000;1;102416;1;1;3800.0000;1;None;None;25000.0000
4380;2023-01-10 14:11:02.240000;1;102416;1;1;3800.0000;1;1241.0000;None;13400.0000
4367;2023-01-10 08:41:33.800000;1;102554;1;1;8800.0000;1;1537.0000;None;16600.0000
28546;2023-01-10 08:54:34.747000;3;102619;1;1;6800.0000;1;2185.0000;None;23600.0000
28562;2023-01-10 14:24:34.147000;1;102908;1;1;5500.0000;1;1046.0000;None;11300.0000
28570;2023-01-10 17:49:26.950000;1;103234;1;1;24800.0000;1;3926.0000;None;42400.0000
28539;2023-01-10 08:27:24.833000;1;103367;1;1;11800.0000;1;1537.0000;None;16600.0000
4382;2023-01-10 15:06:54.997000;3;103904;1;1;3800.0000;1;889.0000;None;9600.0000
28559;2023-01-10 12:46:03.307000;3;103904;1;1;3800.0000;1;796.0000;None;8600.0000
28550;2023-01-10 10:01:11.763000;3;103904;1;1;3800.0000;1;352.0000;None;3800.0000
28549;2023-01-10 10:01:04.730000;1;103996;1;1;6800.0000;1;1630.0000;None;17600.0000
4381;2023-01-10 14:59:33.557000;1;103996;1;1;6800.0000;1;None;None;6800.0000
28551;2023-01-10 09:56:19.857000;1;104660;1;1;19800.0000;1;5241.0000;None;56600.0000
14231;2023-01-10 19:10:00.230000;1;104708;1;1;6800.0000;1;None;None;6800.0000
28554;2023-01-10 11:17:58.837000;1;104747;1;1;6800.0000;1;1704.0000;None;18400.0000
28564;2023-01-10 15:16:30.580000;6;104782;1;1;2000.0000;1;2241.0000;None;24200.0000
28542;2023-01-10 08:41:05.127000;1;105041;1;1;3800.0000;1;None;None;26200.0000
28557;2023-01-10 12:17:56.937000;1;105041;1;1;3800.0000;1;352.0000;None;3800.0000
14230;2023-01-10 15:11:42.827000;6;105082;1;1;2000.0000;1;None;None;12600.0000
28572;2023-01-10 16:25:28.547000;6;105082;1;1;2000.0000;1;1889.0000;None;20400.0000
28572;2023-01-10 17:11:09.217000;6;105082;1;1;2000.0000;1;1889.0000;None;20400.0000
28536;2023-01-10 07:58:22.130000;6;105082;1;1;2000.0000;1;815.0000;None;8800.0000
28541;2023-01-10 08:38:49.940000;1;105175;1;1;3800.0000;1;2148.0000;None;23200.0000
28538;2023-01-10 08:11:37.223000;1;105178;1;1;3800.0000;1;889.0000;None;9600.0000
28567;2023-01-10 15:16:45.567000;1;106066;1;1;7800.0000;1;None;None;12600.0000
4391;2023-01-10 18:26:40.960000;1;108269;1;1;5800.0000;1;None;None;21200.0000
4391;2023-01-10 18:26:40.960000;1;108269;1;1;5800.0000;1;None;None;21200.0000
4364;2023-01-10 08:22:27.960000;1;109435;1;1;12000.0000;1;None;None;24000.0000
4364;2023-01-10 08:22:27.960000;1;109435;1;1;12000.0000;1;None;None;24000.0000
4364;2023-01-10 08:22:27.960000;6;109437;1;1;0.0000;1;None;None;24000.0000
4364;2023-01-10 08:22:27.960000;6;109438;1;1;0.0000;1;None;None;24000.0000
28548;2023-01-10 09:10:09.297000;1;109554;1;1;13800.0000;1;1722.0000;None;18600.0000
28535;2023-01-10 07:52:44.087000;3;200644;1;1;5800.0000;1;1611.0000;None;17400.0000
4392;2023-01-10 18:30:41.703000;3;201146;1;1;5800.0000;1;None;None;12600.0000
14230;2023-01-10 15:11:42.827000;3;201146;1;1;5800.0000;1;None;None;12600.0000
28556;2023-01-10 11:35:11.880000;2;201187;1;1;9800.0000;1;2185.0000;None;23600.0000
28568;2023-01-10 15:32:34.450000;3;201304;1;1;5800.0000;1;2241.0000;None;24200.0000
28556;2023-01-10 11:39:34.037000;2;201959;1;1;13800.0000;1;2185.0000;None;23600.0000
