4749;2023-01-17 10:35:41.333000;7;1049;1;1;0.0000;1;5574.0000;None;60200.0000
4740;2023-01-17 09:11:51.357000;7;1131;1;1;0.0000;1;5685.0000;None;61400.0000
4740;2023-01-17 09:11:51.357000;7;1131;1;1;0.0000;1;5685.0000;None;61400.0000
29245;2023-01-17 07:43:27.757000;7;1131;1;1;0.0000;1;352.0000;None;3800.0000
29272;2023-01-17 11:11:48.193000;7;1135;1;1;0.0000;1;5685.0000;None;61400.0000
29262;2023-01-17 09:58:25.837000;7;1135;1;1;0.0000;1;2722.0000;None;29400.0000
29263;2023-01-17 09:30:46.917000;7;1135;1;1;0.0000;1;9944.0000;None;107400.0000
29263;2023-01-17 09:30:46.917000;7;1155;1;1;0.0000;1;9944.0000;None;107400.0000
4744;2023-01-17 09:26:45.643000;7;1207;1;1;0.0000;1;981.0000;None;10600.0000
29260;2023-01-17 09:11:49.033000;7;1207;1;1;0.0000;1;2167.0000;None;23400.0000
29287;2023-01-17 11:39:23.167000;7;1207;1;1;0.0000;1;1074.0000;None;11600.0000
29299;2023-01-17 14:13:23.107000;7;1207;1;1;0.0000;1;1352.0000;None;14600.0000
29310;2023-01-17 16:08:40.923000;7;2012;1;1;0.0000;1;2722.0000;None;29400.0000
29310;2023-01-17 16:32:15.360000;7;2012;1;1;0.0000;1;2722.0000;None;29400.0000
29310;2023-01-17 16:32:15.360000;7;2013;1;1;0.0000;1;2722.0000;None;29400.0000
4750;2023-01-17 10:45:19.450000;7;2013;1;1;0.0000;1;444.0000;None;4800.0000
29253;2023-01-17 08:41:17.437000;7;2026;1;1;0.0000;1;3074.0000;None;33200.0000
29264;2023-01-17 10:09:01.173000;7;2046;1;1;0.0000;1;2167.0000;None;23400.0000
29310;2023-01-17 16:32:15.360000;7;2049;1;1;0.0000;1;2722.0000;None;29400.0000
29310;2023-01-17 16:32:15.360000;7;2049;1;1;0.0000;1;2722.0000;None;29400.0000
29255;2023-01-17 08:51:55.720000;7;2049;1;1;0.0000;1;4889.0000;None;52800.0000
29255;2023-01-17 08:51:55.720000;7;2049;1;1;0.0000;1;4889.0000;None;52800.0000
29279;2023-01-17 11:26:09.233000;7;2049;1;1;0.0000;1;4685.0000;None;50600.0000
29255;2023-01-17 08:55:36.563000;7;2072;1;1;0.0000;1;4889.0000;None;52800.0000
29283;2023-01-17 11:36:42.893000;7;2089;1;1;0.0000;1;7796.0000;None;84200.0000
29283;2023-01-17 11:17:33.360000;7;2089;1;1;0.0000;1;7796.0000;None;84200.0000
29283;2023-01-17 11:17:33.360000;7;2089;1;1;0.0000;1;7796.0000;None;84200.0000
29297;2023-01-17 12:24:28.363000;7;2089;1;1;0.0000;1;630.0000;None;6800.0000
29239;2023-01-17 07:00:35.827000;6;100514;1;1;0.0000;1;None;None;228000.0000
29239;2023-01-17 07:00:35.827000;6;100514;1;1;0.0000;1;None;None;228000.0000
29239;2023-01-17 07:17:06.157000;6;100514;1;1;0.0000;1;None;None;228000.0000
29239;2023-01-17 07:17:06.157000;6;100514;1;1;0.0000;1;None;None;228000.0000
29239;2023-01-17 07:17:06.157000;6;100514;1;1;0.0000;1;None;None;228000.0000
29239;2023-01-17 09:38:51.330000;6;100514;1;1;0.0000;1;None;None;228000.0000
29239;2023-01-17 09:38:51.330000;6;100514;1;1;0.0000;1;None;None;228000.0000
29239;2023-01-17 07:58:38.543000;6;100514;1;1;0.0000;1;None;None;228000.0000
29239;2023-01-17 07:58:38.543000;6;100514;1;1;0.0000;1;None;None;228000.0000
29239;2023-01-17 08:28:32.660000;6;100514;1;1;0.0000;1;None;None;228000.0000
29239;2023-01-17 08:42:22.997000;6;100514;1;1;0.0000;1;None;None;228000.0000
29239;2023-01-17 08:42:22.997000;6;100514;1;1;0.0000;1;None;None;228000.0000
29239;2023-01-17 07:58:38.543000;6;100523;2;1;0.0000;1;None;None;228000.0000
29239;2023-01-17 07:17:06.157000;6;100523;2;1;0.0000;1;None;None;228000.0000
29239;2023-01-17 07:58:38.543000;6;100523;2;1;0.0000;1;None;None;228000.0000
29239;2023-01-17 07:58:38.543000;6;100523;2;1;0.0000;1;None;None;228000.0000
29239;2023-01-17 07:58:38.543000;6;100523;2;1;0.0000;1;None;None;228000.0000
29239;2023-01-17 09:38:51.330000;6;100523;2;1;0.0000;1;None;None;228000.0000
29239;2023-01-17 09:04:40.917000;6;100523;2;1;0.0000;1;None;None;228000.0000
29239;2023-01-17 08:28:32.660000;6;100523;2;1;0.0000;1;None;None;228000.0000
29239;2023-01-17 08:42:22.997000;6;100523;2;1;0.0000;1;None;None;228000.0000
29239;2023-01-17 08:42:22.997000;6;100523;2;1;0.0000;1;None;None;228000.0000
29239;2023-01-17 07:17:06.157000;6;100523;2;1;0.0000;1;None;None;228000.0000
29239;2023-01-17 07:17:06.157000;6;100523;2;1;0.0000;1;None;None;228000.0000
29239;2023-01-17 07:17:06.157000;6;100523;2;1;0.0000;1;None;None;228000.0000
29239;2023-01-17 07:17:06.157000;6;100523;2;1;0.0000;1;None;None;228000.0000
29239;2023-01-17 07:17:06.157000;6;100523;2;1;0.0000;1;None;None;228000.0000
29239;2023-01-17 07:17:06.157000;6;100523;2;1;0.0000;1;None;None;228000.0000
29239;2023-01-17 07:00:35.827000;6;100523;2;1;0.0000;1;None;None;228000.0000
29239;2023-01-17 07:00:35.827000;6;100523;2;1;0.0000;1;None;None;228000.0000
4747;2023-01-17 10:28:12.283000;1;100590;1;1;4800.0000;1;1704.0000;None;18400.0000
29254;2023-01-17 08:47:36.547000;1;100590;1;1;4800.0000;1;1333.0000;None;14400.0000
29263;2023-01-17 09:30:46.917000;1;100590;1;1;4800.0000;1;9944.0000;None;107400.0000
29270;2023-01-17 10:09:47.510000;1;100590;1;1;4800.0000;1;2519.0000;None;27200.0000
29272;2023-01-17 10:16:14.330000;1;100590;1;1;4800.0000;1;5685.0000;None;61400.0000
29272;2023-01-17 10:16:14.330000;1;100591;1;1;11800.0000;1;5685.0000;None;61400.0000
29253;2023-01-17 08:41:17.437000;1;100591;1;1;11800.0000;1;3074.0000;None;33200.0000
29253;2023-01-17 09:21:11.427000;1;100591;1;1;11800.0000;1;3074.0000;None;33200.0000
29317;2023-01-17 16:31:04.777000;3;100596;1;1;5800.0000;1;1704.0000;None;18400.0000
29301;2023-01-17 14:32:02.657000;3;100596;1;1;5800.0000;1;1167.0000;None;12600.0000
14382;2023-01-17 13:42:34.333000;3;100596;1;1;5800.0000;1;981.0000;None;10600.0000
29268;2023-01-17 09:55:43.393000;3;100596;1;1;5800.0000;1;1074.0000;None;11600.0000
29268;2023-01-17 09:55:43.393000;3;100596;1;1;5800.0000;1;1074.0000;None;11600.0000
29266;2023-01-17 09:45:38.523000;3;100596;1;1;5800.0000;1;2241.0000;None;24200.0000
29266;2023-01-17 10:24:06.027000;3;100596;1;1;5800.0000;1;2241.0000;None;24200.0000
29266;2023-01-17 10:24:06.027000;3;100596;1;1;5800.0000;1;2241.0000;None;24200.0000
29277;2023-01-17 10:54:22.023000;3;100596;1;1;5800.0000;1;537.0000;None;5800.0000
29283;2023-01-17 11:17:33.360000;3;100596;1;1;5800.0000;1;7796.0000;None;84200.0000
14387;2023-01-17 16:39:37.027000;3;100599;1;1;4800.0000;1;889.0000;None;9600.0000
29303;2023-01-17 14:42:46.037000;3;100599;1;1;4800.0000;1;1167.0000;None;12600.0000
29305;2023-01-17 15:19:56.973000;3;100606;1;1;6800.0000;1;1352.0000;None;14600.0000
29306;2023-01-17 15:32:45.213000;3;100606;1;1;6800.0000;1;5556.0000;None;60000.0000
4764;2023-01-17 15:16:18.813000;3;100606;1;1;6800.0000;1;1519.0000;None;16400.0000
29301;2023-01-17 14:32:02.657000;3;100606;1;1;6800.0000;1;1167.0000;None;12600.0000
29299;2023-01-17 14:13:23.107000;3;100606;1;1;6800.0000;1;1352.0000;None;14600.0000
4760;2023-01-17 14:11:44.853000;3;100606;1;1;6800.0000;1;None;None;6800.0000
29297;2023-01-17 12:24:28.363000;3;100606;1;1;6800.0000;1;630.0000;None;6800.0000
29292;2023-01-17 12:01:08.373000;3;100606;1;1;6800.0000;1;1796.0000;None;19400.0000
29317;2023-01-17 16:31:04.777000;3;100606;1;1;6800.0000;1;1704.0000;None;18400.0000
29314;2023-01-17 16:21:51.330000;3;100606;1;1;6800.0000;1;1889.0000;None;20400.0000
14388;2023-01-17 17:05:33.873000;3;100606;1;1;6800.0000;1;2667.0000;None;28800.0000
14388;2023-01-17 17:05:33.873000;3;100606;1;1;6800.0000;1;2667.0000;None;28800.0000
29321;2023-01-17 17:22:12.307000;3;100606;1;1;6800.0000;1;6574.0000;None;71000.0000
14388;2023-01-17 17:45:55.240000;3;100606;1;1;6800.0000;1;2667.0000;None;28800.0000
29285;2023-01-17 11:38:22.170000;3;100606;1;1;6800.0000;1;2815.0000;None;30400.0000
4747;2023-01-17 10:28:12.283000;3;100606;1;1;6800.0000;1;1704.0000;None;18400.0000
4747;2023-01-17 10:28:12.283000;3;100606;1;1;6800.0000;1;1704.0000;None;18400.0000
29272;2023-01-17 10:16:14.330000;3;100606;1;1;6800.0000;1;5685.0000;None;61400.0000
29263;2023-01-17 09:30:46.917000;3;100606;1;1;6800.0000;1;9944.0000;None;107400.0000
29271;2023-01-17 10:11:41.380000;3;100606;1;1;6800.0000;1;None;None;13600.0000
29271;2023-01-17 10:11:41.380000;3;100606;1;1;6800.0000;1;None;None;13600.0000
29255;2023-01-17 08:51:55.720000;3;100606;1;1;6800.0000;1;4889.0000;None;52800.0000
29258;2023-01-17 09:10:16.707000;3;100606;1;1;6800.0000;1;3889.0000;None;42000.0000
4743;2023-01-17 09:16:56.773000;3;100606;1;1;6800.0000;1;1796.0000;None;19400.0000
4737;2023-01-17 07:47:11.973000;3;100606;1;1;6800.0000;1;1444.0000;None;15600.0000
29244;2023-01-17 07:29:43.277000;3;100606;1;1;6800.0000;1;1259.0000;None;13600.0000
29244;2023-01-17 07:47:16.757000;3;100606;1;1;6800.0000;1;1259.0000;None;13600.0000
29246;2023-01-17 07:43:33.073000;3;100606;1;1;6800.0000;1;1259.0000;None;13600.0000
29246;2023-01-17 07:43:33.073000;3;100606;1;1;6800.0000;1;1259.0000;None;13600.0000
4740;2023-01-17 08:20:39.593000;3;100606;1;1;6800.0000;1;5685.0000;None;61400.0000
29241;2023-01-17 07:02:34.637000;3;100606;1;1;6800.0000;1;630.0000;None;6800.0000
29242;2023-01-17 07:21:55.077000;3;100606;1;1;6800.0000;1;2074.0000;None;22400.0000
29238;2023-01-17 06:49:23.293000;3;100606;1;1;6800.0000;1;None;None;15600.0000
4736;2023-01-17 06:37:35.693000;3;100606;1;1;6800.0000;1;1074.0000;None;11600.0000
29249;2023-01-17 08:20:44.643000;3;100607;1;1;6800.0000;1;2722.0000;None;29400.0000
29249;2023-01-17 08:53:13.583000;3;100607;1;1;6800.0000;1;2722.0000;None;29400.0000
29260;2023-01-17 09:11:49.033000;3;100607;1;1;6800.0000;1;2167.0000;None;23400.0000
29262;2023-01-17 09:16:47.803000;3;100607;1;1;6800.0000;1;2722.0000;None;29400.0000
29255;2023-01-17 09:12:16.680000;3;100607;1;1;6800.0000;1;4889.0000;None;52800.0000
29255;2023-01-17 08:51:55.720000;3;100607;1;1;6800.0000;1;4889.0000;None;52800.0000
4742;2023-01-17 08:44:55.153000;3;100607;1;1;6800.0000;1;1981.0000;None;21400.0000
4742;2023-01-17 09:07:59.707000;3;100607;1;1;6800.0000;1;1981.0000;None;21400.0000
29267;2023-01-17 09:53:26.487000;3;100607;1;2;13600.0000;1;2241.0000;None;24200.0000
29263;2023-01-17 09:30:46.917000;3;100607;1;1;6800.0000;1;9944.0000;None;107400.0000
29266;2023-01-17 09:50:07.743000;3;100607;1;1;6800.0000;1;2241.0000;None;24200.0000
29279;2023-01-17 10:59:32.830000;3;100607;1;1;6800.0000;1;4685.0000;None;50600.0000
29279;2023-01-17 10:59:32.830000;3;100607;1;1;6800.0000;1;4685.0000;None;50600.0000
29279;2023-01-17 11:16:47.190000;3;100607;1;1;6800.0000;1;4685.0000;None;50600.0000
29279;2023-01-17 11:26:09.233000;3;100607;1;1;6800.0000;1;4685.0000;None;50600.0000
29279;2023-01-17 11:12:14.203000;3;100607;1;1;6800.0000;1;4685.0000;None;50600.0000
4754;2023-01-17 11:27:40.207000;3;100607;1;1;6800.0000;1;1074.0000;None;11600.0000
29283;2023-01-17 11:17:33.360000;3;100607;1;1;6800.0000;1;7796.0000;None;84200.0000
29283;2023-01-17 11:17:33.360000;3;100607;1;1;6800.0000;1;7796.0000;None;84200.0000
29283;2023-01-17 11:36:42.893000;3;100607;1;1;6800.0000;1;7796.0000;None;84200.0000
4756;2023-01-17 11:41:50.590000;3;100607;1;1;6800.0000;1;981.0000;None;10600.0000
29291;2023-01-17 11:50:34.377000;3;100607;1;1;6800.0000;1;981.0000;None;10600.0000
29289;2023-01-17 11:48:31.580000;3;100607;1;1;6800.0000;1;2074.0000;None;22400.0000
29321;2023-01-17 16:59:47.817000;3;100607;1;1;6800.0000;1;6574.0000;None;71000.0000
29314;2023-01-17 16:21:51.330000;3;100607;1;1;6800.0000;1;1889.0000;None;20400.0000
29314;2023-01-17 16:21:51.330000;3;100607;1;1;6800.0000;1;1889.0000;None;20400.0000
4759;2023-01-17 13:59:19.133000;3;100607;1;1;6800.0000;1;None;None;38200.0000
29310;2023-01-17 16:08:40.923000;3;100607;1;1;6800.0000;1;2722.0000;None;29400.0000
29310;2023-01-17 16:32:15.360000;3;100607;1;1;6800.0000;1;2722.0000;None;29400.0000
4764;2023-01-17 15:16:18.813000;3;100613;1;1;4800.0000;1;1519.0000;None;16400.0000
4764;2023-01-17 15:16:18.813000;3;100613;1;1;4800.0000;1;1519.0000;None;16400.0000
29289;2023-01-17 11:48:31.580000;3;100613;1;1;4800.0000;1;2074.0000;None;22400.0000
29278;2023-01-17 10:59:18.697000;3;100613;1;1;4800.0000;1;444.0000;None;4800.0000
29264;2023-01-17 09:40:24.757000;3;100613;1;1;4800.0000;1;2167.0000;None;23400.0000
29252;2023-01-17 08:31:46.367000;3;100613;1;1;4800.0000;1;1426.0000;None;15400.0000
29252;2023-01-17 08:11:14.657000;3;100613;1;1;4800.0000;1;1426.0000;None;15400.0000
29253;2023-01-17 08:41:17.437000;3;100614;1;1;4800.0000;1;3074.0000;None;33200.0000
29253;2023-01-17 09:21:11.427000;3;100614;1;1;4800.0000;1;3074.0000;None;33200.0000
4740;2023-01-17 08:20:39.593000;3;100614;1;1;4800.0000;1;5685.0000;None;61400.0000
29243;2023-01-17 07:29:36.733000;3;100614;1;1;4800.0000;1;1593.0000;None;17200.0000
29243;2023-01-17 07:29:36.733000;3;100614;1;1;4800.0000;1;1593.0000;None;17200.0000
29265;2023-01-17 09:43:35.483000;3;100614;1;1;4800.0000;1;1167.0000;None;12600.0000
29267;2023-01-17 10:31:45.227000;3;100614;1;1;4800.0000;1;2241.0000;None;24200.0000
29269;2023-01-17 10:00:28.313000;3;100614;1;1;4800.0000;1;444.0000;None;4800.0000
29272;2023-01-17 10:16:14.330000;3;100614;1;1;4800.0000;1;5685.0000;None;61400.0000
29272;2023-01-17 10:24:10.507000;3;100614;1;1;4800.0000;1;5685.0000;None;61400.0000
29254;2023-01-17 08:47:36.547000;3;100614;1;1;4800.0000;1;1333.0000;None;14400.0000
29254;2023-01-17 08:47:36.547000;3;100614;1;1;4800.0000;1;1333.0000;None;14400.0000
29257;2023-01-17 09:14:11.530000;3;100614;1;1;4800.0000;1;1981.0000;None;21400.0000
29257;2023-01-17 09:14:11.530000;3;100614;1;1;4800.0000;1;1981.0000;None;21400.0000
29260;2023-01-17 09:54:09.153000;3;100614;1;1;4800.0000;1;2167.0000;None;23400.0000
4744;2023-01-17 09:26:45.643000;3;100614;1;1;4800.0000;1;981.0000;None;10600.0000
4743;2023-01-17 09:06:27.247000;3;100614;1;1;4800.0000;1;1796.0000;None;19400.0000
29258;2023-01-17 09:15:33.267000;3;100614;1;1;4800.0000;1;3889.0000;None;42000.0000
29259;2023-01-17 08:59:37.933000;3;100614;1;1;4800.0000;1;2259.0000;None;24400.0000
4749;2023-01-17 10:23:25.980000;3;100614;1;1;4800.0000;1;5574.0000;None;60200.0000
4749;2023-01-17 10:23:25.980000;3;100614;1;1;4800.0000;1;5574.0000;None;60200.0000
4749;2023-01-17 11:24:44.383000;3;100614;1;1;4800.0000;1;5574.0000;None;60200.0000
4749;2023-01-17 11:24:44.383000;3;100614;1;1;4800.0000;1;5574.0000;None;60200.0000
4750;2023-01-17 10:45:19.450000;3;100614;1;1;4800.0000;1;444.0000;None;4800.0000
29290;2023-01-17 11:50:23.190000;3;100614;1;1;4800.0000;1;1333.0000;None;14400.0000
29287;2023-01-17 11:39:23.167000;3;100614;1;1;4800.0000;1;1074.0000;None;11600.0000
4754;2023-01-17 11:27:40.207000;3;100614;1;1;4800.0000;1;1074.0000;None;11600.0000
4755;2023-01-17 11:27:55.290000;3;100614;1;1;4800.0000;1;444.0000;None;4800.0000
29304;2023-01-17 14:54:06.093000;3;100614;1;1;4800.0000;1;1333.0000;None;14400.0000
29304;2023-01-17 14:54:06.093000;3;100614;1;1;4800.0000;1;1333.0000;None;14400.0000
29304;2023-01-17 14:54:06.093000;3;100614;1;1;4800.0000;1;1333.0000;None;14400.0000
29306;2023-01-17 15:32:45.213000;3;100614;1;1;4800.0000;1;5556.0000;None;60000.0000
14387;2023-01-17 15:33:21.683000;3;100614;1;1;4800.0000;1;889.0000;None;9600.0000
29298;2023-01-17 14:04:39.410000;3;100614;1;1;4800.0000;1;444.0000;None;4800.0000
14385;2023-01-17 14:34:25.530000;3;100614;1;1;4800.0000;1;981.0000;None;10600.0000
29292;2023-01-17 11:58:00.353000;3;100614;1;1;4800.0000;1;1796.0000;None;19400.0000
29294;2023-01-17 12:04:49.080000;3;100614;1;1;4800.0000;1;1120.0000;None;12100.0000
29294;2023-01-17 12:04:49.080000;3;100614;1;1;4800.0000;1;1120.0000;None;12100.0000
14380;2023-01-17 12:50:55.517000;3;100614;1;1;4800.0000;1;1519.0000;None;16400.0000
14382;2023-01-17 11:20:10.413000;3;100614;1;1;4800.0000;1;981.0000;None;10600.0000
29320;2023-01-17 17:36:43.997000;3;100614;1;1;4800.0000;1;3593.0000;None;38800.0000
29316;2023-01-17 16:24:51.170000;3;100614;1;1;4800.0000;1;1796.0000;None;19400.0000
29316;2023-01-17 16:24:51.170000;3;100614;1;1;4800.0000;1;1796.0000;None;19400.0000
29315;2023-01-17 16:18:38.597000;3;100614;1;1;4800.0000;1;611.0000;None;6600.0000
29322;2023-01-17 17:08:36.120000;3;100614;1;1;4800.0000;1;444.0000;None;4800.0000
29323;2023-01-17 17:16:22.937000;3;100614;1;1;4800.0000;1;None;None;9600.0000
29323;2023-01-17 17:16:22.937000;3;100614;1;1;4800.0000;1;None;None;9600.0000
29238;2023-01-17 06:49:23.293000;3;100615;1;1;8800.0000;1;None;None;15600.0000
29248;2023-01-17 08:12:25.360000;1;100624;1;1;1000.0000;1;None;None;19800.0000
29248;2023-01-17 08:12:25.360000;1;100624;1;1;1000.0000;1;None;None;19800.0000
29248;2023-01-17 08:29:53.150000;1;100624;1;1;1000.0000;1;None;None;19800.0000
29248;2023-01-17 08:29:53.150000;1;100624;1;1;1000.0000;1;None;None;19800.0000
29307;2023-01-17 15:58:11.420000;1;100625;1;1;6800.0000;1;None;None;6800.0000
29287;2023-01-17 11:39:23.167000;1;100625;1;1;6800.0000;1;1074.0000;None;11600.0000
29270;2023-01-17 10:09:47.510000;1;100625;1;1;6800.0000;1;2519.0000;None;27200.0000
29267;2023-01-17 11:18:39.330000;3;100628;1;1;5800.0000;1;2241.0000;None;24200.0000
29288;2023-01-17 11:43:07.300000;3;100628;1;1;5800.0000;1;1167.0000;None;12600.0000
29285;2023-01-17 11:38:22.170000;1;100995;1;1;10800.0000;1;2815.0000;None;30400.0000
4749;2023-01-17 10:35:41.333000;1;100995;1;1;10800.0000;1;5574.0000;None;60200.0000
29260;2023-01-17 09:11:49.033000;1;100995;1;1;10800.0000;1;2167.0000;None;23400.0000
4744;2023-01-17 09:26:45.643000;3;100999;1;1;5800.0000;1;981.0000;None;10600.0000
29320;2023-01-17 16:47:07.527000;3;100999;1;1;5800.0000;1;3593.0000;None;38800.0000
14385;2023-01-17 14:44:43.093000;3;100999;1;1;5800.0000;1;981.0000;None;10600.0000
4759;2023-01-17 12:23:43.597000;3;100999;1;1;5800.0000;1;None;None;38200.0000
4736;2023-01-17 06:37:35.693000;1;101068;1;1;4800.0000;1;1074.0000;None;11600.0000
29294;2023-01-17 12:04:49.080000;1;101088;1;1;2500.0000;1;1120.0000;None;12100.0000
29285;2023-01-17 11:34:54.660000;3;101208;1;1;12800.0000;1;2815.0000;None;30400.0000
29316;2023-01-17 16:24:51.170000;3;101210;1;1;9800.0000;1;1796.0000;None;19400.0000
29320;2023-01-17 17:36:43.997000;3;101332;1;1;10800.0000;1;3593.0000;None;38800.0000
29259;2023-01-17 08:59:37.933000;1;101400;1;1;0.0000;1;2259.0000;None;24400.0000
29259;2023-01-17 08:59:37.933000;6;101488;1;1;0.0000;1;2259.0000;None;24400.0000
29321;2023-01-17 16:59:47.817000;1;101502;1;1;0.0000;1;6574.0000;None;71000.0000
29321;2023-01-17 17:22:12.307000;1;101502;1;1;0.0000;1;6574.0000;None;71000.0000
29306;2023-01-17 15:32:45.213000;1;101502;1;1;0.0000;1;5556.0000;None;60000.0000
29286;2023-01-17 11:38:36.317000;1;101502;1;1;None;1;2000.0000;None;21600.0000
29255;2023-01-17 08:52:05.107000;6;101511;1;1;0.0000;1;4889.0000;None;52800.0000
29249;2023-01-17 08:30:34.740000;6;101511;1;1;0.0000;1;2722.0000;None;29400.0000
29259;2023-01-17 08:59:37.933000;6;101543;1;1;0.0000;1;2259.0000;None;24400.0000
29239;2023-01-17 09:38:51.330000;1;101633;1;1;0.0000;1;None;None;228000.0000
29239;2023-01-17 09:38:51.330000;1;101633;1;1;0.0000;1;None;None;228000.0000
29239;2023-01-17 07:58:38.543000;1;101633;1;1;0.0000;1;None;None;228000.0000
29239;2023-01-17 07:58:38.543000;1;101633;1;1;0.0000;1;None;None;228000.0000
29239;2023-01-17 07:58:38.543000;1;101633;1;1;0.0000;1;None;None;228000.0000
29239;2023-01-17 08:28:32.660000;1;101633;1;1;0.0000;1;None;None;228000.0000
29239;2023-01-17 08:42:22.997000;1;101633;1;1;0.0000;1;None;None;228000.0000
29239;2023-01-17 07:00:35.827000;1;101633;1;1;0.0000;1;None;None;228000.0000
29239;2023-01-17 07:00:35.827000;1;101633;1;1;0.0000;1;None;None;228000.0000
29239;2023-01-17 07:17:06.157000;1;101633;1;1;0.0000;1;None;None;228000.0000
29239;2023-01-17 07:17:06.157000;1;101633;1;1;0.0000;1;None;None;228000.0000
29239;2023-01-17 07:17:06.157000;1;101633;1;1;0.0000;1;None;None;228000.0000
29239;2023-01-17 07:17:06.157000;1;101633;1;1;0.0000;1;None;None;228000.0000
29239;2023-01-17 07:17:06.157000;1;101633;1;1;0.0000;1;None;None;228000.0000
29239;2023-01-17 07:17:06.157000;1;101633;1;1;0.0000;1;None;None;228000.0000
29239;2023-01-17 07:17:06.157000;1;101633;1;1;0.0000;1;None;None;228000.0000
29262;2023-01-17 09:58:25.837000;1;101666;1;1;16800.0000;1;2722.0000;None;29400.0000
29272;2023-01-17 11:11:48.193000;1;101666;1;1;16800.0000;1;5685.0000;None;61400.0000
29283;2023-01-17 11:17:33.360000;1;101666;1;1;16800.0000;1;7796.0000;None;84200.0000
29324;2023-01-17 18:28:54.740000;2;101679;1;1;19800.0000;1;4389.0000;None;47400.0000
29324;2023-01-17 18:28:54.740000;2;101679;1;1;19800.0000;1;4389.0000;None;47400.0000
4766;2023-01-17 16:06:41.087000;2;101709;1;1;28800.0000;1;2667.0000;None;28800.0000
29263;2023-01-17 09:30:46.917000;3;102102;1;1;9800.0000;1;9944.0000;None;107400.0000
4739;2023-01-17 07:40:01.970000;3;102102;1;1;9800.0000;1;907.0000;None;9800.0000
29320;2023-01-17 16:47:07.527000;3;102112;1;1;4800.0000;1;3593.0000;None;38800.0000
29320;2023-01-17 16:47:07.527000;3;102112;1;1;4800.0000;1;3593.0000;None;38800.0000
29292;2023-01-17 11:58:00.353000;3;102115;1;1;7800.0000;1;1796.0000;None;19400.0000
29299;2023-01-17 14:13:23.107000;3;102115;1;1;7800.0000;1;1352.0000;None;14600.0000
29251;2023-01-17 08:31:59.770000;3;102115;1;1;7800.0000;1;722.0000;None;7800.0000
29264;2023-01-17 10:09:01.173000;3;102115;1;1;7800.0000;1;2167.0000;None;23400.0000
29256;2023-01-17 08:52:16.150000;3;102115;1;1;7800.0000;1;1259.0000;None;13600.0000
29263;2023-01-17 09:30:46.917000;1;102191;1;1;4800.0000;1;9944.0000;None;107400.0000
29260;2023-01-17 09:13:22.790000;1;102212;1;1;1000.0000;1;2167.0000;None;23400.0000
29263;2023-01-17 09:30:46.917000;1;102247;1;1;3800.0000;1;9944.0000;None;107400.0000
29272;2023-01-17 11:11:48.193000;1;102314;1;1;5800.0000;1;5685.0000;None;61400.0000
29315;2023-01-17 16:23:48.340000;1;102412;1;1;1800.0000;1;611.0000;None;6600.0000
14388;2023-01-17 17:05:33.873000;1;102415;1;1;2800.0000;1;2667.0000;None;28800.0000
14388;2023-01-17 17:05:33.873000;1;102415;1;1;2800.0000;1;2667.0000;None;28800.0000
14388;2023-01-17 17:05:33.873000;1;102415;1;1;2800.0000;1;2667.0000;None;28800.0000
4749;2023-01-17 10:35:41.333000;1;102554;1;1;8800.0000;1;5574.0000;None;60200.0000
29263;2023-01-17 09:30:46.917000;1;102554;1;1;8800.0000;1;9944.0000;None;107400.0000
4751;2023-01-17 10:31:45.230000;1;102561;1;1;9800.0000;1;907.0000;None;9800.0000
29242;2023-01-17 07:21:55.077000;1;102561;1;1;9800.0000;1;2074.0000;None;22400.0000
29263;2023-01-17 09:30:46.917000;1;102567;1;1;14800.0000;1;9944.0000;None;107400.0000
29263;2023-01-17 09:30:46.917000;1;102567;1;1;14800.0000;1;9944.0000;None;107400.0000
29279;2023-01-17 10:59:32.830000;1;102574;1;1;9800.0000;1;4685.0000;None;50600.0000
4740;2023-01-17 08:06:09.923000;3;102635;1;1;7800.0000;1;5685.0000;None;61400.0000
4740;2023-01-17 08:06:09.923000;3;102635;1;1;7800.0000;1;5685.0000;None;61400.0000
29281;2023-01-17 11:10:22.437000;3;102635;1;1;7800.0000;1;2630.0000;None;28400.0000
29283;2023-01-17 11:17:33.360000;3;102635;1;1;7800.0000;1;7796.0000;None;84200.0000
29259;2023-01-17 08:59:37.933000;3;102635;1;1;7800.0000;1;2259.0000;None;24400.0000
29257;2023-01-17 08:53:31.090000;3;102635;1;1;7800.0000;1;1981.0000;None;21400.0000
29258;2023-01-17 08:58:15.710000;3;102635;1;1;7800.0000;1;3889.0000;None;42000.0000
29255;2023-01-17 08:55:36.563000;3;102635;1;1;7800.0000;1;4889.0000;None;52800.0000
4742;2023-01-17 08:44:55.153000;3;102635;1;1;7800.0000;1;1981.0000;None;21400.0000
29255;2023-01-17 08:55:36.563000;3;102637;1;1;9800.0000;1;4889.0000;None;52800.0000
4749;2023-01-17 10:35:41.333000;3;102640;1;1;9800.0000;1;5574.0000;None;60200.0000
29263;2023-01-17 09:30:46.917000;3;102641;1;1;10800.0000;1;9944.0000;None;107400.0000
29270;2023-01-17 10:09:47.510000;3;102644;1;1;5800.0000;1;2519.0000;None;27200.0000
4745;2023-01-17 09:54:27.153000;3;102649;1;1;4800.0000;1;444.0000;None;4800.0000
4757;2023-01-17 13:43:32.033000;1;102906;1;1;5500.0000;1;None;None;5500.0000
29302;2023-01-17 14:35:34.527000;1;102908;1;1;5500.0000;1;None;None;14300.0000
29302;2023-01-17 14:35:34.527000;1;103095;1;1;8800.0000;1;None;None;14300.0000
29281;2023-01-17 11:10:22.437000;1;103102;1;1;6800.0000;1;2630.0000;None;28400.0000
29324;2023-01-17 18:59:33.560000;1;103137;1;1;7800.0000;1;4389.0000;None;47400.0000
29289;2023-01-17 11:48:31.580000;1;103214;1;1;10800.0000;1;2074.0000;None;22400.0000
29306;2023-01-17 15:32:45.213000;1;103234;1;1;24800.0000;1;5556.0000;None;60000.0000
29255;2023-01-17 08:52:05.107000;1;103248;1;1;14800.0000;1;4889.0000;None;52800.0000
29286;2023-01-17 11:38:36.317000;1;103268;1;1;15800.0000;1;2000.0000;None;21600.0000
29249;2023-01-17 08:30:34.740000;1;103268;1;1;15800.0000;1;2722.0000;None;29400.0000
29321;2023-01-17 16:59:47.817000;1;103289;1;1;19800.0000;1;6574.0000;None;71000.0000
29321;2023-01-17 17:22:12.307000;1;103307;1;1;31800.0000;1;6574.0000;None;71000.0000
4737;2023-01-17 07:21:55.077000;1;103364;1;1;8800.0000;1;1444.0000;None;15600.0000
29283;2023-01-17 11:17:33.360000;1;103365;1;1;7800.0000;1;7796.0000;None;84200.0000
29265;2023-01-17 09:43:35.483000;1;103365;1;1;7800.0000;1;1167.0000;None;12600.0000
29259;2023-01-17 08:59:37.933000;1;103367;1;1;11800.0000;1;2259.0000;None;24400.0000
29250;2023-01-17 08:22:40.727000;3;103904;1;1;3800.0000;1;None;None;7600.0000
29250;2023-01-17 08:22:40.727000;3;103904;1;1;3800.0000;1;None;None;7600.0000
4767;2023-01-17 11:31:07.937000;3;103904;1;1;3800.0000;1;None;None;3800.0000
4740;2023-01-17 09:11:51.357000;1;103971;1;1;9800.0000;1;5685.0000;None;61400.0000
4740;2023-01-17 08:06:09.923000;1;103971;1;1;9800.0000;1;5685.0000;None;61400.0000
4740;2023-01-17 08:06:09.923000;1;103972;1;1;8800.0000;1;5685.0000;None;61400.0000
29258;2023-01-17 08:58:15.710000;1;103996;1;1;6800.0000;1;3889.0000;None;42000.0000
4753;2023-01-17 10:59:32.830000;1;103996;1;1;6800.0000;1;None;None;10600.0000
29279;2023-01-17 10:59:32.830000;1;103996;1;1;6800.0000;1;4685.0000;None;50600.0000
29258;2023-01-17 09:10:16.707000;1;104004;1;1;15800.0000;1;3889.0000;None;42000.0000
29310;2023-01-17 16:08:40.923000;1;104004;1;1;15800.0000;1;2722.0000;None;29400.0000
29319;2023-01-17 15:33:21.683000;1;104004;1;1;15800.0000;1;None;None;15800.0000
29243;2023-01-17 07:29:36.733000;1;104274;1;1;3800.0000;1;1593.0000;None;17200.0000
29243;2023-01-17 07:34:42.147000;1;104274;1;1;3800.0000;1;1593.0000;None;17200.0000
29282;2023-01-17 11:14:22.537000;1;104274;1;1;3800.0000;1;889.0000;None;9600.0000
4753;2023-01-17 11:26:00.807000;1;104274;1;1;3800.0000;1;None;None;10600.0000
4756;2023-01-17 11:41:50.590000;1;104274;1;1;3800.0000;1;981.0000;None;10600.0000
29291;2023-01-17 11:50:34.377000;1;104274;1;1;3800.0000;1;981.0000;None;10600.0000
4769;2023-01-17 17:02:10.530000;1;104275;1;1;8800.0000;1;None;None;8800.0000
29239;2023-01-17 09:38:51.330000;6;104374;2;1;0.0000;1;None;None;228000.0000
29283;2023-01-17 11:17:33.360000;1;104660;1;1;19800.0000;1;7796.0000;None;84200.0000
29290;2023-01-17 11:50:23.190000;1;104690;1;1;4800.0000;1;1333.0000;None;14400.0000
29290;2023-01-17 11:50:23.190000;1;104690;1;1;4800.0000;1;1333.0000;None;14400.0000
29245;2023-01-17 07:43:27.757000;1;104698;1;1;3800.0000;1;352.0000;None;3800.0000
29263;2023-01-17 09:32:31.217000;1;104708;1;1;6800.0000;1;9944.0000;None;107400.0000
4771;2023-01-17 17:54:23.690000;1;104747;1;1;7800.0000;1;None;None;7800.0000
29306;2023-01-17 15:32:45.213000;1;104747;1;1;7800.0000;1;5556.0000;None;60000.0000
29305;2023-01-17 15:19:56.973000;1;104747;1;1;7800.0000;1;1352.0000;None;14600.0000
4743;2023-01-17 09:16:56.773000;6;104782;1;1;2000.0000;1;1796.0000;None;19400.0000
29263;2023-01-17 09:51:07.057000;1;105041;1;1;3800.0000;1;9944.0000;None;107400.0000
29320;2023-01-17 17:36:43.997000;6;105082;1;1;2000.0000;1;3593.0000;None;38800.0000
4740;2023-01-17 08:06:09.923000;1;105149;1;1;0.0000;1;5685.0000;None;61400.0000
4740;2023-01-17 08:06:09.923000;1;105149;1;1;0.0000;1;5685.0000;None;61400.0000
4740;2023-01-17 09:11:51.357000;1;105149;1;1;0.0000;1;5685.0000;None;61400.0000
29288;2023-01-17 11:43:07.300000;1;105165;1;1;6800.0000;1;1167.0000;None;12600.0000
29284;2023-01-17 11:31:07.937000;1;105175;1;1;4000.0000;1;None;None;4000.0000
29257;2023-01-17 08:53:31.090000;1;105175;1;1;4000.0000;1;1981.0000;None;21400.0000
29240;2023-01-17 07:00:43.573000;1;105178;1;1;4000.0000;1;741.0000;None;8000.0000
29240;2023-01-17 07:15:01.060000;1;105178;1;1;4000.0000;1;741.0000;None;8000.0000
29252;2023-01-17 08:11:14.657000;1;105304;1;1;5800.0000;1;1426.0000;None;15400.0000
29264;2023-01-17 09:40:24.757000;1;105490;1;1;10800.0000;1;2167.0000;None;23400.0000
29263;2023-01-17 09:30:46.917000;1;105490;1;1;10800.0000;1;9944.0000;None;107400.0000
4766;2023-01-17 16:06:41.087000;6;105631;1;1;0.0000;1;2667.0000;None;28800.0000
29303;2023-01-17 14:42:46.037000;1;106066;1;1;7800.0000;1;1167.0000;None;12600.0000
29239;2023-01-17 07:58:38.543000;1;106278;1;1;0.0000;1;None;None;228000.0000
29239;2023-01-17 09:04:40.917000;6;107314;4;1;0.0000;1;None;None;228000.0000
29239;2023-01-17 07:17:06.157000;6;107314;4;1;0.0000;1;None;None;228000.0000
29282;2023-01-17 11:14:22.537000;3;107664;1;1;5800.0000;1;889.0000;None;9600.0000
4743;2023-01-17 09:16:56.773000;1;108269;1;1;5800.0000;1;1796.0000;None;19400.0000
4740;2023-01-17 09:11:51.357000;1;108269;1;1;5800.0000;1;5685.0000;None;61400.0000
29239;2023-01-17 09:04:40.917000;1;108362;1;1;0.0000;1;None;None;228000.0000
29239;2023-01-17 08:42:22.997000;1;108362;1;1;0.0000;1;None;None;228000.0000
29239;2023-01-17 07:58:38.543000;1;108362;1;1;0.0000;1;None;None;228000.0000
29248;2023-01-17 18:16:31.763000;1;108457;1;1;15800.0000;1;None;None;19800.0000
29306;2023-01-17 15:32:45.213000;1;108457;1;1;15800.0000;1;5556.0000;None;60000.0000
29239;2023-01-17 07:58:38.543000;1;109435;1;1;12000.0000;1;None;None;228000.0000
29239;2023-01-17 07:58:38.543000;1;109435;1;1;12000.0000;1;None;None;228000.0000
29239;2023-01-17 07:58:38.543000;1;109435;1;1;12000.0000;1;None;None;228000.0000
29239;2023-01-17 07:58:38.543000;1;109435;1;1;12000.0000;1;None;None;228000.0000
29239;2023-01-17 08:42:22.997000;1;109435;1;1;12000.0000;1;None;None;228000.0000
29239;2023-01-17 09:04:40.917000;1;109435;1;1;12000.0000;1;None;None;228000.0000
29239;2023-01-17 08:28:32.660000;1;109435;1;1;12000.0000;1;None;None;228000.0000
29239;2023-01-17 08:42:22.997000;1;109435;1;1;12000.0000;1;None;None;228000.0000
29239;2023-01-17 09:38:51.330000;1;109435;1;1;12000.0000;1;None;None;228000.0000
29239;2023-01-17 09:38:51.330000;1;109435;1;1;12000.0000;1;None;None;228000.0000
29239;2023-01-17 07:17:06.157000;1;109435;1;1;12000.0000;1;None;None;228000.0000
29239;2023-01-17 07:17:06.157000;1;109435;1;1;12000.0000;1;None;None;228000.0000
29239;2023-01-17 07:17:06.157000;1;109435;1;1;12000.0000;1;None;None;228000.0000
29239;2023-01-17 07:17:06.157000;1;109435;1;1;12000.0000;1;None;None;228000.0000
29239;2023-01-17 07:17:06.157000;1;109435;1;1;12000.0000;1;None;None;228000.0000
29239;2023-01-17 07:17:06.157000;1;109435;1;1;12000.0000;1;None;None;228000.0000
29239;2023-01-17 07:17:06.157000;1;109435;1;1;12000.0000;1;None;None;228000.0000
29239;2023-01-17 07:00:35.827000;1;109435;1;1;12000.0000;1;None;None;228000.0000
29239;2023-01-17 07:00:35.827000;1;109435;1;1;12000.0000;1;None;None;228000.0000
29239;2023-01-17 07:17:06.157000;6;109436;1;1;0.0000;1;None;None;228000.0000
29239;2023-01-17 07:17:06.157000;6;109436;1;1;0.0000;1;None;None;228000.0000
29239;2023-01-17 07:17:06.157000;6;109436;1;1;0.0000;1;None;None;228000.0000
29239;2023-01-17 07:58:38.543000;6;109436;1;1;0.0000;1;None;None;228000.0000
29239;2023-01-17 07:58:38.543000;6;109437;1;1;0.0000;1;None;None;228000.0000
29239;2023-01-17 08:28:32.660000;6;109437;1;1;0.0000;1;None;None;228000.0000
29239;2023-01-17 08:42:22.997000;6;109437;1;1;0.0000;1;None;None;228000.0000
29239;2023-01-17 09:38:51.330000;6;109437;1;1;0.0000;1;None;None;228000.0000
29239;2023-01-17 07:17:06.157000;6;109437;1;1;0.0000;1;None;None;228000.0000
29239;2023-01-17 07:17:06.157000;6;109437;1;1;0.0000;1;None;None;228000.0000
29239;2023-01-17 07:17:06.157000;6;109437;1;1;0.0000;1;None;None;228000.0000
29239;2023-01-17 07:00:35.827000;6;109437;1;1;0.0000;1;None;None;228000.0000
29239;2023-01-17 07:00:35.827000;6;109438;1;1;0.0000;1;None;None;228000.0000
29239;2023-01-17 07:17:06.157000;6;109438;1;1;0.0000;1;None;None;228000.0000
29239;2023-01-17 07:17:06.157000;6;109438;1;1;0.0000;1;None;None;228000.0000
29239;2023-01-17 07:17:06.157000;6;109438;1;1;0.0000;1;None;None;228000.0000
29239;2023-01-17 07:17:06.157000;6;109438;1;1;0.0000;1;None;None;228000.0000
29239;2023-01-17 09:38:51.330000;6;109438;1;1;0.0000;1;None;None;228000.0000
29239;2023-01-17 09:04:40.917000;6;109438;1;1;0.0000;1;None;None;228000.0000
29239;2023-01-17 08:42:22.997000;6;109438;1;1;0.0000;1;None;None;228000.0000
29239;2023-01-17 07:58:38.543000;6;109438;1;1;0.0000;1;None;None;228000.0000
29239;2023-01-17 07:58:38.543000;6;109438;1;1;0.0000;1;None;None;228000.0000
29239;2023-01-17 07:58:38.543000;6;109438;1;1;0.0000;1;None;None;228000.0000
4759;2023-01-17 13:59:19.133000;1;109485;1;1;12800.0000;1;None;None;38200.0000
4759;2023-01-17 13:59:19.133000;1;109485;1;1;12800.0000;1;None;None;38200.0000
29281;2023-01-17 11:10:22.437000;1;109554;1;1;13800.0000;1;2630.0000;None;28400.0000
29262;2023-01-17 09:16:47.803000;3;200644;1;1;5800.0000;1;2722.0000;None;29400.0000
29311;2023-01-17 16:17:12.637000;3;200644;1;1;5800.0000;1;537.0000;None;5800.0000
29320;2023-01-17 16:47:07.527000;3;200644;1;1;5800.0000;1;3593.0000;None;38800.0000
4746;2023-01-17 10:11:41.287000;11;201023;1;1;84500.0000;1;None;None;84500.0000
29256;2023-01-17 08:52:16.150000;3;201146;1;1;5800.0000;1;1259.0000;None;13600.0000
29272;2023-01-17 11:11:48.193000;3;201146;1;1;5800.0000;1;5685.0000;None;61400.0000
29283;2023-01-17 11:36:42.893000;3;201146;1;1;5800.0000;1;7796.0000;None;84200.0000
29242;2023-01-17 07:38:09.520000;3;201146;1;1;5800.0000;1;2074.0000;None;22400.0000
29317;2023-01-17 16:33:23.803000;3;201146;1;1;5800.0000;1;1704.0000;None;18400.0000
29321;2023-01-17 17:22:12.307000;3;201146;1;1;5800.0000;1;6574.0000;None;71000.0000
29293;2023-01-17 12:04:07.897000;3;201146;1;1;5800.0000;1;None;None;5800.0000
14380;2023-01-17 12:50:55.517000;3;201146;1;1;5800.0000;1;1519.0000;None;16400.0000
14380;2023-01-17 12:50:55.517000;3;201146;1;1;5800.0000;1;1519.0000;None;16400.0000
29295;2023-01-17 12:05:52.887000;3;201211;1;1;5800.0000;1;537.0000;None;5800.0000
29286;2023-01-17 11:38:36.317000;3;201221;1;1;5800.0000;1;2000.0000;None;21600.0000
4749;2023-01-17 11:24:44.383000;3;201269;1;1;5800.0000;1;5574.0000;None;60200.0000
4749;2023-01-17 10:23:25.980000;3;201269;1;1;5800.0000;1;5574.0000;None;60200.0000
29296;2023-01-17 12:08:16.067000;2;201615;1;1;13800.0000;1;1278.0000;None;13800.0000
29270;2023-01-17 10:09:47.510000;3;202134;1;1;9800.0000;1;2519.0000;None;27200.0000
