5102;2023-01-23 08:38:02.927000;7;1131;1;1;0.0000;1;889.0000;None;9600.0000
14521;2023-01-23 16:51:15.110000;7;1131;1;1;0.0000;1;2991.0000;None;32300.0000
5127;2023-01-23 18:06:56.037000;7;1135;1;1;0.0000;1;None;None;1800.0000
29859;2023-01-23 07:47:04.183000;7;1135;1;1;0.0000;1;6167.0000;None;66600.0000
5128;2023-01-23 18:19:31.280000;7;1207;1;1;0.0000;1;2519.0000;None;27200.0000
5126;2023-01-23 18:06:31.857000;7;1207;1;1;0.0000;1;None;None;6800.0000
29909;2023-01-23 18:02:15.347000;7;1207;1;1;0.0000;1;1352.0000;None;14600.0000
29906;2023-01-23 17:27:48.597000;7;2009;1;1;0.0000;1;630.0000;None;6800.0000
29897;2023-01-23 16:06:32.713000;7;2010;1;1;0.0000;1;1370.0000;None;14800.0000
29872;2023-01-23 09:19:12.973000;7;2026;1;1;0.0000;1;2963.0000;None;32000.0000
29876;2023-01-23 10:13:44.757000;7;2046;1;1;0.0000;1;630.0000;None;6800.0000
29891;2023-01-23 12:47:26.880000;7;2049;1;1;0.0000;1;3667.0000;None;39600.0000
14525;2023-01-23 17:56:45.363000;7;2049;1;1;0.0000;1;5889.0000;None;63600.0000
29874;2023-01-23 09:50:23.497000;7;2049;1;1;0.0000;1;1981.0000;None;21400.0000
29874;2023-01-23 10:52:05.407000;7;2049;1;1;0.0000;1;1981.0000;None;21400.0000
29875;2023-01-23 09:56:02.167000;7;2049;1;1;0.0000;1;889.0000;None;9600.0000
29875;2023-01-23 09:50:29.487000;7;2049;1;1;0.0000;1;889.0000;None;9600.0000
29874;2023-01-23 10:52:05.407000;7;2049;1;1;0.0000;1;1981.0000;None;21400.0000
5102;2023-01-23 08:38:02.927000;7;2049;1;1;0.0000;1;889.0000;None;9600.0000
29855;2023-01-23 07:27:37.250000;7;2049;1;1;0.0000;1;1796.0000;None;19400.0000
29855;2023-01-23 07:27:37.250000;7;2049;1;1;0.0000;1;1796.0000;None;19400.0000
29855;2023-01-23 07:27:37.250000;7;2049;1;1;0.0000;1;1796.0000;None;19400.0000
29859;2023-01-23 07:27:29.113000;7;2049;1;1;0.0000;1;6167.0000;None;66600.0000
29859;2023-01-23 07:27:29.113000;7;2049;1;1;0.0000;1;6167.0000;None;66600.0000
29859;2023-01-23 07:27:29.113000;7;2049;1;1;0.0000;1;6167.0000;None;66600.0000
29859;2023-01-23 07:27:29.113000;7;2049;1;1;0.0000;1;6167.0000;None;66600.0000
29871;2023-01-23 09:13:45.063000;7;2089;1;1;0.0000;1;3093.0000;None;33400.0000
29858;2023-01-23 07:43:10.940000;6;100514;1;1;0.0000;1;None;None;12000.0000
29866;2023-01-23 08:33:39.033000;6;100519;1;1;0.0000;1;3481.0000;None;37600.0000
29866;2023-01-23 08:33:39.033000;6;100523;1;1;0.0000;1;3481.0000;None;37600.0000
29858;2023-01-23 07:43:10.940000;6;100523;2;1;0.0000;1;None;None;12000.0000
29884;2023-01-23 10:42:07.747000;1;100590;1;1;4800.0000;1;2148.0000;None;23200.0000
29901;2023-01-23 16:15:50.803000;1;100590;1;1;4800.0000;1;2889.0000;None;31200.0000
29867;2023-01-23 08:34:37.283000;1;100590;1;1;4800.0000;1;2500.0000;None;27000.0000
5102;2023-01-23 08:38:02.927000;1;100590;1;1;4800.0000;1;889.0000;None;9600.0000
5104;2023-01-23 09:39:45.987000;1;100590;1;1;4800.0000;1;None;None;14600.0000
29865;2023-01-23 08:28:40.720000;1;100591;1;1;11800.0000;1;None;None;11800.0000
29861;2023-01-23 08:45:07.067000;1;100591;1;1;11800.0000;1;3963.0000;None;42800.0000
29861;2023-01-23 08:49:26.717000;1;100591;1;1;11800.0000;1;3963.0000;None;42800.0000
5094;2023-01-23 06:38:14.903000;3;100596;1;1;5800.0000;1;None;None;7800.0000
29874;2023-01-23 10:52:05.407000;3;100596;1;1;5800.0000;1;1981.0000;None;21400.0000
29874;2023-01-23 09:50:23.497000;3;100596;1;1;5800.0000;1;1981.0000;None;21400.0000
5108;2023-01-23 10:41:07.200000;3;100606;1;1;6800.0000;1;1889.0000;None;20400.0000
5108;2023-01-23 10:41:07.200000;3;100606;1;1;6800.0000;1;1889.0000;None;20400.0000
14525;2023-01-23 17:59:28.907000;3;100606;1;1;6800.0000;1;5889.0000;None;63600.0000
14525;2023-01-23 17:59:28.907000;3;100606;1;1;6800.0000;1;5889.0000;None;63600.0000
29908;2023-01-23 17:59:05.767000;3;100606;1;1;6800.0000;1;5241.0000;None;56600.0000
29908;2023-01-23 17:59:05.767000;3;100606;1;1;6800.0000;1;5241.0000;None;56600.0000
5129;2023-01-23 18:24:56.120000;3;100606;1;1;6800.0000;1;1889.0000;None;20400.0000
5128;2023-01-23 18:19:31.280000;3;100606;1;1;6800.0000;1;2519.0000;None;27200.0000
5128;2023-01-23 18:19:31.280000;3;100606;1;1;6800.0000;1;2519.0000;None;27200.0000
29906;2023-01-23 17:27:48.597000;3;100606;1;1;6800.0000;1;630.0000;None;6800.0000
29872;2023-01-23 09:19:12.973000;3;100606;1;1;6800.0000;1;2963.0000;None;32000.0000
5106;2023-01-23 10:16:27.427000;3;100606;1;1;6800.0000;1;630.0000;None;6800.0000
29876;2023-01-23 10:13:44.757000;3;100606;1;1;6800.0000;1;630.0000;None;6800.0000
29867;2023-01-23 08:34:37.283000;3;100606;1;1;6800.0000;1;2500.0000;None;27000.0000
5101;2023-01-23 08:37:52.097000;3;100606;1;1;6800.0000;1;1444.0000;None;15600.0000
29871;2023-01-23 09:13:45.063000;3;100606;1;1;6800.0000;1;3093.0000;None;33400.0000
29855;2023-01-23 07:23:05.373000;3;100606;1;1;6800.0000;1;1796.0000;None;19400.0000
29855;2023-01-23 07:27:37.250000;3;100606;1;1;6800.0000;1;1796.0000;None;19400.0000
29853;2023-01-23 07:14:10.783000;3;100606;1;1;6800.0000;1;1259.0000;None;13600.0000
29857;2023-01-23 07:57:21.277000;3;100606;1;1;6800.0000;1;1259.0000;None;13600.0000
29857;2023-01-23 07:41:36.763000;3;100606;1;1;6800.0000;1;1259.0000;None;13600.0000
29862;2023-01-23 08:19:00.370000;3;100607;1;1;6800.0000;1;2685.0000;None;29000.0000
29862;2023-01-23 08:19:00.370000;3;100607;1;1;6800.0000;1;2685.0000;None;29000.0000
29852;2023-01-23 07:11:14.560000;3;100607;1;1;6800.0000;1;630.0000;None;6800.0000
29869;2023-01-23 09:01:32.643000;3;100607;1;1;6800.0000;1;None;None;6800.0000
29863;2023-01-23 08:26:36.540000;3;100607;1;1;6800.0000;1;1074.0000;None;11600.0000
29880;2023-01-23 10:26:04.937000;3;100607;1;1;6800.0000;1;1259.0000;None;13600.0000
29880;2023-01-23 10:26:04.937000;3;100607;1;1;6800.0000;1;1259.0000;None;13600.0000
5109;2023-01-23 10:48:53.697000;3;100607;1;1;6800.0000;1;630.0000;None;6800.0000
29908;2023-01-23 17:59:05.767000;3;100613;1;1;4800.0000;1;5241.0000;None;56600.0000
5099;2023-01-23 08:30:08.790000;3;100613;1;1;4800.0000;1;2667.0000;None;28800.0000
5099;2023-01-23 08:39:43.347000;3;100613;1;1;4800.0000;1;2667.0000;None;28800.0000
5097;2023-01-23 07:49:03.240000;3;100613;1;1;4800.0000;1;981.0000;None;10600.0000
29861;2023-01-23 08:49:26.717000;3;100614;1;1;4800.0000;1;3963.0000;None;42800.0000
29861;2023-01-23 08:07:14.037000;3;100614;1;1;4800.0000;1;3963.0000;None;42800.0000
29861;2023-01-23 08:11:21.577000;3;100614;1;1;4800.0000;1;3963.0000;None;42800.0000
29861;2023-01-23 08:45:07.067000;3;100614;1;1;4800.0000;1;3963.0000;None;42800.0000
5096;2023-01-23 07:41:10.507000;3;100614;1;1;4800.0000;1;1352.0000;None;14600.0000
29859;2023-01-23 07:27:29.113000;3;100614;1;1;4800.0000;1;6167.0000;None;66600.0000
29854;2023-01-23 07:14:38.570000;3;100614;1;1;4800.0000;1;444.0000;None;4800.0000
29867;2023-01-23 09:07:57.617000;3;100614;1;1;4800.0000;1;2500.0000;None;27000.0000
29867;2023-01-23 08:34:37.283000;3;100614;1;1;4800.0000;1;2500.0000;None;27000.0000
29863;2023-01-23 08:26:36.540000;3;100614;1;1;4800.0000;1;1074.0000;None;11600.0000
5102;2023-01-23 08:38:02.927000;3;100614;1;1;4800.0000;1;889.0000;None;9600.0000
29870;2023-01-23 10:01:46.947000;3;100614;1;1;4800.0000;1;2333.0000;None;25200.0000
29870;2023-01-23 09:01:58.990000;3;100614;1;1;4800.0000;1;2333.0000;None;25200.0000
29870;2023-01-23 09:10:28.897000;3;100614;1;1;4800.0000;1;2333.0000;None;25200.0000
29881;2023-01-23 10:32:56.910000;3;100614;1;1;4800.0000;1;2704.0000;None;29200.0000
5105;2023-01-23 09:56:12.323000;3;100614;1;1;4800.0000;1;None;None;4800.0000
29873;2023-01-23 09:33:22.393000;3;100614;1;1;4800.0000;1;1259.0000;None;13600.0000
29872;2023-01-23 09:19:12.973000;3;100614;1;1;4800.0000;1;2963.0000;None;32000.0000
29872;2023-01-23 09:19:12.973000;3;100614;1;1;4800.0000;1;2963.0000;None;32000.0000
29872;2023-01-23 09:19:12.973000;3;100614;1;1;4800.0000;1;2963.0000;None;32000.0000
29875;2023-01-23 09:50:29.487000;3;100614;1;1;4800.0000;1;889.0000;None;9600.0000
29875;2023-01-23 09:56:02.167000;3;100614;1;1;4800.0000;1;889.0000;None;9600.0000
14525;2023-01-23 17:59:28.907000;3;100614;1;1;4800.0000;1;5889.0000;None;63600.0000
5126;2023-01-23 18:06:31.857000;3;100614;1;1;4800.0000;1;None;None;6800.0000
14522;2023-01-23 17:27:08.773000;3;100614;1;1;4800.0000;1;3111.0000;None;33600.0000
5124;2023-01-23 17:44:31.287000;3;100614;1;1;4800.0000;1;None;None;7600.0000
5107;2023-01-23 10:37:22.127000;3;100614;1;1;4800.0000;1;444.0000;None;4800.0000
29884;2023-01-23 10:42:07.747000;3;100614;1;1;4800.0000;1;2148.0000;None;23200.0000
29884;2023-01-23 10:42:07.747000;3;100614;1;1;4800.0000;1;2148.0000;None;23200.0000
5112;2023-01-23 11:03:38.550000;3;100614;1;1;4800.0000;1;None;None;25400.0000
29887;2023-01-23 11:08:44.213000;3;100614;1;1;4800.0000;1;None;None;7600.0000
29909;2023-01-23 18:02:15.347000;3;100615;1;1;8800.0000;1;1352.0000;None;14600.0000
29887;2023-01-23 11:08:44.213000;1;100622;1;1;2800.0000;1;None;None;7600.0000
5115;2023-01-23 11:31:59.310000;1;100624;1;1;1000.0000;1;None;None;2000.0000
5115;2023-01-23 11:31:59.310000;1;100624;1;1;1000.0000;1;None;None;2000.0000
29868;2023-01-23 08:53:44.667000;1;100624;1;1;1000.0000;1;None;None;4000.0000
29868;2023-01-23 08:53:44.667000;1;100624;1;1;1000.0000;1;None;None;4000.0000
29868;2023-01-23 09:52:17.993000;1;100624;1;1;1000.0000;1;None;None;4000.0000
29868;2023-01-23 09:52:17.993000;1;100624;1;1;1000.0000;1;None;None;4000.0000
5101;2023-01-23 08:39:11.090000;1;100625;1;1;8800.0000;1;1444.0000;None;15600.0000
29884;2023-01-23 10:42:07.747000;1;100625;1;1;8800.0000;1;2148.0000;None;23200.0000
29901;2023-01-23 16:15:50.803000;1;100625;1;1;8800.0000;1;2889.0000;None;31200.0000
5129;2023-01-23 18:24:56.120000;1;100630;1;1;6800.0000;1;1889.0000;None;20400.0000
5129;2023-01-23 18:29:27.507000;1;100630;1;1;6800.0000;1;1889.0000;None;20400.0000
5125;2023-01-23 18:07:24.833000;1;100995;1;1;10800.0000;1;5278.0000;None;57000.0000
29908;2023-01-23 17:59:05.767000;1;100995;1;1;10800.0000;1;5241.0000;None;56600.0000
29908;2023-01-23 17:59:05.767000;1;100995;1;1;10800.0000;1;5241.0000;None;56600.0000
29908;2023-01-23 17:59:05.767000;1;100995;1;1;10800.0000;1;5241.0000;None;56600.0000
29894;2023-01-23 13:28:35.093000;1;100995;1;1;10800.0000;1;1704.0000;None;18400.0000
29870;2023-01-23 10:01:46.947000;1;100995;1;1;10800.0000;1;2333.0000;None;25200.0000
29872;2023-01-23 09:19:12.973000;1;100995;1;1;10800.0000;1;2963.0000;None;32000.0000
29879;2023-01-23 10:23:33.637000;1;100995;1;1;10800.0000;1;3630.0000;None;39200.0000
29879;2023-01-23 10:23:33.637000;1;100995;1;1;10800.0000;1;3630.0000;None;39200.0000
29859;2023-01-23 07:47:04.183000;3;100999;1;1;5800.0000;1;6167.0000;None;66600.0000
29867;2023-01-23 09:07:57.617000;3;100999;1;1;5800.0000;1;2500.0000;None;27000.0000
29909;2023-01-23 18:02:15.347000;3;100999;1;1;5800.0000;1;1352.0000;None;14600.0000
29897;2023-01-23 16:06:32.713000;2;101030;1;1;14800.0000;1;1370.0000;None;14800.0000
5120;2023-01-23 15:43:47.930000;1;101068;1;1;4800.0000;1;None;None;7600.0000
14518;2023-01-23 16:40:39.107000;1;101068;1;1;4800.0000;1;1704.0000;None;18400.0000
14521;2023-01-23 16:51:15.110000;1;101068;1;1;4800.0000;1;2991.0000;None;32300.0000
14519;2023-01-23 16:39:35.703000;1;101068;1;1;4800.0000;1;2593.0000;None;28000.0000
14519;2023-01-23 16:39:35.703000;1;101068;1;1;4800.0000;1;2593.0000;None;28000.0000
14519;2023-01-23 17:08:19.820000;1;101068;1;1;4800.0000;1;2593.0000;None;28000.0000
14519;2023-01-23 17:08:19.820000;1;101068;1;1;4800.0000;1;2593.0000;None;28000.0000
29878;2023-01-23 10:17:05.727000;1;101068;1;1;4800.0000;1;1444.0000;None;15600.0000
5098;2023-01-23 08:14:55.007000;1;101069;1;1;2800.0000;1;None;None;32200.0000
5124;2023-01-23 17:44:31.287000;1;101069;1;1;2800.0000;1;None;None;7600.0000
5120;2023-01-23 15:43:47.930000;1;101069;1;1;2800.0000;1;None;None;7600.0000
5130;2023-01-23 18:59:41.783000;1;101069;1;1;2800.0000;1;None;None;2800.0000
29853;2023-01-23 07:14:10.783000;1;101270;1;1;0.0000;1;1259.0000;None;13600.0000
29886;2023-01-23 10:59:45.450000;1;101270;1;1;0.0000;1;630.0000;None;6800.0000
29878;2023-01-23 10:17:05.727000;3;101332;1;1;10800.0000;1;1444.0000;None;15600.0000
14524;2023-01-23 17:31:23.573000;3;101332;1;1;10800.0000;1;2815.0000;None;30400.0000
14524;2023-01-23 17:40:22.097000;3;101332;1;1;10800.0000;1;2815.0000;None;30400.0000
29888;2023-01-23 11:09:12.427000;6;101488;1;1;0.0000;1;None;None;11800.0000
29871;2023-01-23 09:19:01.667000;6;101511;1;1;0.0000;1;3093.0000;None;33400.0000
29888;2023-01-23 11:09:12.427000;6;101524;1;1;0.0000;1;None;None;11800.0000
29888;2023-01-23 11:09:12.427000;6;101543;1;1;0.0000;1;None;None;11800.0000
29859;2023-01-23 07:47:04.183000;1;101666;1;1;20800.0000;1;6167.0000;None;66600.0000
5125;2023-01-23 18:01:24.607000;2;101678;1;1;19800.0000;1;5278.0000;None;57000.0000
29891;2023-01-23 12:17:27.477000;2;101679;1;1;19800.0000;1;3667.0000;None;39600.0000
29891;2023-01-23 12:47:26.880000;2;101679;1;1;19800.0000;1;3667.0000;None;39600.0000
14522;2023-01-23 17:19:42.333000;2;101709;1;1;28800.0000;1;3111.0000;None;33600.0000
29866;2023-01-23 08:33:39.033000;1;101965;1;1;33800.0000;1;3481.0000;None;37600.0000
29904;2023-01-23 17:27:15.637000;1;102003;1;1;4800.0000;1;2704.0000;None;29200.0000
29904;2023-01-23 17:27:15.637000;1;102003;1;1;4800.0000;1;2704.0000;None;29200.0000
5128;2023-01-23 18:19:31.280000;1;102003;1;1;4800.0000;1;2519.0000;None;27200.0000
29893;2023-01-23 12:34:42.363000;1;102003;1;1;4800.0000;1;1352.0000;None;14600.0000
29898;2023-01-23 16:10:46.483000;1;102003;1;1;4800.0000;1;4889.0000;None;52800.0000
5104;2023-01-23 09:39:45.987000;3;102102;1;1;9800.0000;1;None;None;14600.0000
29890;2023-01-23 10:57:00.263000;3;102102;1;1;9800.0000;1;1815.0000;None;19600.0000
29890;2023-01-23 11:10:05.947000;3;102102;1;1;9800.0000;1;1815.0000;None;19600.0000
29859;2023-01-23 07:47:04.183000;3;102120;1;1;4800.0000;1;6167.0000;None;66600.0000
5111;2023-01-23 10:56:01.317000;3;102120;1;1;4800.0000;1;None;None;4800.0000
29883;2023-01-23 10:39:04.990000;3;102120;1;1;4800.0000;1;444.0000;None;4800.0000
29894;2023-01-23 13:38:06.800000;1;102148;1;1;1800.0000;1;1704.0000;None;18400.0000
5099;2023-01-23 08:39:17.987000;1;102212;1;1;1000.0000;1;2667.0000;None;28800.0000
5127;2023-01-23 18:06:56.037000;1;102412;1;1;1800.0000;1;None;None;1800.0000
14525;2023-01-23 18:00:20.380000;1;102415;1;1;2800.0000;1;5889.0000;None;63600.0000
29907;2023-01-23 16:39:22.277000;1;102415;1;1;2800.0000;1;None;None;2800.0000
5099;2023-01-23 08:30:08.790000;1;102415;1;1;2800.0000;1;2667.0000;None;28800.0000
5099;2023-01-23 08:30:08.790000;1;102415;1;1;2800.0000;1;2667.0000;None;28800.0000
5098;2023-01-23 08:14:55.007000;1;102416;1;1;3800.0000;1;None;None;32200.0000
5098;2023-01-23 08:14:55.007000;1;102416;1;1;3800.0000;1;None;None;32200.0000
5123;2023-01-23 16:36:47.853000;1;102416;1;1;3800.0000;1;1426.0000;None;15400.0000
29896;2023-01-23 16:05:53.957000;1;102416;1;1;3800.0000;1;1167.0000;None;12600.0000
5096;2023-01-23 07:41:10.507000;1;102561;1;1;9800.0000;1;1352.0000;None;14600.0000
29881;2023-01-23 10:32:56.910000;1;102564;1;1;14800.0000;1;2704.0000;None;29200.0000
14524;2023-01-23 17:48:14.910000;3;102616;1;1;6800.0000;1;2815.0000;None;30400.0000
29879;2023-01-23 10:23:33.637000;3;102630;1;1;8800.0000;1;3630.0000;None;39200.0000
29873;2023-01-23 09:33:22.393000;3;102630;1;1;8800.0000;1;1259.0000;None;13600.0000
5099;2023-01-23 08:30:08.790000;3;102630;1;1;8800.0000;1;2667.0000;None;28800.0000
5103;2023-01-23 09:12:00.140000;3;102630;1;1;8800.0000;1;2981.0000;None;32200.0000
14519;2023-01-23 16:39:35.703000;3;102630;1;1;8800.0000;1;2593.0000;None;28000.0000
29896;2023-01-23 16:05:53.957000;3;102630;1;1;8800.0000;1;1167.0000;None;12600.0000
29898;2023-01-23 16:10:46.483000;3;102630;1;1;8800.0000;1;4889.0000;None;52800.0000
29901;2023-01-23 16:15:50.803000;3;102630;1;1;8800.0000;1;2889.0000;None;31200.0000
29901;2023-01-23 16:15:50.803000;3;102630;1;1;8800.0000;1;2889.0000;None;31200.0000
5112;2023-01-23 11:03:38.550000;3;102630;1;1;8800.0000;1;None;None;25400.0000
5116;2023-01-23 12:04:21.197000;3;102630;1;1;8800.0000;1;815.0000;None;8800.0000
14517;2023-01-23 16:25:35.977000;3;102635;1;1;8800.0000;1;815.0000;None;8800.0000
29898;2023-01-23 16:10:46.483000;3;102635;1;1;8800.0000;1;4889.0000;None;52800.0000
29879;2023-01-23 10:23:33.637000;3;102635;1;1;8800.0000;1;3630.0000;None;39200.0000
29904;2023-01-23 16:43:34.480000;3;102642;1;1;11800.0000;1;2704.0000;None;29200.0000
29866;2023-01-23 08:33:39.033000;6;102646;2;1;0.0000;1;3481.0000;None;37600.0000
29882;2023-01-23 10:36:10.957000;3;102649;1;1;5800.0000;1;889.0000;None;9600.0000
5103;2023-01-23 09:12:00.140000;3;102651;1;1;9800.0000;1;2981.0000;None;32200.0000
5123;2023-01-23 16:36:47.853000;3;102737;1;1;2800.0000;1;1426.0000;None;15400.0000
29910;2023-01-23 18:49:39.573000;2;102848;1;1;38800.0000;1;3593.0000;None;38800.0000
14525;2023-01-23 17:49:35.343000;1;102905;1;1;5500.0000;1;5889.0000;None;63600.0000
29892;2023-01-23 12:48:29.703000;1;102905;1;1;5500.0000;1;1556.0000;None;16800.0000
29892;2023-01-23 12:48:29.703000;1;102906;1;1;5500.0000;1;1556.0000;None;16800.0000
14525;2023-01-23 17:49:35.343000;1;102906;1;1;5500.0000;1;5889.0000;None;63600.0000
14525;2023-01-23 17:49:35.343000;1;102906;1;1;5500.0000;1;5889.0000;None;63600.0000
14525;2023-01-23 17:56:45.363000;1;102909;1;1;5500.0000;1;5889.0000;None;63600.0000
14521;2023-01-23 16:51:15.110000;1;102910;1;1;5500.0000;1;2991.0000;None;32300.0000
14521;2023-01-23 16:51:15.110000;1;102910;1;1;5500.0000;1;2991.0000;None;32300.0000
14521;2023-01-23 16:54:14.740000;1;102910;1;1;5500.0000;1;2991.0000;None;32300.0000
14521;2023-01-23 16:54:14.740000;1;102910;1;1;5500.0000;1;2991.0000;None;32300.0000
14521;2023-01-23 16:54:14.740000;1;102910;1;1;5500.0000;1;2991.0000;None;32300.0000
5123;2023-01-23 16:36:47.853000;1;103092;1;1;8800.0000;1;1426.0000;None;15400.0000
29871;2023-01-23 09:19:01.667000;1;103289;1;1;20800.0000;1;3093.0000;None;33400.0000
29874;2023-01-23 10:52:05.407000;1;103364;1;1;9800.0000;1;1981.0000;None;21400.0000
29859;2023-01-23 07:27:29.113000;1;103364;1;1;9800.0000;1;6167.0000;None;66600.0000
29859;2023-01-23 07:27:29.113000;1;103364;1;1;9800.0000;1;6167.0000;None;66600.0000
29904;2023-01-23 16:43:34.480000;1;103365;1;1;7800.0000;1;2704.0000;None;29200.0000
29902;2023-01-23 16:26:05.950000;1;103365;1;1;7800.0000;1;722.0000;None;7800.0000
14518;2023-01-23 16:39:22.277000;1;103366;1;1;7800.0000;1;1704.0000;None;18400.0000
29888;2023-01-23 11:09:12.427000;1;103367;1;1;11800.0000;1;None;None;11800.0000
29862;2023-01-23 08:19:00.370000;3;103904;1;1;3800.0000;1;2685.0000;None;29000.0000
29882;2023-01-23 10:36:10.957000;3;103904;1;1;3800.0000;1;889.0000;None;9600.0000
29866;2023-01-23 08:33:39.033000;3;103904;1;1;3800.0000;1;3481.0000;None;37600.0000
14523;2023-01-23 17:31:18.867000;3;103904;1;1;3800.0000;1;704.0000;None;7600.0000
14523;2023-01-23 17:53:02.513000;3;103904;1;1;3800.0000;1;704.0000;None;7600.0000
5125;2023-01-23 18:01:24.607000;3;103904;1;1;3800.0000;1;5278.0000;None;57000.0000
5125;2023-01-23 18:01:24.607000;3;103904;1;1;3800.0000;1;5278.0000;None;57000.0000
29860;2023-01-23 08:02:18.440000;3;103911;1;1;6800.0000;1;815.0000;None;8800.0000
5128;2023-01-23 18:19:31.280000;1;103972;1;1;8800.0000;1;2519.0000;None;27200.0000
14525;2023-01-23 18:00:20.380000;1;103996;1;1;6800.0000;1;5889.0000;None;63600.0000
14525;2023-01-23 18:00:20.380000;1;103996;1;1;6800.0000;1;5889.0000;None;63600.0000
14525;2023-01-23 18:00:20.380000;1;103996;1;1;6800.0000;1;5889.0000;None;63600.0000
29898;2023-01-23 16:10:46.483000;1;104690;1;1;4800.0000;1;4889.0000;None;52800.0000
5099;2023-01-23 08:30:08.790000;1;104698;1;1;3800.0000;1;2667.0000;None;28800.0000
29881;2023-01-23 10:32:56.910000;1;104698;1;1;3800.0000;1;2704.0000;None;29200.0000
29853;2023-01-23 07:14:10.783000;1;104749;1;1;1000.0000;1;1259.0000;None;13600.0000
29886;2023-01-23 10:59:45.450000;1;104749;1;1;1000.0000;1;630.0000;None;6800.0000
5114;2023-01-23 11:30:43.403000;1;105041;1;1;3800.0000;1;None;None;3800.0000
5126;2023-01-23 18:06:31.857000;6;105082;1;1;2000.0000;1;None;None;6800.0000
14524;2023-01-23 17:48:14.910000;6;105082;1;1;2000.0000;1;2815.0000;None;30400.0000
5094;2023-01-23 06:38:14.903000;6;105082;1;1;2000.0000;1;None;None;7800.0000
29860;2023-01-23 08:02:18.440000;6;105082;1;1;2000.0000;1;815.0000;None;8800.0000
5098;2023-01-23 08:15:33.447000;1;105149;1;1;0.0000;1;None;None;32200.0000
5128;2023-01-23 18:19:31.280000;1;105149;1;1;0.0000;1;2519.0000;None;27200.0000
5103;2023-01-23 09:12:00.140000;1;105165;1;1;6800.0000;1;2981.0000;None;32200.0000
5103;2023-01-23 09:12:00.140000;1;105165;1;1;6800.0000;1;2981.0000;None;32200.0000
14516;2023-01-23 15:19:24.883000;1;105178;1;1;4000.0000;1;370.0000;None;4000.0000
5097;2023-01-23 07:49:03.240000;1;105304;1;1;5800.0000;1;981.0000;None;10600.0000
29859;2023-01-23 07:47:04.183000;1;105490;1;1;10800.0000;1;6167.0000;None;66600.0000
14522;2023-01-23 17:19:42.333000;6;105631;1;1;0.0000;1;3111.0000;None;33600.0000
5108;2023-01-23 10:41:07.200000;1;106632;1;1;6800.0000;1;1889.0000;None;20400.0000
29866;2023-01-23 08:33:39.033000;3;107215;1;1;0.0000;1;3481.0000;None;37600.0000
5112;2023-01-23 11:03:38.550000;1;108311;1;1;11800.0000;1;None;None;25400.0000
5098;2023-01-23 08:15:33.447000;1;108351;1;1;21800.0000;1;None;None;32200.0000
5125;2023-01-23 18:07:24.833000;1;108353;1;1;18800.0000;1;5278.0000;None;57000.0000
29858;2023-01-23 07:43:10.940000;1;108362;1;1;0.0000;1;None;None;12000.0000
29903;2023-01-23 16:47:50.783000;1;109248;1;1;12800.0000;1;1722.0000;None;18600.0000
29898;2023-01-23 16:27:12.723000;1;109248;1;1;12800.0000;1;4889.0000;None;52800.0000
29898;2023-01-23 16:27:12.723000;1;109248;1;1;12800.0000;1;4889.0000;None;52800.0000
29858;2023-01-23 07:43:10.940000;1;109435;1;1;12000.0000;1;None;None;12000.0000
29858;2023-01-23 07:43:10.940000;6;109438;1;1;0.0000;1;None;None;12000.0000
29862;2023-01-23 08:19:00.370000;3;200644;1;1;5800.0000;1;2685.0000;None;29000.0000
29862;2023-01-23 08:19:00.370000;3;200644;1;1;5800.0000;1;2685.0000;None;29000.0000
29853;2023-01-23 07:14:10.783000;3;200644;1;1;5800.0000;1;1259.0000;None;13600.0000
29903;2023-01-23 16:27:54.383000;3;200644;1;1;5800.0000;1;1722.0000;None;18600.0000
29886;2023-01-23 10:59:45.450000;3;200644;1;1;5800.0000;1;630.0000;None;6800.0000
29855;2023-01-23 07:27:37.250000;3;201146;1;1;5800.0000;1;1796.0000;None;19400.0000
5095;2023-01-23 06:50:04.200000;3;201146;1;1;5800.0000;1;None;None;5800.0000
29881;2023-01-23 10:32:56.910000;3;201146;1;1;5800.0000;1;2704.0000;None;29200.0000
29871;2023-01-23 09:19:01.667000;3;201146;1;1;5800.0000;1;3093.0000;None;33400.0000
29889;2023-01-23 11:15:41.677000;3;201146;1;1;5800.0000;1;537.0000;None;5800.0000
29892;2023-01-23 12:31:57.093000;3;201146;1;1;5800.0000;1;1556.0000;None;16800.0000
29894;2023-01-23 13:28:01.640000;3;201146;1;1;5800.0000;1;1704.0000;None;18400.0000
29908;2023-01-23 17:59:05.767000;3;201146;1;1;5800.0000;1;5241.0000;None;56600.0000
29893;2023-01-23 12:34:42.363000;2;201187;1;1;9800.0000;1;1352.0000;None;14600.0000
29895;2023-01-23 15:47:09.497000;3;201304;1;1;5800.0000;1;None;None;5800.0000
14518;2023-01-23 16:39:22.277000;3;201304;1;1;5800.0000;1;1704.0000;None;18400.0000
