42558;27112022 11:47;7;1000;1;1;0.0000;1;None;None
22379;27112022 12:19;7;1001;1;1;0.0000;1;33945.0000;None
22379;27112022 12:19;7;1001;1;1;0.0000;1;33945.0000;None
41109;27112022 21:02;7;1001;1;1;0.0000;1;23945.0000;None
41109;27112022 21:02;7;1001;1;1;0.0000;1;23945.0000;None
12850;27112022 20:32;7;1001;2;2;0.0000;1;57463.0000;None
12850;27112022 20:32;7;1001;2;1;0.0000;1;57463.0000;None
41104;27112022 19:28;7;1001;1;1;0.0000;1;24370.0000;None
41104;27112022 19:28;7;1001;1;1;0.0000;1;24370.0000;None
42586;27112022 19:29;7;1001;2;1;0.0000;1;25926.0000;None
42586;27112022 19:29;7;1001;2;1;0.0000;1;25926.0000;None
41103;27112022 19:32;7;1001;2;1;0.0000;1;23241.0000;None
41103;27112022 19:32;7;1001;2;1;0.0000;1;23241.0000;None
12848;27112022 18:33;7;1001;2;1;0.0000;1;31167.0000;None
12848;27112022 18:33;7;1001;2;1;0.0000;1;31167.0000;None
12847;27112022 18:02;7;1001;1;1;0.0000;1;19074.0000;None
12847;27112022 18:02;7;1001;1;1;0.0000;1;19074.0000;None
42581;27112022 16:29;7;1001;2;1;None;1;16556.0000;None
42581;27112022 16:29;7;1001;2;1;None;1;16556.0000;None
41098;27112022 16:10;7;1001;2;1;0.0000;1;32111.0000;None
41098;27112022 16:10;7;1001;2;1;0.0000;1;32111.0000;None
22394;27112022 15:50;7;1001;1;1;0.0000;1;84815.0000;None
22394;27112022 15:50;7;1001;1;1;0.0000;1;84815.0000;None
41097;27112022 15:35;7;1001;1;1;0.0000;1;18889.0000;None
12842;27112022 14:51;7;1001;2;1;0.0000;1;31630.0000;None
12842;27112022 14:51;7;1001;2;1;0.0000;1;31630.0000;None
42572;27112022 14:14;7;1001;1;1;0.0000;1;17370.0000;None
12841;27112022 14:34;7;1001;1;1;0.0000;1;29241.0000;None
12841;27112022 14:34;7;1001;1;1;0.0000;1;29241.0000;None
41090;27112022 14:46;7;1001;2;1;0.0000;1;31482.0000;None
41090;27112022 14:46;7;1001;2;1;0.0000;1;31482.0000;None
22390;27112022 14:27;7;1001;1;1;0.0000;1;42167.0000;None
1933;27112022 19:34;7;1001;2;1;0.0000;1;111463.0000;None
1933;27112022 19:34;7;1001;2;1;0.0000;1;111463.0000;None
12836;27112022 14:21;7;1001;1;1;0.0000;1;60278.0000;None
12836;27112022 14:21;7;1001;1;1;0.0000;1;60278.0000;None
41085;27112022 13:39;7;1001;2;1;0.0000;1;35037.0000;None
41085;27112022 13:39;7;1001;2;1;0.0000;1;35037.0000;None
22386;27112022 13:43;7;1001;1;1;0.0000;1;56482.0000;None
22386;27112022 13:43;7;1001;1;1;0.0000;1;56482.0000;None
22386;27112022 14:38;7;1001;1;1;0.0000;1;56482.0000;None
22386;27112022 14:38;7;1001;1;1;0.0000;1;56482.0000;None
41084;27112022 13:22;7;1001;1;1;0.0000;1;33685.0000;None
41084;27112022 13:22;7;1001;1;1;0.0000;1;33685.0000;None
42566;27112022 13:23;7;1001;2;1;0.0000;1;25982.0000;None
42566;27112022 13:23;7;1001;2;1;0.0000;1;25982.0000;None
22381;27112022 12:42;7;1001;1;1;0.0000;1;20926.0000;None
12829;27112022 12:45;7;1001;2;1;0.0000;1;28796.0000;None
42563;27112022 12:55;7;1001;2;1;0.0000;1;48093.0000;None
42563;27112022 12:55;7;1001;2;1;0.0000;1;48093.0000;None
12826;27112022 12:34;7;1001;1;1;0.0000;1;54778.0000;None
42561;27112022 12:53;7;1001;2;1;0.0000;1;17648.0000;None
42561;27112022 12:53;7;1001;2;1;0.0000;1;17648.0000;None
42559;27112022 12:40;7;1001;2;1;0.0000;1;40908.0000;None
42559;27112022 12:40;7;1001;2;1;0.0000;1;40908.0000;None
12825;27112022 13:00;7;1002;1;1;0.0000;1;54815.0000;None
1927;27112022 12:27;7;1002;3;1;None;1;None;None
12826;27112022 12:34;7;1002;1;1;0.0000;1;54778.0000;None
1928;27112022 12:40;7;1002;3;1;0.0000;1;None;None
22381;27112022 12:42;7;1002;1;1;0.0000;1;20926.0000;None
42566;27112022 13:23;7;1002;3;1;0.0000;1;25982.0000;None
12832;27112022 13:54;7;1002;1;1;0.0000;1;108871.0000;None
41084;27112022 13:22;7;1002;1;1;0.0000;1;33685.0000;None
22385;27112022 14:09;7;1002;3;1;0.0000;1;33519.0000;None
22382;27112022 13:22;7;1002;1;1;0.0000;1;None;None
22384;27112022 13:34;7;1002;3;1;0.0000;1;135019.0000;None
22384;27112022 13:34;7;1002;1;1;0.0000;1;135019.0000;None
41085;27112022 13:39;7;1002;3;1;0.0000;1;35037.0000;None
42568;27112022 13:36;7;1002;1;1;0.0000;1;58463.0000;None
41085;27112022 13:39;7;1002;1;1;0.0000;1;35037.0000;None
22388;27112022 13:59;7;1002;3;1;0.0000;1;18574.0000;None
42570;27112022 14:46;7;1002;1;1;0.0000;1;90945.0000;None
42570;27112022 14:46;7;1002;1;1;0.0000;1;90945.0000;None
42570;27112022 14:13;7;1002;1;1;0.0000;1;90945.0000;None
22389;27112022 14:32;7;1002;3;1;0.0000;1;58185.0000;None
1933;27112022 19:34;7;1002;1;1;0.0000;1;111463.0000;None
12837;27112022 14:27;7;1002;1;1;0.0000;1;28722.0000;None
12836;27112022 14:21;7;1002;1;1;0.0000;1;60278.0000;None
22390;27112022 14:27;7;1002;3;1;0.0000;1;42167.0000;None
42572;27112022 14:14;7;1002;3;1;0.0000;1;17370.0000;None
42576;27112022 15:24;7;1002;3;1;None;1;45722.0000;None
41093;27112022 15:13;7;1002;3;1;0.0000;1;None;None
41098;27112022 16:10;7;1002;3;1;0.0000;1;32111.0000;None
12845;27112022 15:43;7;1002;3;1;0.0000;1;24148.0000;None
42587;27112022 20:28;7;1002;3;1;0.0000;1;19870.0000;None
42586;27112022 19:29;7;1002;1;1;0.0000;1;25926.0000;None
42586;27112022 19:29;7;1002;3;1;0.0000;1;25926.0000;None
1946;27112022 20:01;7;1002;3;1;0.0000;1;6352.0000;None
41106;27112022 20:39;7;1002;3;1;0.0000;1;None;20954.0000
42584;27112022 18:45;7;1003;3;1;0.0000;1;18704.0000;None
12847;27112022 18:02;7;1005;1;1;0.0000;1;19074.0000;None
12844;27112022 15:12;7;1005;1;1;0.0000;1;47315.0000;None
42571;27112022 14:29;7;1005;1;1;0.0000;1;66389.0000;None
42571;27112022 14:29;7;1005;1;1;0.0000;1;66389.0000;None
12844;27112022 15:12;7;1006;2;1;0.0000;1;47315.0000;None
12844;27112022 15:12;7;1006;2;1;0.0000;1;47315.0000;None
41095;27112022 16:17;7;1006;2;1;0.0000;1;20519.0000;None
42564;27112022 12:59;7;1006;2;1;0.0000;1;51074.0000;None
42564;27112022 12:59;7;1006;2;1;0.0000;1;51074.0000;None
42564;27112022 12:59;7;1006;2;1;0.0000;1;51074.0000;None
1930;27112022 13:09;7;1006;2;1;0.0000;1;None;None
42567;27112022 13:10;7;1006;2;1;0.0000;1;17482.0000;None
1931;27112022 13:22;7;1006;2;1;0.0000;1;None;None
12832;27112022 14:09;7;1006;2;1;0.0000;1;108871.0000;None
12828;27112022 14:08;7;1006;2;1;0.0000;1;64352.0000;None
42563;27112022 12:55;7;1006;2;1;0.0000;1;48093.0000;None
42564;27112022 12:59;7;1006;2;1;0.0000;1;51074.0000;None
42564;27112022 12:59;7;1006;2;1;0.0000;1;51074.0000;None
1926;27112022 12:17;7;1006;2;1;None;1;None;None
41100;27112022 17:56;7;1006;2;1;0.0000;1;21833.0000;None
42581;27112022 16:29;7;1006;2;1;None;1;16556.0000;None
41099;27112022 16:15;7;1006;2;1;None;1;31056.0000;None
42578;27112022 15:31;7;1006;2;1;0.0000;1;32371.0000;None
41106;27112022 20:39;7;1006;2;1;0.0000;1;None;20954.0000
41106;27112022 20:39;7;1006;2;1;0.0000;1;None;20954.0000
22395;27112022 16:51;7;1007;1;1;0.0000;1;45185.0000;None
22398;27112022 17:19;7;1007;2;1;0.0000;1;20463.0000;None
12827;27112022 12:39;7;1007;1;1;0.0000;1;21833.0000;None
12833;27112022 13:13;7;1007;2;1;0.0000;1;31426.0000;None
12833;27112022 13:13;7;1007;2;1;0.0000;1;31426.0000;None
12830;27112022 12:59;7;1007;2;1;0.0000;1;18426.0000;None
12844;27112022 15:12;7;1007;1;1;0.0000;1;47315.0000;None
12838;27112022 14:25;7;1007;1;1;0.0000;1;25852.0000;None
1933;27112022 19:18;7;1011;1;1;0.0000;1;111463.0000;None
22389;27112022 14:32;7;1011;1;1;0.0000;1;58185.0000;None
22389;27112022 14:03;7;1011;1;1;0.0000;1;58185.0000;None
42570;27112022 14:04;7;1011;1;1;0.0000;1;90945.0000;None
42570;27112022 13:52;7;1011;1;1;0.0000;1;90945.0000;None
42569;27112022 14:43;7;1011;1;1;0.0000;1;24426.0000;None
22387;27112022 13:50;7;1011;1;1;0.0000;1;47482.0000;None
41096;27112022 15:54;7;1011;1;1;0.0000;1;41667.0000;None
12842;27112022 14:51;7;1011;1;1;0.0000;1;31630.0000;None
41083;27112022 13:10;7;1011;1;1;0.0000;1;23833.0000;None
41083;27112022 13:31;7;1011;1;1;0.0000;1;23833.0000;None
22386;27112022 13:43;7;1011;1;1;0.0000;1;56482.0000;None
22386;27112022 13:43;7;1011;1;1;0.0000;1;56482.0000;None
42562;27112022 13:10;7;1011;1;1;0.0000;1;39408.0000;None
42560;27112022 12:30;7;1011;1;1;0.0000;1;23926.0000;None
22399;27112022 18:58;7;1011;1;1;0.0000;1;33389.0000;None
41097;27112022 15:35;7;1011;1;1;0.0000;1;18889.0000;None
41098;27112022 15:59;7;1011;1;1;0.0000;1;32111.0000;None
41098;27112022 15:48;7;1011;1;1;0.0000;1;32111.0000;None
42584;27112022 18:45;7;1011;1;1;0.0000;1;18704.0000;None
42584;27112022 18:57;7;1011;1;1;0.0000;1;18704.0000;None
42585;27112022 18:45;7;1011;1;1;0.0000;1;14352.0000;None
42587;27112022 20:07;7;1011;1;1;0.0000;1;19870.0000;None
22382;27112022 13:22;7;1014;1;1;0.0000;1;None;None
42563;27112022 12:55;7;1018;1;1;0.0000;1;48093.0000;None
22386;27112022 14:38;7;1039;1;1;0.0000;1;56482.0000;None
12850;27112022 20:21;7;1044;1;1;0.0000;1;57463.0000;None
22396;27112022 16:56;7;1055;1;1;0.0000;1;13685.0000;None
41093;27112022 15:13;7;1069;1;2;0.0000;1;None;None
1927;27112022 12:27;7;1074;1;1;None;1;None;None
41093;27112022 15:13;7;1077;1;2;0.0000;1;None;None
22390;27112022 14:27;7;1077;1;1;0.0000;1;42167.0000;None
22396;27112022 16:56;7;1077;1;1;0.0000;1;13685.0000;None
41100;27112022 17:56;7;1077;1;1;0.0000;1;21833.0000;None
12850;27112022 20:32;7;1077;1;1;0.0000;1;57463.0000;None
41093;27112022 15:13;7;1078;1;2;0.0000;1;None;None
42570;27112022 14:04;7;1089;1;1;0.0000;1;90945.0000;None
42586;27112022 19:29;7;1100;1;1;0.0000;1;25926.0000;None
22396;27112022 16:56;7;1100;1;1;0.0000;1;13685.0000;None
22396;27112022 16:56;7;1100;1;1;0.0000;1;13685.0000;None
22396;27112022 16:56;7;1100;1;1;0.0000;1;13685.0000;None
42570;27112022 14:13;7;1102;1;1;0.0000;1;90945.0000;None
22385;27112022 14:09;7;1102;1;1;0.0000;1;33519.0000;None
41093;27112022 15:13;7;1117;1;2;0.0000;1;None;None
22387;27112022 14:46;7;1134;1;1;0.0000;1;47482.0000;None
12832;27112022 15:09;7;1134;1;1;0.0000;1;108871.0000;None
41083;27112022 14:27;7;1134;1;1;0.0000;1;23833.0000;None
41083;27112022 13:31;7;1135;1;1;0.0000;1;23833.0000;None
22382;27112022 13:22;7;1135;1;1;0.0000;1;None;None
22382;27112022 13:22;7;1135;1;1;0.0000;1;None;None
22382;27112022 13:02;7;1135;1;1;0.0000;1;None;None
42565;27112022 13:01;7;1135;1;1;0.0000;1;21019.0000;None
12830;27112022 12:59;7;1135;1;1;0.0000;1;18426.0000;None
12832;27112022 13:59;7;1135;1;1;0.0000;1;108871.0000;None
22385;27112022 14:29;7;1135;1;1;0.0000;1;33519.0000;None
22385;27112022 14:09;7;1135;1;1;0.0000;1;33519.0000;None
22385;27112022 14:53;7;1135;1;1;0.0000;1;33519.0000;None
12827;27112022 12:39;7;1135;1;1;0.0000;1;21833.0000;None
12826;27112022 12:34;7;1135;1;1;0.0000;1;54778.0000;None
12825;27112022 12:48;7;1135;1;1;0.0000;1;54815.0000;None
42563;27112022 12:55;7;1135;1;1;0.0000;1;48093.0000;None
1929;27112022 12:50;7;1135;1;1;0.0000;1;None;None
12829;27112022 12:57;7;1135;1;1;0.0000;1;28796.0000;None
12828;27112022 13:30;7;1135;1;1;0.0000;1;64352.0000;None
12828;27112022 13:30;7;1135;1;1;0.0000;1;64352.0000;None
1933;27112022 19:06;7;1135;1;1;0.0000;1;111463.0000;None
41092;27112022 15:09;7;1135;1;1;0.0000;1;10278.0000;None
12839;27112022 14:15;7;1135;1;1;0.0000;1;10833.0000;None
12839;27112022 14:15;7;1135;1;1;0.0000;1;10833.0000;None
42571;27112022 15:53;7;1135;1;1;0.0000;1;66389.0000;None
12840;27112022 14:50;7;1135;1;1;0.0000;1;20630.0000;None
22398;27112022 17:19;7;1135;1;1;0.0000;1;20463.0000;None
1941;27112022 16:14;7;1135;1;1;0.0000;1;8037.0000;None
42582;27112022 17:00;7;1135;1;1;0.0000;1;25945.0000;None
41099;27112022 16:15;7;1135;1;1;None;1;31056.0000;None
42578;27112022 15:35;7;1135;1;1;0.0000;1;32371.0000;None
42586;27112022 19:29;7;1135;1;1;0.0000;1;25926.0000;None
12850;27112022 20:32;7;1135;1;1;0.0000;1;57463.0000;None
41104;27112022 19:28;7;1135;1;2;0.0000;1;24370.0000;None
42558;27112022 14:36;7;1157;1;1;0.0000;1;None;None
42558;27112022 14:36;7;1157;1;1;0.0000;1;None;None
42558;27112022 14:36;7;1157;1;1;0.0000;1;None;None
42558;27112022 14:36;7;1157;1;1;0.0000;1;None;None
1944;27112022 18:53;7;1157;1;1;0.0000;1;None;None
41108;27112022 21:09;7;1157;1;1;0.0000;1;20630.0000;None
1935;27112022 16:07;7;1157;1;1;0.0000;1;None;None
42583;27112022 18:28;7;1157;1;1;0.0000;1;53871.0000;None
42583;27112022 18:28;7;1157;1;1;0.0000;1;53871.0000;None
1934;27112022 14:23;7;1157;1;1;0.0000;1;None;None
41093;27112022 15:13;7;1157;1;2;0.0000;1;None;None
41093;27112022 15:13;7;1157;1;2;0.0000;1;None;None
41093;27112022 15:13;7;1157;1;1;0.0000;1;None;None
1928;27112022 12:40;7;1157;1;1;0.0000;1;None;None
1928;27112022 12:40;7;1157;1;1;0.0000;1;None;None
1929;27112022 12:50;7;1157;1;1;0.0000;1;None;None
1929;27112022 12:50;7;1157;1;1;0.0000;1;None;None
1926;27112022 12:17;7;1157;1;1;None;1;None;None
1926;27112022 12:17;7;1157;1;1;None;1;None;None
1926;27112022 12:17;7;1157;1;1;None;1;None;None
1926;27112022 12:17;7;1157;1;1;None;1;None;None
1927;27112022 12:27;7;1157;1;1;None;1;None;None
1927;27112022 12:27;7;1157;1;1;None;1;None;None
1931;27112022 13:22;7;1157;1;1;0.0000;1;None;None
1931;27112022 13:22;7;1157;1;1;0.0000;1;None;None
1931;27112022 13:22;7;1157;1;1;0.0000;1;None;None
1931;27112022 13:22;7;1157;1;1;0.0000;1;None;None
1930;27112022 13:09;7;1157;1;1;0.0000;1;None;None
42578;27112022 15:31;7;1187;1;1;0.0000;1;32371.0000;None
42578;27112022 15:31;7;1187;1;1;0.0000;1;32371.0000;None
12848;27112022 18:29;7;1207;1;1;0.0000;1;31167.0000;None
12848;27112022 18:39;7;1207;1;1;0.0000;1;31167.0000;None
12848;27112022 18:05;7;1207;1;1;0.0000;1;31167.0000;None
12830;27112022 12:59;7;1207;1;1;0.0000;1;18426.0000;None
22384;27112022 12:09;7;1207;1;1;0.0000;1;135019.0000;None
22385;27112022 15:04;7;1207;1;1;0.0000;1;33519.0000;None
22386;27112022 15:18;7;1207;1;1;0.0000;1;56482.0000;None
22386;27112022 14:03;7;1207;1;1;0.0000;1;56482.0000;None
12825;27112022 12:25;7;1207;1;1;0.0000;1;54815.0000;None
12825;27112022 12:47;7;1207;1;1;0.0000;1;54815.0000;None
42563;27112022 13:17;7;1207;1;1;0.0000;1;48093.0000;None
12829;27112022 13:19;7;1207;1;1;0.0000;1;28796.0000;None
42562;27112022 13:20;7;1207;1;1;0.0000;1;39408.0000;None
22381;27112022 13:34;7;1207;1;1;0.0000;1;20926.0000;None
41096;27112022 15:35;7;1207;1;1;0.0000;1;41667.0000;None
41091;27112022 16:16;7;1207;1;1;0.0000;1;51667.0000;None
41089;27112022 14:32;7;1207;1;1;0.0000;1;20630.0000;None
42571;27112022 14:29;7;1213;1;1;0.0000;1;66389.0000;None
41094;27112022 15:22;7;1213;1;1;0.0000;1;21222.0000;None
22390;27112022 14:27;7;1213;1;1;0.0000;1;42167.0000;None
22387;27112022 14:19;7;1213;1;1;0.0000;1;47482.0000;None
42570;27112022 14:46;7;1213;1;1;0.0000;1;90945.0000;None
42569;27112022 14:10;7;1213;1;1;0.0000;1;24426.0000;None
12825;27112022 12:47;7;1213;1;1;0.0000;1;54815.0000;None
12846;27112022 17:08;7;1213;1;1;0.0000;1;21556.0000;None
42580;27112022 15:19;7;1213;1;1;0.0000;1;26037.0000;None
41107;27112022 21:20;7;1213;1;1;0.0000;1;67871.0000;None
42587;27112022 20:28;7;1213;1;1;0.0000;1;19870.0000;None
42587;27112022 20:28;7;1213;1;1;0.0000;1;19870.0000;None
41107;27112022 21:20;7;1214;1;1;0.0000;1;67871.0000;None
41107;27112022 21:20;7;1214;1;1;0.0000;1;67871.0000;None
41107;27112022 20:57;7;1214;1;1;0.0000;1;67871.0000;None
41096;27112022 15:54;7;1214;1;1;0.0000;1;41667.0000;None
22392;27112022 14:29;7;1214;1;1;0.0000;1;26148.0000;None
22390;27112022 14:46;7;1220;1;1;0.0000;1;42167.0000;None
12841;27112022 14:51;7;1220;1;1;0.0000;1;29241.0000;None
12841;27112022 14:51;7;1220;1;1;0.0000;1;29241.0000;None
12842;27112022 15:32;7;1220;1;1;0.0000;1;31630.0000;None
12842;27112022 15:32;7;1220;1;1;0.0000;1;31630.0000;None
42572;27112022 14:33;7;1220;1;1;0.0000;1;17370.0000;None
41090;27112022 14:54;7;1220;1;1;0.0000;1;31482.0000;None
41090;27112022 14:54;7;1220;1;1;0.0000;1;31482.0000;None
41085;27112022 13:46;7;1220;1;1;0.0000;1;35037.0000;None
12836;27112022 14:44;7;1220;1;1;0.0000;1;60278.0000;None
12836;27112022 14:44;7;1220;1;1;0.0000;1;60278.0000;None
12836;27112022 14:44;7;1220;1;1;0.0000;1;60278.0000;None
1933;27112022 19:51;7;1220;1;1;0.0000;1;111463.0000;None
42559;27112022 13:01;7;1220;1;1;0.0000;1;40908.0000;None
42561;27112022 12:54;7;1220;1;1;0.0000;1;17648.0000;None
12826;27112022 13:00;7;1220;1;1;0.0000;1;54778.0000;None
12826;27112022 13:00;7;1220;1;1;0.0000;1;54778.0000;None
22381;27112022 13:01;7;1220;1;1;0.0000;1;20926.0000;None
12829;27112022 12:59;7;1220;1;1;0.0000;1;28796.0000;None
12829;27112022 12:59;7;1220;1;1;0.0000;1;28796.0000;None
42563;27112022 13:24;7;1220;1;1;None;1;48093.0000;None
22386;27112022 14:52;7;1220;1;1;0.0000;1;56482.0000;None
41084;27112022 13:40;7;1220;1;1;0.0000;1;33685.0000;None
42566;27112022 13:44;7;1220;1;1;0.0000;1;25982.0000;None
22382;27112022 14:23;7;1220;1;1;0.0000;1;None;None
41109;27112022 21:18;7;1220;1;1;0.0000;1;23945.0000;None
42586;27112022 19:49;7;1220;1;1;0.0000;1;25926.0000;None
12850;27112022 20:38;7;1220;1;1;0.0000;1;57463.0000;None
12850;27112022 20:38;7;1220;1;1;0.0000;1;57463.0000;None
41104;27112022 19:56;7;1220;1;1;0.0000;1;24370.0000;None
41104;27112022 19:56;7;1220;1;1;0.0000;1;24370.0000;None
41103;27112022 19:54;7;1220;1;1;0.0000;1;23241.0000;None
41098;27112022 16:20;7;1220;1;1;0.0000;1;32111.0000;None
41097;27112022 15:54;7;1220;1;1;0.0000;1;18889.0000;None
22394;27112022 16:12;7;1220;1;1;0.0000;1;84815.0000;None
22394;27112022 16:12;7;1220;1;1;0.0000;1;84815.0000;None
12847;27112022 18:44;7;1220;1;1;0.0000;1;19074.0000;None
12847;27112022 18:44;7;1220;1;1;0.0000;1;19074.0000;None
42581;27112022 16:37;7;1220;1;1;0.0000;1;16556.0000;None
42581;27112022 16:37;7;1220;1;1;0.0000;1;16556.0000;None
22379;27112022 12:57;7;1220;1;1;None;1;33945.0000;None
12825;27112022 13:56;7;1247;1;1;0.0000;1;54815.0000;None
12825;27112022 13:49;7;1247;1;1;0.0000;1;54815.0000;None
12844;27112022 15:55;7;1247;1;1;0.0000;1;47315.0000;None
41096;27112022 15:54;7;1302;1;1;0.0000;1;41667.0000;None
22390;27112022 14:27;7;1302;1;1;0.0000;1;42167.0000;None
41087;27112022 14:04;7;1302;1;1;None;1;17759.0000;None
12825;27112022 13:00;7;1302;1;1;0.0000;1;54815.0000;None
42563;27112022 12:55;7;1302;1;1;0.0000;1;48093.0000;None
22397;27112022 17:12;7;1302;1;1;0.0000;1;35537.0000;None
41101;27112022 19:42;7;1302;1;1;0.0000;1;38908.0000;None
12847;27112022 18:02;7;2002;1;1;0.0000;1;19074.0000;None
41084;27112022 13:14;7;2002;1;1;0.0000;1;33685.0000;None
42571;27112022 14:29;7;2002;1;1;0.0000;1;66389.0000;None
42571;27112022 14:29;7;2002;1;1;0.0000;1;66389.0000;None
41097;27112022 15:35;7;2006;1;1;0.0000;1;18889.0000;None
42586;27112022 19:29;7;2006;1;1;0.0000;1;25926.0000;None
12850;27112022 20:09;7;2008;1;4;0.0000;1;57463.0000;None
41106;27112022 20:31;7;2008;1;4;0.0000;1;None;20954.0000
41102;27112022 19:04;7;2008;1;2;0.0000;1;28241.0000;None
22394;27112022 15:50;7;2008;1;6;0.0000;1;84815.0000;None
12846;27112022 17:08;7;2008;1;2;0.0000;1;21556.0000;None
22399;27112022 18:20;7;2008;1;1;0.0000;1;33389.0000;None
22399;27112022 18:20;7;2008;1;1;0.0000;1;33389.0000;None
22398;27112022 17:06;7;2008;1;2;0.0000;1;20463.0000;None
42582;27112022 16:21;7;2008;1;2;0.0000;1;25945.0000;None
41092;27112022 15:09;7;2008;1;2;0.0000;1;10278.0000;None
22389;27112022 14:03;7;2008;1;3;0.0000;1;58185.0000;None
42566;27112022 13:12;7;2008;1;2;0.0000;1;25982.0000;None
12832;27112022 14:50;7;2008;1;2;0.0000;1;108871.0000;None
22386;27112022 13:25;7;2008;1;3;0.0000;1;56482.0000;None
22384;27112022 12:09;7;2008;1;10;0.0000;1;135019.0000;None
22382;27112022 13:02;7;2008;1;2;0.0000;1;None;None
12832;27112022 13:15;7;2008;1;5;0.0000;1;108871.0000;None
42560;27112022 12:26;7;2008;1;2;0.0000;1;23926.0000;None
22390;27112022 14:14;7;2009;1;1;0.0000;1;42167.0000;None
22390;27112022 14:58;7;2009;1;1;0.0000;1;42167.0000;None
42580;27112022 15:19;7;2009;1;1;0.0000;1;26037.0000;None
41098;27112022 17:13;7;2009;1;1;0.0000;1;32111.0000;None
41084;27112022 13:59;7;2012;1;1;0.0000;1;33685.0000;None
42568;27112022 13:31;7;2042;1;1;0.0000;1;58463.0000;None
42568;27112022 13:31;7;2042;1;1;0.0000;1;58463.0000;None
42559;27112022 13:50;7;2042;1;1;0.0000;1;40908.0000;None
22380;27112022 12:21;7;2042;1;1;0.0000;1;19056.0000;None
41081;27112022 12:32;7;2042;1;1;0.0000;1;25574.0000;None
41081;27112022 12:32;7;2042;1;1;0.0000;1;25574.0000;None
41081;27112022 12:32;7;2042;1;1;0.0000;1;25574.0000;None
12828;27112022 13:27;7;2042;1;1;0.0000;1;64352.0000;None
12828;27112022 13:27;7;2042;1;1;0.0000;1;64352.0000;None
22390;27112022 14:58;7;2042;1;1;0.0000;1;42167.0000;None
22390;27112022 15:32;7;2042;1;1;0.0000;1;42167.0000;None
41096;27112022 16:31;7;2042;1;1;0.0000;1;41667.0000;None
41094;27112022 15:16;7;2042;1;1;0.0000;1;21222.0000;None
41094;27112022 15:16;7;2042;1;1;0.0000;1;21222.0000;None
41094;27112022 15:16;7;2042;1;1;0.0000;1;21222.0000;None
41094;27112022 15:41;7;2042;1;1;0.0000;1;21222.0000;None
41094;27112022 15:41;7;2042;1;1;0.0000;1;21222.0000;None
41094;27112022 15:41;7;2042;1;1;0.0000;1;21222.0000;None
12843;27112022 14:59;7;2042;1;1;0.0000;1;20796.0000;None
22390;27112022 14:14;7;2042;1;1;0.0000;1;42167.0000;None
1933;27112022 16:06;7;2042;1;1;0.0000;1;111463.0000;None
1933;27112022 19:19;7;2042;1;1;0.0000;1;111463.0000;None
22387;27112022 13:39;7;2042;1;1;0.0000;1;47482.0000;None
42568;27112022 14:25;7;2042;1;1;0.0000;1;58463.0000;None
42570;27112022 13:51;7;2042;1;1;0.0000;1;90945.0000;None
1933;27112022 19:06;7;2042;1;1;0.0000;1;111463.0000;None
42580;27112022 15:39;7;2042;1;1;0.0000;1;26037.0000;None
42578;27112022 15:32;7;2042;1;1;0.0000;1;32371.0000;None
42578;27112022 16:07;7;2042;1;1;0.0000;1;32371.0000;None
12846;27112022 17:08;7;2042;1;1;0.0000;1;21556.0000;None
12847;27112022 18:02;7;2042;1;1;0.0000;1;19074.0000;None
41107;27112022 21:06;7;2042;1;1;0.0000;1;67871.0000;None
22401;27112022 20:28;7;2045;1;2;0.0000;1;30259.0000;None
12825;27112022 12:47;7;2045;1;1;0.0000;1;54815.0000;None
12828;27112022 12:42;7;2046;1;1;0.0000;1;64352.0000;None
12828;27112022 12:42;7;2046;1;1;0.0000;1;64352.0000;None
42563;27112022 12:55;7;2046;1;1;0.0000;1;48093.0000;None
42563;27112022 12:55;7;2046;1;1;0.0000;1;48093.0000;None
42568;27112022 13:31;7;2046;1;1;0.0000;1;58463.0000;None
42570;27112022 13:51;7;2046;1;1;0.0000;1;90945.0000;None
42570;27112022 13:51;7;2046;1;1;0.0000;1;90945.0000;None
42568;27112022 14:24;7;2046;1;1;0.0000;1;58463.0000;None
22397;27112022 17:38;7;2047;1;2;0.0000;1;35537.0000;None
41082;27112022 14:34;7;2049;1;1;0.0000;1;65297.0000;None
12828;27112022 12:42;7;2050;1;1;0.0000;1;64352.0000;None
12828;27112022 12:42;7;2050;1;1;0.0000;1;64352.0000;None
12837;27112022 14:06;7;2050;1;1;0.0000;1;28722.0000;None
22401;27112022 20:28;7;2050;1;1;0.0000;1;30259.0000;None
41107;27112022 21:51;7;2050;1;1;0.0000;1;67871.0000;None
41107;27112022 20:38;7;2050;1;1;0.0000;1;67871.0000;None
41102;27112022 20:46;7;2057;1;1;0.0000;1;28241.0000;None
42586;27112022 19:29;7;2060;1;1;0.0000;1;25926.0000;None
42586;27112022 19:29;7;2060;1;1;0.0000;1;25926.0000;None
41098;27112022 17:13;7;2070;1;1;0.0000;1;32111.0000;None
22381;27112022 13:34;7;2070;1;1;0.0000;1;20926.0000;None
22381;27112022 12:42;7;2072;1;1;0.0000;1;20926.0000;None
22380;27112022 12:21;7;2072;1;1;0.0000;1;19056.0000;None
41081;27112022 12:32;7;2072;1;1;0.0000;1;25574.0000;None
22385;27112022 13:24;7;2072;1;1;0.0000;1;33519.0000;None
12837;27112022 14:06;7;2072;1;1;0.0000;1;28722.0000;None
12837;27112022 14:43;7;2072;1;1;0.0000;1;28722.0000;None
12843;27112022 14:59;7;2072;1;1;0.0000;1;20796.0000;None
41091;27112022 14:46;7;2072;1;1;0.0000;1;51667.0000;None
42576;27112022 15:11;7;2072;1;1;0.0000;1;45722.0000;None
22392;27112022 14:29;7;2072;1;1;0.0000;1;26148.0000;None
12845;27112022 15:43;7;2072;1;1;0.0000;1;24148.0000;None
42580;27112022 15:39;7;2072;1;1;0.0000;1;26037.0000;None
42586;27112022 19:45;7;2072;1;1;0.0000;1;25926.0000;None
1933;27112022 19:56;7;2077;1;1;0.0000;1;111463.0000;None
1933;27112022 19:06;7;2077;1;1;0.0000;1;111463.0000;None
22379;27112022 13:35;3;100596;1;2;9600.0000;1;33945.0000;None
22379;27112022 13:53;3;100596;1;1;4800.0000;1;33945.0000;None
22382;27112022 14:09;3;100596;1;1;4800.0000;1;None;None
22382;27112022 14:16;3;100596;1;1;4800.0000;1;None;None
42560;27112022 13:10;3;100596;1;1;4800.0000;1;23926.0000;None
12825;27112022 13:29;3;100606;1;1;5800.0000;1;54815.0000;None
22381;27112022 13:34;3;100606;1;1;5800.0000;1;20926.0000;None
22384;27112022 14:30;3;100606;1;1;5800.0000;1;135019.0000;None
22384;27112022 14:30;3;100606;1;1;5800.0000;1;135019.0000;None
22384;27112022 14:30;3;100606;1;1;5800.0000;1;135019.0000;None
42568;27112022 14:37;3;100606;1;1;5800.0000;1;58463.0000;None
41085;27112022 13:49;3;100606;1;1;5800.0000;1;35037.0000;None
22390;27112022 14:14;3;100606;1;1;5800.0000;1;42167.0000;None
12836;27112022 15:20;3;100606;1;1;5800.0000;1;60278.0000;None
12836;27112022 15:20;3;100606;1;1;5800.0000;1;60278.0000;None
12836;27112022 15:35;3;100606;1;1;5800.0000;1;60278.0000;None
22390;27112022 14:58;3;100606;1;1;5800.0000;1;42167.0000;None
41098;27112022 17:13;3;100606;1;1;5800.0000;1;32111.0000;None
42580;27112022 15:19;3;100607;1;1;5800.0000;1;26037.0000;None
22394;27112022 16:52;3;100607;1;1;5800.0000;1;84815.0000;None
22394;27112022 16:52;3;100607;1;1;5800.0000;1;84815.0000;None
22394;27112022 16:52;3;100607;1;1;5800.0000;1;84815.0000;None
22394;27112022 16:52;3;100607;1;1;5800.0000;1;84815.0000;None
22394;27112022 16:52;3;100607;1;1;5800.0000;1;84815.0000;None
41096;27112022 16:31;3;100607;1;1;5800.0000;1;41667.0000;None
12825;27112022 14:16;3;100607;1;1;5800.0000;1;54815.0000;None
42560;27112022 13:10;3;100613;1;1;4800.0000;1;23926.0000;None
22384;27112022 14:30;3;100613;1;1;4800.0000;1;135019.0000;None
22384;27112022 14:30;3;100613;1;1;4800.0000;1;135019.0000;None
41096;27112022 16:31;3;100613;1;1;4800.0000;1;41667.0000;None
41092;27112022 15:34;3;100613;1;1;4800.0000;1;10278.0000;None
22389;27112022 15:05;3;100613;1;1;4800.0000;1;58185.0000;None
22389;27112022 15:06;3;100613;1;1;4800.0000;1;58185.0000;None
12836;27112022 15:35;3;100614;1;1;4800.0000;1;60278.0000;None
12837;27112022 15:12;3;100614;1;2;9600.0000;1;28722.0000;None
42568;27112022 14:37;3;100614;1;1;4800.0000;1;58463.0000;None
42568;27112022 14:37;3;100614;1;1;4800.0000;1;58463.0000;None
41087;27112022 14:42;3;100614;1;1;4800.0000;1;17759.0000;None
41090;27112022 15:27;3;100614;1;2;9600.0000;1;31482.0000;None
42572;27112022 15:10;3;100614;1;1;4800.0000;1;17370.0000;None
22384;27112022 14:30;3;100614;1;1;4800.0000;1;135019.0000;None
22384;27112022 14:30;3;100614;1;1;4800.0000;1;135019.0000;None
22384;27112022 14:30;3;100614;1;1;4800.0000;1;135019.0000;None
22384;27112022 14:30;3;100614;1;1;4800.0000;1;135019.0000;None
22384;27112022 14:30;3;100614;1;1;4800.0000;1;135019.0000;None
41082;27112022 16:13;3;100614;1;3;14400.0000;1;65297.0000;None
41082;27112022 17:19;3;100614;1;1;4800.0000;1;65297.0000;None
41082;27112022 17:19;3;100614;1;1;4800.0000;1;65297.0000;None
41083;27112022 14:11;3;100614;1;1;4800.0000;1;23833.0000;None
22385;27112022 15:04;3;100614;1;1;4800.0000;1;33519.0000;None
22385;27112022 15:04;3;100614;1;1;4800.0000;1;33519.0000;None
12832;27112022 15:05;3;100614;1;1;4800.0000;1;108871.0000;None
12832;27112022 15:05;3;100614;1;1;4800.0000;1;108871.0000;None
12832;27112022 15:05;3;100614;1;1;4800.0000;1;108871.0000;None
12826;27112022 12:32;3;100614;1;1;4800.0000;1;54778.0000;None
12825;27112022 14:07;3;100614;1;1;4800.0000;1;54815.0000;None
22381;27112022 13:34;3;100614;1;1;4800.0000;1;20926.0000;None
12828;27112022 15:12;3;100614;1;3;14400.0000;1;64352.0000;None
42563;27112022 14:01;3;100614;1;1;4800.0000;1;48093.0000;None
12829;27112022 13:38;3;100614;1;1;4800.0000;1;28796.0000;None
42562;27112022 14:36;3;100614;1;1;4800.0000;1;39408.0000;None
42580;27112022 16:11;3;100614;1;1;4800.0000;1;26037.0000;None
22401;27112022 21:25;3;100614;1;1;4800.0000;1;30259.0000;None
22401;27112022 21:25;3;100614;1;1;4800.0000;1;30259.0000;None
22401;27112022 21:29;3;100614;1;1;4800.0000;1;30259.0000;None
41102;27112022 20:46;3;100614;1;1;4800.0000;1;28241.0000;None
41107;27112022 21:33;1;100972;1;6;0.0000;1;67871.0000;None
12825;27112022 13:49;1;100972;1;6;0.0000;1;54815.0000;None
12832;27112022 15:09;1;100972;1;6;0.0000;1;108871.0000;None
12844;27112022 15:55;1;100972;1;9;0.0000;1;47315.0000;None
41091;27112022 16:16;3;100999;1;1;5800.0000;1;51667.0000;None
41089;27112022 14:32;3;100999;1;1;5800.0000;1;20630.0000;None
41089;27112022 14:32;3;100999;1;1;5800.0000;1;20630.0000;None
41085;27112022 13:49;3;100999;1;1;5800.0000;1;35037.0000;None
22385;27112022 15:04;3;100999;1;1;5800.0000;1;33519.0000;None
12825;27112022 14:07;3;100999;1;1;5800.0000;1;54815.0000;None
12825;27112022 14:07;3;100999;1;1;5800.0000;1;54815.0000;None
12851;27112022 20:41;3;100999;1;1;5800.0000;1;12407.0000;None
12851;27112022 21:08;3;100999;1;1;5800.0000;1;12407.0000;None
22396;27112022 16:45;3;100999;1;1;5800.0000;1;13685.0000;None
42563;27112022 12:55;1;101007;1;1;79800.0000;1;48093.0000;None
1926;27112022 12:17;1;101007;1;1;84000.0000;1;None;None
41090;27112022 14:38;2;101193;1;1;23800.0000;1;31482.0000;None
42562;27112022 13:39;1;101370;1;1;139800.0000;1;39408.0000;None
12832;27112022 13:59;1;101370;1;1;139800.0000;1;108871.0000;None
41107;27112022 21:20;1;101370;1;1;139800.0000;1;67871.0000;None
22384;27112022 13:34;1;101433;1;1;0.0000;1;135019.0000;None
41089;27112022 14:32;1;101433;1;1;0.0000;1;20630.0000;None
42571;27112022 14:29;1;101433;1;1;0.0000;1;66389.0000;None
12844;27112022 15:12;1;101433;1;1;0.0000;1;47315.0000;None
42568;27112022 13:36;1;101433;1;1;0.0000;1;58463.0000;None
42570;27112022 14:46;1;101433;1;1;0.0000;1;90945.0000;None
12837;27112022 14:27;1;101433;1;1;0.0000;1;28722.0000;None
12838;27112022 14:25;1;101433;1;1;0.0000;1;25852.0000;None
1933;27112022 19:34;1;101433;1;1;0.0000;1;111463.0000;None
1933;27112022 19:06;6;101475;1;1;0.0000;1;111463.0000;None
42571;27112022 14:29;6;101475;1;1;0.0000;1;66389.0000;None
42571;27112022 14:29;1;101522;1;1;0.0000;1;66389.0000;None
42571;27112022 14:29;1;101522;1;1;0.0000;1;66389.0000;None
12844;27112022 15:12;1;101522;1;1;0.0000;1;47315.0000;None
42570;27112022 14:46;1;101522;1;1;0.0000;1;90945.0000;None
41085;27112022 13:39;1;101522;1;1;0.0000;1;35037.0000;None
12838;27112022 14:25;1;101522;1;1;0.0000;1;25852.0000;None
41084;27112022 13:22;1;101522;1;1;0.0000;1;33685.0000;None
22385;27112022 14:09;1;101522;1;1;0.0000;1;33519.0000;None
22381;27112022 12:42;1;101522;1;1;0.0000;1;20926.0000;None
41100;27112022 17:56;1;101522;1;1;0.0000;1;21833.0000;None
22395;27112022 16:51;1;101552;1;1;0.0000;1;45185.0000;None
12825;27112022 13:00;1;101552;1;1;0.0000;1;54815.0000;None
12832;27112022 13:54;1;101552;1;1;0.0000;1;108871.0000;None
22385;27112022 13:24;3;101641;1;1;0.0000;1;33519.0000;None
42568;27112022 13:31;3;101641;1;1;0.0000;1;58463.0000;None
42564;27112022 12:59;3;101641;1;1;0.0000;1;51074.0000;None
12832;27112022 13:53;3;101641;1;1;0.0000;1;108871.0000;None
42560;27112022 12:26;3;101641;1;1;0.0000;1;23926.0000;None
42561;27112022 12:28;3;101641;1;1;0.0000;1;17648.0000;None
12826;27112022 13:24;3;101641;1;1;0.0000;1;54778.0000;None
42562;27112022 14:02;3;101641;1;1;0.0000;1;39408.0000;None
42563;27112022 12:55;3;101641;1;1;0.0000;1;48093.0000;None
42564;27112022 12:59;3;101641;1;1;0.0000;1;51074.0000;None
22390;27112022 14:14;3;101641;1;1;0.0000;1;42167.0000;None
12837;27112022 14:06;3;101641;1;1;0.0000;1;28722.0000;None
42570;27112022 14:13;3;101641;1;1;0.0000;1;90945.0000;None
41096;27112022 15:29;3;101641;1;1;0.0000;1;41667.0000;None
41095;27112022 17:03;3;101641;1;1;0.0000;1;20519.0000;None
42571;27112022 14:29;3;101641;1;1;0.0000;1;66389.0000;None
42571;27112022 14:29;3;101641;1;1;0.0000;1;66389.0000;None
22395;27112022 16:36;3;101641;1;1;0.0000;1;45185.0000;None
12846;27112022 17:08;3;101641;1;1;0.0000;1;21556.0000;None
42580;27112022 15:19;3;101641;1;1;0.0000;1;26037.0000;None
42581;27112022 16:21;3;101641;1;1;0.0000;1;16556.0000;None
41097;27112022 15:35;3;101641;1;1;0.0000;1;18889.0000;None
41108;27112022 20:44;3;101641;1;1;0.0000;1;20630.0000;None
41109;27112022 21:02;3;101641;1;1;0.0000;1;23945.0000;None
41103;27112022 19:32;3;101641;1;1;0.0000;1;23241.0000;None
22401;27112022 20:28;3;101641;1;1;0.0000;1;30259.0000;None
41105;27112022 19:47;3;101641;1;1;0.0000;1;19963.0000;None
41105;27112022 20:16;3;101641;1;1;0.0000;1;19963.0000;None
12828;27112022 14:47;1;101647;1;1;10800.0000;1;64352.0000;None
12828;27112022 14:47;1;101647;1;1;10800.0000;1;64352.0000;None
12829;27112022 12:44;2;101679;1;1;22800.0000;1;28796.0000;None
12829;27112022 12:44;2;101679;1;1;22800.0000;1;28796.0000;None
42562;27112022 12:47;2;101679;1;1;22800.0000;1;39408.0000;None
12829;27112022 13:19;2;101679;1;1;22800.0000;1;28796.0000;None
12829;27112022 13:19;2;101679;1;1;22800.0000;1;28796.0000;None
12825;27112022 13:28;2;101679;1;1;22800.0000;1;54815.0000;None
12825;27112022 12:47;2;101679;1;1;22800.0000;1;54815.0000;None
42582;27112022 16:33;2;101706;1;1;27800.0000;1;25945.0000;None
42582;27112022 17:18;2;101706;1;1;27800.0000;1;25945.0000;None
12848;27112022 18:05;2;101708;1;1;25800.0000;1;31167.0000;None
12848;27112022 18:29;2;101708;1;1;25800.0000;1;31167.0000;None
42570;27112022 13:56;2;101722;1;1;28800.0000;1;90945.0000;None
22389;27112022 16:02;2;101722;1;1;28800.0000;1;58185.0000;None
22389;27112022 16:23;2;101722;1;1;28800.0000;1;58185.0000;None
12837;27112022 14:06;2;101728;1;1;33800.0000;1;28722.0000;None
42583;27112022 18:35;2;101728;1;1;33800.0000;1;53871.0000;None
42578;27112022 15:32;2;101728;1;1;33800.0000;1;32371.0000;None
42561;27112022 12:33;2;101852;1;1;24800.0000;1;17648.0000;None
42561;27112022 12:44;2;101852;1;1;24800.0000;1;17648.0000;None
12848;27112022 18:39;2;101870;1;1;42800.0000;1;31167.0000;None
41105;27112022 19:47;2;101878;1;1;29800.0000;1;19963.0000;None
41101;27112022 18:55;2;101878;1;1;29800.0000;1;38908.0000;None
41101;27112022 18:55;2;101878;1;1;29800.0000;1;38908.0000;None
22397;27112022 17:04;2;101948;1;1;18800.0000;1;35537.0000;None
41085;27112022 13:31;2;102001;1;1;14800.0000;1;35037.0000;None
41091;27112022 16:16;3;102102;1;1;7800.0000;1;51667.0000;None
41092;27112022 15:09;1;102132;1;1;4800.0000;1;10278.0000;None
12826;27112022 13:08;1;102141;1;1;3800.0000;1;54778.0000;None
12832;27112022 13:54;1;102172;1;1;5800.0000;1;108871.0000;None
22397;27112022 17:21;1;102172;1;1;5800.0000;1;35537.0000;None
22395;27112022 16:51;1;102172;1;1;5800.0000;1;45185.0000;None
22385;27112022 14:29;1;102228;1;1;4800.0000;1;33519.0000;None
42570;27112022 14:13;1;102228;1;1;4800.0000;1;90945.0000;None
42558;27112022 14:36;1;102238;1;2;9600.0000;1;None;None
42569;27112022 14:10;1;102238;1;1;4800.0000;1;24426.0000;None
42569;27112022 14:43;1;102238;1;1;4800.0000;1;24426.0000;None
22389;27112022 14:09;1;102238;1;1;4800.0000;1;58185.0000;None
22389;27112022 14:15;1;102238;1;1;4800.0000;1;58185.0000;None
22382;27112022 13:02;1;102238;1;1;4800.0000;1;None;None
12829;27112022 12:57;1;102238;1;1;4800.0000;1;28796.0000;None
22395;27112022 16:50;1;102238;1;1;4800.0000;1;45185.0000;None
42578;27112022 15:35;1;102238;1;1;4800.0000;1;32371.0000;None
1938;27112022 15:17;1;102238;1;1;4800.0000;1;2722.0000;None
12826;27112022 12:34;1;102327;1;1;16800.0000;1;54778.0000;None
1933;27112022 19:06;3;102402;1;1;7800.0000;1;111463.0000;None
42571;27112022 14:29;3;102402;1;1;7800.0000;1;66389.0000;None
41096;27112022 16:04;3;102616;1;1;5800.0000;1;41667.0000;None
42559;27112022 13:50;3;102616;1;1;5800.0000;1;40908.0000;None
42562;27112022 12:47;3;102616;1;1;5800.0000;1;39408.0000;None
22388;27112022 13:16;3;102617;1;1;6800.0000;1;18574.0000;None
42568;27112022 14:24;3;102619;1;1;5800.0000;1;58463.0000;None
42568;27112022 14:25;3;102619;1;1;5800.0000;1;58463.0000;None
42576;27112022 15:11;3;102619;1;1;5800.0000;1;45722.0000;None
42576;27112022 15:11;3;102619;1;1;5800.0000;1;45722.0000;None
22392;27112022 15:27;3;102619;1;1;5800.0000;1;26148.0000;None
12841;27112022 14:34;3;102619;1;1;5800.0000;1;29241.0000;None
42568;27112022 13:31;3;102619;1;1;5800.0000;1;58463.0000;None
42568;27112022 13:31;3;102619;1;1;5800.0000;1;58463.0000;None
42568;27112022 13:31;3;102619;1;1;5800.0000;1;58463.0000;None
12830;27112022 12:59;3;102619;1;1;5800.0000;1;18426.0000;None
1946;27112022 19:54;3;102619;1;1;5800.0000;1;6352.0000;None
42586;27112022 19:29;3;102619;1;1;5800.0000;1;25926.0000;None
42585;27112022 18:39;3;102633;1;1;11800.0000;1;14352.0000;None
42559;27112022 12:21;3;102633;1;1;11800.0000;1;40908.0000;None
41091;27112022 15:26;3;102633;1;1;11800.0000;1;51667.0000;None
12843;27112022 14:59;3;102635;1;1;7800.0000;1;20796.0000;None
12844;27112022 15:00;3;102635;1;1;7800.0000;1;47315.0000;None
41095;27112022 15:27;3;102635;1;1;7800.0000;1;20519.0000;None
41094;27112022 15:16;3;102635;1;1;7800.0000;1;21222.0000;None
41094;27112022 15:41;3;102635;1;1;7800.0000;1;21222.0000;None
41094;27112022 15:41;3;102635;1;1;7800.0000;1;21222.0000;None
41094;27112022 15:16;3;102635;1;1;7800.0000;1;21222.0000;None
42571;27112022 14:29;3;102635;1;1;7800.0000;1;66389.0000;None
42571;27112022 14:29;3;102635;1;1;7800.0000;1;66389.0000;None
22387;27112022 13:39;3;102635;1;1;7800.0000;1;47482.0000;None
22388;27112022 13:16;3;102635;1;1;7800.0000;1;18574.0000;None
42570;27112022 13:51;3;102635;1;1;7800.0000;1;90945.0000;None
1933;27112022 16:06;3;102635;1;1;7800.0000;1;111463.0000;None
22380;27112022 12:21;3;102635;1;1;7800.0000;1;19056.0000;None
42562;27112022 13:20;3;102635;1;1;7800.0000;1;39408.0000;None
12828;27112022 14:21;3;102635;1;1;7800.0000;1;64352.0000;None
12828;27112022 12:42;3;102635;1;1;7800.0000;1;64352.0000;None
12828;27112022 12:42;3;102635;1;1;7800.0000;1;64352.0000;None
22384;27112022 13:25;3;102635;1;1;7800.0000;1;135019.0000;None
41101;27112022 18:55;3;102635;1;1;7800.0000;1;38908.0000;None
41107;27112022 21:06;3;102635;1;1;7800.0000;1;67871.0000;None
41098;27112022 15:48;3;102635;1;1;7800.0000;1;32111.0000;None
41098;27112022 15:48;3;102635;1;1;7800.0000;1;32111.0000;None
42578;27112022 15:32;3;102635;1;1;7800.0000;1;32371.0000;None
22396;27112022 16:45;3;102635;1;1;7800.0000;1;13685.0000;None
12845;27112022 15:43;3;102637;1;1;9800.0000;1;24148.0000;None
42580;27112022 15:39;3;102637;1;1;9800.0000;1;26037.0000;None
41099;27112022 16:15;3;102637;1;1;9800.0000;1;31056.0000;None
1937;27112022 14:59;3;102637;1;1;9800.0000;1;13463.0000;None
1938;27112022 15:08;3;102637;1;1;9800.0000;1;2722.0000;None
42585;27112022 18:39;3;102637;1;1;9800.0000;1;14352.0000;None
42586;27112022 19:45;3;102637;1;1;9800.0000;1;25926.0000;None
42564;27112022 12:59;3;102637;1;1;9800.0000;1;51074.0000;None
41083;27112022 13:48;3;102637;1;1;9800.0000;1;23833.0000;None
1933;27112022 19:06;3;102637;1;1;9800.0000;1;111463.0000;None
1933;27112022 19:56;3;102637;1;1;9800.0000;1;111463.0000;None
1933;27112022 20:15;3;102637;1;1;9800.0000;1;111463.0000;None
42570;27112022 13:51;3;102637;1;1;9800.0000;1;90945.0000;None
1933;27112022 19:06;3;102637;1;1;9800.0000;1;111463.0000;None
22392;27112022 14:29;3;102638;1;1;10800.0000;1;26148.0000;None
41084;27112022 13:59;3;102639;1;1;8800.0000;1;33685.0000;None
41084;27112022 13:14;3;102639;1;1;8800.0000;1;33685.0000;None
42563;27112022 13:17;3;102639;1;1;8800.0000;1;48093.0000;None
42563;27112022 12:55;3;102639;1;1;8800.0000;1;48093.0000;None
41108;27112022 20:44;3;102639;1;1;8800.0000;1;20630.0000;None
41104;27112022 19:27;3;102640;1;1;9800.0000;1;24370.0000;None
42563;27112022 12:55;3;102643;1;1;13800.0000;1;48093.0000;None
42563;27112022 12:55;3;102644;1;1;5800.0000;1;48093.0000;None
42563;27112022 12:55;3;102644;1;1;5800.0000;1;48093.0000;None
12825;27112022 12:25;3;102645;1;1;6800.0000;1;54815.0000;None
12825;27112022 12:47;3;102645;1;1;6800.0000;1;54815.0000;None
42563;27112022 12:55;3;102651;1;1;8800.0000;1;48093.0000;None
41094;27112022 15:16;3;102651;1;1;8800.0000;1;21222.0000;None
41094;27112022 15:41;3;102651;1;1;8800.0000;1;21222.0000;None
42576;27112022 15:11;3;102747;1;1;4800.0000;1;45722.0000;None
12844;27112022 15:00;3;102747;1;1;4800.0000;1;47315.0000;None
22392;27112022 14:29;3;102747;1;1;4800.0000;1;26148.0000;None
12840;27112022 15:27;3;102747;1;1;4800.0000;1;20630.0000;None
12840;27112022 14:50;3;102747;1;2;9600.0000;1;20630.0000;None
42572;27112022 14:14;3;102747;1;1;4800.0000;1;17370.0000;None
42570;27112022 14:32;3;102747;1;1;4800.0000;1;90945.0000;None
42570;27112022 13:51;3;102747;1;1;4800.0000;1;90945.0000;None
12836;27112022 14:04;3;102747;1;1;4800.0000;1;60278.0000;None
12837;27112022 14:06;3;102747;1;1;4800.0000;1;28722.0000;None
12838;27112022 14:25;3;102747;1;1;4800.0000;1;25852.0000;None
12838;27112022 14:25;3;102747;1;1;4800.0000;1;25852.0000;None
12837;27112022 14:43;3;102747;1;1;4800.0000;1;28722.0000;None
42564;27112022 12:59;3;102747;1;1;4800.0000;1;51074.0000;None
12826;27112022 12:32;3;102747;1;1;4800.0000;1;54778.0000;None
41081;27112022 12:32;3;102747;1;1;4800.0000;1;25574.0000;None
41081;27112022 12:32;3;102747;1;1;4800.0000;1;25574.0000;None
41081;27112022 12:32;3;102747;1;1;4800.0000;1;25574.0000;None
12833;27112022 13:13;3;102747;1;1;4800.0000;1;31426.0000;None
22385;27112022 13:24;3;102747;1;1;4800.0000;1;33519.0000;None
42568;27112022 13:31;3;102747;1;1;4800.0000;1;58463.0000;None
41083;27112022 13:45;3;102747;1;1;4800.0000;1;23833.0000;None
42564;27112022 12:59;3;102747;1;1;4800.0000;1;51074.0000;None
42564;27112022 12:59;3;102747;1;1;4800.0000;1;51074.0000;None
42585;27112022 18:39;3;102747;1;1;4800.0000;1;14352.0000;None
12851;27112022 20:41;3;102747;1;1;4800.0000;1;12407.0000;None
41098;27112022 16:49;3;102747;1;1;4800.0000;1;32111.0000;None
41097;27112022 15:35;3;102747;1;1;4800.0000;1;18889.0000;None
22396;27112022 16:45;3;102747;1;1;4800.0000;1;13685.0000;None
22398;27112022 17:06;3;102747;1;1;4800.0000;1;20463.0000;None
22397;27112022 17:04;3;102748;1;1;14800.0000;1;35537.0000;None
22397;27112022 17:04;3;102748;1;1;14800.0000;1;35537.0000;None
41100;27112022 17:56;3;102748;1;3;44400.0000;1;21833.0000;None
41099;27112022 16:15;3;102748;1;1;14800.0000;1;31056.0000;None
41101;27112022 19:17;3;102748;1;1;14800.0000;1;38908.0000;None
41104;27112022 19:27;3;102748;1;1;14800.0000;1;24370.0000;None
41104;27112022 19:27;3;102748;1;1;14800.0000;1;24370.0000;None
42587;27112022 20:07;3;102748;1;1;14800.0000;1;19870.0000;None
22401;27112022 20:28;3;102748;1;1;14800.0000;1;30259.0000;None
12830;27112022 12:59;3;102748;1;1;14800.0000;1;18426.0000;None
42565;27112022 13:01;3;102748;1;1;14800.0000;1;21019.0000;None
22384;27112022 13:25;3;102748;1;1;14800.0000;1;135019.0000;None
22384;27112022 13:25;3;102748;1;1;14800.0000;1;135019.0000;None
22382;27112022 13:02;3;102748;1;1;14800.0000;1;None;None
22384;27112022 14:15;3;102748;1;1;14800.0000;1;135019.0000;None
22384;27112022 14:15;3;102748;1;1;14800.0000;1;135019.0000;None
12826;27112022 12:32;3;102748;1;1;14800.0000;1;54778.0000;None
12826;27112022 13:24;3;102748;1;1;14800.0000;1;54778.0000;None
12825;27112022 12:52;3;102748;1;1;14800.0000;1;54815.0000;None
12825;27112022 12:47;3;102748;1;1;14800.0000;1;54815.0000;None
42559;27112022 12:25;3;102748;1;1;14800.0000;1;40908.0000;None
42559;27112022 12:21;3;102748;1;1;14800.0000;1;40908.0000;None
42559;27112022 12:21;3;102748;1;1;14800.0000;1;40908.0000;None
12827;27112022 12:39;3;102748;1;1;14800.0000;1;21833.0000;None
12838;27112022 14:25;3;102748;1;1;14800.0000;1;25852.0000;None
12836;27112022 15:11;3;102748;1;1;14800.0000;1;60278.0000;None
12836;27112022 14:23;3;102748;1;1;14800.0000;1;60278.0000;None
12836;27112022 14:04;3;102748;1;1;14800.0000;1;60278.0000;None
12836;27112022 14:04;3;102748;1;1;14800.0000;1;60278.0000;None
22387;27112022 13:39;3;102748;1;1;14800.0000;1;47482.0000;None
41085;27112022 13:31;3;102748;1;1;14800.0000;1;35037.0000;None
41089;27112022 14:32;3;102748;1;1;14800.0000;1;20630.0000;None
12843;27112022 14:59;3;102748;1;1;14800.0000;1;20796.0000;None
12844;27112022 15:06;3;102748;1;1;14800.0000;1;47315.0000;None
12844;27112022 15:00;3;102748;1;1;14800.0000;1;47315.0000;None
41095;27112022 15:27;3;102748;1;1;14800.0000;1;20519.0000;None
12844;27112022 15:06;3;102749;1;1;5800.0000;1;47315.0000;None
1933;27112022 19:06;3;102749;1;1;5800.0000;1;111463.0000;None
12827;27112022 12:39;3;102749;1;1;5800.0000;1;21833.0000;None
41084;27112022 13:59;3;102749;1;2;11600.0000;1;33685.0000;None
42587;27112022 20:07;3;102749;1;1;5800.0000;1;19870.0000;None
41104;27112022 19:27;3;102749;1;1;5800.0000;1;24370.0000;None
41101;27112022 18:55;3;102749;1;1;5800.0000;1;38908.0000;None
42581;27112022 16:21;3;102749;1;1;5800.0000;1;16556.0000;None
12844;27112022 15:06;3;102750;1;1;5800.0000;1;47315.0000;None
42570;27112022 13:57;2;102848;1;1;44800.0000;1;90945.0000;None
41087;27112022 13:44;1;102928;1;1;45800.0000;1;17759.0000;None
42576;27112022 15:11;1;102928;1;1;45800.0000;1;45722.0000;None
22393;27112022 14:50;1;102928;1;1;45800.0000;1;17463.0000;None
42566;27112022 13:23;1;102928;1;1;45800.0000;1;25982.0000;None
41082;27112022 13:04;1;102928;1;1;45800.0000;1;65297.0000;None
42563;27112022 12:48;1;102928;1;1;45800.0000;1;48093.0000;None
12825;27112022 12:47;1;102928;1;1;45800.0000;1;54815.0000;None
42560;27112022 12:30;1;102928;1;1;45800.0000;1;23926.0000;None
12848;27112022 18:05;1;102928;1;1;45800.0000;1;31167.0000;None
22399;27112022 18:58;1;102928;1;1;45800.0000;1;33389.0000;None
41101;27112022 18:55;1;102928;1;1;45800.0000;1;38908.0000;None
22400;27112022 19:17;1;102928;1;1;45800.0000;1;16389.0000;None
12847;27112022 18:02;1;102932;1;1;59800.0000;1;19074.0000;None
22395;27112022 16:51;1;102932;1;1;59800.0000;1;45185.0000;None
12832;27112022 13:54;1;102932;1;1;59800.0000;1;108871.0000;None
12844;27112022 15:12;1;102932;1;1;59800.0000;1;47315.0000;None
42568;27112022 13:36;1;102932;1;1;59800.0000;1;58463.0000;None
41083;27112022 13:48;2;103221;1;1;25800.0000;1;23833.0000;None
42566;27112022 13:12;2;103224;1;1;56800.0000;1;25982.0000;None
22386;27112022 14:46;2;103224;1;1;56800.0000;1;56482.0000;None
22386;27112022 13:25;2;103224;1;1;56800.0000;1;56482.0000;None
22386;27112022 13:25;2;103224;1;1;56800.0000;1;56482.0000;None
22386;27112022 13:25;2;103224;1;1;56800.0000;1;56482.0000;None
42562;27112022 13:38;2;103224;1;1;56800.0000;1;39408.0000;None
41087;27112022 13:44;2;103224;1;1;56800.0000;1;17759.0000;None
41091;27112022 15:32;2;103224;1;1;56800.0000;1;51667.0000;None
41091;27112022 14:46;2;103224;1;1;56800.0000;1;51667.0000;None
41096;27112022 15:35;2;103224;1;1;56800.0000;1;41667.0000;None
41090;27112022 14:38;2;103224;1;1;56800.0000;1;31482.0000;None
22395;27112022 17:20;2;103224;1;1;56800.0000;1;45185.0000;None
22395;27112022 17:20;2;103224;1;1;56800.0000;1;45185.0000;None
22395;27112022 16:36;2;103224;1;1;56800.0000;1;45185.0000;None
22395;27112022 16:36;2;103224;1;1;56800.0000;1;45185.0000;None
42583;27112022 18:50;2;103224;1;1;56800.0000;1;53871.0000;None
42583;27112022 18:10;2;103224;1;1;56800.0000;1;53871.0000;None
42583;27112022 18:10;2;103224;1;1;56800.0000;1;53871.0000;None
41099;27112022 16:15;2;103224;1;1;56800.0000;1;31056.0000;None
41107;27112022 20:38;2;103224;1;1;56800.0000;1;67871.0000;None
41107;27112022 20:38;2;103224;1;1;56800.0000;1;67871.0000;None
41103;27112022 19:32;2;103224;1;1;56800.0000;1;23241.0000;None
41085;27112022 14:06;1;103780;1;1;14800.0000;1;35037.0000;None
22386;27112022 15:21;1;103780;1;1;14800.0000;1;56482.0000;None
42564;27112022 13:51;1;103780;1;1;14800.0000;1;51074.0000;None
12826;27112022 12:32;2;104219;1;1;11800.0000;1;54778.0000;None
41085;27112022 13:31;2;104219;1;1;11800.0000;1;35037.0000;None
42558;27112022 14:36;1;104341;1;1;39800.0000;1;None;None
41093;27112022 15:13;1;104341;1;2;83800.0000;1;None;None
22396;27112022 16:56;1;104341;1;1;39800.0000;1;13685.0000;None
42578;27112022 15:31;1;104342;1;1;39800.0000;1;32371.0000;None
42558;27112022 14:36;1;104343;1;1;48800.0000;1;None;None
22393;27112022 15:06;1;104343;1;2;97600.0000;1;17463.0000;None
12839;27112022 14:14;1;104343;1;1;48800.0000;1;10833.0000;None
22388;27112022 13:59;1;104343;1;1;48800.0000;1;18574.0000;None
41081;27112022 12:32;1;104343;1;1;48800.0000;1;25574.0000;None
12825;27112022 12:47;1;104343;1;1;48800.0000;1;54815.0000;None
22385;27112022 14:09;1;104343;1;1;48800.0000;1;33519.0000;None
42582;27112022 17:00;1;104343;1;1;48800.0000;1;25945.0000;None
42581;27112022 16:21;1;104343;1;1;48800.0000;1;16556.0000;None
41104;27112022 19:27;1;104343;1;1;48800.0000;1;24370.0000;None
42586;27112022 19:29;1;104343;1;1;48800.0000;1;25926.0000;None
22401;27112022 20:28;1;104343;1;1;48800.0000;1;30259.0000;None
12849;27112022 20:01;1;104343;1;1;48800.0000;1;9963.0000;None
41109;27112022 21:02;1;104344;1;1;49800.0000;1;23945.0000;None
41103;27112022 19:23;1;104344;1;1;49800.0000;1;23241.0000;None
42585;27112022 18:45;1;104344;1;1;49800.0000;1;14352.0000;None
42584;27112022 18:31;1;104344;1;1;49800.0000;1;18704.0000;None
41098;27112022 16:10;1;104344;1;1;49800.0000;1;32111.0000;None
42580;27112022 15:19;1;104344;1;1;49800.0000;1;26037.0000;None
22394;27112022 15:50;1;104344;1;1;49800.0000;1;84815.0000;None
22395;27112022 16:45;1;104344;1;1;49800.0000;1;45185.0000;None
22386;27112022 13:43;1;104344;1;2;99600.0000;1;56482.0000;None
42566;27112022 13:23;1;104344;1;1;49800.0000;1;25982.0000;None
22384;27112022 13:04;1;104344;1;1;49800.0000;1;135019.0000;None
22384;27112022 13:04;1;104344;1;1;49800.0000;1;135019.0000;None
22384;27112022 13:04;1;104344;1;1;49800.0000;1;135019.0000;None
41082;27112022 13:04;1;104344;1;1;49800.0000;1;65297.0000;None
42560;27112022 12:30;1;104344;1;1;49800.0000;1;23926.0000;None
12828;27112022 12:51;1;104344;1;1;49800.0000;1;64352.0000;None
1933;27112022 19:18;1;104344;1;4;199200.0000;1;111463.0000;None
12837;27112022 14:06;1;104344;1;1;49800.0000;1;28722.0000;None
12838;27112022 14:11;1;104344;1;1;49800.0000;1;25852.0000;None
41088;27112022 14:21;1;104344;1;2;99600.0000;1;15278.0000;None
12842;27112022 14:44;1;104344;1;1;49800.0000;1;31630.0000;None
12840;27112022 14:33;1;104344;1;1;49800.0000;1;20630.0000;None
12841;27112022 14:34;1;104344;1;1;49800.0000;1;29241.0000;None
41091;27112022 14:52;1;104344;1;1;49800.0000;1;51667.0000;None
12843;27112022 14:59;1;104344;1;1;49800.0000;1;20796.0000;None
42576;27112022 15:11;1;104344;1;1;49800.0000;1;45722.0000;None
42562;27112022 13:39;1;104346;1;1;59800.0000;1;39408.0000;None
41094;27112022 15:22;1;104347;1;1;59800.0000;1;21222.0000;None
42571;27112022 14:29;1;104347;1;1;59800.0000;1;66389.0000;None
22390;27112022 14:27;1;104347;1;3;179400.0000;1;42167.0000;None
22387;27112022 14:19;1;104347;1;1;59800.0000;1;47482.0000;None
22398;27112022 17:19;1;104347;1;1;59800.0000;1;20463.0000;None
42583;27112022 18:10;1;104347;1;1;59800.0000;1;53871.0000;None
12847;27112022 18:02;1;104347;1;1;59800.0000;1;19074.0000;None
12846;27112022 15:50;1;104347;1;1;59800.0000;1;21556.0000;None
1944;27112022 18:53;1;104347;1;1;63000.0000;1;None;None
12851;27112022 20:45;1;104347;1;1;59800.0000;1;12407.0000;None
41107;27112022 21:20;1;104348;1;1;41800.0000;1;67871.0000;None
42587;27112022 20:28;1;104348;1;1;41800.0000;1;19870.0000;None
42569;27112022 14:10;1;104348;1;1;41800.0000;1;24426.0000;None
42570;27112022 14:46;1;104348;1;1;41800.0000;1;90945.0000;None
41094;27112022 15:22;1;104348;1;1;41800.0000;1;21222.0000;None
12845;27112022 15:43;1;104350;1;1;89800.0000;1;24148.0000;None
12845;27112022 15:43;1;104353;1;1;78800.0000;1;24148.0000;None
41097;27112022 15:35;1;104353;1;1;78800.0000;1;18889.0000;None
22397;27112022 17:12;1;104353;1;1;78800.0000;1;35537.0000;None
42582;27112022 17:00;1;104353;1;1;78800.0000;1;25945.0000;None
41105;27112022 19:52;1;104353;1;1;78800.0000;1;19963.0000;None
12850;27112022 20:32;1;104353;1;1;78800.0000;1;57463.0000;None
42585;27112022 18:45;1;104353;1;1;78800.0000;1;14352.0000;None
41109;27112022 21:02;1;104353;1;1;78800.0000;1;23945.0000;None
41108;27112022 20:53;1;104353;1;1;78800.0000;1;20630.0000;None
41108;27112022 21:09;1;104353;1;1;78800.0000;1;20630.0000;None
41094;27112022 15:22;1;104353;1;1;78800.0000;1;21222.0000;None
41095;27112022 16:17;1;104353;1;1;78800.0000;1;20519.0000;None
42576;27112022 15:24;1;104353;1;1;78800.0000;1;45722.0000;None
12843;27112022 14:59;1;104353;1;1;78800.0000;1;20796.0000;None
12841;27112022 14:34;1;104353;1;1;78800.0000;1;29241.0000;None
12840;27112022 14:50;1;104353;1;1;78800.0000;1;20630.0000;None
42570;27112022 14:46;1;104353;1;1;78800.0000;1;90945.0000;None
42570;27112022 14:46;1;104353;1;1;78800.0000;1;90945.0000;None
42568;27112022 13:36;1;104353;1;1;78800.0000;1;58463.0000;None
42568;27112022 13:36;1;104353;1;1;78800.0000;1;58463.0000;None
42568;27112022 13:36;1;104353;1;1;78800.0000;1;58463.0000;None
1929;27112022 12:50;1;104353;1;1;83000.0000;1;None;None
42563;27112022 12:55;1;104353;1;1;78800.0000;1;48093.0000;None
12828;27112022 14:08;1;104353;1;1;78800.0000;1;64352.0000;None
12825;27112022 13:21;1;104353;1;1;78800.0000;1;54815.0000;None
41081;27112022 12:32;1;104353;1;1;78800.0000;1;25574.0000;None
41081;27112022 12:32;1;104353;1;1;78800.0000;1;25574.0000;None
22384;27112022 13:34;1;104353;1;1;78800.0000;1;135019.0000;None
22384;27112022 13:34;1;104353;1;1;78800.0000;1;135019.0000;None
12833;27112022 13:13;1;104353;1;1;78800.0000;1;31426.0000;None
12833;27112022 13:13;1;104353;1;1;78800.0000;1;31426.0000;None
42564;27112022 13:51;1;104354;1;1;15800.0000;1;51074.0000;None
41081;27112022 13:12;1;104354;1;1;15800.0000;1;25574.0000;None
22381;27112022 13:34;1;104354;1;1;15800.0000;1;20926.0000;None
41087;27112022 14:42;1;104354;1;1;15800.0000;1;17759.0000;None
12837;27112022 15:13;1;104354;1;1;15800.0000;1;28722.0000;None
12836;27112022 15:35;1;104354;1;1;15800.0000;1;60278.0000;None
1933;27112022 20:40;1;104354;1;1;15800.0000;1;111463.0000;None
41109;27112022 21:30;1;104354;1;1;15800.0000;1;23945.0000;None
42580;27112022 16:11;1;104354;1;1;15800.0000;1;26037.0000;None
1935;27112022 16:07;1;104354;1;1;16700.0000;1;None;None
12845;27112022 15:43;3;104355;1;1;9800.0000;1;24148.0000;None
12845;27112022 15:43;3;104355;1;1;9800.0000;1;24148.0000;None
12846;27112022 17:08;3;104355;1;1;9800.0000;1;21556.0000;None
12846;27112022 17:08;3;104355;1;1;9800.0000;1;21556.0000;None
22388;27112022 13:16;3;104355;1;1;9800.0000;1;18574.0000;None
12843;27112022 14:59;3;104355;1;1;9800.0000;1;20796.0000;None
12843;27112022 14:59;3;104355;1;1;9800.0000;1;20796.0000;None
12828;27112022 12:43;3;104355;1;1;9800.0000;1;64352.0000;None
12828;27112022 12:43;3;104355;1;1;9800.0000;1;64352.0000;None
12828;27112022 12:43;3;104355;1;1;9800.0000;1;64352.0000;None
12828;27112022 13:27;3;104355;1;1;9800.0000;1;64352.0000;None
12828;27112022 13:27;3;104355;1;1;9800.0000;1;64352.0000;None
42563;27112022 13:17;3;104355;1;1;9800.0000;1;48093.0000;None
22380;27112022 12:21;3;104355;1;1;9800.0000;1;19056.0000;None
42567;27112022 13:10;3;104355;1;3;29400.0000;1;17482.0000;None
1928;27112022 12:40;1;104357;1;1;33500.0000;1;None;None
41085;27112022 13:31;1;104357;1;1;31800.0000;1;35037.0000;None
41098;27112022 15:59;1;104357;1;1;31800.0000;1;32111.0000;None
42568;27112022 13:36;1;104358;1;1;22800.0000;1;58463.0000;None
12844;27112022 15:12;1;104358;1;1;22800.0000;1;47315.0000;None
12828;27112022 13:30;1;104358;1;1;22800.0000;1;64352.0000;None
22379;27112022 12:19;1;104359;1;1;57800.0000;1;33945.0000;None
42558;27112022 14:36;6;104378;1;1;0.0000;1;None;None
42571;27112022 14:29;6;104386;1;1;0.0000;1;66389.0000;None
1933;27112022 19:06;6;104386;1;1;0.0000;1;111463.0000;None
41093;27112022 15:13;6;104390;1;1;0.0000;1;None;None
22396;27112022 16:56;6;104390;1;1;0.0000;1;13685.0000;None
12826;27112022 12:34;1;104397;1;1;0.0000;1;54778.0000;None
22382;27112022 13:22;1;104397;1;1;0.0000;1;None;None
42561;27112022 13:20;1;104399;1;1;15800.0000;1;17648.0000;None
12837;27112022 15:13;1;104400;1;1;14800.0000;1;28722.0000;None
1938;27112022 15:56;1;104400;1;1;14800.0000;1;2722.0000;None
41098;27112022 17:13;1;104401;1;1;15800.0000;1;32111.0000;None
12848;27112022 18:43;1;104401;1;1;15800.0000;1;31167.0000;None
41108;27112022 21:12;1;104403;1;1;14800.0000;1;20630.0000;None
41101;27112022 19:42;1;104403;1;1;14800.0000;1;38908.0000;None
22400;27112022 19:45;1;104403;1;1;14800.0000;1;16389.0000;None
42569;27112022 15:19;1;104403;1;1;14800.0000;1;24426.0000;None
41096;27112022 16:24;1;104403;1;1;14800.0000;1;41667.0000;None
41081;27112022 13:12;1;104403;1;1;14800.0000;1;25574.0000;None
12828;27112022 14:56;1;104403;1;1;14800.0000;1;64352.0000;None
42563;27112022 14:01;1;104403;1;1;14800.0000;1;48093.0000;None
42566;27112022 14:09;1;104403;1;1;14800.0000;1;25982.0000;None
12842;27112022 14:42;2;104404;1;1;29800.0000;1;31630.0000;None
12832;27112022 13:54;1;104405;1;1;89800.0000;1;108871.0000;None
12836;27112022 14:53;1;104406;1;1;23800.0000;1;60278.0000;None
41082;27112022 14:11;1;104407;1;1;24800.0000;1;65297.0000;None
12828;27112022 13:30;1;104407;1;1;24800.0000;1;64352.0000;None
12825;27112022 12:48;1;104407;1;1;24800.0000;1;54815.0000;None
41107;27112022 20:57;1;104407;1;1;24800.0000;1;67871.0000;None
12828;27112022 13:30;1;104408;1;1;22800.0000;1;64352.0000;None
22388;27112022 13:59;1;104408;1;1;22800.0000;1;18574.0000;None
41085;27112022 13:39;1;104408;1;1;22800.0000;1;35037.0000;None
12837;27112022 14:56;1;104413;1;1;2800.0000;1;28722.0000;None
12837;27112022 14:35;1;104413;1;1;2800.0000;1;28722.0000;None
12839;27112022 14:19;1;104413;1;1;2800.0000;1;10833.0000;None
22382;27112022 13:02;1;104413;1;2;5600.0000;1;None;None
12836;27112022 14:45;1;104417;1;1;1800.0000;1;60278.0000;None
42559;27112022 12:40;1;104421;1;1;15800.0000;1;40908.0000;None
22381;27112022 12:42;1;104423;1;1;5800.0000;1;20926.0000;None
12836;27112022 14:21;1;104429;1;1;7800.0000;1;60278.0000;None
42563;27112022 12:55;1;104431;1;1;24800.0000;1;48093.0000;None
22380;27112022 12:21;1;104438;1;1;62800.0000;1;19056.0000;None
41083;27112022 13:10;1;104438;1;1;62800.0000;1;23833.0000;None
12832;27112022 13:11;1;104438;1;1;62800.0000;1;108871.0000;None
12836;27112022 14:21;1;104438;1;1;62800.0000;1;60278.0000;None
1933;27112022 19:34;1;104438;1;1;62800.0000;1;111463.0000;None
22387;27112022 13:50;1;104438;1;1;62800.0000;1;47482.0000;None
42570;27112022 13:52;1;104438;1;1;62800.0000;1;90945.0000;None
41096;27112022 15:54;1;104438;1;1;62800.0000;1;41667.0000;None
41104;27112022 19:28;1;104438;1;2;125600.0000;1;24370.0000;None
22401;27112022 20:37;1;104438;1;1;62800.0000;1;30259.0000;None
41101;27112022 19:42;1;104442;1;1;43800.0000;1;38908.0000;None
41109;27112022 21:02;1;104442;1;1;43800.0000;1;23945.0000;None
12832;27112022 13:11;1;104442;1;1;43800.0000;1;108871.0000;None
41083;27112022 13:31;1;104442;1;1;43800.0000;1;23833.0000;None
1931;27112022 13:22;1;104442;1;1;46200.0000;1;None;None
22386;27112022 14:38;1;104442;1;1;43800.0000;1;56482.0000;None
42578;27112022 15:35;1;104444;1;1;93800.0000;1;32371.0000;None
12839;27112022 14:15;1;104445;1;1;8800.0000;1;10833.0000;None
42571;27112022 14:29;3;104446;1;1;5800.0000;1;66389.0000;None
12841;27112022 14:34;3;104446;1;1;5800.0000;1;29241.0000;None
22385;27112022 13:24;3;104446;1;1;5800.0000;1;33519.0000;None
22380;27112022 12:21;3;104446;1;1;5800.0000;1;19056.0000;None
22381;27112022 12:42;3;104446;1;1;5800.0000;1;20926.0000;None
12829;27112022 12:44;1;104450;1;1;42800.0000;1;28796.0000;None
12826;27112022 12:34;1;104450;1;1;42800.0000;1;54778.0000;None
1933;27112022 19:06;1;104450;1;1;42800.0000;1;111463.0000;None
41104;27112022 19:28;1;104453;1;2;43600.0000;1;24370.0000;None
41099;27112022 16:15;1;104454;1;1;69800.0000;1;31056.0000;None
41085;27112022 13:39;1;104454;1;1;69800.0000;1;35037.0000;None
1929;27112022 12:50;1;104454;1;1;73500.0000;1;None;None
12832;27112022 13:54;1;104454;1;1;69800.0000;1;108871.0000;None
41082;27112022 14:11;1;104454;1;1;69800.0000;1;65297.0000;None
22384;27112022 13:34;1;104454;1;1;69800.0000;1;135019.0000;None
12830;27112022 12:59;1;104454;1;1;69800.0000;1;18426.0000;None
22384;27112022 13:34;1;104454;1;1;69800.0000;1;135019.0000;None
22384;27112022 13:34;1;104454;1;1;69800.0000;1;135019.0000;None
12842;27112022 14:42;2;104456;1;1;58800.0000;1;31630.0000;None
41091;27112022 14:46;2;104456;1;1;58800.0000;1;51667.0000;None
42583;27112022 18:10;2;104456;1;1;58800.0000;1;53871.0000;None
42583;27112022 18:35;2;104456;1;1;58800.0000;1;53871.0000;None
12849;27112022 19:54;2;104456;1;1;58800.0000;1;9963.0000;None
41109;27112022 21:02;2;104456;1;1;58800.0000;1;23945.0000;None
41107;27112022 21:18;2;104456;1;1;58800.0000;1;67871.0000;None
22379;27112022 12:09;2;104456;1;1;58800.0000;1;33945.0000;None
12842;27112022 16:16;2;104459;1;1;27800.0000;1;31630.0000;None
1933;27112022 19:06;2;104459;1;1;27800.0000;1;111463.0000;None
1933;27112022 20:57;1;104463;1;1;16800.0000;1;111463.0000;None
22385;27112022 14:53;1;104463;1;1;16800.0000;1;33519.0000;None
42562;27112022 14:36;1;104463;1;1;16800.0000;1;39408.0000;None
1933;27112022 19:06;2;104465;1;1;25800.0000;1;111463.0000;None
1933;27112022 19:06;2;104465;1;1;25800.0000;1;111463.0000;None
1933;27112022 19:06;2;104465;1;1;25800.0000;1;111463.0000;None
12841;27112022 14:56;1;104466;1;1;129800.0000;1;29241.0000;None
42574;27112022 15:04;1;104466;1;1;129800.0000;1;13093.0000;None
42576;27112022 15:24;1;104466;1;1;129800.0000;1;45722.0000;None
41106;27112022 20:39;1;104466;1;1;129800.0000;1;None;20954.0000
12848;27112022 18:05;1;104466;1;1;129800.0000;1;31167.0000;None
22395;27112022 16:51;1;104466;1;1;129800.0000;1;45185.0000;None
1937;27112022 15:04;1;104466;1;1;129800.0000;1;13463.0000;None
22394;27112022 15:50;1;104466;1;1;129800.0000;1;84815.0000;None
22392;27112022 14:29;1;104467;1;1;139800.0000;1;26148.0000;None
12825;27112022 14:07;1;104469;1;1;27800.0000;1;54815.0000;None
41082;27112022 16:13;1;104469;1;1;27800.0000;1;65297.0000;None
22394;27112022 16:52;1;104469;1;1;27800.0000;1;84815.0000;None
22397;27112022 18:04;1;104469;1;1;27800.0000;1;35537.0000;None
41103;27112022 19:32;1;104470;1;1;69800.0000;1;23241.0000;None
22382;27112022 13:02;1;104470;1;1;69800.0000;1;None;None
12842;27112022 14:51;1;104470;1;1;69800.0000;1;31630.0000;None
41092;27112022 15:09;1;104470;1;1;69800.0000;1;10278.0000;None
41096;27112022 15:54;1;104471;1;1;89800.0000;1;41667.0000;None
42570;27112022 14:04;1;104471;1;1;89800.0000;1;90945.0000;None
42570;27112022 14:13;1;104471;1;1;89800.0000;1;90945.0000;None
22387;27112022 13:50;1;104471;1;1;89800.0000;1;47482.0000;None
22389;27112022 14:03;1;104471;1;1;89800.0000;1;58185.0000;None
22390;27112022 14:27;1;104471;1;1;89800.0000;1;42167.0000;None
42560;27112022 12:30;1;104471;1;1;89800.0000;1;23926.0000;None
42559;27112022 12:40;1;104471;1;1;89800.0000;1;40908.0000;None
41102;27112022 19:04;1;104471;1;1;89800.0000;1;28241.0000;None
12850;27112022 20:21;1;104471;1;1;89800.0000;1;57463.0000;None
41107;27112022 20:57;1;104471;1;1;89800.0000;1;67871.0000;None
22399;27112022 18:23;1;104471;1;1;89800.0000;1;33389.0000;None
41097;27112022 15:35;1;104471;1;1;89800.0000;1;18889.0000;None
41099;27112022 16:15;1;104471;1;1;89800.0000;1;31056.0000;None
41098;27112022 15:48;1;104471;1;1;89800.0000;1;32111.0000;None
42559;27112022 12:40;1;104473;1;1;23800.0000;1;40908.0000;None
22386;27112022 13:43;8;104476;1;1;47800.0000;1;56482.0000;None
12844;27112022 15:12;8;104476;1;1;47800.0000;1;47315.0000;None
42580;27112022 15:19;8;104476;1;1;47800.0000;1;26037.0000;None
22394;27112022 15:50;8;104476;1;1;47800.0000;1;84815.0000;None
42578;27112022 15:31;8;104476;1;1;47800.0000;1;32371.0000;None
41101;27112022 18:55;8;104476;1;1;47800.0000;1;38908.0000;None
42584;27112022 18:57;8;104476;1;1;47800.0000;1;18704.0000;None
41107;27112022 20:57;8;104477;1;1;49800.0000;1;67871.0000;None
22392;27112022 14:29;8;104477;1;1;49800.0000;1;26148.0000;None
12826;27112022 12:34;8;104477;1;1;49800.0000;1;54778.0000;None
12826;27112022 12:34;8;104477;1;1;49800.0000;1;54778.0000;None
42563;27112022 12:55;8;104477;1;1;49800.0000;1;48093.0000;None
12832;27112022 14:09;1;104479;1;1;66800.0000;1;108871.0000;None
22384;27112022 13:34;1;104479;1;1;66800.0000;1;135019.0000;None
22384;27112022 13:34;1;104479;1;1;66800.0000;1;135019.0000;None
42568;27112022 13:36;1;104479;1;1;66800.0000;1;58463.0000;None
42580;27112022 15:39;1;104479;1;1;66800.0000;1;26037.0000;None
22394;27112022 15:50;1;104480;1;1;79800.0000;1;84815.0000;None
22394;27112022 15:50;1;104480;1;1;79800.0000;1;84815.0000;None
41107;27112022 20:57;1;104480;1;1;79800.0000;1;67871.0000;None
1933;27112022 19:34;1;104480;1;1;79800.0000;1;111463.0000;None
1933;27112022 19:34;1;104480;1;1;79800.0000;1;111463.0000;None
12840;27112022 14:50;1;104480;1;1;79800.0000;1;20630.0000;None
41091;27112022 15:26;1;104480;1;1;79800.0000;1;51667.0000;None
42565;27112022 13:01;1;104480;1;1;79800.0000;1;21019.0000;None
42559;27112022 12:40;1;104481;1;1;86800.0000;1;40908.0000;None
41091;27112022 15:26;1;104481;1;1;86800.0000;1;51667.0000;None
41096;27112022 15:54;1;104481;1;1;86800.0000;1;41667.0000;None
1933;27112022 20:40;6;104483;1;1;0.0000;1;111463.0000;None
42578;27112022 16:15;6;104483;1;1;0.0000;1;32371.0000;None
42578;27112022 16:15;6;104484;1;1;0.0000;1;32371.0000;None
41099;27112022 17:06;6;104484;1;1;0.0000;1;31056.0000;None
41085;27112022 14:15;6;104484;1;1;0.0000;1;35037.0000;None
42572;27112022 15:08;6;104484;1;1;0.0000;1;17370.0000;None
12829;27112022 13:38;6;104484;1;1;0.0000;1;28796.0000;None
22384;27112022 14:27;6;104484;1;1;0.0000;1;135019.0000;None
22384;27112022 14:27;6;104484;1;1;0.0000;1;135019.0000;None
22384;27112022 14:27;6;104484;1;1;0.0000;1;135019.0000;None
22384;27112022 14:27;6;104487;1;1;0.0000;1;135019.0000;None
22384;27112022 14:27;6;104487;1;1;0.0000;1;135019.0000;None
22384;27112022 14:27;6;104487;1;1;0.0000;1;135019.0000;None
12829;27112022 13:38;6;104487;1;1;0.0000;1;28796.0000;None
42572;27112022 15:08;6;104487;1;1;0.0000;1;17370.0000;None
41085;27112022 14:15;6;104487;1;1;0.0000;1;35037.0000;None
1933;27112022 20:40;6;104487;1;1;0.0000;1;111463.0000;None
41099;27112022 17:06;6;104487;1;1;0.0000;1;31056.0000;None
42578;27112022 16:15;6;104487;1;1;0.0000;1;32371.0000;None
42578;27112022 16:15;6;104487;1;1;0.0000;1;32371.0000;None
41099;27112022 17:06;6;104488;1;1;0.0000;1;31056.0000;None
1933;27112022 20:40;6;104488;1;1;0.0000;1;111463.0000;None
41085;27112022 14:15;6;104488;1;1;0.0000;1;35037.0000;None
42572;27112022 15:08;6;104488;1;1;0.0000;1;17370.0000;None
12829;27112022 13:38;6;104488;1;1;0.0000;1;28796.0000;None
22384;27112022 14:27;6;104488;1;1;0.0000;1;135019.0000;None
22384;27112022 14:27;6;104488;1;1;0.0000;1;135019.0000;None
22384;27112022 14:27;6;104488;1;1;0.0000;1;135019.0000;None
12828;27112022 14:08;1;104490;1;1;41800.0000;1;64352.0000;None
22388;27112022 13:59;1;104490;1;1;41800.0000;1;18574.0000;None
22401;27112022 20:28;1;104490;1;1;41800.0000;1;30259.0000;None
41098;27112022 16:10;1;104491;1;1;55800.0000;1;32111.0000;None
1926;27112022 12:17;1;104491;1;1;58800.0000;1;None;None
22386;27112022 14:38;1;104491;1;1;55800.0000;1;56482.0000;None
42559;27112022 12:40;1;104492;1;1;86800.0000;1;40908.0000;None
12826;27112022 12:34;1;104492;1;1;86800.0000;1;54778.0000;None
12828;27112022 14:08;1;104492;1;1;86800.0000;1;64352.0000;None
12842;27112022 14:51;1;104492;1;1;86800.0000;1;31630.0000;None
42576;27112022 15:24;1;104492;1;1;86800.0000;1;45722.0000;None
1941;27112022 16:14;1;104492;1;1;86800.0000;1;8037.0000;None
22401;27112022 20:28;1;104492;1;1;86800.0000;1;30259.0000;None
12850;27112022 20:32;1;104492;1;1;86800.0000;1;57463.0000;None
22385;27112022 14:09;1;104494;1;1;48800.0000;1;33519.0000;None
12828;27112022 14:08;1;104496;1;1;96800.0000;1;64352.0000;None
12850;27112022 20:32;1;104496;1;1;96800.0000;1;57463.0000;None
22379;27112022 13:44;1;104498;1;1;24800.0000;1;33945.0000;None
22379;27112022 13:35;1;104498;1;1;24800.0000;1;33945.0000;None
42587;27112022 21:11;1;104498;1;1;24800.0000;1;19870.0000;None
22400;27112022 19:45;1;104498;1;1;24800.0000;1;16389.0000;None
41097;27112022 16:16;1;104498;1;1;24800.0000;1;18889.0000;None
42563;27112022 14:01;1;104498;1;1;24800.0000;1;48093.0000;None
41081;27112022 13:12;1;104498;1;1;24800.0000;1;25574.0000;None
42564;27112022 13:51;1;104498;1;1;24800.0000;1;51074.0000;None
41096;27112022 16:24;1;104498;1;1;24800.0000;1;41667.0000;None
22389;27112022 16:07;1;104498;1;1;24800.0000;1;58185.0000;None
22379;27112022 12:19;1;104501;1;1;74800.0000;1;33945.0000;None
1933;27112022 19:34;1;104501;1;1;74800.0000;1;111463.0000;None
12837;27112022 14:27;1;104501;1;1;74800.0000;1;28722.0000;None
22394;27112022 15:50;1;104501;1;1;74800.0000;1;84815.0000;None
42580;27112022 15:39;1;104501;1;1;74800.0000;1;26037.0000;None
22394;27112022 16:25;1;104501;1;1;74800.0000;1;84815.0000;None
42583;27112022 18:28;1;104501;1;1;74800.0000;1;53871.0000;None
42583;27112022 18:10;1;104501;1;1;74800.0000;1;53871.0000;None
12847;27112022 18:02;1;104501;1;1;74800.0000;1;19074.0000;None
22398;27112022 17:19;1;104502;1;1;89800.0000;1;20463.0000;None
22397;27112022 17:12;1;104502;1;1;89800.0000;1;35537.0000;None
41089;27112022 14:32;1;104502;1;1;89800.0000;1;20630.0000;None
41084;27112022 13:22;1;104502;1;1;89800.0000;1;33685.0000;None
22386;27112022 13:43;1;104503;1;1;47800.0000;1;56482.0000;None
42561;27112022 12:28;1;104505;1;2;59600.0000;1;17648.0000;None
42562;27112022 12:52;1;104505;1;1;29800.0000;1;39408.0000;None
42572;27112022 14:14;1;104505;1;1;29800.0000;1;17370.0000;None
42587;27112022 20:07;1;104505;1;1;29800.0000;1;19870.0000;None
42582;27112022 16:33;1;104507;1;1;31800.0000;1;25945.0000;None
42582;27112022 16:33;1;104507;1;1;31800.0000;1;25945.0000;None
22386;27112022 15:48;1;104507;1;1;31800.0000;1;56482.0000;None
12839;27112022 14:37;1;104511;1;1;46800.0000;1;10833.0000;None
12842;27112022 16:15;1;104512;1;1;18800.0000;1;31630.0000;None
12836;27112022 15:40;1;104512;1;1;18800.0000;1;60278.0000;None
12836;27112022 15:20;1;104512;1;1;18800.0000;1;60278.0000;None
12836;27112022 15:20;1;104512;1;1;18800.0000;1;60278.0000;None
22387;27112022 14:46;1;104513;1;4;0.0000;1;47482.0000;None
42571;27112022 15:53;1;104513;1;1;0.0000;1;66389.0000;None
42571;27112022 15:53;1;104513;1;1;0.0000;1;66389.0000;None
42571;27112022 15:53;1;104513;1;1;0.0000;1;66389.0000;None
42571;27112022 15:53;1;104513;1;1;0.0000;1;66389.0000;None
42571;27112022 15:53;1;104513;1;1;0.0000;1;66389.0000;None
42571;27112022 15:53;1;104513;1;1;0.0000;1;66389.0000;None
22385;27112022 14:53;1;104513;1;4;0.0000;1;33519.0000;None
41083;27112022 14:27;1;104513;1;4;0.0000;1;23833.0000;None
12825;27112022 13:56;1;104513;1;4;0.0000;1;54815.0000;None
41091;27112022 14:46;2;104516;1;1;31800.0000;1;51667.0000;None
12843;27112022 14:59;1;104519;1;1;53800.0000;1;20796.0000;None
41105;27112022 19:52;1;104519;1;1;53800.0000;1;19963.0000;None
42586;27112022 19:29;1;104637;1;1;62800.0000;1;25926.0000;None
41101;27112022 19:42;1;104637;1;1;62800.0000;1;38908.0000;None
41106;27112022 20:39;1;104637;1;1;62800.0000;1;None;20954.0000
41106;27112022 20:39;1;104637;1;1;62800.0000;1;None;20954.0000
1946;27112022 20:01;1;104637;1;1;62800.0000;1;6352.0000;None
42581;27112022 16:29;1;104637;1;1;62800.0000;1;16556.0000;None
41098;27112022 16:10;1;104637;1;1;62800.0000;1;32111.0000;None
12845;27112022 15:43;1;104637;1;1;62800.0000;1;24148.0000;None
41099;27112022 16:15;1;104637;1;1;62800.0000;1;31056.0000;None
12844;27112022 15:12;1;104637;1;1;62800.0000;1;47315.0000;None
12844;27112022 15:12;1;104637;1;1;62800.0000;1;47315.0000;None
42578;27112022 15:31;1;104637;1;1;62800.0000;1;32371.0000;None
41096;27112022 15:54;1;104637;1;1;62800.0000;1;41667.0000;None
41095;27112022 16:17;1;104637;1;1;62800.0000;1;20519.0000;None
41093;27112022 15:13;1;104637;1;2;132400.0000;1;None;None
42572;27112022 14:14;1;104637;1;1;62800.0000;1;17370.0000;None
41087;27112022 14:04;1;104637;1;1;62800.0000;1;17759.0000;None
41085;27112022 13:39;1;104637;1;1;62800.0000;1;35037.0000;None
22388;27112022 13:59;1;104637;1;1;62800.0000;1;18574.0000;None
22389;27112022 14:32;1;104637;1;1;62800.0000;1;58185.0000;None
1926;27112022 12:17;1;104637;1;1;66200.0000;1;None;None
1927;27112022 12:27;1;104637;1;1;66200.0000;1;None;None
1928;27112022 12:40;1;104637;1;1;66200.0000;1;None;None
1930;27112022 13:09;1;104637;1;1;66200.0000;1;None;None
12830;27112022 12:59;1;104637;1;1;62800.0000;1;18426.0000;None
42564;27112022 12:59;1;104637;1;1;62800.0000;1;51074.0000;None
22384;27112022 13:34;1;104637;1;1;62800.0000;1;135019.0000;None
42567;27112022 13:10;1;104637;1;1;62800.0000;1;17482.0000;None
1931;27112022 13:22;1;104637;1;1;66200.0000;1;None;None
12832;27112022 14:09;1;104637;1;1;62800.0000;1;108871.0000;None
41084;27112022 13:22;1;104639;1;1;59800.0000;1;33685.0000;None
41084;27112022 13:22;1;104639;1;1;59800.0000;1;33685.0000;None
42561;27112022 12:53;1;104639;1;1;59800.0000;1;17648.0000;None
12826;27112022 12:34;1;104639;1;1;59800.0000;1;54778.0000;None
22380;27112022 12:21;1;104639;1;1;59800.0000;1;19056.0000;None
22380;27112022 12:21;1;104639;1;1;59800.0000;1;19056.0000;None
1933;27112022 19:34;1;104639;1;1;59800.0000;1;111463.0000;None
1933;27112022 19:34;1;104639;1;1;59800.0000;1;111463.0000;None
41089;27112022 14:32;1;104639;1;1;59800.0000;1;20630.0000;None
41093;27112022 15:13;1;104639;1;2;126000.0000;1;None;None
12846;27112022 17:08;1;104639;1;1;59800.0000;1;21556.0000;None
42570;27112022 14:46;1;104643;1;1;69800.0000;1;90945.0000;None
42570;27112022 14:46;1;104643;1;1;69800.0000;1;90945.0000;None
42570;27112022 14:13;1;104643;1;1;69800.0000;1;90945.0000;None
41085;27112022 13:39;1;104643;1;1;69800.0000;1;35037.0000;None
12825;27112022 13:00;1;104643;1;1;69800.0000;1;54815.0000;None
12826;27112022 12:34;1;104643;1;1;69800.0000;1;54778.0000;None
22381;27112022 12:42;1;104643;1;1;69800.0000;1;20926.0000;None
22381;27112022 12:42;1;104870;1;1;19800.0000;1;20926.0000;None
12838;27112022 14:10;1;104870;1;1;19800.0000;1;25852.0000;None
42586;27112022 19:29;1;104870;1;1;19800.0000;1;25926.0000;None
42570;27112022 14:04;1;104871;1;1;29800.0000;1;90945.0000;None
22392;27112022 14:29;1;104871;1;1;29800.0000;1;26148.0000;None
42562;27112022 12:52;1;104871;1;1;29800.0000;1;39408.0000;None
22392;27112022 14:29;1;104974;1;1;35800.0000;1;26148.0000;None
41105;27112022 19:52;1;104974;1;1;35800.0000;1;19963.0000;None
41108;27112022 20:44;1;104974;1;1;35800.0000;1;20630.0000;None
42586;27112022 19:29;1;105004;1;1;49800.0000;1;25926.0000;None
42581;27112022 16:29;1;105004;1;1;49800.0000;1;16556.0000;None
1934;27112022 14:23;1;105004;1;1;52500.0000;1;None;None
42572;27112022 14:14;1;105004;1;1;49800.0000;1;17370.0000;None
1926;27112022 12:17;1;105004;1;1;52500.0000;1;None;None
42567;27112022 13:10;1;105004;1;1;49800.0000;1;17482.0000;None
42564;27112022 12:59;1;105004;1;1;49800.0000;1;51074.0000;None
42565;27112022 13:01;1;105009;1;1;76800.0000;1;21019.0000;None
1931;27112022 13:22;1;105009;1;1;80900.0000;1;None;None
42559;27112022 12:40;1;105009;1;1;76800.0000;1;40908.0000;None
1927;27112022 12:27;1;105009;1;1;80900.0000;1;None;None
22381;27112022 12:42;1;105009;1;1;76800.0000;1;20926.0000;None
41090;27112022 14:46;1;105009;1;1;76800.0000;1;31482.0000;None
41093;27112022 15:13;1;105009;1;1;80900.0000;1;None;None
42569;27112022 14:43;1;105009;1;1;76800.0000;1;24426.0000;None
42568;27112022 13:36;1;105009;1;1;76800.0000;1;58463.0000;None
1933;27112022 19:34;1;105009;1;1;76800.0000;1;111463.0000;None
41100;27112022 17:56;1;105009;1;1;76800.0000;1;21833.0000;None
12850;27112022 20:32;1;105009;1;1;76800.0000;1;57463.0000;None
41103;27112022 19:32;1;105011;1;1;68800.0000;1;23241.0000;None
41102;27112022 19:04;1;105011;1;1;68800.0000;1;28241.0000;None
42568;27112022 13:36;1;105011;1;1;68800.0000;1;58463.0000;None
1931;27112022 13:22;1;105011;1;1;72500.0000;1;None;None
22381;27112022 13:34;1;105020;1;1;15800.0000;1;20926.0000;None
41107;27112022 21:25;2;105024;1;1;33800.0000;1;67871.0000;None
42586;27112022 19:29;1;105065;1;1;0.0000;1;25926.0000;None
12847;27112022 18:02;1;105065;1;1;0.0000;1;19074.0000;None
12826;27112022 12:34;1;105065;1;1;0.0000;1;54778.0000;None
12827;27112022 12:39;1;105065;1;1;0.0000;1;21833.0000;None
12832;27112022 13:54;1;105065;1;1;0.0000;1;108871.0000;None
42567;27112022 13:10;1;105065;1;1;0.0000;1;17482.0000;None
22382;27112022 13:22;1;105065;1;1;0.0000;1;None;None
22384;27112022 13:34;1;105065;1;1;0.0000;1;135019.0000;None
42570;27112022 14:13;1;105065;1;1;0.0000;1;90945.0000;None
1933;27112022 19:34;1;105065;1;1;0.0000;1;111463.0000;None
12836;27112022 14:21;1;105065;1;1;0.0000;1;60278.0000;None
42571;27112022 14:29;1;105065;1;1;0.0000;1;66389.0000;None
1933;27112022 19:06;2;105370;1;1;38800.0000;1;111463.0000;None
42584;27112022 18:31;2;105370;1;1;38800.0000;1;18704.0000;None
12848;27112022 18:05;6;105419;1;1;0.0000;1;31167.0000;None
41099;27112022 17:06;6;105701;1;1;0.0000;1;31056.0000;None
41085;27112022 14:15;6;105701;1;1;0.0000;1;35037.0000;None
1933;27112022 20:40;6;105701;1;1;0.0000;1;111463.0000;None
42572;27112022 15:08;6;105701;1;1;0.0000;1;17370.0000;None
22384;27112022 14:27;6;105701;1;1;0.0000;1;135019.0000;None
22384;27112022 14:27;6;105701;1;1;0.0000;1;135019.0000;None
22384;27112022 14:27;6;105701;1;1;0.0000;1;135019.0000;None
12829;27112022 13:38;6;105701;1;1;0.0000;1;28796.0000;None
22384;27112022 13:34;1;105706;1;1;77800.0000;1;135019.0000;None
41084;27112022 13:22;1;105706;1;1;77800.0000;1;33685.0000;None
1933;27112022 19:34;1;105706;1;1;77800.0000;1;111463.0000;None
12836;27112022 14:21;1;105706;1;1;77800.0000;1;60278.0000;None
22379;27112022 12:24;2;105809;1;1;28800.0000;1;33945.0000;None
41091;27112022 15:56;2;105809;1;1;28800.0000;1;51667.0000;None
22399;27112022 19:40;2;105809;1;2;57600.0000;1;33389.0000;None
22399;27112022 20:21;2;105809;1;1;28800.0000;1;33389.0000;None
22399;27112022 13:51;2;105809;1;1;28800.0000;1;33389.0000;None
22401;27112022 20:46;2;105918;1;1;27800.0000;1;30259.0000;None
42569;27112022 14:43;2;106012;1;1;41800.0000;1;24426.0000;None
42569;27112022 13:48;2;106012;1;1;41800.0000;1;24426.0000;None
12846;27112022 17:08;1;106018;1;1;79800.0000;1;21556.0000;None
22394;27112022 15:50;8;106050;1;1;57800.0000;1;84815.0000;None
41107;27112022 21:20;8;106050;1;1;57800.0000;1;67871.0000;None
12851;27112022 20:45;8;106050;1;1;57800.0000;1;12407.0000;None
42564;27112022 12:59;8;106050;1;1;57800.0000;1;51074.0000;None
12828;27112022 12:59;8;106050;1;1;57800.0000;1;64352.0000;None
41098;27112022 15:52;8;106359;1;1;14800.0000;1;32111.0000;None
12838;27112022 14:25;1;106361;1;1;28800.0000;1;25852.0000;None
12836;27112022 14:21;1;106362;1;1;125800.0000;1;60278.0000;None
12844;27112022 15:12;1;106362;1;1;125800.0000;1;47315.0000;None
42578;27112022 16:09;1;106684;1;1;8800.0000;1;32371.0000;None
12828;27112022 14:47;6;106829;1;1;None;1;64352.0000;None
12828;27112022 14:47;6;106829;1;1;None;1;64352.0000;None
12828;27112022 14:47;6;106829;1;1;None;1;64352.0000;None
12828;27112022 14:47;6;106829;1;1;None;1;64352.0000;None
22389;27112022 14:03;1;106844;1;1;60800.0000;1;58185.0000;None
41082;27112022 14:11;1;106845;1;1;37800.0000;1;65297.0000;None
22385;27112022 14:53;1;106981;1;1;21800.0000;1;33519.0000;None
12828;27112022 14:56;1;106981;1;1;21800.0000;1;64352.0000;None
22390;27112022 15:32;1;106981;1;1;21800.0000;1;42167.0000;None
12836;27112022 14:21;1;107176;1;1;79800.0000;1;60278.0000;None
12827;27112022 12:39;1;107176;1;1;79800.0000;1;21833.0000;None
22385;27112022 14:09;1;107176;1;1;79800.0000;1;33519.0000;None
41082;27112022 14:11;1;107176;1;1;79800.0000;1;65297.0000;None
12826;27112022 12:34;1;107524;1;1;44800.0000;1;54778.0000;None
22396;27112022 16:56;1;107524;1;1;44800.0000;1;13685.0000;None
22396;27112022 16:56;1;107524;1;1;44800.0000;1;13685.0000;None
42583;27112022 18:10;1;107524;1;1;44800.0000;1;53871.0000;None
42587;27112022 20:28;8;107789;1;1;21800.0000;1;19870.0000;None
41100;27112022 17:56;1;107893;1;1;67800.0000;1;21833.0000;None
12828;27112022 14:08;1;107893;1;1;67800.0000;1;64352.0000;None
42576;27112022 15:24;1;107893;1;1;67800.0000;1;45722.0000;None
12825;27112022 12:47;1;108023;1;1;57800.0000;1;54815.0000;None
22385;27112022 14:09;1;108023;1;1;57800.0000;1;33519.0000;None
22394;27112022 15:50;1;108023;1;1;57800.0000;1;84815.0000;None
41101;27112022 19:42;1;108023;1;1;57800.0000;1;38908.0000;None
12837;27112022 14:27;1;108027;1;1;26800.0000;1;28722.0000;None
42558;27112022 14:36;1;108036;1;2;125600.0000;1;None;None
22400;27112022 19:17;2;108116;1;1;39800.0000;1;16389.0000;None
22400;27112022 19:17;2;108119;1;1;51800.0000;1;16389.0000;None
12848;27112022 18:05;2;108125;1;1;50800.0000;1;31167.0000;None
41096;27112022 16:04;4;108191;1;1;0.0000;1;41667.0000;None
42578;27112022 15:32;4;108191;1;1;0.0000;1;32371.0000;None
22390;27112022 14:14;4;108191;1;1;0.0000;1;42167.0000;None
41087;27112022 13:39;4;108191;1;1;0.0000;1;17759.0000;None
41096;27112022 15:35;4;108191;1;1;0.0000;1;41667.0000;None
22390;27112022 14:58;4;108191;1;1;0.0000;1;42167.0000;None
22390;27112022 15:32;4;108191;1;1;0.0000;1;42167.0000;None
12839;27112022 14:14;4;108191;1;1;0.0000;1;10833.0000;None
12836;27112022 14:21;1;108296;1;1;47800.0000;1;60278.0000;None
12836;27112022 14:21;1;108296;1;1;47800.0000;1;60278.0000;None
12838;27112022 14:25;1;108298;1;1;63800.0000;1;25852.0000;None
12837;27112022 14:27;1;108298;1;1;63800.0000;1;28722.0000;None
12844;27112022 15:12;1;108298;1;1;63800.0000;1;47315.0000;None
12827;27112022 12:39;1;108298;1;1;63800.0000;1;21833.0000;None
42586;27112022 19:29;1;108298;1;1;63800.0000;1;25926.0000;None
42586;27112022 19:29;3;108531;1;1;6800.0000;1;25926.0000;None
42586;27112022 19:29;3;108531;1;1;6800.0000;1;25926.0000;None
41102;27112022 20:46;3;108539;1;1;7800.0000;1;28241.0000;None
42560;27112022 12:52;1;109230;1;1;21800.0000;1;23926.0000;None
41092;27112022 15:09;1;109230;1;1;21800.0000;1;10278.0000;None
41091;27112022 14:52;1;109230;1;1;21800.0000;1;51667.0000;None
41091;27112022 14:52;1;109232;1;2;55600.0000;1;51667.0000;None
41090;27112022 14:38;1;109232;1;3;83400.0000;1;31482.0000;None
22387;27112022 13:51;1;109232;1;1;27800.0000;1;47482.0000;None
42570;27112022 14:13;1;109232;1;5;139000.0000;1;90945.0000;None
42560;27112022 12:52;1;109232;1;1;27800.0000;1;23926.0000;None
41107;27112022 20:57;1;109287;1;1;23800.0000;1;67871.0000;None
22401;27112022 20:28;1;109287;1;1;23800.0000;1;30259.0000;None
42566;27112022 13:23;1;109287;1;1;23800.0000;1;25982.0000;None
42567;27112022 13:10;1;109288;1;1;46800.0000;1;17482.0000;None
22384;27112022 13:34;1;109288;1;1;46800.0000;1;135019.0000;None
12832;27112022 13:54;1;109288;1;1;46800.0000;1;108871.0000;None
12826;27112022 12:34;1;109288;1;1;46800.0000;1;54778.0000;None
12838;27112022 14:25;1;109288;1;1;46800.0000;1;25852.0000;None
1933;27112022 19:34;1;109288;1;1;46800.0000;1;111463.0000;None
41089;27112022 14:32;1;109288;1;1;46800.0000;1;20630.0000;None
41100;27112022 17:56;1;109288;1;1;46800.0000;1;21833.0000;None
12827;27112022 12:39;1;109291;1;1;65800.0000;1;21833.0000;None
42564;27112022 12:59;1;109325;1;1;52800.0000;1;51074.0000;None
42563;27112022 12:55;1;109325;1;1;52800.0000;1;48093.0000;None
22390;27112022 14:27;1;109325;1;1;52800.0000;1;42167.0000;None
22390;27112022 14:27;1;109325;1;1;52800.0000;1;42167.0000;None
22398;27112022 17:19;1;109325;1;1;52800.0000;1;20463.0000;None
42584;27112022 18:45;1;109325;1;1;52800.0000;1;18704.0000;None
41101;27112022 18:55;1;109326;1;1;47800.0000;1;38908.0000;None
41090;27112022 14:46;1;109327;1;1;79800.0000;1;31482.0000;None
42564;27112022 12:59;1;109329;1;1;75800.0000;1;51074.0000;None
42563;27112022 12:55;1;109329;1;1;75800.0000;1;48093.0000;None
12825;27112022 13:00;1;109329;1;1;75800.0000;1;54815.0000;None
42564;27112022 12:59;1;109329;1;1;75800.0000;1;51074.0000;None
42564;27112022 12:59;1;109329;1;1;75800.0000;1;51074.0000;None
42566;27112022 13:23;1;109329;1;1;75800.0000;1;25982.0000;None
12833;27112022 13:13;1;109329;1;1;75800.0000;1;31426.0000;None
12833;27112022 13:13;1;109329;1;1;75800.0000;1;31426.0000;None
41106;27112022 20:39;1;109329;1;1;75800.0000;1;None;20954.0000
42587;27112022 20:28;1;109329;1;1;75800.0000;1;19870.0000;None
22397;27112022 17:12;1;109329;1;1;75800.0000;1;35537.0000;None
22382;27112022 13:22;1;109575;1;1;258800.0000;1;None;None
42571;27112022 14:29;1;109575;1;1;258800.0000;1;66389.0000;None
42571;27112022 14:29;1;109575;1;1;258800.0000;1;66389.0000;None
41085;27112022 13:31;1;109577;1;1;27800.0000;1;35037.0000;None
41084;27112022 13:22;1;109577;1;1;27800.0000;1;33685.0000;None
22379;27112022 12:22;1;109578;1;1;45800.0000;1;33945.0000;None
22385;27112022 13:43;1;109578;1;1;45800.0000;1;33519.0000;None
12830;27112022 13:12;1;109578;1;1;45800.0000;1;18426.0000;None
42565;27112022 13:03;1;109578;1;1;45800.0000;1;21019.0000;None
12825;27112022 12:47;1;109578;1;1;45800.0000;1;54815.0000;None
42562;27112022 13:10;1;109578;1;1;45800.0000;1;39408.0000;None
12829;27112022 12:44;1;109578;1;1;45800.0000;1;28796.0000;None
12838;27112022 14:10;1;109578;1;1;45800.0000;1;25852.0000;None
22389;27112022 14:09;1;109578;1;1;45800.0000;1;58185.0000;None
41088;27112022 14:51;1;109578;1;1;45800.0000;1;15278.0000;None
12841;27112022 14:34;1;109578;1;1;45800.0000;1;29241.0000;None
41095;27112022 15:59;1;109578;1;1;45800.0000;1;20519.0000;None
22397;27112022 17:04;1;109578;1;1;45800.0000;1;35537.0000;None
22379;27112022 12:19;2;109585;1;1;30800.0000;1;33945.0000;None
42571;27112022 14:29;1;109590;1;1;95800.0000;1;66389.0000;None
22389;27112022 14:32;1;109590;1;1;95800.0000;1;58185.0000;None
12829;27112022 12:45;1;109590;1;1;95800.0000;1;28796.0000;None
41083;27112022 13:31;1;109590;1;1;95800.0000;1;23833.0000;None
22395;27112022 16:36;3;200007;1;1;10800.0000;1;45185.0000;None
42582;27112022 16:21;3;200008;1;1;13800.0000;1;25945.0000;None
22398;27112022 17:06;3;200008;1;1;13800.0000;1;20463.0000;None
22382;27112022 13:02;3;200008;1;1;13800.0000;1;None;None
22382;27112022 13:43;3;200008;1;1;13800.0000;1;None;None
22386;27112022 13:25;3;200008;1;1;13800.0000;1;56482.0000;None
22386;27112022 15:18;3;200008;1;1;13800.0000;1;56482.0000;None
22386;27112022 14:03;3;200008;1;1;13800.0000;1;56482.0000;None
42560;27112022 12:26;3;200008;1;1;13800.0000;1;23926.0000;None
41084;27112022 13:14;3;200012;1;1;9800.0000;1;33685.0000;None
41084;27112022 13:59;3;200012;1;1;9800.0000;1;33685.0000;None
12832;27112022 14:50;2;200063;1;1;253800.0000;1;108871.0000;None
12832;27112022 13:15;2;200063;1;1;253800.0000;1;108871.0000;None
1942;27112022 17:12;2;200063;1;1;253800.0000;1;23500.0000;None
12837;27112022 14:13;2;200122;1;-1;-233800.0000;1;28722.0000;None
12837;27112022 14:06;2;200122;1;1;233800.0000;1;28722.0000;None
22399;27112022 18:20;2;200136;1;1;109800.0000;1;33389.0000;None
41106;27112022 20:31;2;200141;1;1;109800.0000;1;None;20954.0000
42578;27112022 16:15;1;200223;1;1;25800.0000;1;32371.0000;None
41099;27112022 17:06;1;200223;1;1;25800.0000;1;31056.0000;None
1933;27112022 20:40;1;200223;1;3;77400.0000;1;111463.0000;None
41085;27112022 14:15;1;200223;1;1;25800.0000;1;35037.0000;None
42572;27112022 15:08;1;200223;1;1;25800.0000;1;17370.0000;None
22384;27112022 14:27;1;200223;1;1;25800.0000;1;135019.0000;None
22384;27112022 14:27;1;200223;1;1;25800.0000;1;135019.0000;None
22384;27112022 14:27;1;200223;1;1;25800.0000;1;135019.0000;None
12829;27112022 13:38;1;200223;1;1;25800.0000;1;28796.0000;None
22390;27112022 14:58;2;200480;1;1;11800.0000;1;42167.0000;None
22390;27112022 15:32;2;200480;1;1;11800.0000;1;42167.0000;None
41096;27112022 15:35;2;200480;1;1;11800.0000;1;41667.0000;None
22390;27112022 14:14;2;200480;1;1;11800.0000;1;42167.0000;None
22390;27112022 14:14;2;200480;1;1;11800.0000;1;42167.0000;None
22384;27112022 13:38;2;200620;1;1;141800.0000;1;135019.0000;None
22384;27112022 13:05;2;200620;1;1;141800.0000;1;135019.0000;None
22384;27112022 12:09;2;200620;1;1;141800.0000;1;135019.0000;None
22379;27112022 13:37;3;200644;1;1;5800.0000;1;33945.0000;None
12832;27112022 13:53;3;200644;1;1;5800.0000;1;108871.0000;None
42568;27112022 13:31;3;200644;1;1;5800.0000;1;58463.0000;None
22385;27112022 13:24;3;200644;1;1;5800.0000;1;33519.0000;None
42562;27112022 14:02;3;200644;1;1;5800.0000;1;39408.0000;None
42563;27112022 12:55;3;200644;1;1;5800.0000;1;48093.0000;None
12826;27112022 13:24;3;200644;1;1;5800.0000;1;54778.0000;None
42561;27112022 12:28;3;200644;1;1;5800.0000;1;17648.0000;None
41087;27112022 13:39;3;200644;1;1;5800.0000;1;17759.0000;None
42570;27112022 14:13;3;200644;1;1;5800.0000;1;90945.0000;None
41095;27112022 17:03;3;200644;1;1;5800.0000;1;20519.0000;None
22401;27112022 20:28;3;200644;1;1;5800.0000;1;30259.0000;None
41105;27112022 19:47;3;200644;1;1;5800.0000;1;19963.0000;None
41106;27112022 21:09;3;200644;1;1;5800.0000;1;None;20954.0000
41108;27112022 20:44;3;200644;1;1;5800.0000;1;20630.0000;None
41109;27112022 21:02;3;200644;1;1;5800.0000;1;23945.0000;None
41082;27112022 14:34;2;200921;1;1;172800.0000;1;65297.0000;None
41082;27112022 13:15;2;200921;1;1;172800.0000;1;65297.0000;None
22385;27112022 13:24;3;201146;1;1;5800.0000;1;33519.0000;None
22381;27112022 12:42;3;201146;1;1;5800.0000;1;20926.0000;None
41096;27112022 16:31;3;201146;1;1;5800.0000;1;41667.0000;None
41091;27112022 15:26;3;201146;1;1;5800.0000;1;51667.0000;None
42569;27112022 13:48;3;201146;1;1;5800.0000;1;24426.0000;None
42570;27112022 13:51;3;201146;1;1;5800.0000;1;90945.0000;None
42569;27112022 13:48;3;201146;1;1;5800.0000;1;24426.0000;None
12837;27112022 14:06;3;201146;1;1;5800.0000;1;28722.0000;None
12836;27112022 15:11;3;201146;1;1;5800.0000;1;60278.0000;None
12836;27112022 15:11;3;201146;1;1;5800.0000;1;60278.0000;None
41109;27112022 21:02;3;201146;1;1;5800.0000;1;23945.0000;None
41107;27112022 21:51;3;201146;1;1;5800.0000;1;67871.0000;None
41107;27112022 20:38;3;201146;1;1;5800.0000;1;67871.0000;None
41106;27112022 20:55;3;201146;1;1;5800.0000;1;None;20954.0000
41101;27112022 19:59;3;201146;1;2;11600.0000;1;38908.0000;None
41103;27112022 19:32;3;201146;1;1;5800.0000;1;23241.0000;None
41099;27112022 16:44;3;201146;1;1;5800.0000;1;31056.0000;None
42580;27112022 15:19;3;201146;1;1;5800.0000;1;26037.0000;None
41097;27112022 15:35;3;201146;1;1;5800.0000;1;18889.0000;None
42583;27112022 18:10;3;201146;1;1;5800.0000;1;53871.0000;None
12847;27112022 18:02;3;201146;1;1;5800.0000;1;19074.0000;None
12847;27112022 18:02;3;201146;1;1;5800.0000;1;19074.0000;None
42582;27112022 17:18;2;201185;1;1;9800.0000;1;25945.0000;None
42582;27112022 16:33;2;201185;1;1;9800.0000;1;25945.0000;None
42568;27112022 13:31;2;201185;1;1;9800.0000;1;58463.0000;None
41083;27112022 13:10;2;201185;1;1;9800.0000;1;23833.0000;None
42568;27112022 13:31;2;201186;1;1;9800.0000;1;58463.0000;None
42568;27112022 14:22;2;201186;1;1;9800.0000;1;58463.0000;None
41092;27112022 15:09;2;201186;1;1;9800.0000;1;10278.0000;None
22393;27112022 14:42;2;201186;1;1;9800.0000;1;17463.0000;None
22393;27112022 15:01;2;201186;1;1;9800.0000;1;17463.0000;None
42572;27112022 14:14;2;201187;1;1;9800.0000;1;17370.0000;None
41090;27112022 14:38;2;201187;1;1;9800.0000;1;31482.0000;None
12839;27112022 14:14;2;201187;1;1;9800.0000;1;10833.0000;None
41088;27112022 14:21;2;201187;1;2;19600.0000;1;15278.0000;None
42570;27112022 13:51;2;201187;1;1;9800.0000;1;90945.0000;None
42570;27112022 14:42;2;201187;1;1;9800.0000;1;90945.0000;None
42568;27112022 13:31;2;201187;1;1;9800.0000;1;58463.0000;None
12833;27112022 13:13;2;201187;1;1;9800.0000;1;31426.0000;None
12833;27112022 13:13;2;201187;1;1;9800.0000;1;31426.0000;None
42565;27112022 13:01;2;201187;1;1;9800.0000;1;21019.0000;None
12826;27112022 12:32;2;201187;1;1;9800.0000;1;54778.0000;None
12826;27112022 13:24;2;201187;1;1;9800.0000;1;54778.0000;None
12833;27112022 13:13;3;201206;1;1;5800.0000;1;31426.0000;None
1933;27112022 19:06;3;201206;1;1;5800.0000;1;111463.0000;None
1933;27112022 19:44;3;201206;1;1;5800.0000;1;111463.0000;None
1933;27112022 20:15;3;201206;1;1;5800.0000;1;111463.0000;None
1933;27112022 20:15;3;201206;1;1;5800.0000;1;111463.0000;None
1933;27112022 19:19;3;201206;1;1;5800.0000;1;111463.0000;None
42576;27112022 15:47;3;201206;1;1;5800.0000;1;45722.0000;None
22397;27112022 17:38;3;201206;1;1;5800.0000;1;35537.0000;None
22397;27112022 17:38;3;201206;1;1;5800.0000;1;35537.0000;None
42578;27112022 16:06;3;201206;1;1;5800.0000;1;32371.0000;None
42578;27112022 16:07;3;201206;1;1;5800.0000;1;32371.0000;None
1937;27112022 15:44;3;201206;1;1;5800.0000;1;13463.0000;None
12850;27112022 21:09;3;201206;1;1;5800.0000;1;57463.0000;None
42574;27112022 15:39;3;201210;1;1;6800.0000;1;13093.0000;None
42574;27112022 15:43;3;201210;1;-1;-6800.0000;1;13093.0000;None
42574;27112022 15:39;3;201211;1;1;5800.0000;1;13093.0000;None
12844;27112022 15:00;3;201211;1;1;5800.0000;1;47315.0000;None
42574;27112022 14:59;3;201211;1;1;5800.0000;1;13093.0000;None
12844;27112022 15:12;3;201211;1;1;5800.0000;1;47315.0000;None
41096;27112022 15:29;3;201211;1;1;5800.0000;1;41667.0000;None
41095;27112022 16:35;3;201211;1;1;5800.0000;1;20519.0000;None
22392;27112022 14:29;3;201211;1;1;5800.0000;1;26148.0000;None
22389;27112022 14:03;3;201211;1;1;5800.0000;1;58185.0000;None
22389;27112022 14:03;3;201211;1;1;5800.0000;1;58185.0000;None
22389;27112022 14:15;3;201211;1;1;5800.0000;1;58185.0000;None
22389;27112022 14:32;3;201211;1;1;5800.0000;1;58185.0000;None
22389;27112022 14:40;3;201211;1;1;5800.0000;1;58185.0000;None
12836;27112022 14:04;3;201211;1;1;5800.0000;1;60278.0000;None
42570;27112022 15:12;3;201211;1;1;5800.0000;1;90945.0000;None
42570;27112022 14:13;3;201211;1;1;5800.0000;1;90945.0000;None
42568;27112022 14:47;3;201211;1;1;5800.0000;1;58463.0000;None
12826;27112022 12:32;3;201211;1;1;5800.0000;1;54778.0000;None
12827;27112022 12:39;3;201211;1;1;5800.0000;1;21833.0000;None
42586;27112022 20:10;3;201211;1;1;5800.0000;1;25926.0000;None
41105;27112022 19:47;3;201211;1;1;5800.0000;1;19963.0000;None
41105;27112022 20:16;3;201211;1;1;5800.0000;1;19963.0000;None
42581;27112022 16:21;3;201237;1;1;5800.0000;1;16556.0000;None
42581;27112022 16:54;3;201237;1;1;5800.0000;1;16556.0000;None
42564;27112022 12:59;3;201237;1;1;5800.0000;1;51074.0000;None
42564;27112022 12:59;3;201237;1;1;5800.0000;1;51074.0000;None
42571;27112022 14:29;3;201237;1;1;5800.0000;1;66389.0000;None
41096;27112022 15:29;3;201269;1;1;5800.0000;1;41667.0000;None
41096;27112022 16:04;3;201269;1;1;5800.0000;1;41667.0000;None
22387;27112022 15:14;4;201581;1;1;250000.0000;1;47482.0000;None
42569;27112022 13:48;2;201615;1;1;12800.0000;1;24426.0000;None
42569;27112022 14:43;2;201615;1;1;12800.0000;1;24426.0000;None
42576;27112022 15:11;2;201615;1;1;12800.0000;1;45722.0000;None
12826;27112022 12:55;2;201615;1;1;12800.0000;1;54778.0000;None
12826;27112022 13:24;2;201615;1;1;12800.0000;1;54778.0000;None
12826;27112022 12:32;2;201615;1;1;12800.0000;1;54778.0000;None
42584;27112022 18:31;2;201615;1;1;12800.0000;1;18704.0000;None
42578;27112022 15:32;2;201615;1;1;12800.0000;1;32371.0000;None
41102;27112022 19:04;2;201665;1;1;133800.0000;1;28241.0000;None
22394;27112022 15:57;2;201665;1;1;133800.0000;1;84815.0000;None
22394;27112022 16:03;2;201665;1;-1;-133800.0000;1;84815.0000;None
22394;27112022 15:50;3;201704;1;2;27600.0000;1;84815.0000;None
12846;27112022 17:08;3;201704;1;1;13800.0000;1;21556.0000;None
42566;27112022 13:12;3;201704;1;1;13800.0000;1;25982.0000;None
42570;27112022 13:53;2;201959;1;1;13800.0000;1;90945.0000;None
22394;27112022 16:54;2;201959;1;1;13800.0000;1;84815.0000;None
22394;27112022 16:54;2;201959;1;1;13800.0000;1;84815.0000;None
22394;27112022 16:31;2;201959;1;1;13800.0000;1;84815.0000;None
22394;27112022 16:31;2;201959;1;1;13800.0000;1;84815.0000;None
22394;27112022 15:50;2;201959;1;1;13800.0000;1;84815.0000;None
22394;27112022 15:50;2;201959;1;1;13800.0000;1;84815.0000;None
22394;27112022 15:50;2;201959;1;1;13800.0000;1;84815.0000;None
22394;27112022 15:37;2;201959;1;1;13800.0000;1;84815.0000;None
22394;27112022 15:37;2;201959;1;1;13800.0000;1;84815.0000;None
22394;27112022 15:37;2;201959;1;1;13800.0000;1;84815.0000;None
22394;27112022 15:37;2;201959;1;1;13800.0000;1;84815.0000;None
22394;27112022 15:37;2;201959;1;1;13800.0000;1;84815.0000;None
22394;27112022 15:37;2;201959;1;1;13800.0000;1;84815.0000;None
42564;27112022 12:59;3;202112;1;1;9800.0000;1;51074.0000;None
12850;27112022 20:09;2;202366;1;1;185800.0000;1;57463.0000;None
42571;27112022 14:29;3;202570;1;1;8800.0000;1;66389.0000;None
22389;27112022 14:03;2;202584;1;1;142800.0000;1;58185.0000;None
22393;27112022 14:42;2;202604;1;1;12800.0000;1;17463.0000;None
22393;27112022 15:08;2;202604;1;1;12800.0000;1;17463.0000;None
