20581;2023-01-05 12:49:40.123000;7;1001;1;1;0.0000;1;30889.0000;None;333600.0000
18368;2023-01-05 19:17:01.033000;7;1001;1;1;0.0000;1;44834.0000;None;484200.0000
18352;2023-01-05 13:37:00.537000;7;1001;1;1;0.0000;1;30204.0000;None;326200.0000
18365;2023-01-05 19:05:42.500000;7;1018;1;1;0.0000;1;27259.0000;None;294400.0000
18349;2023-01-05 13:10:44.717000;7;1029;1;1;0.0000;1;20778.0000;None;224400.0000
2309;2023-01-05 19:07:20.190000;7;1044;1;1;0.0000;1;None;None;83700.0000
2297;2023-01-05 13:15:19.927000;7;1074;1;1;0.0000;1;None;None;68900.0000
2300;2023-01-05 13:31:37.640000;7;1089;1;1;0.0000;1;None;None;136000.0000
2300;2023-01-05 13:31:37.640000;7;1101;1;1;0.0000;1;None;None;136000.0000
18353;2023-01-05 13:37:36.697000;7;1131;1;1;0.0000;1;10204.0000;None;110200.0000
18349;2023-01-05 13:15:54.047000;7;1135;1;1;0.0000;1;20778.0000;None;224400.0000
2306;2023-01-05 16:05:34.253000;7;1157;1;1;0.0000;1;None;None;41600.0000
18359;2023-01-05 16:06:53.090000;7;1193;1;1;0.0000;1;23370.0000;None;252400.0000
18364;2023-01-05 18:17:46.753000;7;1193;1;1;0.0000;1;14685.0000;None;158600.0000
20591;2023-01-05 19:16:00.427000;7;1193;1;1;0.0000;1;15167.0000;None;163800.0000
20581;2023-01-05 12:46:02.510000;7;1207;1;1;0.0000;1;30889.0000;None;333600.0000
18352;2023-01-05 13:37:00.537000;7;1207;1;1;0.0000;1;30204.0000;None;326200.0000
18352;2023-01-05 14:09:18.853000;7;1207;1;1;0.0000;1;30204.0000;None;326200.0000
18352;2023-01-05 13:37:00.537000;7;1207;1;1;0.0000;1;30204.0000;None;326200.0000
18352;2023-01-05 13:37:00.537000;7;1207;1;1;0.0000;1;30204.0000;None;326200.0000
18356;2023-01-05 14:05:45.607000;7;1207;1;1;0.0000;1;13315.0000;None;143800.0000
18353;2023-01-05 13:35:02.953000;7;1210;1;1;0.0000;1;10204.0000;None;110200.0000
18353;2023-01-05 13:35:02.953000;7;1210;1;1;0.0000;1;10204.0000;None;110200.0000
18352;2023-01-05 14:01:34.460000;7;1220;1;1;0.0000;1;30204.0000;None;326200.0000
18352;2023-01-05 14:05:59.213000;7;1220;1;1;0.0000;1;30204.0000;None;326200.0000
18368;2023-01-05 19:32:02.720000;7;1220;1;1;0.0000;1;44834.0000;None;484200.0000
20581;2023-01-05 13:00:38.933000;7;1220;1;1;0.0000;1;30889.0000;None;333600.0000
18349;2023-01-05 13:21:52.737000;7;1220;1;1;0.0000;1;20778.0000;None;224400.0000
20580;2023-01-05 12:54:02.540000;7;2042;1;1;0.0000;1;11352.0000;None;122600.0000
20580;2023-01-05 13:01:46.183000;7;2042;1;-1;0.0000;1;11352.0000;None;122600.0000
20588;2023-01-05 14:42:00.247000;3;100614;1;1;5800.0000;1;7889.0000;None;85200.0000
20580;2023-01-05 13:16:01.980000;3;100614;1;1;5800.0000;1;11352.0000;None;122600.0000
20580;2023-01-05 13:16:01.980000;3;100614;1;1;5800.0000;1;11352.0000;None;122600.0000
20581;2023-01-05 13:40:51.603000;3;100614;1;1;5800.0000;1;30889.0000;None;333600.0000
20581;2023-01-05 13:40:51.603000;3;100614;1;1;5800.0000;1;30889.0000;None;333600.0000
2297;2023-01-05 13:15:19.927000;1;101007;1;1;62800.0000;1;None;None;68900.0000
18358;2023-01-05 14:34:11.337000;1;101007;1;1;59800.0000;1;10037.0000;None;108400.0000
2305;2023-01-05 15:47:57.297000;1;101007;1;1;62800.0000;1;None;None;101500.0000
18352;2023-01-05 13:37:00.537000;1;101007;1;1;59800.0000;1;30204.0000;None;326200.0000
18353;2023-01-05 13:35:02.953000;1;101270;1;1;0.0000;1;10204.0000;None;110200.0000
18368;2023-01-05 19:41:03.010000;1;101270;1;1;0.0000;1;44834.0000;None;484200.0000
18368;2023-01-05 19:07:08.810000;1;101270;1;1;None;1;44834.0000;None;484200.0000
18368;2023-01-05 19:07:08.810000;1;101270;1;1;None;1;44834.0000;None;484200.0000
18368;2023-01-05 19:07:08.810000;1;101270;1;1;None;1;44834.0000;None;484200.0000
18367;2023-01-05 18:59:34.220000;1;101270;1;1;0.0000;1;9926.0000;None;107200.0000
18365;2023-01-05 18:35:23.070000;1;101270;1;1;0.0000;1;27259.0000;None;294400.0000
18348;2023-01-05 13:24:27.810000;1;101270;1;1;0.0000;1;12648.0000;None;136600.0000
20580;2023-01-05 13:01:46.183000;1;101270;1;-1;0.0000;1;11352.0000;None;122600.0000
18345;2023-01-05 12:23:27.717000;1;101270;1;1;0.0000;1;11685.0000;None;126200.0000
20580;2023-01-05 12:54:02.540000;1;101270;1;1;0.0000;1;11352.0000;None;122600.0000
20580;2023-01-05 12:10:59.997000;1;101270;1;1;0.0000;1;11352.0000;None;122600.0000
18369;2023-01-05 19:39:54.840000;2;101327;1;1;28800.0000;1;15833.0000;None;171000.0000
18353;2023-01-05 13:35:02.953000;1;101433;1;1;0.0000;1;10204.0000;None;110200.0000
18344;2023-01-05 12:09:24.293000;1;102141;1;1;3800.0000;1;12833.0000;None;138600.0000
2312;2023-01-05 19:28:19.110000;1;102159;1;1;8300.0000;1;None;None;88800.0000
18352;2023-01-05 13:37:00.537000;1;102172;1;1;4800.0000;1;30204.0000;None;326200.0000
20585;2023-01-05 13:32:40.597000;2;103225;1;1;45800.0000;1;6074.0000;None;65600.0000
18351;2023-01-05 14:25:16.800000;2;103225;1;1;45800.0000;1;17130.0000;None;185000.0000
18351;2023-01-05 13:57:02.573000;2;103225;1;1;45800.0000;1;17130.0000;None;185000.0000
20585;2023-01-05 13:33:27.963000;2;103225;1;-1;-45800.0000;1;6074.0000;None;65600.0000
18352;2023-01-05 13:37:00.537000;1;103351;1;1;36800.0000;1;30204.0000;None;326200.0000
2300;2023-01-05 13:31:37.640000;1;103351;1;1;38700.0000;1;None;None;136000.0000
2301;2023-01-05 14:10:51.997000;1;103351;1;1;38700.0000;1;None;None;50100.0000
2312;2023-01-05 19:28:19.110000;1;103351;1;1;38700.0000;1;None;None;88800.0000
2309;2023-01-05 19:07:20.190000;1;103351;1;1;38700.0000;1;None;None;83700.0000
2294;2023-01-05 12:41:45.197000;1;103351;1;1;38700.0000;1;None;None;143300.0000
20584;2023-01-05 13:32:52.010000;1;103351;1;1;36800.0000;1;14685.0000;None;158600.0000
20584;2023-01-05 13:32:52.010000;1;103351;1;1;36800.0000;1;14685.0000;None;158600.0000
2310;2023-01-05 19:14:24.060000;1;103856;1;1;34500.0000;1;None;None;76200.0000
18362;2023-01-05 18:01:31.887000;1;103856;1;1;34500.0000;1;None;None;76300.0000
20588;2023-01-05 14:42:00.247000;1;103993;1;1;16800.0000;1;7889.0000;None;85200.0000
20581;2023-01-05 13:40:51.603000;1;103993;1;1;16800.0000;1;30889.0000;None;333600.0000
18352;2023-01-05 13:37:00.537000;1;104337;1;1;46800.0000;1;30204.0000;None;326200.0000
18367;2023-01-05 18:59:34.220000;1;104337;1;1;46800.0000;1;9926.0000;None;107200.0000
18368;2023-01-05 19:17:01.033000;1;104337;1;1;46800.0000;1;44834.0000;None;484200.0000
20581;2023-01-05 12:49:40.123000;1;104347;1;1;43800.0000;1;30889.0000;None;333600.0000
2294;2023-01-05 12:41:45.197000;1;104347;1;1;46000.0000;1;None;None;143300.0000
18350;2023-01-05 13:20:43.907000;1;104347;1;1;43800.0000;1;10852.0000;None;117200.0000
18349;2023-01-05 13:15:54.047000;1;104347;1;1;43800.0000;1;20778.0000;None;224400.0000
2311;2023-01-05 19:23:21.830000;1;104347;1;1;46000.0000;1;None;None;46000.0000
18371;2023-01-05 20:58:24.703000;1;104347;1;1;43800.0000;1;12426.0000;None;134200.0000
18371;2023-01-05 20:58:24.703000;1;104347;1;1;43800.0000;1;12426.0000;None;134200.0000
2308;2023-01-05 18:53:13.633000;1;104347;1;1;46000.0000;1;None;None;185000.0000
18366;2023-01-05 18:55:22.340000;1;104347;1;1;43800.0000;1;7630.0000;None;82400.0000
18354;2023-01-05 13:42:35.827000;1;104347;1;1;43800.0000;1;15796.0000;None;170600.0000
18354;2023-01-05 14:02:40.773000;3;104355;1;1;10800.0000;1;15796.0000;None;170600.0000
18355;2023-01-05 14:03:38.523000;3;104355;1;1;10800.0000;1;12852.0000;None;138800.0000
2301;2023-01-05 14:10:51.997000;3;104355;1;1;11400.0000;1;None;None;50100.0000
18356;2023-01-05 14:05:45.607000;3;104355;1;1;10800.0000;1;13315.0000;None;143800.0000
18356;2023-01-05 14:05:45.607000;3;104355;1;1;10800.0000;1;13315.0000;None;143800.0000
18356;2023-01-05 14:05:45.607000;3;104355;1;1;10800.0000;1;13315.0000;None;143800.0000
18352;2023-01-05 13:37:00.537000;3;104355;1;1;10800.0000;1;30204.0000;None;326200.0000
20586;2023-01-05 13:33:55.223000;3;104355;1;1;10800.0000;1;13241.0000;None;143000.0000
20586;2023-01-05 13:33:55.223000;3;104355;1;1;10800.0000;1;13241.0000;None;143000.0000
18366;2023-01-05 18:55:22.340000;3;104355;1;1;10800.0000;1;7630.0000;None;82400.0000
2308;2023-01-05 18:53:13.633000;3;104355;1;1;11400.0000;1;None;None;185000.0000
2308;2023-01-05 18:53:13.633000;3;104355;1;1;11400.0000;1;None;None;185000.0000
20590;2023-01-05 18:30:44.277000;3;104355;1;1;10800.0000;1;6148.0000;None;66400.0000
18369;2023-01-05 19:39:54.840000;3;104355;1;1;10800.0000;1;15833.0000;None;171000.0000
18348;2023-01-05 12:59:50.110000;3;104355;1;1;10800.0000;1;12648.0000;None;136600.0000
18348;2023-01-05 12:59:50.110000;3;104355;1;1;10800.0000;1;12648.0000;None;136600.0000
18346;2023-01-05 12:37:05.587000;3;104355;1;1;10800.0000;1;12611.0000;None;136200.0000
18344;2023-01-05 12:09:24.293000;3;104355;1;1;10800.0000;1;12833.0000;None;138600.0000
20580;2023-01-05 12:10:59.997000;3;104355;1;1;10800.0000;1;11352.0000;None;122600.0000
18346;2023-01-05 12:37:05.587000;1;104357;1;1;44800.0000;1;12611.0000;None;136200.0000
20581;2023-01-05 12:49:40.123000;1;104357;1;1;44800.0000;1;30889.0000;None;333600.0000
18349;2023-01-05 13:10:44.717000;1;104357;1;1;44800.0000;1;20778.0000;None;224400.0000
18369;2023-01-05 19:39:54.840000;1;104357;1;1;44800.0000;1;15833.0000;None;171000.0000
20591;2023-01-05 19:16:00.427000;1;104357;1;1;44800.0000;1;15167.0000;None;163800.0000
18348;2023-01-05 12:59:50.110000;1;104358;1;1;23800.0000;1;12648.0000;None;136600.0000
2306;2023-01-05 16:05:34.253000;1;104413;1;1;1800.0000;1;None;None;41600.0000
18356;2023-01-05 14:23:58.253000;1;104413;1;1;1800.0000;1;13315.0000;None;143800.0000
18355;2023-01-05 14:09:00.433000;1;104447;1;1;56800.0000;1;12852.0000;None;138800.0000
20588;2023-01-05 14:24:58.383000;1;104447;1;1;56800.0000;1;7889.0000;None;85200.0000
2303;2023-01-05 14:16:51.277000;1;104447;1;1;59700.0000;1;None;None;160100.0000
2304;2023-01-05 15:46:09.750000;1;104447;1;1;59700.0000;1;None;None;65800.0000
20586;2023-01-05 13:33:55.223000;1;104447;1;1;56800.0000;1;13241.0000;None;143000.0000
18351;2023-01-05 13:49:08.580000;1;104447;1;1;56800.0000;1;17130.0000;None;185000.0000
2307;2023-01-05 17:35:23.457000;1;104447;1;1;59700.0000;1;None;None;234300.0000
18359;2023-01-05 16:06:53.090000;1;104447;1;1;56800.0000;1;23370.0000;None;252400.0000
18368;2023-01-05 19:17:01.033000;1;104447;1;1;56800.0000;1;44834.0000;None;484200.0000
18368;2023-01-05 19:17:01.033000;1;104447;1;1;56800.0000;1;44834.0000;None;484200.0000
2295;2023-01-05 12:48:50.013000;1;104447;1;1;59700.0000;1;None;None;84700.0000
18349;2023-01-05 13:15:54.047000;1;104447;1;1;56800.0000;1;20778.0000;None;224400.0000
20584;2023-01-05 13:32:52.010000;1;104447;1;1;56800.0000;1;14685.0000;None;158600.0000
20583;2023-01-05 13:23:18.673000;1;104447;1;1;56800.0000;1;12611.0000;None;136200.0000
20583;2023-01-05 13:23:18.673000;1;104447;1;1;56800.0000;1;12611.0000;None;136200.0000
20581;2023-01-05 12:49:40.123000;1;104447;1;1;56800.0000;1;30889.0000;None;333600.0000
20581;2023-01-05 12:49:40.123000;1;104447;1;1;56800.0000;1;30889.0000;None;333600.0000
18345;2023-01-05 12:23:27.717000;1;104447;1;1;56800.0000;1;11685.0000;None;126200.0000
18345;2023-01-05 12:23:27.717000;1;104447;1;1;56800.0000;1;11685.0000;None;126200.0000
20591;2023-01-05 19:54:17.517000;1;104498;1;1;24800.0000;1;15167.0000;None;163800.0000
20584;2023-01-05 13:32:58.933000;1;104777;1;1;1800.0000;1;14685.0000;None;158600.0000
18370;2023-01-05 20:20:05.747000;1;104777;1;1;1800.0000;1;2722.0000;None;29400.0000
18360;2023-01-05 18:54:55.637000;1;104777;1;1;1800.0000;1;21611.0000;None;233400.0000
18368;2023-01-05 19:17:01.033000;1;104974;1;1;45800.0000;1;44834.0000;None;484200.0000
18367;2023-01-05 18:59:34.220000;1;104974;1;1;45800.0000;1;9926.0000;None;107200.0000
18348;2023-01-05 12:59:50.110000;1;105065;2;1;0.0000;1;12648.0000;None;136600.0000
18353;2023-01-05 13:35:02.953000;1;105065;1;1;0.0000;1;10204.0000;None;110200.0000
20580;2023-01-05 12:15:28.660000;1;106358;1;1;36800.0000;1;11352.0000;None;122600.0000
18344;2023-01-05 12:09:24.293000;1;106358;1;1;36800.0000;1;12833.0000;None;138600.0000
2300;2023-01-05 13:31:37.640000;1;106358;1;1;38700.0000;1;None;None;136000.0000
2305;2023-01-05 15:47:57.297000;1;106358;1;1;38700.0000;1;None;None;101500.0000
18368;2023-01-05 19:17:01.033000;1;106358;1;1;36800.0000;1;44834.0000;None;484200.0000
18366;2023-01-05 18:55:22.340000;None;106866;None;1;27800.0000;1;7630.0000;None;82400.0000
2307;2023-01-05 17:35:23.457000;None;106866;None;1;29200.0000;1;None;None;234300.0000
18348;2023-01-05 13:08:01.343000;None;106866;None;1;27800.0000;1;12648.0000;None;136600.0000
2296;2023-01-05 13:13:49.707000;None;106866;None;1;29200.0000;1;None;None;105500.0000
18346;2023-01-05 12:37:05.587000;2;107730;1;1;24800.0000;1;12611.0000;None;136200.0000
20589;2023-01-05 17:50:20.737000;1;107823;1;1;23800.0000;1;2204.0000;None;23800.0000
18365;2023-01-05 19:05:42.500000;1;107823;1;1;23800.0000;1;27259.0000;None;294400.0000
2295;2023-01-05 12:48:50.013000;1;107823;1;1;25000.0000;1;None;None;84700.0000
18359;2023-01-05 16:06:53.090000;1;107824;1;1;22800.0000;1;23370.0000;None;252400.0000
2307;2023-01-05 17:35:23.457000;1;107825;1;1;47100.0000;1;None;None;234300.0000
18355;2023-01-05 14:09:00.433000;1;107825;1;1;44800.0000;1;12852.0000;None;138800.0000
2313;2023-01-05 20:49:25.253000;1;107825;1;1;44800.0000;1;None;None;44800.0000
2299;2023-01-05 13:26:49.640000;1;107826;1;1;46000.0000;1;None;None;46000.0000
18369;2023-01-05 19:40:46.927000;1;107826;1;1;43800.0000;1;15833.0000;None;171000.0000
2307;2023-01-05 17:35:23.457000;1;107826;1;1;46000.0000;1;None;None;234300.0000
18363;2023-01-05 18:08:29.470000;1;107826;1;1;43800.0000;1;19296.0000;None;208400.0000
18368;2023-01-05 19:17:01.033000;1;107827;1;1;49800.0000;1;44834.0000;None;484200.0000
18356;2023-01-05 14:11:42.023000;1;107827;1;1;49800.0000;1;13315.0000;None;143800.0000
18352;2023-01-05 13:37:00.537000;1;107827;1;1;49800.0000;1;30204.0000;None;326200.0000
18350;2023-01-05 13:20:43.907000;1;107831;1;1;55800.0000;1;10852.0000;None;117200.0000
2298;2023-01-05 13:20:30.727000;1;107831;1;1;58600.0000;1;None;None;65800.0000
18349;2023-01-05 13:15:54.047000;1;107831;1;1;55800.0000;1;20778.0000;None;224400.0000
18346;2023-01-05 12:37:05.587000;1;107831;1;1;55800.0000;1;12611.0000;None;136200.0000
2294;2023-01-05 12:41:45.197000;1;107831;1;1;58600.0000;1;None;None;143300.0000
2300;2023-01-05 13:31:37.640000;1;107831;1;1;58600.0000;1;None;None;136000.0000
20586;2023-01-05 13:33:55.223000;1;107831;1;1;55800.0000;1;13241.0000;None;143000.0000
18356;2023-01-05 14:11:42.023000;1;107831;1;1;55800.0000;1;13315.0000;None;143800.0000
18356;2023-01-05 14:14:36.223000;1;107831;1;-1;-55800.0000;1;13315.0000;None;143800.0000
18354;2023-01-05 14:02:40.773000;1;107831;1;1;55800.0000;1;15796.0000;None;170600.0000
2303;2023-01-05 14:16:51.277000;1;107831;1;1;58600.0000;1;None;None;160100.0000
18368;2023-01-05 19:17:01.033000;1;107831;1;1;55800.0000;1;44834.0000;None;484200.0000
2308;2023-01-05 18:53:13.633000;1;107831;1;1;58600.0000;1;None;None;185000.0000
18359;2023-01-05 16:06:53.090000;1;107831;1;1;55800.0000;1;23370.0000;None;252400.0000
2307;2023-01-05 17:35:23.457000;1;107833;1;1;52300.0000;1;None;None;234300.0000
18344;2023-01-05 12:11:21.530000;1;107833;1;1;49800.0000;1;12833.0000;None;138600.0000
2293;2023-01-05 12:31:41.557000;1;107836;1;1;20800.0000;1;None;None;41600.0000
2293;2023-01-05 12:31:41.557000;1;107836;1;1;20800.0000;1;None;None;41600.0000
18344;2023-01-05 12:09:24.293000;1;107836;1;1;19800.0000;1;12833.0000;None;138600.0000
2302;2023-01-05 14:11:12.053000;1;107836;1;1;20800.0000;1;None;None;20800.0000
18352;2023-01-05 13:37:00.537000;1;107836;1;1;19800.0000;1;30204.0000;None;326200.0000
18354;2023-01-05 13:42:35.827000;1;107839;1;1;39800.0000;1;15796.0000;None;170600.0000
2306;2023-01-05 16:05:34.253000;1;107839;1;1;39800.0000;1;None;None;41600.0000
20592;2023-01-05 20:09:30.090000;1;107840;1;1;42800.0000;1;11593.0000;None;125200.0000
20591;2023-01-05 19:16:00.427000;1;107840;1;1;42800.0000;1;15167.0000;None;163800.0000
2309;2023-01-05 19:07:20.190000;1;107840;1;1;45000.0000;1;None;None;83700.0000
18358;2023-01-05 14:35:11.437000;1;107840;1;1;42800.0000;1;10037.0000;None;108400.0000
18364;2023-01-05 18:17:46.753000;1;107846;1;1;32800.0000;1;14685.0000;None;158600.0000
2310;2023-01-05 19:14:24.060000;1;107846;1;1;34500.0000;1;None;None;76200.0000
2296;2023-01-05 13:13:49.707000;1;107846;1;1;34500.0000;1;None;None;105500.0000
18357;2023-01-05 14:31:55.110000;1;107871;1;1;14800.0000;1;1370.0000;None;14800.0000
18352;2023-01-05 14:38:45.207000;1;107871;1;1;14800.0000;1;30204.0000;None;326200.0000
20580;2023-01-05 13:16:01.980000;1;107871;1;1;14800.0000;1;11352.0000;None;122600.0000
18344;2023-01-05 12:11:21.530000;3;107873;1;1;8800.0000;1;12833.0000;None;138600.0000
18344;2023-01-05 12:13:24.107000;3;107873;1;1;8800.0000;1;12833.0000;None;138600.0000
20583;2023-01-05 13:20:18.797000;3;107873;1;1;8800.0000;1;12611.0000;None;136200.0000
18350;2023-01-05 13:20:43.907000;3;107873;1;1;8800.0000;1;10852.0000;None;117200.0000
18350;2023-01-05 13:20:43.907000;3;107873;1;1;8800.0000;1;10852.0000;None;117200.0000
20584;2023-01-05 13:29:09.990000;3;107873;1;3;26400.0000;1;14685.0000;None;158600.0000
18353;2023-01-05 13:58:42.063000;3;107873;1;1;8800.0000;1;10204.0000;None;110200.0000
20586;2023-01-05 13:33:55.223000;3;107873;1;1;8800.0000;1;13241.0000;None;143000.0000
18352;2023-01-05 12:52:19.237000;3;107873;1;1;8800.0000;1;30204.0000;None;326200.0000
18359;2023-01-05 15:59:01.557000;3;107873;1;1;8800.0000;1;23370.0000;None;252400.0000
18359;2023-01-05 15:59:01.557000;3;107873;1;1;8800.0000;1;23370.0000;None;252400.0000
18354;2023-01-05 14:02:40.773000;3;107873;1;1;8800.0000;1;15796.0000;None;170600.0000
18355;2023-01-05 14:03:38.523000;3;107873;1;1;8800.0000;1;12852.0000;None;138800.0000
18355;2023-01-05 14:03:38.523000;3;107873;1;1;8800.0000;1;12852.0000;None;138800.0000
18355;2023-01-05 14:03:38.523000;3;107873;1;1;8800.0000;1;12852.0000;None;138800.0000
18363;2023-01-05 18:08:29.470000;3;107873;1;1;8800.0000;1;19296.0000;None;208400.0000
18367;2023-01-05 19:02:14.570000;3;107873;1;1;8800.0000;1;9926.0000;None;107200.0000
20591;2023-01-05 19:16:00.427000;3;107873;1;1;8800.0000;1;15167.0000;None;163800.0000
20592;2023-01-05 20:03:50.040000;3;107873;1;1;8800.0000;1;11593.0000;None;125200.0000
2308;2023-01-05 18:53:13.633000;1;107893;1;1;57600.0000;1;None;None;185000.0000
18348;2023-01-05 13:08:01.343000;1;108054;1;1;28800.0000;1;12648.0000;None;136600.0000
18348;2023-01-05 13:08:01.343000;1;108054;1;1;28800.0000;1;12648.0000;None;136600.0000
20590;2023-01-05 19:00:19.947000;1;108054;1;1;28800.0000;1;6148.0000;None;66400.0000
18365;2023-01-05 18:59:41.233000;2;108101;1;1;32800.0000;1;27259.0000;None;294400.0000
18365;2023-01-05 18:35:23.070000;2;108101;1;1;32800.0000;1;27259.0000;None;294400.0000
18365;2023-01-05 18:35:23.070000;2;108101;1;1;32800.0000;1;27259.0000;None;294400.0000
20585;2023-01-05 13:33:27.963000;2;108136;1;1;22800.0000;1;6074.0000;None;65600.0000
18351;2023-01-05 13:55:44.783000;2;108136;1;1;22800.0000;1;17130.0000;None;185000.0000
18367;2023-01-05 18:59:34.220000;3;108169;1;1;0.0000;1;9926.0000;None;107200.0000
20589;2023-01-05 18:02:28.673000;3;108169;1;1;0.0000;1;2204.0000;None;23800.0000
20589;2023-01-05 18:02:28.673000;3;108170;1;1;0.0000;1;2204.0000;None;23800.0000
18367;2023-01-05 18:59:34.220000;3;108170;1;1;0.0000;1;9926.0000;None;107200.0000
18371;2023-01-05 20:58:24.703000;1;108314;1;1;39800.0000;1;12426.0000;None;134200.0000
2312;2023-01-05 19:28:19.110000;1;108314;1;1;41800.0000;1;None;None;88800.0000
18362;2023-01-05 18:01:31.887000;1;108314;1;1;41800.0000;1;None;None;76300.0000
2303;2023-01-05 14:16:51.277000;1;108314;1;1;41800.0000;1;None;None;160100.0000
2296;2023-01-05 13:13:49.707000;1;108314;1;1;41800.0000;1;None;None;105500.0000
18360;2023-01-05 18:44:51.720000;1;108319;1;1;79800.0000;1;21611.0000;None;233400.0000
18359;2023-01-05 16:06:53.090000;1;108319;1;1;79800.0000;1;23370.0000;None;252400.0000
18365;2023-01-05 19:05:42.500000;1;108319;1;1;79800.0000;1;27259.0000;None;294400.0000
18368;2023-01-05 19:17:01.033000;1;108321;1;1;26800.0000;1;44834.0000;None;484200.0000
18368;2023-01-05 19:17:01.033000;1;108321;1;1;26800.0000;1;44834.0000;None;484200.0000
20581;2023-01-05 12:49:40.123000;1;108323;1;1;49800.0000;1;30889.0000;None;333600.0000
20592;2023-01-05 20:09:30.090000;1;109155;1;1;59800.0000;1;11593.0000;None;125200.0000
18356;2023-01-05 14:14:21.353000;1;109155;1;1;59800.0000;1;13315.0000;None;143800.0000
18363;2023-01-05 18:08:29.470000;1;109157;1;1;57800.0000;1;19296.0000;None;208400.0000
18359;2023-01-05 16:06:53.090000;1;109205;1;1;0.0000;1;23370.0000;None;252400.0000
18359;2023-01-05 16:16:01.130000;1;109205;1;1;0.0000;1;23370.0000;None;252400.0000
18356;2023-01-05 14:15:29.567000;1;109205;1;1;0.0000;1;13315.0000;None;143800.0000
18353;2023-01-05 13:37:36.697000;1;109205;1;1;0.0000;1;10204.0000;None;110200.0000
20580;2023-01-05 12:15:28.660000;1;109243;1;1;42800.0000;1;11352.0000;None;122600.0000
18369;2023-01-05 20:09:55.020000;1;109243;1;1;42800.0000;1;15833.0000;None;171000.0000
18352;2023-01-05 13:37:00.537000;1;109243;1;1;42800.0000;1;30204.0000;None;326200.0000
20585;2023-01-05 13:35:14.830000;1;109243;1;1;42800.0000;1;6074.0000;None;65600.0000
18361;2023-01-05 17:45:56.023000;1;109243;1;1;42800.0000;1;4593.0000;None;49600.0000
18364;2023-01-05 19:05:10.490000;1;109243;1;1;42800.0000;1;14685.0000;None;158600.0000
18363;2023-01-05 18:08:29.470000;1;109245;1;1;46800.0000;1;19296.0000;None;208400.0000
20591;2023-01-05 19:16:00.427000;1;109335;1;1;36800.0000;1;15167.0000;None;163800.0000
18365;2023-01-05 19:05:42.500000;1;109336;1;1;59800.0000;1;27259.0000;None;294400.0000
18363;2023-01-05 18:08:29.470000;1;109450;1;1;31800.0000;1;19296.0000;None;208400.0000
18364;2023-01-05 18:17:46.753000;1;109450;1;1;31800.0000;1;14685.0000;None;158600.0000
20590;2023-01-05 18:30:44.277000;1;109451;1;1;26800.0000;1;6148.0000;None;66400.0000
18365;2023-01-05 18:41:41.140000;1;109451;1;1;26800.0000;1;27259.0000;None;294400.0000
18353;2023-01-05 13:35:02.953000;1;109568;1;1;47800.0000;1;10204.0000;None;110200.0000
18353;2023-01-05 13:35:02.953000;1;109568;1;1;47800.0000;1;10204.0000;None;110200.0000
18364;2023-01-05 19:18:18.963000;2;200480;1;1;12800.0000;1;14685.0000;None;158600.0000
18364;2023-01-05 19:18:18.963000;2;200480;1;1;12800.0000;1;14685.0000;None;158600.0000
18364;2023-01-05 18:12:41.987000;2;200480;1;1;12800.0000;1;14685.0000;None;158600.0000
18364;2023-01-05 18:12:41.987000;2;200480;1;1;12800.0000;1;14685.0000;None;158600.0000
20581;2023-01-05 12:46:02.510000;2;200480;1;1;12800.0000;1;30889.0000;None;333600.0000
20581;2023-01-05 12:46:02.510000;2;200480;1;1;12800.0000;1;30889.0000;None;333600.0000
20580;2023-01-05 12:10:59.997000;3;200644;1;1;5800.0000;1;11352.0000;None;122600.0000
2297;2023-01-05 13:15:19.927000;3;200644;1;1;6100.0000;1;None;None;68900.0000
18368;2023-01-05 19:41:03.010000;3;200644;1;1;5800.0000;1;44834.0000;None;484200.0000
18368;2023-01-05 19:07:08.810000;3;200644;1;1;5800.0000;1;44834.0000;None;484200.0000
18368;2023-01-05 19:07:08.810000;3;200644;1;1;5800.0000;1;44834.0000;None;484200.0000
18368;2023-01-05 19:07:08.810000;3;201146;1;1;5800.0000;1;44834.0000;None;484200.0000
18365;2023-01-05 18:35:23.070000;3;201146;1;1;5800.0000;1;27259.0000;None;294400.0000
18367;2023-01-05 18:59:34.220000;3;201146;1;1;5800.0000;1;9926.0000;None;107200.0000
18363;2023-01-05 18:08:29.470000;3;201146;1;1;5800.0000;1;19296.0000;None;208400.0000
18353;2023-01-05 13:35:02.953000;3;201146;1;1;5800.0000;1;10204.0000;None;110200.0000
18354;2023-01-05 13:42:35.827000;3;201146;1;1;5800.0000;1;15796.0000;None;170600.0000
18354;2023-01-05 13:42:35.827000;3;201146;1;1;5800.0000;1;15796.0000;None;170600.0000
18358;2023-01-05 14:34:11.337000;3;201146;1;1;5800.0000;1;10037.0000;None;108400.0000
2304;2023-01-05 15:46:09.750000;3;201146;1;1;6100.0000;1;None;None;65800.0000
18348;2023-01-05 13:24:27.810000;3;201146;1;1;5800.0000;1;12648.0000;None;136600.0000
20580;2023-01-05 12:54:02.540000;3;201146;1;1;5800.0000;1;11352.0000;None;122600.0000
20580;2023-01-05 13:01:46.183000;3;201146;1;-1;-5800.0000;1;11352.0000;None;122600.0000
18345;2023-01-05 12:23:27.717000;3;201146;1;1;5800.0000;1;11685.0000;None;126200.0000
18368;2023-01-05 19:07:08.810000;2;201187;1;1;9800.0000;1;44834.0000;None;484200.0000
18368;2023-01-05 19:28:46.630000;2;201187;1;1;9800.0000;1;44834.0000;None;484200.0000
18368;2023-01-05 19:41:03.010000;3;201206;1;1;5800.0000;1;44834.0000;None;484200.0000
18368;2023-01-05 19:07:08.810000;3;201206;1;1;5800.0000;1;44834.0000;None;484200.0000
18359;2023-01-05 15:59:01.557000;3;201206;1;1;5800.0000;1;23370.0000;None;252400.0000
20588;2023-01-05 14:23:30.680000;3;201206;1;1;5800.0000;1;7889.0000;None;85200.0000
20591;2023-01-05 19:16:00.427000;3;201206;1;1;5800.0000;1;15167.0000;None;163800.0000
20580;2023-01-05 13:01:46.183000;3;201206;1;-1;-5800.0000;1;11352.0000;None;122600.0000
20580;2023-01-05 12:54:02.540000;3;201206;1;1;5800.0000;1;11352.0000;None;122600.0000
18349;2023-01-05 13:10:44.717000;3;201206;1;1;5800.0000;1;20778.0000;None;224400.0000
18349;2023-01-05 13:10:44.717000;3;201206;1;1;5800.0000;1;20778.0000;None;224400.0000
18349;2023-01-05 13:36:26.700000;3;201206;1;1;5800.0000;1;20778.0000;None;224400.0000
18349;2023-01-05 13:36:26.700000;3;201206;1;1;5800.0000;1;20778.0000;None;224400.0000
18345;2023-01-05 12:23:27.717000;3;201211;1;1;6800.0000;1;11685.0000;None;126200.0000
18371;2023-01-05 21:14:42.213000;3;201211;1;1;6800.0000;1;12426.0000;None;134200.0000
18363;2023-01-05 18:08:29.470000;3;201211;1;1;6800.0000;1;19296.0000;None;208400.0000
18363;2023-01-05 18:27:04.763000;3;201211;1;1;6800.0000;1;19296.0000;None;208400.0000
18361;2023-01-05 17:45:56.023000;3;201211;1;1;6800.0000;1;4593.0000;None;49600.0000
18352;2023-01-05 13:37:00.537000;3;201269;1;1;5800.0000;1;30204.0000;None;326200.0000
18352;2023-01-05 13:37:00.537000;3;201269;1;1;5800.0000;1;30204.0000;None;326200.0000
18352;2023-01-05 14:09:18.853000;3;201269;1;1;5800.0000;1;30204.0000;None;326200.0000
2310;2023-01-05 19:14:24.060000;3;201420;1;1;7200.0000;1;None;None;76200.0000
2298;2023-01-05 13:20:30.727000;3;201420;1;1;7200.0000;1;None;None;65800.0000
20583;2023-01-05 13:20:18.797000;2;201615;1;1;13800.0000;1;12611.0000;None;136200.0000
20581;2023-01-05 12:46:02.510000;2;201615;1;1;13800.0000;1;30889.0000;None;333600.0000
20581;2023-01-05 12:46:02.510000;2;201615;1;1;13800.0000;1;30889.0000;None;333600.0000
20592;2023-01-05 20:03:50.040000;2;201615;1;1;13800.0000;1;11593.0000;None;125200.0000
18370;2023-01-05 20:20:05.747000;2;201615;1;1;13800.0000;1;2722.0000;None;29400.0000
18370;2023-01-05 20:20:05.747000;2;201615;1;1;13800.0000;1;2722.0000;None;29400.0000
18352;2023-01-05 13:37:00.537000;2;201615;1;1;13800.0000;1;30204.0000;None;326200.0000
18351;2023-01-05 13:29:47.653000;2;201615;1;1;13800.0000;1;17130.0000;None;185000.0000
18360;2023-01-05 17:34:25.983000;2;201615;1;1;13800.0000;1;21611.0000;None;233400.0000
18360;2023-01-05 17:34:25.983000;2;201615;1;1;13800.0000;1;21611.0000;None;233400.0000
18360;2023-01-05 17:34:25.983000;2;201615;1;1;13800.0000;1;21611.0000;None;233400.0000
18360;2023-01-05 18:02:54.110000;2;201615;1;1;13800.0000;1;21611.0000;None;233400.0000
18360;2023-01-05 18:02:54.110000;2;201615;1;1;13800.0000;1;21611.0000;None;233400.0000
18360;2023-01-05 18:02:54.110000;2;201615;1;1;13800.0000;1;21611.0000;None;233400.0000
18360;2023-01-05 18:09:02.550000;2;201615;1;1;13800.0000;1;21611.0000;None;233400.0000
18360;2023-01-05 18:44:51.720000;2;201615;1;4;55200.0000;1;21611.0000;None;233400.0000
18368;2023-01-05 19:07:08.810000;2;201615;1;1;13800.0000;1;44834.0000;None;484200.0000
18368;2023-01-05 19:07:08.810000;2;201615;1;1;13800.0000;1;44834.0000;None;484200.0000
18359;2023-01-05 16:11:28.653000;2;201960;1;1;13800.0000;1;23370.0000;None;252400.0000
