18444;2023-01-08 11:59:33.457000;7;1001;1;1;0.0000;1;37685.0000;None;407000.0000
18451;2023-01-08 13:29:05.413000;7;1001;1;1;0.0000;1;18648.0000;None;201400.0000
18449;2023-01-08 13:11:19.257000;7;1001;1;1;0.0000;1;27352.0000;None;295400.0000
18462;2023-01-08 14:25:56.357000;7;1001;1;1;0.0000;1;13130.0000;None;141800.0000
20630;2023-01-08 14:36:12.877000;7;1001;1;1;0.0000;1;31630.0000;None;341600.0000
18464;2023-01-08 14:35:47.200000;7;1001;1;1;0.0000;1;14722.0000;None;159000.0000
18466;2023-01-08 14:46:21.583000;7;1001;1;1;0.0000;1;10296.0000;None;111200.0000
20624;2023-01-08 13:59:10.227000;7;1001;1;1;0.0000;1;15445.0000;None;166800.0000
20624;2023-01-08 13:59:10.227000;7;1001;1;1;0.0000;1;15445.0000;None;166800.0000
18459;2023-01-08 14:07:03.407000;7;1001;1;1;0.0000;1;20241.0000;None;218600.0000
20627;2023-01-08 14:07:02.070000;7;1001;1;1;0.0000;1;10278.0000;None;111000.0000
18475;2023-01-08 16:23:07.880000;7;1001;1;1;0.0000;1;16148.0000;None;174400.0000
18473;2023-01-08 15:46:15.247000;7;1001;1;1;0.0000;1;17445.0000;None;188400.0000
18467;2023-01-08 14:57:16.153000;7;1061;1;1;0.0000;1;48982.0000;None;529000.0000
18467;2023-01-08 14:57:16.153000;7;1061;1;1;0.0000;1;48982.0000;None;529000.0000
18467;2023-01-08 14:57:16.153000;7;1061;1;1;0.0000;1;48982.0000;None;529000.0000
18453;2023-01-08 13:29:26.550000;7;1131;1;1;0.0000;1;16074.0000;None;173600.0000
18453;2023-01-08 13:25:30.843000;7;1135;1;1;0.0000;1;16074.0000;None;173600.0000
18454;2023-01-08 13:30:41.113000;7;1135;1;1;0.0000;1;12982.0000;None;140200.0000
18454;2023-01-08 13:30:41.113000;7;1135;1;1;0.0000;1;12982.0000;None;140200.0000
18452;2023-01-08 13:22:46.170000;7;1135;1;1;0.0000;1;12056.0000;None;130200.0000
18453;2023-01-08 13:25:30.843000;7;1135;1;1;0.0000;1;16074.0000;None;173600.0000
20622;2023-01-08 13:10:52.740000;7;1135;1;1;0.0000;1;74982.0000;None;809800.0000
20622;2023-01-08 13:10:52.740000;7;1135;1;1;0.0000;1;74982.0000;None;809800.0000
20620;2023-01-08 12:45:49.907000;7;1135;1;1;None;1;17278.0000;None;186600.0000
2368;2023-01-08 12:45:55.870000;7;1135;1;1;0.0000;1;None;None;58600.0000
20621;2023-01-08 13:04:14.947000;7;1135;1;1;0.0000;1;7685.0000;None;83000.0000
18467;2023-01-08 14:57:16.153000;7;1135;1;1;0.0000;1;48982.0000;None;529000.0000
18467;2023-01-08 14:57:16.153000;7;1135;1;1;0.0000;1;48982.0000;None;529000.0000
2376;2023-01-08 14:41:07.467000;7;1135;1;1;0.0000;1;None;None;132700.0000
18463;2023-01-08 14:29:54.207000;7;1135;1;1;0.0000;1;None;None;76600.0000
18465;2023-01-08 14:55:13.787000;7;1135;1;1;0.0000;1;15519.0000;None;167600.0000
18461;2023-01-08 14:19:48.167000;7;1135;1;1;0.0000;1;None;None;230200.0000
20628;2023-01-08 14:20:27.017000;7;1135;1;1;0.0000;1;None;None;59400.0000
20625;2023-01-08 13:53:33.040000;7;1135;1;1;0.0000;1;12241.0000;None;132200.0000
20624;2023-01-08 13:59:10.227000;7;1135;1;1;0.0000;1;15445.0000;None;166800.0000
20623;2023-01-08 13:43:15.433000;7;1135;1;1;0.0000;1;6222.0000;None;67200.0000
2384;2023-01-08 16:31:54.503000;7;1157;1;1;0.0000;1;None;None;95600.0000
2384;2023-01-08 16:31:54.503000;7;1157;1;1;0.0000;1;None;None;95600.0000
2384;2023-01-08 16:31:54.503000;7;1157;1;1;0.0000;1;None;None;95600.0000
18467;2023-01-08 15:28:09.513000;7;1157;1;1;0.0000;1;48982.0000;None;529000.0000
18467;2023-01-08 15:28:09.513000;7;1157;1;1;0.0000;1;48982.0000;None;529000.0000
18474;2023-01-08 15:46:06.170000;7;1157;1;1;0.0000;1;None;None;33600.0000
18474;2023-01-08 15:46:06.170000;7;1157;1;1;0.0000;1;None;None;33600.0000
2373;2023-01-08 13:44:59.827000;7;1157;1;1;None;1;None;None;55800.0000
18457;2023-01-08 13:45:51.443000;7;1157;1;1;0.0000;1;None;None;156400.0000
18457;2023-01-08 13:45:51.443000;7;1157;1;1;0.0000;1;None;None;156400.0000
18457;2023-01-08 13:45:51.443000;7;1157;1;1;0.0000;1;None;None;156400.0000
18458;2023-01-08 13:49:37.670000;7;1157;1;1;0.0000;1;None;None;192400.0000
18458;2023-01-08 13:49:37.670000;7;1157;1;1;0.0000;1;None;None;192400.0000
18458;2023-01-08 13:49:37.670000;7;1157;1;1;0.0000;1;None;None;192400.0000
18458;2023-01-08 13:49:37.670000;7;1157;1;1;0.0000;1;None;None;192400.0000
20628;2023-01-08 14:20:27.017000;7;1157;1;1;0.0000;1;None;None;59400.0000
20628;2023-01-08 14:20:27.017000;7;1157;1;1;0.0000;1;None;None;59400.0000
18463;2023-01-08 14:29:54.207000;7;1157;1;1;0.0000;1;None;None;76600.0000
20630;2023-01-08 14:57:46.830000;7;1193;1;1;None;1;31630.0000;None;341600.0000
20626;2023-01-08 13:57:28.197000;7;1193;1;1;None;1;32333.0000;None;349200.0000
20631;2023-01-08 15:53:12.113000;7;1207;1;1;0.0000;1;14833.0000;None;160200.0000
18470;2023-01-08 15:18:24.800000;7;1207;1;1;0.0000;1;22611.0000;None;244200.0000
20627;2023-01-08 13:59:34.917000;7;1207;1;1;0.0000;1;10278.0000;None;111000.0000
20627;2023-01-08 13:59:34.917000;7;1207;1;1;0.0000;1;10278.0000;None;111000.0000
20623;2023-01-08 13:43:15.477000;7;1207;1;1;0.0000;1;6222.0000;None;67200.0000
18455;2023-01-08 13:43:57.460000;7;1207;1;1;0.0000;1;4944.0000;None;53400.0000
20630;2023-01-08 14:28:19.630000;7;1207;1;1;0.0000;1;31630.0000;None;341600.0000
20630;2023-01-08 15:30:35.360000;7;1207;1;1;0.0000;1;31630.0000;None;341600.0000
20629;2023-01-08 14:27:09.647000;7;1207;1;1;0.0000;1;24482.0000;None;264400.0000
18462;2023-01-08 15:01:37.280000;7;1207;1;1;0.0000;1;13130.0000;None;141800.0000
18462;2023-01-08 14:18:45.167000;7;1207;1;1;0.0000;1;13130.0000;None;141800.0000
18465;2023-01-08 14:49:31.473000;7;1207;1;1;0.0000;1;15519.0000;None;167600.0000
20621;2023-01-08 13:01:24.307000;7;1207;1;1;0.0000;1;7685.0000;None;83000.0000
20620;2023-01-08 12:45:49.907000;7;1207;1;1;None;1;17278.0000;None;186600.0000
18448;2023-01-08 13:07:14.077000;7;1207;1;1;0.0000;1;22982.0000;None;248200.0000
18449;2023-01-08 13:11:19.257000;7;1207;1;1;0.0000;1;27352.0000;None;295400.0000
20622;2023-01-08 13:10:52.740000;7;1207;1;1;0.0000;1;74982.0000;None;809800.0000
18452;2023-01-08 13:22:46.170000;7;1207;1;1;0.0000;1;12056.0000;None;130200.0000
18451;2023-01-08 13:20:52.983000;7;1207;1;1;0.0000;1;18648.0000;None;201400.0000
18449;2023-01-08 13:51:15.403000;7;1207;1;-1;0.0000;1;27352.0000;None;295400.0000
18449;2023-01-08 13:51:15.403000;7;1207;1;-1;0.0000;1;27352.0000;None;295400.0000
18449;2023-01-08 13:40:53.360000;7;1207;1;1;None;1;27352.0000;None;295400.0000
18449;2023-01-08 13:45:10.297000;7;1207;1;1;None;1;27352.0000;None;295400.0000
18466;2023-01-08 14:46:21.583000;7;1210;1;1;0.0000;1;10296.0000;None;111200.0000
18475;2023-01-08 16:41:09.343000;7;1220;1;1;0.0000;1;16148.0000;None;174400.0000
18473;2023-01-08 16:16:38.233000;7;1220;1;1;0.0000;1;17445.0000;None;188400.0000
18466;2023-01-08 15:03:20.200000;7;1220;1;1;0.0000;1;10296.0000;None;111200.0000
18464;2023-01-08 14:43:14.183000;7;1220;1;1;0.0000;1;14722.0000;None;159000.0000
20624;2023-01-08 14:11:20.027000;7;1220;1;1;0.0000;1;15445.0000;None;166800.0000
20626;2023-01-08 14:59:49.443000;7;1220;1;1;0.0000;1;32333.0000;None;349200.0000
18449;2023-01-08 13:33:40.673000;7;1220;1;1;0.0000;1;27352.0000;None;295400.0000
18444;2023-01-08 12:12:34.087000;7;1220;1;1;0.0000;1;37685.0000;None;407000.0000
18458;2023-01-08 13:49:37.670000;7;2034;1;1;0.0000;1;None;None;192400.0000
18461;2023-01-08 14:19:48.167000;7;2050;1;1;0.0000;1;None;None;230200.0000
18461;2023-01-08 14:52:27.337000;3;100601;1;1;5800.0000;1;None;None;230200.0000
20630;2023-01-08 14:36:12.877000;3;100601;1;1;5800.0000;1;31630.0000;None;341600.0000
18447;2023-01-08 13:32:44.783000;3;100606;1;1;6800.0000;1;16796.0000;None;181400.0000
20622;2023-01-08 14:14:21.647000;3;100607;1;1;6800.0000;1;74982.0000;None;809800.0000
20622;2023-01-08 14:14:21.647000;3;100607;1;1;6800.0000;1;74982.0000;None;809800.0000
18473;2023-01-08 16:49:00.367000;3;100614;1;1;5800.0000;1;17445.0000;None;188400.0000
18473;2023-01-08 16:49:00.367000;3;100614;1;1;5800.0000;1;17445.0000;None;188400.0000
20631;2023-01-08 16:36:29.637000;3;100614;1;1;5800.0000;1;14833.0000;None;160200.0000
20631;2023-01-08 16:36:29.637000;3;100614;1;1;5800.0000;1;14833.0000;None;160200.0000
20631;2023-01-08 16:36:29.637000;3;100614;1;1;5800.0000;1;14833.0000;None;160200.0000
20622;2023-01-08 14:14:21.647000;3;100614;1;1;5800.0000;1;74982.0000;None;809800.0000
20620;2023-01-08 13:25:58.467000;3;100614;1;1;5800.0000;1;17278.0000;None;186600.0000
20629;2023-01-08 15:27:51.003000;3;100614;1;1;5800.0000;1;24482.0000;None;264400.0000
20629;2023-01-08 15:27:51.003000;3;100614;1;1;5800.0000;1;24482.0000;None;264400.0000
20630;2023-01-08 15:30:35.360000;3;100614;1;1;5800.0000;1;31630.0000;None;341600.0000
20629;2023-01-08 14:55:37.363000;1;101007;1;1;59800.0000;1;24482.0000;None;264400.0000
20630;2023-01-08 14:57:46.830000;1;101007;1;1;59800.0000;1;31630.0000;None;341600.0000
18462;2023-01-08 14:25:56.357000;1;101007;1;1;59800.0000;1;13130.0000;None;141800.0000
2374;2023-01-08 13:50:07.270000;1;101007;1;1;62800.0000;1;None;None;150600.0000
20625;2023-01-08 14:00:36.510000;1;101007;1;1;59800.0000;1;12241.0000;None;132200.0000
18449;2023-01-08 13:11:19.257000;1;101007;1;1;59800.0000;1;27352.0000;None;295400.0000
18470;2023-01-08 15:21:44.683000;1;101007;1;1;59800.0000;1;22611.0000;None;244200.0000
18470;2023-01-08 15:21:44.683000;1;101007;1;1;59800.0000;1;22611.0000;None;244200.0000
18447;2023-01-08 13:32:44.783000;3;101216;1;1;6800.0000;1;16796.0000;None;181400.0000
20619;2023-01-08 12:41:35.017000;1;101270;1;1;0.0000;1;9741.0000;None;105200.0000
20619;2023-01-08 12:41:35.017000;1;101270;1;1;0.0000;1;9741.0000;None;105200.0000
20618;2023-01-08 12:20:46.960000;1;101270;1;1;0.0000;1;12574.0000;None;135800.0000
18444;2023-01-08 11:59:33.457000;1;101270;1;1;0.0000;1;37685.0000;None;407000.0000
18444;2023-01-08 11:59:33.457000;1;101270;1;1;0.0000;1;37685.0000;None;407000.0000
18444;2023-01-08 11:59:33.457000;1;101270;1;1;0.0000;1;37685.0000;None;407000.0000
18445;2023-01-08 12:08:37.503000;1;101270;1;1;0.0000;1;4593.0000;None;49600.0000
18448;2023-01-08 13:07:14.077000;1;101270;1;1;0.0000;1;22982.0000;None;248200.0000
18459;2023-01-08 14:07:03.407000;1;101270;1;1;0.0000;1;20241.0000;None;218600.0000
18459;2023-01-08 14:07:03.407000;1;101270;1;1;0.0000;1;20241.0000;None;218600.0000
18459;2023-01-08 14:07:03.407000;1;101270;1;1;0.0000;1;20241.0000;None;218600.0000
18460;2023-01-08 14:17:42.507000;1;101270;1;1;0.0000;1;22722.0000;None;245400.0000
18461;2023-01-08 14:18:05.083000;1;101270;1;1;0.0000;1;None;None;230200.0000
20629;2023-01-08 15:27:51.003000;1;101270;1;1;0.0000;1;24482.0000;None;264400.0000
20632;2023-01-08 16:08:44.970000;1;101270;1;1;0.0000;1;10296.0000;None;111200.0000
20632;2023-01-08 16:08:44.970000;1;101270;1;1;0.0000;1;10296.0000;None;111200.0000
20633;2023-01-08 16:16:56.917000;1;101270;1;1;0.0000;1;15074.0000;None;162800.0000
20633;2023-01-08 16:16:56.917000;1;101270;1;1;0.0000;1;15074.0000;None;162800.0000
20631;2023-01-08 15:53:12.113000;1;101270;1;1;0.0000;1;14833.0000;None;160200.0000
18466;2023-01-08 14:46:21.583000;1;101433;1;1;0.0000;1;10296.0000;None;111200.0000
18449;2023-01-08 13:11:19.257000;6;101518;1;1;0.0000;1;27352.0000;None;295400.0000
18455;2023-01-08 13:43:57.460000;1;102141;1;1;3800.0000;1;4944.0000;None;53400.0000
2382;2023-01-08 15:15:47.723000;1;102159;1;1;8300.0000;1;None;None;44900.0000
20629;2023-01-08 14:55:37.363000;1;102170;1;1;3800.0000;1;24482.0000;None;264400.0000
20621;2023-01-08 13:04:24.793000;1;102170;1;1;3800.0000;1;7685.0000;None;83000.0000
20630;2023-01-08 15:11:23.137000;1;102303;1;1;3800.0000;1;31630.0000;None;341600.0000
20630;2023-01-08 15:12:23.343000;1;102303;1;-1;-3800.0000;1;31630.0000;None;341600.0000
18444;2023-01-08 11:59:33.457000;2;103225;1;3;137400.0000;1;37685.0000;None;407000.0000
2369;2023-01-08 12:52:54.163000;1;103351;1;1;38700.0000;1;None;None;38700.0000
2372;2023-01-08 13:19:02.723000;1;103351;1;1;38700.0000;1;None;None;118900.0000
18463;2023-01-08 14:29:54.207000;1;103351;1;1;36800.0000;1;None;None;76600.0000
18465;2023-01-08 14:55:13.787000;1;103351;1;1;36800.0000;1;15519.0000;None;167600.0000
2380;2023-01-08 15:04:42.283000;1;103351;1;1;38700.0000;1;None;None;164100.0000
18471;2023-01-08 15:19:07.767000;1;103351;1;1;36800.0000;1;22093.0000;None;238600.0000
18448;2023-01-08 13:18:59.960000;1;103856;1;1;32800.0000;1;22982.0000;None;248200.0000
18447;2023-01-08 13:32:44.783000;1;103993;1;1;16800.0000;1;16796.0000;None;181400.0000
18461;2023-01-08 14:52:27.337000;1;103993;1;1;16800.0000;1;None;None;230200.0000
18458;2023-01-08 13:49:37.670000;1;103993;1;1;16800.0000;1;None;None;192400.0000
18474;2023-01-08 15:46:06.170000;1;103993;1;1;16800.0000;1;None;None;33600.0000
18474;2023-01-08 15:46:06.170000;1;103993;1;1;16800.0000;1;None;None;33600.0000
20631;2023-01-08 16:36:29.637000;1;103993;1;1;16800.0000;1;14833.0000;None;160200.0000
18454;2023-01-08 13:30:41.113000;1;104337;1;1;46800.0000;1;12982.0000;None;140200.0000
18452;2023-01-08 13:22:46.170000;1;104341;1;1;39800.0000;1;12056.0000;None;130200.0000
18451;2023-01-08 13:29:05.413000;1;104341;1;1;39800.0000;1;18648.0000;None;201400.0000
18446;2023-01-08 12:26:36.487000;1;104341;1;1;39800.0000;1;10111.0000;None;109200.0000
18473;2023-01-08 15:46:15.247000;1;104341;1;1;39800.0000;1;17445.0000;None;188400.0000
18470;2023-01-08 15:21:44.683000;1;104347;1;1;43800.0000;1;22611.0000;None;244200.0000
20633;2023-01-08 16:16:56.917000;1;104347;1;1;43800.0000;1;15074.0000;None;162800.0000
18467;2023-01-08 14:57:16.153000;1;104347;1;1;43800.0000;1;48982.0000;None;529000.0000
2378;2023-01-08 15:03:20.207000;1;104347;1;1;46000.0000;1;None;None;229600.0000
20632;2023-01-08 16:08:44.970000;1;104347;1;1;43800.0000;1;10296.0000;None;111200.0000
18444;2023-01-08 11:59:33.457000;1;104347;1;1;43800.0000;1;37685.0000;None;407000.0000
18445;2023-01-08 12:08:37.503000;1;104347;1;1;43800.0000;1;4593.0000;None;49600.0000
2370;2023-01-08 12:55:04.967000;1;104347;1;1;46000.0000;1;None;None;132600.0000
20621;2023-01-08 13:04:14.947000;1;104347;1;1;43800.0000;1;7685.0000;None;83000.0000
2372;2023-01-08 13:19:02.723000;1;104347;1;1;46000.0000;1;None;None;118900.0000
18454;2023-01-08 13:30:41.113000;1;104347;1;1;43800.0000;1;12982.0000;None;140200.0000
20623;2023-01-08 13:43:15.433000;1;104347;1;1;43800.0000;1;6222.0000;None;67200.0000
18453;2023-01-08 13:25:30.843000;1;104347;1;1;43800.0000;1;16074.0000;None;173600.0000
18453;2023-01-08 13:25:30.843000;1;104347;1;1;43800.0000;1;16074.0000;None;173600.0000
18448;2023-01-08 13:18:59.960000;1;104347;1;1;43800.0000;1;22982.0000;None;248200.0000
20622;2023-01-08 13:10:52.740000;1;104347;1;1;43800.0000;1;74982.0000;None;809800.0000
20622;2023-01-08 13:10:52.740000;1;104347;1;1;43800.0000;1;74982.0000;None;809800.0000
18449;2023-01-08 13:11:19.257000;1;104347;1;1;43800.0000;1;27352.0000;None;295400.0000
2374;2023-01-08 13:50:07.270000;1;104347;1;1;46000.0000;1;None;None;150600.0000
18457;2023-01-08 13:45:51.443000;1;104347;1;1;43800.0000;1;None;None;156400.0000
18455;2023-01-08 13:43:57.460000;1;104347;1;1;43800.0000;1;4944.0000;None;53400.0000
2375;2023-01-08 14:11:02.590000;1;104347;1;1;46000.0000;1;None;None;104600.0000
18459;2023-01-08 14:07:03.407000;1;104347;1;1;43800.0000;1;20241.0000;None;218600.0000
18464;2023-01-08 14:35:47.200000;1;104347;1;1;43800.0000;1;14722.0000;None;159000.0000
18466;2023-01-08 15:04:14.963000;3;104355;1;1;10800.0000;1;10296.0000;None;111200.0000
20629;2023-01-08 14:22:37.627000;3;104355;1;1;10800.0000;1;24482.0000;None;264400.0000
18460;2023-01-08 14:17:42.507000;3;104355;1;1;10800.0000;1;22722.0000;None;245400.0000
18460;2023-01-08 14:17:42.507000;3;104355;1;1;10800.0000;1;22722.0000;None;245400.0000
20623;2023-01-08 13:43:15.433000;3;104355;1;1;10800.0000;1;6222.0000;None;67200.0000
20623;2023-01-08 13:43:15.477000;3;104355;1;1;10800.0000;1;6222.0000;None;67200.0000
18449;2023-01-08 13:12:21.837000;3;104355;1;1;10800.0000;1;27352.0000;None;295400.0000
18453;2023-01-08 13:25:30.843000;3;104355;1;1;10800.0000;1;16074.0000;None;173600.0000
18453;2023-01-08 13:25:30.843000;3;104355;1;1;10800.0000;1;16074.0000;None;173600.0000
18453;2023-01-08 14:28:58.243000;3;104355;1;1;10800.0000;1;16074.0000;None;173600.0000
20620;2023-01-08 12:45:49.907000;3;104355;1;1;10800.0000;1;17278.0000;None;186600.0000
18446;2023-01-08 12:17:53.213000;3;104355;1;1;10800.0000;1;10111.0000;None;109200.0000
2378;2023-01-08 15:03:20.207000;3;104355;1;1;11400.0000;1;None;None;229600.0000
2378;2023-01-08 15:03:20.207000;3;104355;1;1;11400.0000;1;None;None;229600.0000
2378;2023-01-08 15:03:20.207000;3;104355;1;1;11400.0000;1;None;None;229600.0000
2378;2023-01-08 15:03:20.207000;3;104355;1;1;11400.0000;1;None;None;229600.0000
18471;2023-01-08 15:19:07.767000;3;104355;1;1;10800.0000;1;22093.0000;None;238600.0000
18471;2023-01-08 15:19:07.767000;3;104355;1;1;10800.0000;1;22093.0000;None;238600.0000
18472;2023-01-08 15:19:24.303000;3;104355;1;1;10800.0000;1;9389.0000;None;101400.0000
18472;2023-01-08 15:19:24.303000;3;104355;1;1;10800.0000;1;9389.0000;None;101400.0000
18473;2023-01-08 15:39:09.607000;3;104355;1;1;10800.0000;1;17445.0000;None;188400.0000
2380;2023-01-08 15:04:42.283000;1;104357;1;1;47100.0000;1;None;None;164100.0000
18444;2023-01-08 11:59:33.457000;1;104357;1;1;44800.0000;1;37685.0000;None;407000.0000
20622;2023-01-08 13:10:52.740000;1;104357;1;1;44800.0000;1;74982.0000;None;809800.0000
20622;2023-01-08 13:10:52.740000;1;104357;1;1;44800.0000;1;74982.0000;None;809800.0000
18448;2023-01-08 13:07:14.077000;1;104357;1;1;44800.0000;1;22982.0000;None;248200.0000
18458;2023-01-08 13:49:37.670000;1;104357;1;1;44800.0000;1;None;None;192400.0000
18459;2023-01-08 14:07:03.407000;1;104357;1;1;44800.0000;1;20241.0000;None;218600.0000
18462;2023-01-08 14:25:56.357000;1;104357;1;1;44800.0000;1;13130.0000;None;141800.0000
20630;2023-01-08 14:57:46.830000;1;104357;1;1;44800.0000;1;31630.0000;None;341600.0000
18468;2023-01-08 15:07:52.820000;1;104413;1;1;1800.0000;1;25296.0000;None;273200.0000
18468;2023-01-08 15:07:52.820000;1;104413;1;1;1800.0000;1;25296.0000;None;273200.0000
18468;2023-01-08 15:07:52.820000;1;104413;1;1;1800.0000;1;25296.0000;None;273200.0000
2372;2023-01-08 13:19:02.723000;1;104421;1;1;11400.0000;1;None;None;118900.0000
18452;2023-01-08 13:22:46.170000;1;104447;1;1;56800.0000;1;12056.0000;None;130200.0000
18444;2023-01-08 11:59:33.457000;1;104447;1;1;56800.0000;1;37685.0000;None;407000.0000
18444;2023-01-08 11:59:33.457000;1;104447;1;1;56800.0000;1;37685.0000;None;407000.0000
20619;2023-01-08 12:41:35.017000;1;104447;1;1;56800.0000;1;9741.0000;None;105200.0000
2371;2023-01-08 13:02:46.640000;1;104447;1;1;59700.0000;1;None;None;178000.0000
2371;2023-01-08 13:02:46.640000;1;104447;1;1;59700.0000;1;None;None;178000.0000
20620;2023-01-08 12:47:40.537000;1;104447;1;1;56800.0000;1;17278.0000;None;186600.0000
20629;2023-01-08 14:55:37.363000;1;104447;1;1;56800.0000;1;24482.0000;None;264400.0000
2376;2023-01-08 14:41:07.467000;1;104447;1;1;59700.0000;1;None;None;132700.0000
18465;2023-01-08 14:55:13.787000;1;104447;1;1;56800.0000;1;15519.0000;None;167600.0000
18459;2023-01-08 14:07:03.407000;1;104447;1;1;56800.0000;1;20241.0000;None;218600.0000
18457;2023-01-08 13:45:51.443000;1;104447;1;1;56800.0000;1;None;None;156400.0000
2380;2023-01-08 15:04:42.283000;1;104447;1;1;59700.0000;1;None;None;164100.0000
18471;2023-01-08 15:19:07.767000;1;104447;1;1;56800.0000;1;22093.0000;None;238600.0000
18471;2023-01-08 15:19:07.767000;1;104447;1;1;56800.0000;1;22093.0000;None;238600.0000
2385;2023-01-08 16:42:55.487000;1;104447;1;1;59700.0000;1;None;None;130700.0000
18467;2023-01-08 15:17:33.697000;1;104450;1;1;22800.0000;1;48982.0000;None;529000.0000
18467;2023-01-08 15:17:33.697000;1;104450;1;1;22800.0000;1;48982.0000;None;529000.0000
18449;2023-01-08 13:11:19.257000;1;104450;1;1;22800.0000;1;27352.0000;None;295400.0000
20628;2023-01-08 14:20:27.017000;1;104498;1;1;24800.0000;1;None;None;59400.0000
18473;2023-01-08 16:49:00.367000;1;104498;1;1;24800.0000;1;17445.0000;None;188400.0000
18475;2023-01-08 16:58:32.553000;1;104498;1;1;24800.0000;1;16148.0000;None;174400.0000
18475;2023-01-08 16:58:32.553000;3;104554;1;1;4800.0000;1;16148.0000;None;174400.0000
18461;2023-01-08 14:52:27.337000;3;104554;1;1;4800.0000;1;None;None;230200.0000
20623;2023-01-08 13:59:40.387000;1;104777;1;1;1800.0000;1;6222.0000;None;67200.0000
18460;2023-01-08 14:17:42.507000;1;104974;1;1;45800.0000;1;22722.0000;None;245400.0000
20630;2023-01-08 14:57:46.830000;1;104974;1;1;45800.0000;1;31630.0000;None;341600.0000
18467;2023-01-08 15:17:33.697000;1;105065;2;1;0.0000;1;48982.0000;None;529000.0000
18467;2023-01-08 15:17:33.697000;1;105065;2;1;0.0000;1;48982.0000;None;529000.0000
20619;2023-01-08 12:41:35.017000;1;106358;1;1;36800.0000;1;9741.0000;None;105200.0000
18447;2023-01-08 12:37:38.360000;1;106358;1;1;36800.0000;1;16796.0000;None;181400.0000
20618;2023-01-08 12:23:19.267000;1;106358;1;1;36800.0000;1;12574.0000;None;135800.0000
2385;2023-01-08 16:42:55.487000;None;106866;None;1;29200.0000;1;None;None;130700.0000
20630;2023-01-08 14:30:58.613000;2;107730;1;1;24800.0000;1;31630.0000;None;341600.0000
20629;2023-01-08 14:55:37.363000;1;107823;1;1;23800.0000;1;24482.0000;None;264400.0000
20621;2023-01-08 13:04:14.947000;1;107823;1;1;23800.0000;1;7685.0000;None;83000.0000
20622;2023-01-08 13:10:52.740000;1;107823;1;1;23800.0000;1;74982.0000;None;809800.0000
20622;2023-01-08 13:10:52.740000;1;107823;1;1;23800.0000;1;74982.0000;None;809800.0000
20622;2023-01-08 13:10:52.740000;1;107823;1;1;23800.0000;1;74982.0000;None;809800.0000
20622;2023-01-08 13:10:52.740000;1;107823;1;1;23800.0000;1;74982.0000;None;809800.0000
20622;2023-01-08 13:10:52.740000;1;107823;1;1;23800.0000;1;74982.0000;None;809800.0000
20622;2023-01-08 13:10:52.740000;1;107823;1;1;23800.0000;1;74982.0000;None;809800.0000
20622;2023-01-08 13:10:52.740000;1;107823;1;1;23800.0000;1;74982.0000;None;809800.0000
20622;2023-01-08 13:10:52.740000;1;107823;1;1;23800.0000;1;74982.0000;None;809800.0000
18449;2023-01-08 13:11:19.257000;1;107826;1;1;43800.0000;1;27352.0000;None;295400.0000
18453;2023-01-08 13:29:26.550000;1;107826;1;1;43800.0000;1;16074.0000;None;173600.0000
18466;2023-01-08 14:46:21.583000;1;107826;1;1;43800.0000;1;10296.0000;None;111200.0000
18461;2023-01-08 14:18:05.083000;1;107826;1;1;43800.0000;1;None;None;230200.0000
18460;2023-01-08 14:17:42.507000;1;107827;1;1;49800.0000;1;22722.0000;None;245400.0000
20625;2023-01-08 14:00:36.510000;1;107827;1;1;49800.0000;1;12241.0000;None;132200.0000
20626;2023-01-08 13:57:28.197000;1;107827;1;1;49800.0000;1;32333.0000;None;349200.0000
18468;2023-01-08 14:58:00.657000;1;107827;1;1;49800.0000;1;25296.0000;None;273200.0000
18467;2023-01-08 15:28:09.513000;1;107829;1;1;34800.0000;1;48982.0000;None;529000.0000
2382;2023-01-08 15:15:47.723000;1;107829;1;1;36600.0000;1;None;None;44900.0000
2384;2023-01-08 16:31:54.503000;1;107831;1;1;55800.0000;1;None;None;95600.0000
18475;2023-01-08 16:23:07.880000;1;107831;1;1;55800.0000;1;16148.0000;None;174400.0000
20633;2023-01-08 16:16:56.917000;1;107831;1;1;55800.0000;1;15074.0000;None;162800.0000
18467;2023-01-08 14:57:16.153000;1;107831;1;1;55800.0000;1;48982.0000;None;529000.0000
18468;2023-01-08 14:58:00.657000;1;107831;1;1;55800.0000;1;25296.0000;None;273200.0000
18468;2023-01-08 14:58:00.657000;1;107831;1;1;55800.0000;1;25296.0000;None;273200.0000
2378;2023-01-08 15:03:20.207000;1;107831;1;1;58600.0000;1;None;None;229600.0000
2378;2023-01-08 15:03:20.207000;1;107831;1;1;58600.0000;1;None;None;229600.0000
18473;2023-01-08 15:46:15.247000;1;107831;1;1;55800.0000;1;17445.0000;None;188400.0000
20632;2023-01-08 16:08:44.970000;1;107831;1;1;55800.0000;1;10296.0000;None;111200.0000
20626;2023-01-08 13:57:28.197000;1;107831;1;1;55800.0000;1;32333.0000;None;349200.0000
20626;2023-01-08 13:57:28.197000;1;107831;1;1;55800.0000;1;32333.0000;None;349200.0000
18459;2023-01-08 14:07:03.407000;1;107831;1;1;55800.0000;1;20241.0000;None;218600.0000
2375;2023-01-08 14:11:02.590000;1;107831;1;1;58600.0000;1;None;None;104600.0000
18460;2023-01-08 14:17:42.507000;1;107831;1;1;55800.0000;1;22722.0000;None;245400.0000
2373;2023-01-08 13:44:59.827000;1;107831;1;1;55800.0000;1;None;None;55800.0000
18457;2023-01-08 13:45:51.443000;1;107831;1;1;55800.0000;1;None;None;156400.0000
18458;2023-01-08 13:49:37.670000;1;107831;1;1;55800.0000;1;None;None;192400.0000
2376;2023-01-08 14:41:07.467000;1;107831;1;1;58600.0000;1;None;None;132700.0000
2377;2023-01-08 14:46:58.617000;1;107831;1;1;58600.0000;1;None;None;142200.0000
18451;2023-01-08 13:29:05.413000;1;107831;1;1;55800.0000;1;18648.0000;None;201400.0000
20622;2023-01-08 13:10:52.740000;1;107831;1;1;55800.0000;1;74982.0000;None;809800.0000
18448;2023-01-08 13:18:59.960000;1;107831;1;1;55800.0000;1;22982.0000;None;248200.0000
2371;2023-01-08 13:02:46.640000;1;107831;1;1;58600.0000;1;None;None;178000.0000
20620;2023-01-08 12:47:40.537000;1;107831;1;1;55800.0000;1;17278.0000;None;186600.0000
2368;2023-01-08 12:45:55.870000;1;107831;1;1;58600.0000;1;None;None;58600.0000
2370;2023-01-08 12:55:04.967000;1;107831;1;1;58600.0000;1;None;None;132600.0000
18447;2023-01-08 12:30:09.423000;1;107831;1;1;55800.0000;1;16796.0000;None;181400.0000
18444;2023-01-08 11:59:33.457000;1;107831;1;1;55800.0000;1;37685.0000;None;407000.0000
18447;2023-01-08 12:30:09.423000;1;107832;1;1;39800.0000;1;16796.0000;None;181400.0000
2386;2023-01-08 17:45:21.440000;1;107833;1;1;52300.0000;1;None;None;52300.0000
18446;2023-01-08 12:26:36.487000;1;107833;1;1;49800.0000;1;10111.0000;None;109200.0000
2370;2023-01-08 12:55:04.967000;1;107836;1;1;20800.0000;1;None;None;132600.0000
18451;2023-01-08 13:29:05.413000;1;107836;1;1;19800.0000;1;18648.0000;None;201400.0000
18467;2023-01-08 14:57:16.153000;1;107836;1;1;19800.0000;1;48982.0000;None;529000.0000
18467;2023-01-08 14:57:16.153000;1;107836;1;1;19800.0000;1;48982.0000;None;529000.0000
20628;2023-01-08 14:20:27.017000;1;107836;1;1;19800.0000;1;None;None;59400.0000
2378;2023-01-08 15:03:20.207000;1;107836;1;1;20800.0000;1;None;None;229600.0000
2381;2023-01-08 15:12:38.593000;1;107836;1;1;20800.0000;1;None;None;83400.0000
2381;2023-01-08 15:12:38.593000;1;107836;1;1;20800.0000;1;None;None;83400.0000
2379;2023-01-08 15:03:44.267000;1;107839;1;1;41800.0000;1;None;None;83600.0000
2379;2023-01-08 15:03:44.267000;1;107839;1;1;41800.0000;1;None;None;83600.0000
18468;2023-01-08 14:58:00.657000;1;107839;1;1;39800.0000;1;25296.0000;None;273200.0000
18467;2023-01-08 14:57:16.153000;1;107839;1;1;39800.0000;1;48982.0000;None;529000.0000
2384;2023-01-08 16:31:54.503000;1;107839;1;1;39800.0000;1;None;None;95600.0000
18467;2023-01-08 14:57:16.153000;1;107839;1;1;39800.0000;1;48982.0000;None;529000.0000
2377;2023-01-08 14:46:58.617000;1;107839;1;1;41800.0000;1;None;None;142200.0000
18467;2023-01-08 14:57:16.153000;1;107839;1;1;39800.0000;1;48982.0000;None;529000.0000
18465;2023-01-08 14:55:13.787000;1;107839;1;1;39800.0000;1;15519.0000;None;167600.0000
18463;2023-01-08 14:29:54.207000;1;107839;1;1;39800.0000;1;None;None;76600.0000
18458;2023-01-08 13:49:37.670000;1;107839;1;1;39800.0000;1;None;None;192400.0000
20626;2023-01-08 13:57:28.197000;1;107839;1;1;39800.0000;1;32333.0000;None;349200.0000
20626;2023-01-08 13:57:28.197000;1;107839;1;1;39800.0000;1;32333.0000;None;349200.0000
20626;2023-01-08 13:57:28.197000;1;107839;1;1;39800.0000;1;32333.0000;None;349200.0000
18451;2023-01-08 13:29:05.413000;1;107839;1;1;39800.0000;1;18648.0000;None;201400.0000
20618;2023-01-08 12:23:19.267000;1;107839;1;1;39800.0000;1;12574.0000;None;135800.0000
20618;2023-01-08 12:23:19.267000;1;107840;1;1;42800.0000;1;12574.0000;None;135800.0000
20620;2023-01-08 12:45:49.907000;1;107840;1;1;42800.0000;1;17278.0000;None;186600.0000
20627;2023-01-08 14:07:02.070000;1;107840;1;1;42800.0000;1;10278.0000;None;111000.0000
20631;2023-01-08 15:58:21.040000;1;107840;1;1;42800.0000;1;14833.0000;None;160200.0000
18470;2023-01-08 15:21:44.683000;1;107846;1;1;32800.0000;1;22611.0000;None;244200.0000
18475;2023-01-08 16:23:07.880000;1;107846;1;1;32800.0000;1;16148.0000;None;174400.0000
18464;2023-01-08 14:35:47.200000;1;107847;1;1;39800.0000;1;14722.0000;None;159000.0000
20628;2023-01-08 14:20:27.017000;1;107871;1;1;14800.0000;1;None;None;59400.0000
2372;2023-01-08 13:19:02.723000;1;107871;1;1;15600.0000;1;None;None;118900.0000
20622;2023-01-08 14:14:41.593000;1;107871;1;1;14800.0000;1;74982.0000;None;809800.0000
20622;2023-01-08 14:14:41.593000;1;107871;1;1;14800.0000;1;74982.0000;None;809800.0000
2380;2023-01-08 15:04:42.283000;1;107871;1;1;15600.0000;1;None;None;164100.0000
18470;2023-01-08 15:18:24.800000;3;107873;1;1;8800.0000;1;22611.0000;None;244200.0000
18467;2023-01-08 14:57:16.153000;3;107873;1;7;61600.0000;1;48982.0000;None;529000.0000
20633;2023-01-08 16:16:56.917000;3;107873;1;1;8800.0000;1;15074.0000;None;162800.0000
18473;2023-01-08 15:39:09.607000;3;107873;1;1;8800.0000;1;17445.0000;None;188400.0000
18475;2023-01-08 16:23:07.880000;3;107873;1;1;8800.0000;1;16148.0000;None;174400.0000
18475;2023-01-08 16:23:07.880000;3;107873;1;1;8800.0000;1;16148.0000;None;174400.0000
18449;2023-01-08 13:11:19.257000;3;107873;1;1;8800.0000;1;27352.0000;None;295400.0000
18449;2023-01-08 13:11:19.257000;3;107873;1;1;8800.0000;1;27352.0000;None;295400.0000
18449;2023-01-08 13:11:19.257000;3;107873;1;1;8800.0000;1;27352.0000;None;295400.0000
18446;2023-01-08 12:17:53.213000;3;107873;1;1;8800.0000;1;10111.0000;None;109200.0000
20620;2023-01-08 12:45:49.907000;3;107873;1;1;8800.0000;1;17278.0000;None;186600.0000
20618;2023-01-08 12:20:46.960000;3;107873;1;1;8800.0000;1;12574.0000;None;135800.0000
18447;2023-01-08 12:30:09.423000;3;107873;1;1;8800.0000;1;16796.0000;None;181400.0000
20629;2023-01-08 14:27:09.647000;3;107873;1;1;8800.0000;1;24482.0000;None;264400.0000
18465;2023-01-08 15:02:51.327000;3;107873;1;1;8800.0000;1;15519.0000;None;167600.0000
18464;2023-01-08 14:35:47.200000;3;107873;1;1;8800.0000;1;14722.0000;None;159000.0000
18466;2023-01-08 15:04:14.963000;3;107873;1;1;8800.0000;1;10296.0000;None;111200.0000
20626;2023-01-08 13:57:28.197000;3;107873;1;7;61600.0000;1;32333.0000;None;349200.0000
20625;2023-01-08 13:53:33.040000;3;107873;1;1;8800.0000;1;12241.0000;None;132200.0000
18458;2023-01-08 13:49:37.670000;3;107873;1;4;35200.0000;1;None;None;192400.0000
20618;2023-01-08 12:39:17.797000;1;107888;1;1;1800.0000;1;12574.0000;None;135800.0000
18461;2023-01-08 14:19:48.167000;1;107893;1;1;54800.0000;1;None;None;230200.0000
2380;2023-01-08 15:04:42.283000;1;108015;1;1;3000.0000;1;None;None;164100.0000
18450;2023-01-08 13:14:18.493000;2;108132;1;1;23800.0000;1;5148.0000;None;55600.0000
18452;2023-01-08 13:22:46.170000;2;108132;1;1;23800.0000;1;12056.0000;None;130200.0000
18470;2023-01-08 15:18:24.800000;3;108191;1;1;0.0000;1;22611.0000;None;244200.0000
18470;2023-01-08 15:18:24.800000;3;108191;1;1;0.0000;1;22611.0000;None;244200.0000
18470;2023-01-08 15:41:41.653000;3;108191;1;1;0.0000;1;22611.0000;None;244200.0000
18461;2023-01-08 14:18:05.083000;3;108191;1;1;0.0000;1;None;None;230200.0000
2374;2023-01-08 13:50:07.270000;1;108314;1;1;41800.0000;1;None;None;150600.0000
2377;2023-01-08 14:46:58.617000;1;108314;1;1;41800.0000;1;None;None;142200.0000
20629;2023-01-08 14:53:58.273000;1;108314;1;1;39800.0000;1;24482.0000;None;264400.0000
18448;2023-01-08 13:18:59.960000;1;108314;1;1;39800.0000;1;22982.0000;None;248200.0000
20631;2023-01-08 15:58:21.040000;1;108314;1;1;39800.0000;1;14833.0000;None;160200.0000
2381;2023-01-08 15:12:38.593000;1;108314;1;1;41800.0000;1;None;None;83400.0000
2385;2023-01-08 16:42:55.487000;1;108314;1;1;41800.0000;1;None;None;130700.0000
18472;2023-01-08 15:19:24.303000;1;108319;1;1;79800.0000;1;9389.0000;None;101400.0000
20630;2023-01-08 14:36:12.877000;1;108319;1;1;79800.0000;1;31630.0000;None;341600.0000
20624;2023-01-08 13:59:10.227000;1;108319;1;1;79800.0000;1;15445.0000;None;166800.0000
18461;2023-01-08 14:19:48.167000;1;108319;1;1;79800.0000;1;None;None;230200.0000
18451;2023-01-08 14:16:34.397000;3;108325;1;1;16800.0000;1;18648.0000;None;201400.0000
18460;2023-01-08 14:17:42.507000;1;109155;1;1;59800.0000;1;22722.0000;None;245400.0000
18464;2023-01-08 14:35:47.200000;1;109155;1;1;59800.0000;1;14722.0000;None;159000.0000
18471;2023-01-08 15:19:07.767000;1;109155;1;1;59800.0000;1;22093.0000;None;238600.0000
20631;2023-01-08 15:58:21.040000;1;109156;1;1;31800.0000;1;14833.0000;None;160200.0000
18468;2023-01-08 14:58:00.657000;1;109156;1;1;31800.0000;1;25296.0000;None;273200.0000
18450;2023-01-08 13:14:18.493000;1;109156;1;1;31800.0000;1;5148.0000;None;55600.0000
20627;2023-01-08 13:59:34.917000;1;109205;1;1;0.0000;1;10278.0000;None;111000.0000
20627;2023-01-08 13:59:34.917000;1;109205;1;1;0.0000;1;10278.0000;None;111000.0000
20627;2023-01-08 13:59:34.917000;1;109205;1;1;0.0000;1;10278.0000;None;111000.0000
20627;2023-01-08 13:59:34.917000;1;109205;1;1;0.0000;1;10278.0000;None;111000.0000
20627;2023-01-08 13:59:34.917000;1;109205;1;1;0.0000;1;10278.0000;None;111000.0000
20627;2023-01-08 13:59:34.917000;1;109205;1;1;0.0000;1;10278.0000;None;111000.0000
20625;2023-01-08 13:53:33.040000;1;109205;1;1;0.0000;1;12241.0000;None;132200.0000
20625;2023-01-08 13:53:33.040000;1;109205;1;1;0.0000;1;12241.0000;None;132200.0000
20625;2023-01-08 13:53:33.040000;1;109205;1;1;0.0000;1;12241.0000;None;132200.0000
20625;2023-01-08 13:53:33.040000;1;109205;1;1;0.0000;1;12241.0000;None;132200.0000
20625;2023-01-08 13:53:33.040000;1;109205;1;1;0.0000;1;12241.0000;None;132200.0000
18468;2023-01-08 15:07:52.820000;1;109205;1;1;0.0000;1;25296.0000;None;273200.0000
18467;2023-01-08 14:57:16.153000;1;109243;1;1;42800.0000;1;48982.0000;None;529000.0000
18467;2023-01-08 15:24:15.927000;1;109243;1;1;42800.0000;1;48982.0000;None;529000.0000
18467;2023-01-08 15:28:09.513000;1;109243;1;1;42800.0000;1;48982.0000;None;529000.0000
20633;2023-01-08 16:16:56.917000;1;109243;1;1;42800.0000;1;15074.0000;None;162800.0000
20630;2023-01-08 14:57:46.830000;1;109243;1;1;42800.0000;1;31630.0000;None;341600.0000
18454;2023-01-08 13:30:41.113000;1;109243;1;1;42800.0000;1;12982.0000;None;140200.0000
20622;2023-01-08 13:10:52.740000;1;109243;1;1;42800.0000;1;74982.0000;None;809800.0000
20622;2023-01-08 13:10:52.740000;1;109243;1;1;42800.0000;1;74982.0000;None;809800.0000
20622;2023-01-08 13:10:52.740000;1;109243;1;1;42800.0000;1;74982.0000;None;809800.0000
18473;2023-01-08 15:46:15.247000;1;109335;1;1;36800.0000;1;17445.0000;None;188400.0000
18449;2023-01-08 13:11:19.257000;1;109335;1;1;36800.0000;1;27352.0000;None;295400.0000
18475;2023-01-08 16:23:07.880000;1;109450;1;1;31800.0000;1;16148.0000;None;174400.0000
20629;2023-01-08 14:22:37.627000;1;109450;1;1;31800.0000;1;24482.0000;None;264400.0000
20624;2023-01-08 13:59:10.227000;1;109450;1;1;31800.0000;1;15445.0000;None;166800.0000
20627;2023-01-08 14:27:47.247000;1;109451;1;1;26800.0000;1;10278.0000;None;111000.0000
18466;2023-01-08 14:46:21.583000;1;109568;1;1;47800.0000;1;10296.0000;None;111200.0000
18448;2023-01-08 13:07:14.077000;3;200005;1;1;13800.0000;1;22982.0000;None;248200.0000
20622;2023-01-08 13:10:52.740000;2;200136;1;1;95800.0000;1;74982.0000;None;809800.0000
20622;2023-01-08 13:47:53.453000;2;200136;1;1;95800.0000;1;74982.0000;None;809800.0000
18449;2023-01-08 13:11:19.257000;2;200480;1;1;12800.0000;1;27352.0000;None;295400.0000
18449;2023-01-08 13:11:19.257000;2;200480;1;1;12800.0000;1;27352.0000;None;295400.0000
18449;2023-01-08 13:45:10.297000;2;200480;1;1;12800.0000;1;27352.0000;None;295400.0000
18449;2023-01-08 13:45:10.297000;2;200480;1;1;12800.0000;1;27352.0000;None;295400.0000
18449;2023-01-08 13:40:53.360000;2;200480;1;1;12800.0000;1;27352.0000;None;295400.0000
18449;2023-01-08 13:40:53.360000;2;200480;1;1;12800.0000;1;27352.0000;None;295400.0000
18449;2023-01-08 13:51:15.403000;2;200480;1;-1;-12800.0000;1;27352.0000;None;295400.0000
18449;2023-01-08 13:51:15.403000;2;200480;1;-1;-12800.0000;1;27352.0000;None;295400.0000
18462;2023-01-08 14:18:45.167000;2;200480;1;1;12800.0000;1;13130.0000;None;141800.0000
18462;2023-01-08 14:18:45.167000;2;200480;1;1;12800.0000;1;13130.0000;None;141800.0000
20632;2023-01-08 16:08:44.970000;3;200644;1;1;5800.0000;1;10296.0000;None;111200.0000
20632;2023-01-08 16:08:44.970000;3;200644;1;1;5800.0000;1;10296.0000;None;111200.0000
20629;2023-01-08 14:22:37.627000;3;200644;1;1;5800.0000;1;24482.0000;None;264400.0000
20629;2023-01-08 14:27:09.647000;3;200644;1;1;5800.0000;1;24482.0000;None;264400.0000
20629;2023-01-08 15:27:51.003000;3;200644;1;1;5800.0000;1;24482.0000;None;264400.0000
18459;2023-01-08 14:07:03.407000;3;200644;1;1;5800.0000;1;20241.0000;None;218600.0000
18459;2023-01-08 14:07:03.407000;3;200644;1;1;5800.0000;1;20241.0000;None;218600.0000
18460;2023-01-08 14:17:42.507000;3;200644;1;1;5800.0000;1;22722.0000;None;245400.0000
18448;2023-01-08 13:07:14.077000;3;200644;1;1;5800.0000;1;22982.0000;None;248200.0000
18445;2023-01-08 12:08:37.503000;3;200644;1;1;5800.0000;1;4593.0000;None;49600.0000
20618;2023-01-08 12:20:46.960000;3;200644;1;1;5800.0000;1;12574.0000;None;135800.0000
20619;2023-01-08 12:41:35.017000;3;200644;1;1;5800.0000;1;9741.0000;None;105200.0000
20619;2023-01-08 12:41:35.017000;3;200644;1;1;5800.0000;1;9741.0000;None;105200.0000
20620;2023-01-08 12:45:49.907000;3;201146;1;1;5800.0000;1;17278.0000;None;186600.0000
18444;2023-01-08 11:59:33.457000;3;201146;1;2;11600.0000;1;37685.0000;None;407000.0000
18448;2023-01-08 13:07:14.077000;3;201146;1;1;5800.0000;1;22982.0000;None;248200.0000
20622;2023-01-08 13:10:52.740000;3;201146;1;1;5800.0000;1;74982.0000;None;809800.0000
20622;2023-01-08 13:10:52.740000;3;201146;1;1;5800.0000;1;74982.0000;None;809800.0000
20622;2023-01-08 13:10:52.740000;3;201146;1;1;5800.0000;1;74982.0000;None;809800.0000
18459;2023-01-08 14:07:03.407000;3;201146;1;1;5800.0000;1;20241.0000;None;218600.0000
20630;2023-01-08 15:30:35.360000;3;201146;1;1;5800.0000;1;31630.0000;None;341600.0000
18461;2023-01-08 14:19:48.167000;3;201146;1;1;5800.0000;1;None;None;230200.0000
18465;2023-01-08 14:49:31.473000;3;201146;1;1;5800.0000;1;15519.0000;None;167600.0000
20631;2023-01-08 15:53:12.113000;3;201146;1;1;5800.0000;1;14833.0000;None;160200.0000
18470;2023-01-08 15:41:41.653000;2;201187;1;1;9800.0000;1;22611.0000;None;244200.0000
18470;2023-01-08 15:18:24.800000;2;201187;1;1;9800.0000;1;22611.0000;None;244200.0000
18470;2023-01-08 15:18:24.800000;2;201187;1;1;9800.0000;1;22611.0000;None;244200.0000
18470;2023-01-08 15:18:24.800000;2;201187;1;1;9800.0000;1;22611.0000;None;244200.0000
18465;2023-01-08 14:40:07.803000;2;201187;1;1;9800.0000;1;15519.0000;None;167600.0000
18465;2023-01-08 14:40:07.803000;2;201187;1;1;9800.0000;1;15519.0000;None;167600.0000
20630;2023-01-08 14:36:12.877000;2;201187;1;1;9800.0000;1;31630.0000;None;341600.0000
20630;2023-01-08 14:28:19.630000;2;201187;1;1;9800.0000;1;31630.0000;None;341600.0000
18451;2023-01-08 14:16:34.397000;2;201187;1;1;9800.0000;1;18648.0000;None;201400.0000
18451;2023-01-08 13:20:52.983000;2;201187;1;1;9800.0000;1;18648.0000;None;201400.0000
18451;2023-01-08 13:20:52.983000;2;201187;1;1;9800.0000;1;18648.0000;None;201400.0000
18453;2023-01-08 13:44:45.883000;2;201187;1;1;9800.0000;1;16074.0000;None;173600.0000
18452;2023-01-08 13:22:46.170000;2;201187;1;1;9800.0000;1;12056.0000;None;130200.0000
18447;2023-01-08 12:30:09.423000;2;201187;1;1;9800.0000;1;16796.0000;None;181400.0000
18448;2023-01-08 13:07:14.077000;3;201206;1;1;5800.0000;1;22982.0000;None;248200.0000
18468;2023-01-08 14:58:00.657000;3;201206;1;1;5800.0000;1;25296.0000;None;273200.0000
18475;2023-01-08 16:23:07.880000;3;201211;1;1;6800.0000;1;16148.0000;None;174400.0000
18471;2023-01-08 15:19:07.767000;3;201211;1;1;6800.0000;1;22093.0000;None;238600.0000
18454;2023-01-08 13:30:41.113000;3;201211;1;1;6800.0000;1;12982.0000;None;140200.0000
18464;2023-01-08 14:35:47.200000;3;201211;1;1;6800.0000;1;14722.0000;None;159000.0000
20630;2023-01-08 15:30:35.360000;3;201211;1;1;6800.0000;1;31630.0000;None;341600.0000
18460;2023-01-08 14:17:42.507000;3;201211;1;1;6800.0000;1;22722.0000;None;245400.0000
20626;2023-01-08 14:13:20.613000;3;201211;1;1;6800.0000;1;32333.0000;None;349200.0000
18468;2023-01-08 14:58:00.657000;3;201237;1;5;29000.0000;1;25296.0000;None;273200.0000
20631;2023-01-08 15:53:12.113000;3;201269;1;1;5800.0000;1;14833.0000;None;160200.0000
20633;2023-01-08 16:16:56.917000;3;201269;1;1;5800.0000;1;15074.0000;None;162800.0000
20633;2023-01-08 16:16:56.917000;3;201269;1;1;5800.0000;1;15074.0000;None;162800.0000
18461;2023-01-08 14:18:05.083000;3;201269;1;1;5800.0000;1;None;None;230200.0000
18455;2023-01-08 13:43:57.460000;3;201269;1;1;5800.0000;1;4944.0000;None;53400.0000
18462;2023-01-08 14:18:45.167000;3;201269;1;1;5800.0000;1;13130.0000;None;141800.0000
18462;2023-01-08 15:01:37.280000;3;201269;1;1;5800.0000;1;13130.0000;None;141800.0000
20621;2023-01-08 13:01:24.307000;3;201269;1;1;5800.0000;1;7685.0000;None;83000.0000
20621;2023-01-08 13:01:24.307000;3;201269;1;1;5800.0000;1;7685.0000;None;83000.0000
2370;2023-01-08 12:55:04.967000;3;201420;1;1;7200.0000;1;None;None;132600.0000
2372;2023-01-08 13:19:02.723000;3;201420;1;1;7200.0000;1;None;None;118900.0000
2376;2023-01-08 14:41:07.467000;3;201420;1;1;7200.0000;1;None;None;132700.0000
2376;2023-01-08 14:41:07.467000;3;201420;1;1;7200.0000;1;None;None;132700.0000
20627;2023-01-08 14:23:32.490000;2;201615;1;1;13800.0000;1;10278.0000;None;111000.0000
20627;2023-01-08 13:59:34.917000;2;201615;1;1;13800.0000;1;10278.0000;None;111000.0000
20627;2023-01-08 13:59:34.917000;2;201959;1;1;13800.0000;1;10278.0000;None;111000.0000
20624;2023-01-08 14:14:27.850000;2;201959;1;1;13800.0000;1;15445.0000;None;166800.0000
20624;2023-01-08 13:43:43.253000;2;201959;1;1;13800.0000;1;15445.0000;None;166800.0000
20625;2023-01-08 13:53:33.040000;2;201959;1;1;13800.0000;1;12241.0000;None;132200.0000
20624;2023-01-08 14:14:27.850000;2;201960;1;1;13800.0000;1;15445.0000;None;166800.0000
20624;2023-01-08 14:44:31.943000;2;201960;1;1;13800.0000;1;15445.0000;None;166800.0000
20624;2023-01-08 14:44:31.943000;2;201961;1;-1;-13800.0000;1;15445.0000;None;166800.0000
20624;2023-01-08 13:43:43.253000;2;201961;1;1;13800.0000;1;15445.0000;None;166800.0000
18461;2023-01-08 14:18:05.083000;2;202604;1;1;12800.0000;1;None;None;230200.0000
