20648;2023-01-10 12:27:30.993000;7;1001;1;1;0.0000;1;17352.0000;None;187400.0000
20649;2023-01-10 13:02:22.443000;7;1001;1;1;0.0000;1;14093.0000;None;152200.0000
18524;2023-01-10 13:04:56.637000;7;1001;1;1;0.0000;1;10185.0000;None;110000.0000
20652;2023-01-10 13:19:17.103000;7;1001;1;1;0.0000;1;17370.0000;None;187600.0000
18525;2023-01-10 13:19:37.380000;7;1001;1;1;0.0000;1;16741.0000;None;180800.0000
20654;2023-01-10 19:33:33.523000;7;1001;1;1;0.0000;1;11574.0000;None;125000.0000
2411;2023-01-10 15:38:23.077000;7;1069;1;1;0.0000;1;None;None;146200.0000
2405;2023-01-10 13:13:17.107000;7;1074;1;1;0.0000;1;None;None;89700.0000
2413;2023-01-10 16:54:38.260000;7;1077;1;1;0.0000;1;None;None;77400.0000
2406;2023-01-10 13:31:28.687000;7;1131;1;1;0.0000;1;None;None;118100.0000
2406;2023-01-10 13:31:28.687000;7;1131;1;1;0.0000;1;None;None;118100.0000
2413;2023-01-10 16:54:38.260000;7;1135;1;1;0.0000;1;None;None;77400.0000
2405;2023-01-10 13:13:17.107000;7;1135;1;1;0.0000;1;None;None;89700.0000
20652;2023-01-10 13:24:09.340000;7;1135;1;1;0.0000;1;17370.0000;None;187600.0000
18521;2023-01-10 12:17:05.983000;7;1157;1;1;0.0000;1;None;None;59800.0000
18520;2023-01-10 12:09:52.693000;7;1193;1;1;0.0000;1;15963.0000;None;172400.0000
18527;2023-01-10 13:20:08.427000;7;1207;1;1;0.0000;1;21315.0000;None;230200.0000
18533;2023-01-10 18:01:30.597000;7;1220;1;1;0.0000;1;15445.0000;None;166800.0000
20652;2023-01-10 13:34:09.213000;7;1220;1;1;0.0000;1;17370.0000;None;187600.0000
18525;2023-01-10 13:34:18.320000;7;1220;1;1;0.0000;1;16741.0000;None;180800.0000
20649;2023-01-10 13:26:44;7;1220;1;1;0.0000;1;14093.0000;None;152200.0000
18524;2023-01-10 13:35:44.040000;7;1220;1;1;0.0000;1;10185.0000;None;110000.0000
20649;2023-01-10 13:02:22.443000;3;100601;1;1;5800.0000;1;14093.0000;None;152200.0000
18523;2023-01-10 12:37:40.163000;3;100601;1;1;5800.0000;1;10204.0000;None;110200.0000
20653;2023-01-10 18:00:25.777000;3;100601;1;1;5800.0000;1;10259.0000;None;110800.0000
20653;2023-01-10 18:00:25.777000;3;100601;1;1;5800.0000;1;10259.0000;None;110800.0000
18533;2023-01-10 17:37:40.170000;3;100601;1;1;5800.0000;1;15445.0000;None;166800.0000
20653;2023-01-10 18:23:12.743000;3;100606;1;1;6800.0000;1;10259.0000;None;110800.0000
18530;2023-01-10 15:21:35.570000;3;100614;1;1;5800.0000;1;3704.0000;None;40000.0000
18530;2023-01-10 15:21:35.570000;3;100614;1;1;5800.0000;1;3704.0000;None;40000.0000
18530;2023-01-10 15:31:40.873000;3;100614;1;1;5800.0000;1;3704.0000;None;40000.0000
18530;2023-01-10 15:33:46.377000;3;100614;1;1;5800.0000;1;3704.0000;None;40000.0000
20648;2023-01-10 12:56:13.087000;3;100614;1;1;5800.0000;1;17352.0000;None;187400.0000
18524;2023-01-10 14:03:44.837000;3;100614;1;1;5800.0000;1;10185.0000;None;110000.0000
20651;2023-01-10 14:00:37.917000;3;100614;1;1;5800.0000;1;5574.0000;None;60200.0000
18521;2023-01-10 12:17:05.983000;1;101007;1;1;59800.0000;1;None;None;59800.0000
18536;2023-01-10 19:57:06.297000;1;101007;1;1;59800.0000;1;15630.0000;None;168800.0000
18522;2023-01-10 12:18:34.660000;1;101270;1;1;0.0000;1;6074.0000;None;65600.0000
20648;2023-01-10 12:27:30.993000;1;101270;1;1;0.0000;1;17352.0000;None;187400.0000
18524;2023-01-10 13:06:53.463000;1;101270;1;1;0.0000;1;10185.0000;None;110000.0000
20648;2023-01-10 12:27:30.993000;1;101270;1;1;0.0000;1;17352.0000;None;187400.0000
20651;2023-01-10 13:32:53.560000;1;101270;1;1;0.0000;1;5574.0000;None;60200.0000
20652;2023-01-10 13:19:17.103000;1;101270;1;1;0.0000;1;17370.0000;None;187600.0000
18527;2023-01-10 13:20:08.427000;1;101270;1;1;0.0000;1;21315.0000;None;230200.0000
18525;2023-01-10 13:12:16.070000;1;101270;1;1;0.0000;1;16741.0000;None;180800.0000
20650;2023-01-10 13:12:11.967000;1;101270;1;1;0.0000;1;12130.0000;None;131000.0000
18526;2023-01-10 13:16:05.173000;1;101270;1;1;0.0000;1;10944.0000;None;118200.0000
18534;2023-01-10 18:55:57.893000;2;101709;1;1;28800.0000;1;21704.0000;None;234400.0000
18534;2023-01-10 18:55:57.893000;2;101709;1;1;28800.0000;1;21704.0000;None;234400.0000
20648;2023-01-10 12:56:13.087000;3;102102;1;1;9800.0000;1;17352.0000;None;187400.0000
20651;2023-01-10 13:14:59.360000;1;102141;1;1;3800.0000;1;5574.0000;None;60200.0000
18520;2023-01-10 12:24:27.937000;1;102172;1;1;4800.0000;1;15963.0000;None;172400.0000
2410;2023-01-10 14:33:31.780000;1;103351;1;1;38700.0000;1;None;None;45900.0000
18532;2023-01-10 16:57:40.680000;1;103351;1;1;36800.0000;1;9741.0000;None;105200.0000
2413;2023-01-10 16:54:38.260000;1;103351;1;2;77400.0000;1;None;None;77400.0000
18527;2023-01-10 13:54:08.460000;1;103993;1;1;16800.0000;1;21315.0000;None;230200.0000
18530;2023-01-10 15:21:35.570000;1;103993;1;1;16800.0000;1;3704.0000;None;40000.0000
18526;2023-01-10 13:16:05.173000;1;104337;1;1;46800.0000;1;10944.0000;None;118200.0000
20653;2023-01-10 18:08:59.303000;1;104341;1;1;39800.0000;1;10259.0000;None;110800.0000
20653;2023-01-10 18:00:25.777000;1;104347;1;1;43800.0000;1;10259.0000;None;110800.0000
18536;2023-01-10 19:57:06.297000;1;104347;1;1;43800.0000;1;15630.0000;None;168800.0000
18535;2023-01-10 19:15:52.757000;1;104347;1;1;43800.0000;1;10593.0000;None;114400.0000
18531;2023-01-10 16:08:04;1;104347;1;1;43800.0000;1;10037.0000;None;108400.0000
2405;2023-01-10 13:13:17.107000;1;104347;1;1;46000.0000;1;None;None;89700.0000
18527;2023-01-10 13:20:08.427000;1;104347;1;1;43800.0000;1;21315.0000;None;230200.0000
20652;2023-01-10 13:24:09.340000;1;104347;1;1;43800.0000;1;17370.0000;None;187600.0000
18520;2023-01-10 12:09:52.693000;1;104347;1;1;43800.0000;1;15963.0000;None;172400.0000
20648;2023-01-10 12:27:30.993000;1;104347;1;1;43800.0000;1;17352.0000;None;187400.0000
18520;2023-01-10 12:09:52.693000;3;104355;1;1;10800.0000;1;15963.0000;None;172400.0000
20652;2023-01-10 13:19:17.103000;3;104355;1;1;10800.0000;1;17370.0000;None;187600.0000
20652;2023-01-10 13:36:23.587000;3;104355;1;1;10800.0000;1;17370.0000;None;187600.0000
18533;2023-01-10 17:37:40.170000;3;104355;1;1;10800.0000;1;15445.0000;None;166800.0000
18536;2023-01-10 19:57:06.297000;3;104355;1;1;10800.0000;1;15630.0000;None;168800.0000
20654;2023-01-10 19:33:33.523000;3;104355;1;1;10800.0000;1;11574.0000;None;125000.0000
20654;2023-01-10 19:33:33.523000;3;104355;1;1;10800.0000;1;11574.0000;None;125000.0000
20654;2023-01-10 20:00:06.997000;3;104355;1;1;10800.0000;1;11574.0000;None;125000.0000
18533;2023-01-10 18:21:10.930000;3;104355;1;1;10800.0000;1;15445.0000;None;166800.0000
18525;2023-01-10 13:19:37.380000;1;104357;1;1;44800.0000;1;16741.0000;None;180800.0000
2405;2023-01-10 13:13:17.107000;1;104413;1;1;1900.0000;1;None;None;89700.0000
2416;2023-01-10 19:01:11.480000;1;104447;1;1;59700.0000;1;None;None;94200.0000
18535;2023-01-10 19:15:52.757000;1;104447;1;1;56800.0000;1;10593.0000;None;114400.0000
18533;2023-01-10 17:46:21.853000;1;104447;1;1;56800.0000;1;15445.0000;None;166800.0000
18532;2023-01-10 16:57:40.680000;1;104447;1;1;56800.0000;1;9741.0000;None;105200.0000
2411;2023-01-10 15:38:23.077000;1;104447;1;1;59700.0000;1;None;None;146200.0000
18526;2023-01-10 13:16:05.173000;1;104447;1;1;56800.0000;1;10944.0000;None;118200.0000
18525;2023-01-10 13:19:37.380000;1;104447;1;1;56800.0000;1;16741.0000;None;180800.0000
18520;2023-01-10 12:09:52.693000;1;104447;1;1;56800.0000;1;15963.0000;None;172400.0000
20648;2023-01-10 12:27:30.993000;1;104447;1;1;56800.0000;1;17352.0000;None;187400.0000
20648;2023-01-10 12:27:30.993000;1;104447;1;1;56800.0000;1;17352.0000;None;187400.0000
18520;2023-01-10 12:45:18.640000;1;104498;1;1;24800.0000;1;15963.0000;None;172400.0000
20648;2023-01-10 12:31:40.653000;1;104952;1;1;2800.0000;1;17352.0000;None;187400.0000
18525;2023-01-10 13:19:37.380000;1;104974;1;1;45800.0000;1;16741.0000;None;180800.0000
18534;2023-01-10 18:55:57.893000;6;105631;1;1;0.0000;1;21704.0000;None;234400.0000
18534;2023-01-10 18:55:57.893000;6;105631;1;1;0.0000;1;21704.0000;None;234400.0000
20652;2023-01-10 13:24:09.340000;1;106358;1;1;36800.0000;1;17370.0000;None;187600.0000
20654;2023-01-10 19:33:33.523000;1;106358;1;1;36800.0000;1;11574.0000;None;125000.0000
2412;2023-01-10 16:07:43.463000;1;106358;1;1;38700.0000;1;None;None;59500.0000
20651;2023-01-10 13:14:59.360000;1;107825;1;1;44800.0000;1;5574.0000;None;60200.0000
18529;2023-01-10 14:31:14.520000;1;107826;1;1;43800.0000;1;4870.0000;None;52600.0000
2414;2023-01-10 18:11:00.503000;1;107827;1;1;52300.0000;1;None;None;110900.0000
2411;2023-01-10 15:38:23.077000;1;107827;1;1;52300.0000;1;None;None;146200.0000
2406;2023-01-10 13:31:28.687000;1;107827;1;1;52300.0000;1;None;None;118100.0000
18527;2023-01-10 13:35:59.183000;1;107831;1;1;55800.0000;1;21315.0000;None;230200.0000
18527;2023-01-10 13:20:08.427000;1;107831;1;1;55800.0000;1;21315.0000;None;230200.0000
18523;2023-01-10 12:37:40.163000;1;107831;1;1;55800.0000;1;10204.0000;None;110200.0000
18524;2023-01-10 13:04:56.637000;1;107831;1;1;55800.0000;1;10185.0000;None;110000.0000
2406;2023-01-10 13:31:28.687000;1;107831;1;1;58600.0000;1;None;None;118100.0000
2409;2023-01-10 13:51:27.160000;1;107831;1;1;58600.0000;1;None;None;58600.0000
18531;2023-01-10 16:08:04;1;107831;1;1;55800.0000;1;10037.0000;None;108400.0000
18533;2023-01-10 17:46:21.853000;1;107831;1;1;55800.0000;1;15445.0000;None;166800.0000
2414;2023-01-10 18:11:00.503000;1;107831;1;1;58600.0000;1;None;None;110900.0000
18534;2023-01-10 19:01:43.170000;1;107831;1;1;55800.0000;1;21704.0000;None;234400.0000
20654;2023-01-10 19:33:33.523000;1;107831;1;1;55800.0000;1;11574.0000;None;125000.0000
18531;2023-01-10 13:12:11.967000;1;107832;1;1;39800.0000;1;10037.0000;None;108400.0000
18531;2023-01-10 14:18:25.273000;1;107832;1;-1;-39800.0000;1;10037.0000;None;108400.0000
18528;2023-01-10 13:49:11.540000;1;107832;1;1;39800.0000;1;4500.0000;None;48600.0000
20650;2023-01-10 13:12:11.967000;1;107833;1;1;49800.0000;1;12130.0000;None;131000.0000
20650;2023-01-10 13:12:11.967000;1;107833;1;1;49800.0000;1;12130.0000;None;131000.0000
2412;2023-01-10 16:07:43.463000;1;107836;1;1;20800.0000;1;None;None;59500.0000
20650;2023-01-10 13:35:03.257000;1;107836;1;1;19800.0000;1;12130.0000;None;131000.0000
2405;2023-01-10 13:13:17.107000;1;107839;1;1;41800.0000;1;None;None;89700.0000
18536;2023-01-10 19:57:06.297000;1;107839;1;1;39800.0000;1;15630.0000;None;168800.0000
18534;2023-01-10 19:01:43.170000;1;107839;1;1;39800.0000;1;21704.0000;None;234400.0000
18534;2023-01-10 19:01:43.170000;1;107839;1;1;39800.0000;1;21704.0000;None;234400.0000
20652;2023-01-10 13:24:09.340000;1;107840;1;1;42800.0000;1;17370.0000;None;187600.0000
2416;2023-01-10 19:01:11.480000;1;107846;1;1;34500.0000;1;None;None;94200.0000
20653;2023-01-10 18:00:25.777000;3;107873;1;1;8800.0000;1;10259.0000;None;110800.0000
18536;2023-01-10 19:57:06.297000;3;107873;1;1;8800.0000;1;15630.0000;None;168800.0000
18531;2023-01-10 16:08:04;3;107873;1;1;8800.0000;1;10037.0000;None;108400.0000
18528;2023-01-10 13:47:34.110000;3;107873;1;1;8800.0000;1;4500.0000;None;48600.0000
18529;2023-01-10 14:26:15.037000;3;107873;1;1;8800.0000;1;4870.0000;None;52600.0000
18527;2023-01-10 13:20:08.427000;3;107873;1;1;8800.0000;1;21315.0000;None;230200.0000
18526;2023-01-10 13:12:25.513000;3;107873;1;1;8800.0000;1;10944.0000;None;118200.0000
18520;2023-01-10 12:09:52.693000;3;107873;1;1;8800.0000;1;15963.0000;None;172400.0000
20652;2023-01-10 13:19:17.103000;3;108169;1;1;0.0000;1;17370.0000;None;187600.0000
20652;2023-01-10 13:19:17.103000;3;108170;1;1;0.0000;1;17370.0000;None;187600.0000
2415;2023-01-10 18:11:22.290000;1;108314;1;1;41800.0000;1;None;None;47900.0000
20649;2023-01-10 13:02:22.443000;1;108319;1;1;79800.0000;1;14093.0000;None;152200.0000
18520;2023-01-10 12:45:18.640000;3;108325;1;1;16800.0000;1;15963.0000;None;172400.0000
18527;2023-01-10 13:54:08.460000;3;108325;1;1;16800.0000;1;21315.0000;None;230200.0000
18527;2023-01-10 13:20:08.427000;2;109052;1;1;20800.0000;1;21315.0000;None;230200.0000
18533;2023-01-10 17:53:30.160000;1;109205;1;1;0.0000;1;15445.0000;None;166800.0000
18523;2023-01-10 12:37:40.163000;1;109243;1;1;42800.0000;1;10204.0000;None;110200.0000
18524;2023-01-10 13:04:56.637000;1;109335;1;1;36800.0000;1;10185.0000;None;110000.0000
20652;2023-01-10 13:19:17.103000;1;109335;1;1;36800.0000;1;17370.0000;None;187600.0000
20649;2023-01-10 13:02:22.443000;1;109336;1;1;59800.0000;1;14093.0000;None;152200.0000
18522;2023-01-10 12:18:34.660000;1;109336;1;1;59800.0000;1;6074.0000;None;65600.0000
18533;2023-01-10 17:37:40.170000;1;109451;1;1;26800.0000;1;15445.0000;None;166800.0000
2411;2023-01-10 15:38:23.077000;3;200007;1;1;11400.0000;1;None;None;146200.0000
2411;2023-01-10 15:38:23.077000;3;200007;1;1;11400.0000;1;None;None;146200.0000
2411;2023-01-10 15:38:23.077000;3;200007;1;1;11400.0000;1;None;None;146200.0000
2415;2023-01-10 18:11:22.290000;3;200644;1;1;6100.0000;1;None;None;47900.0000
20648;2023-01-10 12:27:30.993000;3;200644;1;1;5800.0000;1;17352.0000;None;187400.0000
18523;2023-01-10 12:37:40.163000;3;200644;1;1;5800.0000;1;10204.0000;None;110200.0000
20652;2023-01-10 13:19:17.103000;3;200644;1;1;5800.0000;1;17370.0000;None;187600.0000
18527;2023-01-10 13:20:08.427000;3;200644;1;1;5800.0000;1;21315.0000;None;230200.0000
20650;2023-01-10 13:12:11.967000;3;200644;1;1;5800.0000;1;12130.0000;None;131000.0000
18525;2023-01-10 13:12:16.070000;3;200644;1;1;5800.0000;1;16741.0000;None;180800.0000
20650;2023-01-10 13:12:11.967000;3;201146;1;1;5800.0000;1;12130.0000;None;131000.0000
18520;2023-01-10 12:09:52.693000;3;201146;1;1;5800.0000;1;15963.0000;None;172400.0000
18536;2023-01-10 20:29:33.827000;3;201146;1;1;5800.0000;1;15630.0000;None;168800.0000
18532;2023-01-10 16:57:40.680000;3;201146;1;1;5800.0000;1;9741.0000;None;105200.0000
18532;2023-01-10 16:57:40.680000;3;201146;1;1;5800.0000;1;9741.0000;None;105200.0000
18524;2023-01-10 13:06:53.463000;3;201206;1;-1;-5800.0000;1;10185.0000;None;110000.0000
18524;2023-01-10 13:04:56.637000;3;201206;1;1;5800.0000;1;10185.0000;None;110000.0000
18524;2023-01-10 13:04:56.637000;3;201206;1;1;5800.0000;1;10185.0000;None;110000.0000
20649;2023-01-10 13:02:22.443000;3;201211;1;1;6800.0000;1;14093.0000;None;152200.0000
18524;2023-01-10 13:06:53.463000;3;201269;1;1;5800.0000;1;10185.0000;None;110000.0000
20648;2023-01-10 12:27:30.993000;3;201269;1;1;5800.0000;1;17352.0000;None;187400.0000
18522;2023-01-10 12:18:34.660000;3;201269;1;1;5800.0000;1;6074.0000;None;65600.0000
18526;2023-01-10 13:16:05.173000;3;201269;1;1;5800.0000;1;10944.0000;None;118200.0000
18527;2023-01-10 13:20:08.427000;3;201269;1;1;5800.0000;1;21315.0000;None;230200.0000
20651;2023-01-10 13:32:53.560000;3;201269;1;1;5800.0000;1;5574.0000;None;60200.0000
2410;2023-01-10 14:33:31.780000;3;201420;1;1;7200.0000;1;None;None;45900.0000
2406;2023-01-10 13:31:28.687000;3;201420;1;1;7200.0000;1;None;None;118100.0000
2404;2023-01-10 11:51:08.617000;13;201604;1;85;314500.0000;1;None;None;314500.0000
18525;2023-01-10 13:12:16.070000;2;201615;1;1;13800.0000;1;16741.0000;None;180800.0000
18525;2023-01-10 13:41:34.410000;2;201615;1;1;13800.0000;1;16741.0000;None;180800.0000
18534;2023-01-10 19:15:40.137000;2;201615;1;1;13800.0000;1;21704.0000;None;234400.0000
18534;2023-01-10 20:13:53.367000;2;201615;1;1;13800.0000;1;21704.0000;None;234400.0000
18535;2023-01-10 19:14:39.467000;2;201615;1;1;13800.0000;1;10593.0000;None;114400.0000
18534;2023-01-10 18:55:57.893000;2;201615;1;1;13800.0000;1;21704.0000;None;234400.0000
