20662;2023-01-11 13:31:01.010000;7;1001;1;1;0.0000;1;17130.0000;None;185000.0000
18539;2023-01-11 12:51:42.350000;7;1001;1;1;0.0000;1;17093.0000;None;184600.0000
18540;2023-01-11 12:59:05.153000;7;1001;1;1;0.0000;1;16945.0000;None;183000.0000
20668;2023-01-11 19:24:44.483000;7;1001;1;1;0.0000;1;14445.0000;None;156000.0000
18537;2023-01-11 12:06:42.050000;7;1001;1;1;0.0000;1;16519.0000;None;178400.0000
20663;2023-01-11 13:41:06.230000;7;1020;1;1;0.0000;1;19593.0000;None;211600.0000
2438;2023-01-11 18:37:44.613000;7;1061;1;1;0.0000;1;None;None;100400.0000
20656;2023-01-11 12:43:44.753000;7;1077;1;1;0.0000;1;10944.0000;None;118200.0000
2418;2023-01-11 13:11:31.623000;7;1131;1;1;0.0000;1;None;None;52300.0000
20658;2023-01-11 13:07:18.233000;7;1135;1;1;0.0000;1;4500.0000;None;48600.0000
18550;2023-01-11 15:58:53.440000;7;1135;1;1;0.0000;1;None;None;134200.0000
18550;2023-01-11 15:58:53.440000;7;1135;1;1;0.0000;1;None;None;134200.0000
18558;2023-01-11 19:48:55.910000;7;1135;1;1;0.0000;1;10389.0000;None;112200.0000
20666;2023-01-11 20:13:55.123000;7;1135;1;1;0.0000;1;27519.0000;None;297200.0000
20656;2023-01-11 12:43:44.753000;7;1135;1;1;0.0000;1;10944.0000;None;118200.0000
18538;2023-01-11 12:35:31.607000;7;1157;1;1;0.0000;1;None;None;59800.0000
2440;2023-01-11 19:21:33.150000;7;1157;1;1;0.0000;1;None;None;113200.0000
2443;2023-01-11 20:54:07.103000;7;1157;1;1;0.0000;1;None;None;93400.0000
18550;2023-01-11 15:58:53.440000;7;1157;1;1;0.0000;1;None;None;134200.0000
18551;2023-01-11 16:40:31.190000;7;1157;1;1;0.0000;1;None;None;119400.0000
18552;2023-01-11 17:20:35.837000;7;1157;1;1;0.0000;1;None;None;55800.0000
2422;2023-01-11 14:19:13.187000;7;1207;1;1;0.0000;1;13407.0000;None;144800.0000
18539;2023-01-11 12:51:42.350000;7;1207;1;1;0.0000;1;17093.0000;None;184600.0000
18543;2023-01-11 13:51:31.233000;7;1207;1;1;0.0000;1;4222.0000;None;45600.0000
20666;2023-01-11 18:49:50.227000;7;1207;1;1;0.0000;1;27519.0000;None;297200.0000
20667;2023-01-11 18:46:27.680000;7;1207;1;1;0.0000;1;24778.0000;None;267600.0000
2423;2023-01-11 13:52:33.550000;7;1212;1;1;0.0000;1;14982.0000;None;161800.0000
18547;2023-01-11 14:53:43.087000;7;1212;1;1;0.0000;1;13445.0000;None;145200.0000
18548;2023-01-11 14:37:35.307000;7;1212;1;1;0.0000;1;19000.0000;None;205200.0000
18548;2023-01-11 15:32:21.603000;7;1212;1;1;0.0000;1;19000.0000;None;205200.0000
20665;2023-01-11 14:02:13.413000;7;1220;1;1;0.0000;1;11500.0000;None;124200.0000
18540;2023-01-11 13:12:42.550000;7;1220;1;1;0.0000;1;16945.0000;None;183000.0000
18539;2023-01-11 13:07:34.327000;7;1220;1;1;0.0000;1;17093.0000;None;184600.0000
18537;2023-01-11 12:22:19.323000;7;1220;1;1;0.0000;1;16519.0000;None;178400.0000
18550;2023-01-11 15:58:53.440000;7;1344;1;1;0.0000;1;None;None;134200.0000
20656;2023-01-11 12:43:44.753000;7;2042;1;1;0.0000;1;10944.0000;None;118200.0000
20666;2023-01-11 19:57:48.133000;7;2042;1;1;0.0000;1;27519.0000;None;297200.0000
20666;2023-01-11 20:00:52.803000;7;2042;1;1;0.0000;1;27519.0000;None;297200.0000
18553;2023-01-11 18:27:57.950000;7;2049;1;1;0.0000;1;26537.0000;None;286600.0000
20660;2023-01-11 13:20:25.733000;7;2050;1;1;0.0000;1;None;None;74400.0000
18556;2023-01-11 19:15:18.123000;7;2050;1;1;0.0000;1;9241.0000;None;99800.0000
18556;2023-01-11 19:15:18.123000;7;2050;1;1;0.0000;1;9241.0000;None;99800.0000
20667;2023-01-11 20:03:03.293000;3;100601;1;1;5800.0000;1;24778.0000;None;267600.0000
20667;2023-01-11 20:03:03.293000;3;100601;1;1;5800.0000;1;24778.0000;None;267600.0000
18558;2023-01-11 19:43:17.037000;3;100601;1;1;5800.0000;1;10389.0000;None;112200.0000
18537;2023-01-11 13:11:03.693000;3;100606;1;1;6800.0000;1;16519.0000;None;178400.0000
2422;2023-01-11 14:19:13.187000;3;100612;1;1;9800.0000;1;13407.0000;None;144800.0000
2422;2023-01-11 14:19:13.187000;3;100612;1;1;9800.0000;1;13407.0000;None;144800.0000
18545;2023-01-11 14:30:22.103000;3;100614;1;1;5800.0000;1;18278.0000;None;197400.0000
18545;2023-01-11 14:30:22.103000;3;100614;1;1;5800.0000;1;18278.0000;None;197400.0000
20663;2023-01-11 14:22:01.420000;3;100614;1;1;5800.0000;1;19593.0000;None;211600.0000
20663;2023-01-11 14:22:01.420000;3;100614;1;1;5800.0000;1;19593.0000;None;211600.0000
20663;2023-01-11 14:22:01.420000;3;100614;1;1;5800.0000;1;19593.0000;None;211600.0000
18537;2023-01-11 13:02:51.420000;3;100614;1;1;5800.0000;1;16519.0000;None;178400.0000
18550;2023-01-11 15:58:53.440000;1;101007;1;1;59800.0000;1;None;None;134200.0000
18553;2023-01-11 18:39:13.887000;1;101270;1;1;0.0000;1;26537.0000;None;286600.0000
18553;2023-01-11 19:06:00.723000;1;101270;1;1;0.0000;1;26537.0000;None;286600.0000
18545;2023-01-11 13:43:25.093000;1;101270;1;1;0.0000;1;18278.0000;None;197400.0000
2423;2023-01-11 13:52:33.550000;1;101270;1;1;0.0000;1;14982.0000;None;161800.0000
20659;2023-01-11 13:05:26.510000;1;101270;1;1;0.0000;1;8074.0000;None;87200.0000
2442;2023-01-11 20:19:42.737000;1;101270;1;1;0.0000;1;10833.0000;None;117000.0000
20669;2023-01-11 19:43:02.280000;1;101270;1;1;0.0000;1;9926.0000;None;107200.0000
18556;2023-01-11 19:15:18.123000;1;101270;1;1;0.0000;1;9241.0000;None;99800.0000
18556;2023-01-11 19:15:18.123000;1;101270;1;1;0.0000;1;9241.0000;None;99800.0000
20666;2023-01-11 20:25:11.433000;1;101270;1;1;0.0000;1;27519.0000;None;297200.0000
2442;2023-01-11 20:19:42.737000;1;101270;1;1;0.0000;1;10833.0000;None;117000.0000
20655;2023-01-11 12:06:03.857000;2;101329;1;1;28800.0000;1;5333.0000;None;57600.0000
20655;2023-01-11 12:08:05.340000;2;101329;1;1;28800.0000;1;5333.0000;None;57600.0000
18548;2023-01-11 14:37:35.307000;1;101433;1;1;0.0000;1;19000.0000;None;205200.0000
18540;2023-01-11 13:27:47.823000;2;101679;1;1;19800.0000;1;16945.0000;None;183000.0000
18541;2023-01-11 13:17:26.813000;1;102159;1;1;7800.0000;1;25704.0000;None;277600.0000
18541;2023-01-11 13:17:26.813000;1;102159;1;1;7800.0000;1;25704.0000;None;277600.0000
2423;2023-01-11 13:52:33.550000;1;102172;1;1;4800.0000;1;14982.0000;None;161800.0000
2423;2023-01-11 13:52:33.550000;1;102172;1;1;4800.0000;1;14982.0000;None;161800.0000
18561;2023-01-11 20:34:25.487000;2;103225;1;1;45800.0000;1;8389.0000;None;90600.0000
2434;2023-01-11 17:05:20.787000;1;103351;1;1;38700.0000;1;None;None;239500.0000
20665;2023-01-11 13:50:50.150000;1;103351;1;1;36800.0000;1;11500.0000;None;124200.0000
20663;2023-01-11 13:41:06.230000;1;103351;1;1;36800.0000;1;19593.0000;None;211600.0000
20663;2023-01-11 14:22:01.420000;1;103993;1;1;16800.0000;1;19593.0000;None;211600.0000
2443;2023-01-11 20:54:07.103000;1;103993;1;1;16800.0000;1;None;None;93400.0000
18559;2023-01-11 20:08:49.433000;1;104341;1;1;39800.0000;1;8259.0000;None;89200.0000
2442;2023-01-11 20:19:42.737000;1;104347;1;1;43800.0000;1;10833.0000;None;117000.0000
20669;2023-01-11 19:43:02.280000;1;104347;1;1;43800.0000;1;9926.0000;None;107200.0000
20668;2023-01-11 19:35:47.863000;1;104347;1;1;43800.0000;1;14445.0000;None;156000.0000
2440;2023-01-11 19:21:33.150000;1;104347;1;1;43800.0000;1;None;None;113200.0000
2439;2023-01-11 18:45:29.337000;1;104347;1;1;46000.0000;1;None;None;59300.0000
20666;2023-01-11 20:13:55.123000;1;104347;1;1;43800.0000;1;27519.0000;None;297200.0000
18541;2023-01-11 13:47:23.993000;1;104347;1;1;43800.0000;1;25704.0000;None;277600.0000
18553;2023-01-11 19:06:00.723000;1;104347;1;1;43800.0000;1;26537.0000;None;286600.0000
18545;2023-01-11 13:49:33.127000;1;104347;1;1;43800.0000;1;18278.0000;None;197400.0000
20656;2023-01-11 12:43:44.753000;1;104347;1;1;43800.0000;1;10944.0000;None;118200.0000
18545;2023-01-11 13:43:25.093000;3;104355;1;1;10800.0000;1;18278.0000;None;197400.0000
2423;2023-01-11 13:52:33.550000;3;104355;1;1;10800.0000;1;14982.0000;None;161800.0000
18546;2023-01-11 14:28:27.120000;3;104355;1;1;10800.0000;1;11389.0000;None;123000.0000
18547;2023-01-11 14:37:35.307000;3;104355;1;1;10800.0000;1;13445.0000;None;145200.0000
18546;2023-01-11 14:39:31.793000;3;104355;1;1;10800.0000;1;11389.0000;None;123000.0000
20665;2023-01-11 13:50:50.150000;3;104355;1;1;10800.0000;1;11500.0000;None;124200.0000
20662;2023-01-11 13:31:01.010000;3;104355;1;1;10800.0000;1;17130.0000;None;185000.0000
20667;2023-01-11 20:03:03.293000;3;104355;1;1;10800.0000;1;24778.0000;None;267600.0000
20667;2023-01-11 20:03:03.293000;3;104355;1;1;10800.0000;1;24778.0000;None;267600.0000
20669;2023-01-11 19:43:02.280000;3;104355;1;1;10800.0000;1;9926.0000;None;107200.0000
20668;2023-01-11 19:24:44.483000;3;104355;1;1;10800.0000;1;14445.0000;None;156000.0000
18559;2023-01-11 20:04:53.487000;3;104355;1;1;10800.0000;1;8259.0000;None;89200.0000
18558;2023-01-11 19:43:17.037000;3;104355;1;1;10800.0000;1;10389.0000;None;112200.0000
18561;2023-01-11 20:34:25.487000;1;104357;1;1;44800.0000;1;8389.0000;None;90600.0000
18556;2023-01-11 19:31:40.687000;1;104413;1;1;1800.0000;1;9241.0000;None;99800.0000
18541;2023-01-11 13:17:26.813000;1;104421;1;1;10800.0000;1;25704.0000;None;277600.0000
18541;2023-01-11 13:17:26.813000;1;104421;1;1;10800.0000;1;25704.0000;None;277600.0000
18541;2023-01-11 13:17:26.813000;1;104447;1;1;56800.0000;1;25704.0000;None;277600.0000
18541;2023-01-11 13:17:26.813000;1;104447;1;1;56800.0000;1;25704.0000;None;277600.0000
2419;2023-01-11 13:12:05.860000;1;104447;1;1;59700.0000;1;None;None;133800.0000
2419;2023-01-11 13:12:05.860000;1;104447;1;1;59700.0000;1;None;None;133800.0000
18539;2023-01-11 12:51:42.350000;1;104447;1;1;56800.0000;1;17093.0000;None;184600.0000
2422;2023-01-11 13:41:26.803000;1;104447;1;1;56800.0000;1;13407.0000;None;144800.0000
2422;2023-01-11 13:41:26.803000;1;104447;1;1;56800.0000;1;13407.0000;None;144800.0000
18549;2023-01-11 15:02:10.277000;1;104447;1;1;56800.0000;1;12056.0000;None;130200.0000
18545;2023-01-11 13:49:33.127000;1;104447;1;1;56800.0000;1;18278.0000;None;197400.0000
18553;2023-01-11 19:06:00.723000;1;104447;1;1;56800.0000;1;26537.0000;None;286600.0000
18550;2023-01-11 15:58:53.440000;1;104447;1;1;56800.0000;1;None;None;134200.0000
20667;2023-01-11 18:52:16.203000;1;104447;1;1;56800.0000;1;24778.0000;None;267600.0000
2440;2023-01-11 19:21:33.150000;1;104447;1;1;56800.0000;1;None;None;113200.0000
18537;2023-01-11 13:02:51.420000;1;104498;1;1;24800.0000;1;16519.0000;None;178400.0000
18553;2023-01-11 19:35:56.540000;1;104498;1;1;24800.0000;1;26537.0000;None;286600.0000
20663;2023-01-11 14:22:01.420000;3;104554;1;1;4800.0000;1;19593.0000;None;211600.0000
2423;2023-01-11 13:52:33.550000;1;104974;1;1;45800.0000;1;14982.0000;None;161800.0000
2423;2023-01-11 13:52:33.550000;1;105065;1;1;0.0000;1;14982.0000;None;161800.0000
18547;2023-01-11 14:53:43.087000;1;105065;1;1;0.0000;1;13445.0000;None;145200.0000
18548;2023-01-11 15:32:21.603000;1;105065;1;1;0.0000;1;19000.0000;None;205200.0000
20668;2023-01-11 19:24:44.483000;1;106358;1;1;36800.0000;1;14445.0000;None;156000.0000
2443;2023-01-11 20:54:07.103000;1;106358;1;1;36800.0000;1;None;None;93400.0000
18537;2023-01-11 12:06:42.037000;1;107826;1;1;43800.0000;1;16519.0000;None;178400.0000
2435;2023-01-11 17:52:11.123000;1;107826;1;1;46000.0000;1;None;None;134600.0000
20656;2023-01-11 12:43:44.753000;1;107831;1;1;55800.0000;1;10944.0000;None;118200.0000
2435;2023-01-11 17:52:11.123000;1;107831;1;1;58600.0000;1;None;None;134600.0000
18552;2023-01-11 17:20:35.837000;1;107831;1;1;55800.0000;1;None;None;55800.0000
2434;2023-01-11 17:05:20.787000;1;107831;1;2;117200.0000;1;None;None;239500.0000
2437;2023-01-11 18:37:02.967000;1;107831;1;1;58600.0000;1;None;None;100400.0000
2438;2023-01-11 18:37:44.613000;1;107831;1;1;58600.0000;1;None;None;100400.0000
18553;2023-01-11 19:06:00.723000;1;107831;1;1;55800.0000;1;26537.0000;None;286600.0000
2436;2023-01-11 18:22:55.550000;1;107831;1;1;58600.0000;1;None;None;100400.0000
18547;2023-01-11 14:37:35.307000;1;107831;1;1;55800.0000;1;13445.0000;None;145200.0000
2426;2023-01-11 15:46:10.917000;1;107831;1;1;58600.0000;1;None;None;100300.0000
18546;2023-01-11 14:28:27.120000;1;107831;1;1;55800.0000;1;11389.0000;None;123000.0000
18539;2023-01-11 12:51:42.350000;1;107831;1;1;55800.0000;1;17093.0000;None;184600.0000
18540;2023-01-11 12:59:05.153000;1;107831;1;1;55800.0000;1;16945.0000;None;183000.0000
20668;2023-01-11 19:35:47.863000;1;107831;1;1;55800.0000;1;14445.0000;None;156000.0000
2442;2023-01-11 20:19:42.737000;1;107831;1;1;55800.0000;1;10833.0000;None;117000.0000
18558;2023-01-11 19:48:55.910000;1;107831;1;1;55800.0000;1;10389.0000;None;112200.0000
20667;2023-01-11 18:52:16.203000;1;107831;1;1;55800.0000;1;24778.0000;None;267600.0000
20667;2023-01-11 18:52:16.203000;1;107831;1;1;55800.0000;1;24778.0000;None;267600.0000
2418;2023-01-11 13:11:31.623000;1;107833;1;1;52300.0000;1;None;None;52300.0000
20666;2023-01-11 18:44:46.607000;1;107836;1;1;19800.0000;1;27519.0000;None;297200.0000
18556;2023-01-11 19:15:18.123000;1;107836;1;1;19800.0000;1;9241.0000;None;99800.0000
18556;2023-01-11 19:15:18.123000;1;107836;1;1;19800.0000;1;9241.0000;None;99800.0000
20666;2023-01-11 19:57:48.133000;1;107839;1;1;39800.0000;1;27519.0000;None;297200.0000
18558;2023-01-11 19:48:55.910000;1;107839;1;1;39800.0000;1;10389.0000;None;112200.0000
2443;2023-01-11 20:13:55.123000;1;107839;1;1;39800.0000;1;None;None;93400.0000
2438;2023-01-11 18:37:44.613000;1;107839;1;1;41800.0000;1;None;None;100400.0000
2437;2023-01-11 18:37:02.967000;1;107839;1;1;41800.0000;1;None;None;100400.0000
2436;2023-01-11 18:22:55.550000;1;107839;1;1;41800.0000;1;None;None;100400.0000
2434;2023-01-11 17:05:20.787000;1;107839;1;2;83600.0000;1;None;None;239500.0000
18551;2023-01-11 16:40:31.190000;1;107839;1;1;39800.0000;1;None;None;119400.0000
18551;2023-01-11 16:40:31.190000;1;107839;1;1;39800.0000;1;None;None;119400.0000
18543;2023-01-11 13:51:37.070000;1;107839;1;1;39800.0000;1;4222.0000;None;45600.0000
20665;2023-01-11 13:46:13.297000;1;107839;1;1;39800.0000;1;11500.0000;None;124200.0000
20663;2023-01-11 13:41:06.230000;1;107839;1;1;39800.0000;1;19593.0000;None;211600.0000
20662;2023-01-11 13:31:01.010000;1;107840;1;1;42800.0000;1;17130.0000;None;185000.0000
20666;2023-01-11 19:57:48.133000;1;107840;1;1;42800.0000;1;27519.0000;None;297200.0000
18555;2023-01-11 19:09:54.557000;1;107840;1;1;42800.0000;1;6148.0000;None;66400.0000
20667;2023-01-11 18:52:16.203000;1;107840;1;1;42800.0000;1;24778.0000;None;267600.0000
18541;2023-01-11 13:17:26.813000;1;107846;1;1;32800.0000;1;25704.0000;None;277600.0000
18541;2023-01-11 13:17:26.813000;1;107846;1;1;32800.0000;1;25704.0000;None;277600.0000
2426;2023-01-11 15:46:10.917000;1;107846;1;1;34500.0000;1;None;None;100300.0000
2435;2023-01-11 17:52:11.123000;1;107871;1;1;15600.0000;1;None;None;134600.0000
18550;2023-01-11 15:59:28.880000;3;107873;1;1;8800.0000;1;None;None;134200.0000
18550;2023-01-11 15:59:28.880000;3;107873;1;1;8800.0000;1;None;None;134200.0000
18553;2023-01-11 18:23:18.053000;3;107873;1;1;8800.0000;1;26537.0000;None;286600.0000
20666;2023-01-11 18:44:46.607000;3;107873;1;1;8800.0000;1;27519.0000;None;297200.0000
18547;2023-01-11 14:37:35.307000;3;107873;1;1;8800.0000;1;13445.0000;None;145200.0000
18546;2023-01-11 14:28:27.120000;3;107873;1;1;8800.0000;1;11389.0000;None;123000.0000
18545;2023-01-11 13:43:25.093000;3;107873;1;1;8800.0000;1;18278.0000;None;197400.0000
20658;2023-01-11 13:03:13.560000;3;107873;1;1;8800.0000;1;4500.0000;None;48600.0000
18539;2023-01-11 13:17:39.543000;3;107873;1;1;8800.0000;1;17093.0000;None;184600.0000
18539;2023-01-11 12:51:42.350000;3;107873;1;1;8800.0000;1;17093.0000;None;184600.0000
18539;2023-01-11 12:51:42.350000;3;107873;1;1;8800.0000;1;17093.0000;None;184600.0000
20660;2023-01-11 13:20:25.733000;3;107873;1;1;8800.0000;1;None;None;74400.0000
20666;2023-01-11 19:57:48.133000;3;107873;1;1;8800.0000;1;27519.0000;None;297200.0000
20666;2023-01-11 18:49:50.227000;3;107873;1;1;8800.0000;1;27519.0000;None;297200.0000
20666;2023-01-11 20:00:52.803000;3;107873;1;1;8800.0000;1;27519.0000;None;297200.0000
18559;2023-01-11 20:04:53.487000;3;107873;1;1;8800.0000;1;8259.0000;None;89200.0000
20668;2023-01-11 19:24:44.483000;3;107873;1;1;8800.0000;1;14445.0000;None;156000.0000
20656;2023-01-11 12:43:44.753000;3;107873;1;1;8800.0000;1;10944.0000;None;118200.0000
18537;2023-01-11 12:06:42.050000;3;107873;1;1;8800.0000;1;16519.0000;None;178400.0000
18537;2023-01-11 12:06:42.050000;3;107873;1;1;8800.0000;1;16519.0000;None;178400.0000
20667;2023-01-11 18:46:27.680000;3;108191;1;1;0.0000;1;24778.0000;None;267600.0000
20667;2023-01-11 18:46:27.680000;3;108191;1;1;0.0000;1;24778.0000;None;267600.0000
18555;2023-01-11 19:09:54.557000;3;108191;1;1;0.0000;1;6148.0000;None;66400.0000
18539;2023-01-11 12:51:42.350000;1;108314;1;1;39800.0000;1;17093.0000;None;184600.0000
20658;2023-01-11 13:07:18.233000;1;108314;1;1;39800.0000;1;4500.0000;None;48600.0000
18551;2023-01-11 16:43:12.637000;1;108314;1;1;39800.0000;1;None;None;119400.0000
18537;2023-01-11 12:06:42.050000;1;108314;1;1;39800.0000;1;16519.0000;None;178400.0000
18537;2023-01-11 12:06:42.050000;1;108314;1;1;39800.0000;1;16519.0000;None;178400.0000
18540;2023-01-11 12:59:05.153000;1;108319;1;1;79800.0000;1;16945.0000;None;183000.0000
18554;2023-01-11 19:01:20.550000;1;108319;1;1;79800.0000;1;12500.0000;None;135000.0000
18559;2023-01-11 20:08:49.433000;1;108320;1;1;29800.0000;1;8259.0000;None;89200.0000
20662;2023-01-11 13:31:01.010000;1;108321;1;1;26800.0000;1;17130.0000;None;185000.0000
18553;2023-01-11 19:35:56.540000;3;108325;1;1;16800.0000;1;26537.0000;None;286600.0000
18538;2023-01-11 12:35:31.607000;1;109155;1;1;59800.0000;1;None;None;59800.0000
18545;2023-01-11 13:49:33.127000;1;109155;1;1;59800.0000;1;18278.0000;None;197400.0000
18549;2023-01-11 15:02:10.277000;1;109155;1;1;59800.0000;1;12056.0000;None;130200.0000
20663;2023-01-11 13:41:06.230000;1;109155;1;1;59800.0000;1;19593.0000;None;211600.0000
20659;2023-01-11 13:05:26.510000;1;109156;1;1;31800.0000;1;8074.0000;None;87200.0000
20662;2023-01-11 13:31:01.010000;1;109157;1;1;57800.0000;1;17130.0000;None;185000.0000
20666;2023-01-11 20:25:11.433000;1;109157;1;1;57800.0000;1;27519.0000;None;297200.0000
18556;2023-01-11 19:31:40.687000;1;109205;1;1;0.0000;1;9241.0000;None;99800.0000
20658;2023-01-11 13:07:18.233000;1;109205;1;1;0.0000;1;4500.0000;None;48600.0000
20658;2023-01-11 13:07:18.233000;1;109205;1;1;0.0000;1;4500.0000;None;48600.0000
20658;2023-01-11 13:07:18.233000;1;109205;1;1;0.0000;1;4500.0000;None;48600.0000
20658;2023-01-11 13:07:18.233000;1;109205;1;1;0.0000;1;4500.0000;None;48600.0000
18553;2023-01-11 18:42:04;1;109243;1;1;42800.0000;1;26537.0000;None;286600.0000
20662;2023-01-11 13:31:01.010000;1;109245;1;1;46800.0000;1;17130.0000;None;185000.0000
18556;2023-01-11 19:24:15.583000;1;109245;1;1;46800.0000;1;9241.0000;None;99800.0000
20669;2023-01-11 19:43:02.280000;1;109245;1;1;46800.0000;1;9926.0000;None;107200.0000
20665;2023-01-11 13:50:50.150000;1;109335;1;1;36800.0000;1;11500.0000;None;124200.0000
20659;2023-01-11 13:05:26.510000;1;109335;1;1;36800.0000;1;8074.0000;None;87200.0000
18546;2023-01-11 14:28:27.120000;1;109335;1;1;36800.0000;1;11389.0000;None;123000.0000
20657;2023-01-11 12:50:11.873000;1;109336;1;1;59800.0000;1;6444.0000;None;69600.0000
20660;2023-01-11 13:20:25.733000;1;109336;1;1;59800.0000;1;None;None;74400.0000
20666;2023-01-11 18:46:33.930000;1;109451;1;1;26800.0000;1;27519.0000;None;297200.0000
18547;2023-01-11 14:53:43.087000;1;109569;1;1;69800.0000;1;13445.0000;None;145200.0000
18548;2023-01-11 15:32:21.603000;1;109571;1;1;89800.0000;1;19000.0000;None;205200.0000
18548;2023-01-11 14:37:35.307000;1;109571;1;1;89800.0000;1;19000.0000;None;205200.0000
2423;2023-01-11 13:52:33.550000;1;109571;1;1;89800.0000;1;14982.0000;None;161800.0000
20659;2023-01-11 13:05:26.510000;2;200480;1;1;12800.0000;1;8074.0000;None;87200.0000
18548;2023-01-11 14:49:07.373000;2;200480;1;1;12800.0000;1;19000.0000;None;205200.0000
18548;2023-01-11 14:54:42.247000;2;200480;1;1;12800.0000;1;19000.0000;None;205200.0000
18553;2023-01-11 18:27:57.950000;3;200644;1;1;5800.0000;1;26537.0000;None;286600.0000
18553;2023-01-11 19:06:00.723000;3;200644;1;1;5800.0000;1;26537.0000;None;286600.0000
18553;2023-01-11 18:39:13.887000;3;200644;1;1;5800.0000;1;26537.0000;None;286600.0000
18553;2023-01-11 19:18:57.353000;3;200644;1;1;5800.0000;1;26537.0000;None;286600.0000
20659;2023-01-11 13:05:26.510000;3;200644;1;1;5800.0000;1;8074.0000;None;87200.0000
20669;2023-01-11 19:43:02.280000;3;200644;1;1;5800.0000;1;9926.0000;None;107200.0000
2442;2023-01-11 20:19:42.737000;3;200644;1;1;5800.0000;1;10833.0000;None;117000.0000
2442;2023-01-11 20:19:42.737000;3;200644;1;1;5800.0000;1;10833.0000;None;117000.0000
18556;2023-01-11 19:15:18.123000;3;200644;1;1;5800.0000;1;9241.0000;None;99800.0000
18556;2023-01-11 19:15:18.123000;3;200644;1;1;5800.0000;1;9241.0000;None;99800.0000
2439;2023-01-11 18:45:29.337000;3;200644;1;1;6100.0000;1;None;None;59300.0000
20667;2023-01-11 18:46:27.680000;3;200644;1;1;5800.0000;1;24778.0000;None;267600.0000
20667;2023-01-11 18:46:27.680000;3;200644;1;1;5800.0000;1;24778.0000;None;267600.0000
20667;2023-01-11 18:46:27.680000;3;200644;1;1;5800.0000;1;24778.0000;None;267600.0000
20666;2023-01-11 20:13:55.123000;3;200644;1;1;5800.0000;1;27519.0000;None;297200.0000
20667;2023-01-11 18:46:27.680000;3;201146;1;1;5800.0000;1;24778.0000;None;267600.0000
18541;2023-01-11 13:17:26.813000;3;201146;1;1;5800.0000;1;25704.0000;None;277600.0000
18541;2023-01-11 13:17:26.813000;3;201146;1;1;5800.0000;1;25704.0000;None;277600.0000
18539;2023-01-11 12:51:42.350000;3;201146;1;1;5800.0000;1;17093.0000;None;184600.0000
2422;2023-01-11 13:41:26.803000;3;201146;1;1;5800.0000;1;13407.0000;None;144800.0000
2422;2023-01-11 13:41:26.803000;3;201146;1;1;5800.0000;1;13407.0000;None;144800.0000
20660;2023-01-11 13:20:25.733000;3;201146;1;1;5800.0000;1;None;None;74400.0000
18545;2023-01-11 13:43:25.093000;3;201146;1;1;5800.0000;1;18278.0000;None;197400.0000
20663;2023-01-11 13:37:13.667000;2;201187;1;1;9800.0000;1;19593.0000;None;211600.0000
20663;2023-01-11 13:37:13.667000;2;201187;1;1;9800.0000;1;19593.0000;None;211600.0000
20663;2023-01-11 13:37:13.667000;2;201187;1;1;9800.0000;1;19593.0000;None;211600.0000
20657;2023-01-11 12:50:11.873000;2;201187;1;1;9800.0000;1;6444.0000;None;69600.0000
20656;2023-01-11 12:43:44.753000;2;201187;1;1;9800.0000;1;10944.0000;None;118200.0000
20666;2023-01-11 20:12:12.667000;2;201187;1;1;9800.0000;1;27519.0000;None;297200.0000
20666;2023-01-11 19:08:13.817000;2;201187;1;1;9800.0000;1;27519.0000;None;297200.0000
18555;2023-01-11 19:09:54.557000;2;201187;1;1;9800.0000;1;6148.0000;None;66400.0000
2440;2023-01-11 19:21:33.150000;3;201206;1;1;5800.0000;1;None;None;113200.0000
18557;2023-01-11 19:18:44.690000;3;201206;1;1;5800.0000;1;None;None;5800.0000
2442;2023-01-11 20:19:42.737000;3;201206;1;1;5800.0000;1;10833.0000;None;117000.0000
18541;2023-01-11 13:17:26.813000;3;201206;1;1;5800.0000;1;25704.0000;None;277600.0000
20663;2023-01-11 13:37:13.667000;3;201211;1;1;6800.0000;1;19593.0000;None;211600.0000
18549;2023-01-11 15:02:10.277000;3;201211;1;1;6800.0000;1;12056.0000;None;130200.0000
18549;2023-01-11 15:02:10.277000;3;201211;1;1;6800.0000;1;12056.0000;None;130200.0000
2440;2023-01-11 19:21:33.150000;3;201211;1;1;6800.0000;1;None;None;113200.0000
20666;2023-01-11 20:25:11.433000;3;201269;1;1;5800.0000;1;27519.0000;None;297200.0000
2423;2023-01-11 13:52:33.550000;3;201269;1;1;5800.0000;1;14982.0000;None;161800.0000
18543;2023-01-11 13:51:31.233000;3;201269;1;1;5800.0000;1;4222.0000;None;45600.0000
2419;2023-01-11 13:12:05.860000;3;201420;1;1;7200.0000;1;None;None;133800.0000
2419;2023-01-11 13:12:05.860000;3;201420;1;1;7200.0000;1;None;None;133800.0000
2426;2023-01-11 15:46:10.917000;3;201420;1;1;7200.0000;1;None;None;100300.0000
2435;2023-01-11 17:52:11.123000;3;201420;1;1;7200.0000;1;None;None;134600.0000
2435;2023-01-11 17:52:11.123000;3;201420;1;1;7200.0000;1;None;None;134600.0000
2439;2023-01-11 18:45:29.337000;3;201420;1;1;7200.0000;1;None;None;59300.0000
18555;2023-01-11 19:09:54.557000;2;201615;1;1;13800.0000;1;6148.0000;None;66400.0000
18554;2023-01-11 19:43:45.413000;2;201615;1;1;13800.0000;1;12500.0000;None;135000.0000
18554;2023-01-11 19:43:45.413000;2;201615;1;1;13800.0000;1;12500.0000;None;135000.0000
18554;2023-01-11 19:01:20.550000;2;201615;1;1;13800.0000;1;12500.0000;None;135000.0000
18554;2023-01-11 19:01:20.550000;2;201615;1;1;13800.0000;1;12500.0000;None;135000.0000
18540;2023-01-11 13:27:47.823000;2;201615;1;1;13800.0000;1;16945.0000;None;183000.0000
18540;2023-01-11 12:52:18.853000;2;201615;1;1;13800.0000;1;16945.0000;None;183000.0000
18553;2023-01-11 18:27:57.950000;2;201959;1;1;13800.0000;1;26537.0000;None;286600.0000
