20682;2023-01-12 19:56:40.847000;7;1001;1;1;0.0000;1;18111.0000;None;195600.0000
18585;2023-01-12 18:41:39.573000;7;1001;1;1;0.0000;1;14352.0000;None;155000.0000
18565;2023-01-12 12:46:52.630000;7;1001;1;1;0.0000;1;14537.0000;None;157000.0000
20670;2023-01-12 12:43:43.160000;7;1001;1;1;0.0000;1;16889.0000;None;182400.0000
18567;2023-01-12 12:55:21.810000;7;1001;1;1;0.0000;1;30741.0000;None;332000.0000
20674;2023-01-12 13:44:14.533000;7;1001;1;1;0.0000;1;14445.0000;None;156000.0000
18574;2023-01-12 14:17:09.510000;7;1001;1;1;0.0000;1;41500.0000;None;448200.0000
20678;2023-01-12 14:22:05.370000;7;1001;1;1;0.0000;1;15648.0000;None;169000.0000
18573;2023-01-12 14:07:37.057000;7;1043;1;1;0.0000;1;16593.0000;None;179200.0000
2449;2023-01-12 18:56:29.140000;7;1061;1;1;0.0000;1;None;None;41800.0000
2449;2023-01-12 18:56:29.140000;7;1077;1;1;0.0000;1;None;None;41800.0000
2451;2023-01-12 19:48:39.857000;7;1131;1;1;0.0000;1;15000.0000;None;162000.0000
2451;2023-01-12 19:48:39.857000;7;1131;1;1;0.0000;1;15000.0000;None;162000.0000
2451;2023-01-12 19:48:39.857000;7;1131;1;1;0.0000;1;15000.0000;None;162000.0000
2451;2023-01-12 19:48:39.857000;7;1131;1;1;0.0000;1;15000.0000;None;162000.0000
18574;2023-01-12 14:17:09.510000;7;1135;1;1;0.0000;1;41500.0000;None;448200.0000
18574;2023-01-12 14:22:45.497000;7;1135;1;1;0.0000;1;41500.0000;None;448200.0000
18571;2023-01-12 13:43:37.920000;7;1135;1;1;0.0000;1;18037.0000;None;194800.0000
18571;2023-01-12 13:43:37.920000;7;1135;1;1;0.0000;1;18037.0000;None;194800.0000
20673;2023-01-12 13:40:51.603000;7;1135;1;1;0.0000;1;16833.0000;None;181800.0000
20673;2023-01-12 13:40:51.603000;7;1135;1;1;0.0000;1;16833.0000;None;181800.0000
18572;2023-01-12 14:00:19.293000;7;1135;1;1;0.0000;1;22389.0000;None;241800.0000
18567;2023-01-12 12:55:21.810000;7;1135;1;1;0.0000;1;30741.0000;None;332000.0000
18567;2023-01-12 12:55:21.810000;7;1135;1;1;0.0000;1;30741.0000;None;332000.0000
18567;2023-01-12 12:55:21.810000;7;1135;1;1;0.0000;1;30741.0000;None;332000.0000
20672;2023-01-12 13:31:41.757000;7;1135;1;1;0.0000;1;None;None;198600.0000
20672;2023-01-12 13:31:41.757000;7;1157;1;1;0.0000;1;None;None;198600.0000
20672;2023-01-12 13:31:41.757000;7;1157;1;1;0.0000;1;None;None;198600.0000
20672;2023-01-12 13:31:41.757000;7;1157;1;1;0.0000;1;None;None;198600.0000
2444;2023-01-12 12:43:43.160000;7;1157;1;1;0.0000;1;None;None;33600.0000
2444;2023-01-12 12:43:43.160000;7;1157;1;1;0.0000;1;None;None;33600.0000
18596;2023-01-12 21:44:22.133000;7;1157;1;1;0.0000;1;None;None;43800.0000
2448;2023-01-12 18:31:50.087000;7;1157;1;1;0.0000;1;None;None;373200.0000
18577;2023-01-12 15:09:19.120000;7;1157;1;1;0.0000;1;None;None;193800.0000
18577;2023-01-12 15:09:19.120000;7;1157;1;1;0.0000;1;None;None;193800.0000
18577;2023-01-12 15:09:19.120000;7;1157;1;1;0.0000;1;None;None;193800.0000
18576;2023-01-12 14:26:06.113000;7;1193;1;1;0.0000;1;11074.0000;None;119600.0000
18593;2023-01-12 20:25:12.823000;7;1193;1;1;0.0000;1;20963.0000;None;226400.0000
18592;2023-01-12 19:53:31.930000;7;1207;1;1;0.0000;1;10574.0000;None;114200.0000
20681;2023-01-12 19:51:56.167000;7;1207;1;1;0.0000;1;28278.0000;None;305400.0000
20678;2023-01-12 14:22:05.370000;7;1207;1;1;0.0000;1;15648.0000;None;169000.0000
18574;2023-01-12 14:10:58.647000;7;1207;1;1;None;1;41500.0000;None;448200.0000
18574;2023-01-12 14:58:58.740000;7;1207;1;1;0.0000;1;41500.0000;None;448200.0000
18574;2023-01-12 14:30:37.730000;7;1207;1;1;0.0000;1;41500.0000;None;448200.0000
18572;2023-01-12 13:48:19.207000;7;1207;1;1;0.0000;1;22389.0000;None;241800.0000
20672;2023-01-12 13:31:41.757000;7;1207;1;1;0.0000;1;None;None;198600.0000
18568;2023-01-12 12:49:07.527000;7;1207;1;1;0.0000;1;4944.0000;None;53400.0000
2452;2023-01-12 19:51:36.793000;7;1211;1;-1;0.0000;1;-16833.0000;None;-181800.0000
2451;2023-01-12 19:48:39.857000;7;1211;1;1;0.0000;1;15000.0000;None;162000.0000
18567;2023-01-12 12:55:21.810000;7;1211;1;1;0.0000;1;30741.0000;None;332000.0000
20673;2023-01-12 13:40:51.603000;7;1212;1;1;0.0000;1;16833.0000;None;181800.0000
20678;2023-01-12 14:40:19.077000;7;1220;1;1;0.0000;1;15648.0000;None;169000.0000
18585;2023-01-12 19:07:28.983000;7;1220;1;1;0.0000;1;14352.0000;None;155000.0000
20674;2023-01-12 13:54:51.330000;7;1220;1;1;0.0000;1;14445.0000;None;156000.0000
18574;2023-01-12 14:34:39.610000;7;1220;1;1;0.0000;1;41500.0000;None;448200.0000
18567;2023-01-12 13:13:54.120000;7;1220;1;1;0.0000;1;30741.0000;None;332000.0000
20672;2023-01-12 13:31:41.757000;7;2034;1;1;0.0000;1;None;None;198600.0000
20672;2023-01-12 13:31:41.757000;7;2034;1;1;0.0000;1;None;None;198600.0000
18577;2023-01-12 15:09:19.120000;7;2034;1;1;0.0000;1;None;None;193800.0000
18577;2023-01-12 15:09:19.120000;7;2034;1;1;0.0000;1;None;None;193800.0000
18577;2023-01-12 15:09:19.120000;7;2034;1;1;0.0000;1;None;None;193800.0000
20679;2023-01-12 17:33:53.560000;3;100596;1;1;5800.0000;1;26000.0000;None;280800.0000
18576;2023-01-12 15:15:11.110000;3;100601;1;1;5800.0000;1;11074.0000;None;119600.0000
2452;2023-01-12 19:51:36.793000;3;100601;1;-1;-5800.0000;1;-16833.0000;None;-181800.0000
2451;2023-01-12 19:48:39.857000;3;100601;1;1;5800.0000;1;15000.0000;None;162000.0000
20673;2023-01-12 13:41:59.127000;3;100601;1;1;5800.0000;1;16833.0000;None;181800.0000
18579;2023-01-12 16:08:41.997000;3;100607;1;1;6800.0000;1;12074.0000;None;130400.0000
18579;2023-01-12 16:08:41.997000;3;100607;1;1;6800.0000;1;12074.0000;None;130400.0000
20671;2023-01-12 14:37:28.547000;3;100612;1;1;9800.0000;1;34722.0000;None;375000.0000
20671;2023-01-12 14:37:28.547000;3;100612;1;1;9800.0000;1;34722.0000;None;375000.0000
20671;2023-01-12 14:37:28.547000;3;100612;1;1;9800.0000;1;34722.0000;None;375000.0000
18570;2023-01-12 14:22:05.383000;3;100614;1;1;5800.0000;1;16074.0000;None;173600.0000
18564;2023-01-12 13:08:57.587000;3;100614;1;1;5800.0000;1;8611.0000;None;93000.0000
20670;2023-01-12 13:50:21.870000;3;100614;1;1;5800.0000;1;16889.0000;None;182400.0000
18572;2023-01-12 14:38:53.827000;3;100614;1;3;17400.0000;1;22389.0000;None;241800.0000
18573;2023-01-12 14:49:50.080000;3;100614;1;1;5800.0000;1;16593.0000;None;179200.0000
18573;2023-01-12 14:49:50.080000;3;100614;1;1;5800.0000;1;16593.0000;None;179200.0000
18576;2023-01-12 15:15:11.110000;3;100614;1;1;5800.0000;1;11074.0000;None;119600.0000
20681;2023-01-12 20:50:04.470000;3;100614;1;1;5800.0000;1;28278.0000;None;305400.0000
20681;2023-01-12 20:50:04.470000;3;100614;1;1;5800.0000;1;28278.0000;None;305400.0000
18574;2023-01-12 14:17:09.510000;1;101007;1;1;59800.0000;1;41500.0000;None;448200.0000
18574;2023-01-12 14:10:58.647000;1;101270;1;1;None;1;41500.0000;None;448200.0000
20674;2023-01-12 13:44:14.533000;1;101270;1;1;0.0000;1;14445.0000;None;156000.0000
20674;2023-01-12 13:44:14.533000;1;101270;1;1;0.0000;1;14445.0000;None;156000.0000
18572;2023-01-12 13:48:19.207000;1;101270;1;1;0.0000;1;22389.0000;None;241800.0000
18572;2023-01-12 13:48:19.207000;1;101270;1;1;0.0000;1;22389.0000;None;241800.0000
20670;2023-01-12 12:38:30.247000;1;101270;1;1;0.0000;1;16889.0000;None;182400.0000
18565;2023-01-12 12:35:25.287000;1;101270;1;1;0.0000;1;14537.0000;None;157000.0000
18564;2023-01-12 12:33:16.707000;1;101270;1;1;None;1;8611.0000;None;93000.0000
18570;2023-01-12 13:23:18.207000;1;101270;1;1;None;1;16074.0000;None;173600.0000
20671;2023-01-12 13:49:56.777000;1;101270;1;1;0.0000;1;34722.0000;None;375000.0000
20681;2023-01-12 19:51:56.167000;1;101270;1;1;0.0000;1;28278.0000;None;305400.0000
18591;2023-01-12 20:20:43.260000;1;101270;1;1;0.0000;1;10278.0000;None;111000.0000
18591;2023-01-12 19:42:33.703000;1;101270;1;1;0.0000;1;10278.0000;None;111000.0000
18588;2023-01-12 20:22:01.850000;1;101270;1;1;0.0000;1;41704.0000;None;450400.0000
20678;2023-01-12 14:22:05.370000;1;101270;1;1;0.0000;1;15648.0000;None;169000.0000
18585;2023-01-12 18:47:06.433000;1;101270;1;1;0.0000;1;14352.0000;None;155000.0000
20673;2023-01-12 13:40:51.603000;1;101433;1;1;0.0000;1;16833.0000;None;181800.0000
18567;2023-01-12 12:55:21.810000;6;101518;1;1;0.0000;1;30741.0000;None;332000.0000
18594;2023-01-12 19:19:23.390000;2;101679;1;1;19800.0000;1;7352.0000;None;79400.0000
18594;2023-01-12 19:19:23.390000;2;101679;1;1;19800.0000;1;7352.0000;None;79400.0000
18588;2023-01-12 20:12:22.920000;2;101679;1;1;19800.0000;1;41704.0000;None;450400.0000
18588;2023-01-12 20:12:22.920000;2;101679;1;1;19800.0000;1;41704.0000;None;450400.0000
18587;2023-01-12 19:47:16.567000;2;101679;1;1;19800.0000;1;10389.0000;None;112200.0000
18567;2023-01-12 13:11:48.493000;2;101680;1;1;20800.0000;1;30741.0000;None;332000.0000
18567;2023-01-12 12:46:30.487000;2;101680;1;1;20800.0000;1;30741.0000;None;332000.0000
18595;2023-01-12 20:29:11.980000;2;101709;1;1;28800.0000;1;24204.0000;None;261400.0000
18595;2023-01-12 20:29:11.980000;2;101709;1;1;28800.0000;1;24204.0000;None;261400.0000
18595;2023-01-12 21:09:17.930000;2;101709;1;1;28800.0000;1;24204.0000;None;261400.0000
18595;2023-01-12 21:09:17.930000;2;101709;1;1;28800.0000;1;24204.0000;None;261400.0000
18568;2023-01-12 12:49:07.527000;1;102141;1;1;3800.0000;1;4944.0000;None;53400.0000
18572;2023-01-12 14:23:59.280000;1;102141;1;1;3800.0000;1;22389.0000;None;241800.0000
18579;2023-01-12 15:37:01.777000;1;102170;1;1;3800.0000;1;12074.0000;None;130400.0000
20676;2023-01-12 14:20:22.113000;2;103225;1;1;45800.0000;1;18611.0000;None;201000.0000
2448;2023-01-12 18:31:50.087000;2;103225;1;1;45800.0000;1;None;None;373200.0000
2448;2023-01-12 18:31:50.087000;2;103225;1;1;45800.0000;1;None;None;373200.0000
2448;2023-01-12 18:31:50.087000;2;103225;1;1;45800.0000;1;None;None;373200.0000
18588;2023-01-12 20:12:22.920000;2;103225;1;1;45800.0000;1;41704.0000;None;450400.0000
18588;2023-01-12 20:12:22.920000;2;103225;1;1;45800.0000;1;41704.0000;None;450400.0000
18588;2023-01-12 20:12:22.920000;2;103225;1;1;45800.0000;1;41704.0000;None;450400.0000
18588;2023-01-12 20:12:22.920000;2;103225;1;1;45800.0000;1;41704.0000;None;450400.0000
18587;2023-01-12 19:47:16.567000;1;103351;1;1;36800.0000;1;10389.0000;None;112200.0000
20677;2023-01-12 14:26:42.020000;1;103351;1;1;36800.0000;1;18833.0000;None;203400.0000
20677;2023-01-12 14:26:42.020000;1;103351;1;1;36800.0000;1;18833.0000;None;203400.0000
18574;2023-01-12 15:11:37.613000;1;103993;1;1;16800.0000;1;41500.0000;None;448200.0000
2444;2023-01-12 12:43:43.160000;1;103993;1;1;16800.0000;1;None;None;33600.0000
2444;2023-01-12 12:43:43.160000;1;103993;1;1;16800.0000;1;None;None;33600.0000
20670;2023-01-12 12:43:43.160000;1;103993;1;1;16800.0000;1;16889.0000;None;182400.0000
18588;2023-01-12 21:15:30.037000;1;103993;1;1;16800.0000;1;41704.0000;None;450400.0000
18589;2023-01-12 20:41:12.247000;1;103993;1;1;16800.0000;1;44130.0000;None;476600.0000
20681;2023-01-12 20:50:04.470000;1;103993;1;1;16800.0000;1;28278.0000;None;305400.0000
20679;2023-01-12 17:33:53.560000;1;103993;1;1;16800.0000;1;26000.0000;None;280800.0000
20680;2023-01-12 19:36:27.653000;1;103993;1;1;16800.0000;1;7778.0000;None;84000.0000
18587;2023-01-12 19:36:07.737000;1;104337;1;1;46800.0000;1;10389.0000;None;112200.0000
18593;2023-01-12 20:25:12.823000;1;104341;1;1;39800.0000;1;20963.0000;None;226400.0000
18567;2023-01-12 12:55:21.810000;1;104341;1;1;39800.0000;1;30741.0000;None;332000.0000
18569;2023-01-12 13:20:34.640000;1;104341;1;1;39800.0000;1;10482.0000;None;113200.0000
18568;2023-01-12 12:49:07.527000;1;104347;1;1;43800.0000;1;4944.0000;None;53400.0000
18570;2023-01-12 13:23:18.207000;1;104347;1;1;43800.0000;1;16074.0000;None;173600.0000
20672;2023-01-12 13:31:41.757000;1;104347;1;1;43800.0000;1;None;None;198600.0000
20670;2023-01-12 12:43:43.160000;1;104347;1;1;43800.0000;1;16889.0000;None;182400.0000
18566;2023-01-12 12:37:35.977000;1;104347;1;1;43800.0000;1;10667.0000;None;115200.0000
18564;2023-01-12 12:36:42.253000;1;104347;1;1;43800.0000;1;8611.0000;None;93000.0000
18572;2023-01-12 13:48:19.207000;1;104347;1;1;43800.0000;1;22389.0000;None;241800.0000
18574;2023-01-12 14:17:09.510000;1;104347;1;1;43800.0000;1;41500.0000;None;448200.0000
18593;2023-01-12 20:25:12.823000;1;104347;1;1;43800.0000;1;20963.0000;None;226400.0000
18592;2023-01-12 19:53:31.930000;1;104347;1;1;43800.0000;1;10574.0000;None;114200.0000
20681;2023-01-12 19:51:56.167000;1;104347;1;1;43800.0000;1;28278.0000;None;305400.0000
18589;2023-01-12 19:38:48.030000;1;104347;1;1;43800.0000;1;44130.0000;None;476600.0000
18589;2023-01-12 19:38:48.030000;1;104347;1;1;43800.0000;1;44130.0000;None;476600.0000
18588;2023-01-12 20:26:57.990000;1;104347;1;1;43800.0000;1;41704.0000;None;450400.0000
18586;2023-01-12 18:49:00.443000;1;104347;1;1;43800.0000;1;10111.0000;None;109200.0000
18585;2023-01-12 18:41:39.573000;1;104347;1;1;43800.0000;1;14352.0000;None;155000.0000
18584;2023-01-12 18:31:24.090000;1;104347;1;1;43800.0000;1;11870.0000;None;128200.0000
20679;2023-01-12 17:08:46.950000;1;104347;1;1;43800.0000;1;26000.0000;None;280800.0000
20678;2023-01-12 14:22:05.370000;1;104347;1;1;43800.0000;1;15648.0000;None;169000.0000
18596;2023-01-12 21:44:22.133000;1;104347;1;1;43800.0000;1;None;None;43800.0000
18579;2023-01-12 15:33:58.393000;3;104355;1;1;10800.0000;1;12074.0000;None;130400.0000
18579;2023-01-12 15:33:58.393000;3;104355;1;1;10800.0000;1;12074.0000;None;130400.0000
20679;2023-01-12 16:56:20.393000;3;104355;1;1;10800.0000;1;26000.0000;None;280800.0000
20679;2023-01-12 16:56:20.393000;3;104355;1;1;10800.0000;1;26000.0000;None;280800.0000
20679;2023-01-12 16:40:01.273000;3;104355;1;1;10800.0000;1;26000.0000;None;280800.0000
20679;2023-01-12 16:40:01.273000;3;104355;1;1;10800.0000;1;26000.0000;None;280800.0000
18582;2023-01-12 16:42:39.727000;3;104355;1;1;10800.0000;1;9537.0000;None;103000.0000
18582;2023-01-12 16:31:54.423000;3;104355;1;1;10800.0000;1;9537.0000;None;103000.0000
18584;2023-01-12 18:31:24.090000;3;104355;1;1;10800.0000;1;11870.0000;None;128200.0000
20680;2023-01-12 18:34:18.583000;3;104355;1;1;10800.0000;1;7778.0000;None;84000.0000
18586;2023-01-12 18:49:00.443000;3;104355;1;1;10800.0000;1;10111.0000;None;109200.0000
20682;2023-01-12 19:56:40.847000;3;104355;1;1;10800.0000;1;18111.0000;None;195600.0000
20682;2023-01-12 19:56:40.847000;3;104355;1;1;10800.0000;1;18111.0000;None;195600.0000
18593;2023-01-12 20:19:57.310000;3;104355;1;1;10800.0000;1;20963.0000;None;226400.0000
20677;2023-01-12 14:21:25.410000;3;104355;1;1;10800.0000;1;18833.0000;None;203400.0000
20676;2023-01-12 14:20:22.113000;3;104355;1;1;10800.0000;1;18611.0000;None;201000.0000
18573;2023-01-12 14:07:37.057000;3;104355;1;1;10800.0000;1;16593.0000;None;179200.0000
18571;2023-01-12 13:45:17.250000;3;104355;1;1;10800.0000;1;18037.0000;None;194800.0000
18571;2023-01-12 13:45:17.250000;3;104355;1;1;10800.0000;1;18037.0000;None;194800.0000
18571;2023-01-12 13:47:25.043000;3;104355;1;1;10800.0000;1;18037.0000;None;194800.0000
18570;2023-01-12 13:23:18.207000;3;104355;1;1;10800.0000;1;16074.0000;None;173600.0000
18569;2023-01-12 13:11:21.943000;3;104355;1;1;10800.0000;1;10482.0000;None;113200.0000
20674;2023-01-12 13:44:14.533000;1;104357;1;1;44800.0000;1;14445.0000;None;156000.0000
20682;2023-01-12 20:01:50.443000;1;104357;1;1;44800.0000;1;18111.0000;None;195600.0000
18592;2023-01-12 19:53:31.930000;1;104357;1;1;44800.0000;1;10574.0000;None;114200.0000
20681;2023-01-12 19:51:56.167000;1;104357;1;1;44800.0000;1;28278.0000;None;305400.0000
18567;2023-01-12 12:55:21.810000;1;104358;1;1;23800.0000;1;30741.0000;None;332000.0000
20671;2023-01-12 13:29:48.690000;1;104413;1;1;1800.0000;1;34722.0000;None;375000.0000
18567;2023-01-12 12:55:21.810000;1;104447;1;1;56800.0000;1;30741.0000;None;332000.0000
18572;2023-01-12 14:00:19.293000;1;104447;1;1;56800.0000;1;22389.0000;None;241800.0000
20674;2023-01-12 13:44:14.533000;1;104447;1;1;56800.0000;1;14445.0000;None;156000.0000
20678;2023-01-12 14:22:05.370000;1;104447;1;1;56800.0000;1;15648.0000;None;169000.0000
20678;2023-01-12 14:22:05.370000;1;104447;1;1;56800.0000;1;15648.0000;None;169000.0000
18574;2023-01-12 14:17:09.510000;1;104447;1;3;170400.0000;1;41500.0000;None;448200.0000
20681;2023-01-12 19:51:56.167000;1;104447;1;1;56800.0000;1;28278.0000;None;305400.0000
2447;2023-01-12 15:53:47.843000;1;104447;1;1;59700.0000;1;None;None;160100.0000
20683;2023-01-12 20:23:22.757000;1;104450;1;1;22800.0000;1;5407.0000;None;58400.0000
18579;2023-01-12 16:03:17.923000;1;104498;1;1;24800.0000;1;12074.0000;None;130400.0000
18589;2023-01-12 20:41:12.247000;1;104498;1;1;24800.0000;1;44130.0000;None;476600.0000
18570;2023-01-12 14:22:05.383000;1;104498;1;1;24800.0000;1;16074.0000;None;173600.0000
20673;2023-01-12 14:11:42.233000;1;104777;1;1;1800.0000;1;16833.0000;None;181800.0000
2451;2023-01-12 19:48:39.857000;1;104777;1;1;1800.0000;1;15000.0000;None;162000.0000
2452;2023-01-12 19:51:36.793000;1;104777;1;-1;-1800.0000;1;-16833.0000;None;-181800.0000
18582;2023-01-12 16:42:39.727000;1;104777;1;1;1800.0000;1;9537.0000;None;103000.0000
18595;2023-01-12 20:27:25.953000;1;104974;1;1;45800.0000;1;24204.0000;None;261400.0000
20679;2023-01-12 17:08:46.950000;1;104974;1;1;45800.0000;1;26000.0000;None;280800.0000
18586;2023-01-12 18:49:00.443000;1;104974;1;1;45800.0000;1;10111.0000;None;109200.0000
18593;2023-01-12 20:25:12.823000;1;104974;1;1;45800.0000;1;20963.0000;None;226400.0000
18588;2023-01-12 20:26:57.990000;1;104974;1;1;45800.0000;1;41704.0000;None;450400.0000
20683;2023-01-12 20:23:22.757000;1;105065;2;1;0.0000;1;5407.0000;None;58400.0000
18595;2023-01-12 20:29:11.980000;6;105530;1;1;0.0000;1;24204.0000;None;261400.0000
18595;2023-01-12 20:29:11.980000;6;105631;1;1;0.0000;1;24204.0000;None;261400.0000
18591;2023-01-12 20:17:14.157000;1;106358;1;1;36800.0000;1;10278.0000;None;111000.0000
18583;2023-01-12 17:30:49.057000;1;106358;1;1;36800.0000;1;4222.0000;None;45600.0000
18574;2023-01-12 14:17:09.510000;1;106358;1;1;36800.0000;1;41500.0000;None;448200.0000
20677;2023-01-12 14:26:42.020000;1;106358;1;1;36800.0000;1;18833.0000;None;203400.0000
20680;2023-01-12 18:34:18.583000;None;106866;None;1;27800.0000;1;7778.0000;None;84000.0000
18574;2023-01-12 14:22:45.497000;1;107824;1;1;22800.0000;1;41500.0000;None;448200.0000
18573;2023-01-12 14:07:37.057000;1;107824;1;1;22800.0000;1;16593.0000;None;179200.0000
2448;2023-01-12 18:31:50.087000;1;107826;1;1;43800.0000;1;None;None;373200.0000
2448;2023-01-12 18:31:50.087000;1;107826;1;1;43800.0000;1;None;None;373200.0000
20682;2023-01-12 19:56:40.847000;1;107826;1;1;43800.0000;1;18111.0000;None;195600.0000
18589;2023-01-12 19:20:11.047000;1;107827;1;1;49800.0000;1;44130.0000;None;476600.0000
2448;2023-01-12 18:31:50.087000;1;107827;1;1;49800.0000;1;None;None;373200.0000
18576;2023-01-12 14:26:06.113000;1;107827;1;1;49800.0000;1;11074.0000;None;119600.0000
18578;2023-01-12 15:17:29.127000;1;107829;1;1;34800.0000;1;9204.0000;None;99400.0000
20670;2023-01-12 12:43:43.160000;1;107829;1;1;34800.0000;1;16889.0000;None;182400.0000
18565;2023-01-12 12:46:52.630000;1;107831;1;1;55800.0000;1;14537.0000;None;157000.0000
20671;2023-01-12 13:34:55.137000;1;107831;1;1;55800.0000;1;34722.0000;None;375000.0000
20672;2023-01-12 13:31:41.757000;1;107831;1;1;55800.0000;1;None;None;198600.0000
18569;2023-01-12 13:20:34.640000;1;107831;1;1;55800.0000;1;10482.0000;None;113200.0000
20677;2023-01-12 14:26:42.020000;1;107831;1;1;55800.0000;1;18833.0000;None;203400.0000
20676;2023-01-12 15:00:03.627000;1;107831;1;1;55800.0000;1;18611.0000;None;201000.0000
18575;2023-01-12 14:12:54.160000;1;107831;1;1;55800.0000;1;7537.0000;None;81400.0000
20673;2023-01-12 13:40:51.603000;1;107831;1;1;55800.0000;1;16833.0000;None;181800.0000
18571;2023-01-12 13:43:37.920000;1;107831;1;1;55800.0000;1;18037.0000;None;194800.0000
18572;2023-01-12 14:00:19.293000;1;107831;1;1;55800.0000;1;22389.0000;None;241800.0000
18578;2023-01-12 15:17:29.127000;1;107831;1;1;55800.0000;1;9204.0000;None;99400.0000
18577;2023-01-12 15:09:19.120000;1;107831;1;1;55800.0000;1;None;None;193800.0000
2447;2023-01-12 15:53:47.843000;1;107831;1;1;58600.0000;1;None;None;160100.0000
18581;2023-01-12 16:02:24.653000;1;107831;1;1;55800.0000;1;10482.0000;None;113200.0000
18577;2023-01-12 15:09:19.120000;1;107831;1;1;55800.0000;1;None;None;193800.0000
18577;2023-01-12 15:09:19.120000;1;107831;1;1;55800.0000;1;None;None;193800.0000
18589;2023-01-12 19:38:48.030000;1;107831;1;1;55800.0000;1;44130.0000;None;476600.0000
18591;2023-01-12 20:17:14.157000;1;107831;1;1;55800.0000;1;10278.0000;None;111000.0000
2451;2023-01-12 19:48:39.857000;1;107831;1;1;55800.0000;1;15000.0000;None;162000.0000
2450;2023-01-12 19:08:47.410000;1;107831;1;1;58600.0000;1;None;None;58600.0000
2452;2023-01-12 19:51:36.793000;1;107831;1;-1;-55800.0000;1;-16833.0000;None;-181800.0000
20681;2023-01-12 19:51:56.167000;1;107831;1;1;55800.0000;1;28278.0000;None;305400.0000
20681;2023-01-12 19:51:56.167000;1;107832;1;1;39800.0000;1;28278.0000;None;305400.0000
20682;2023-01-12 19:56:40.847000;1;107832;1;1;39800.0000;1;18111.0000;None;195600.0000
20682;2023-01-12 19:56:40.847000;1;107832;1;1;39800.0000;1;18111.0000;None;195600.0000
20671;2023-01-12 13:34:55.137000;1;107833;1;1;49800.0000;1;34722.0000;None;375000.0000
20673;2023-01-12 13:40:51.603000;1;107836;1;1;19800.0000;1;16833.0000;None;181800.0000
2452;2023-01-12 19:51:36.793000;1;107836;1;-1;-19800.0000;1;-16833.0000;None;-181800.0000
20680;2023-01-12 18:34:18.583000;1;107836;1;1;19800.0000;1;7778.0000;None;84000.0000
18581;2023-01-12 16:02:24.653000;1;107839;1;1;39800.0000;1;10482.0000;None;113200.0000
18579;2023-01-12 15:37:01.777000;1;107839;1;1;39800.0000;1;12074.0000;None;130400.0000
2449;2023-01-12 18:56:29.140000;1;107839;1;1;41800.0000;1;None;None;41800.0000
18588;2023-01-12 20:26:57.990000;1;107839;1;1;39800.0000;1;41704.0000;None;450400.0000
18595;2023-01-12 20:27:25.953000;1;107839;1;1;39800.0000;1;24204.0000;None;261400.0000
20671;2023-01-12 13:18:53.630000;1;107839;1;1;39800.0000;1;34722.0000;None;375000.0000
20671;2023-01-12 13:18:53.630000;1;107839;1;1;39800.0000;1;34722.0000;None;375000.0000
20672;2023-01-12 13:31:41.757000;1;107839;1;1;39800.0000;1;None;None;198600.0000
18589;2023-01-12 19:41:01.460000;1;107840;1;1;42800.0000;1;44130.0000;None;476600.0000
2448;2023-01-12 18:31:50.087000;1;107846;1;1;32800.0000;1;None;None;373200.0000
2448;2023-01-12 18:31:50.087000;1;107846;1;1;32800.0000;1;None;None;373200.0000
2448;2023-01-12 18:31:50.087000;1;107846;1;1;32800.0000;1;None;None;373200.0000
18570;2023-01-12 13:23:18.207000;1;107847;1;1;39800.0000;1;16074.0000;None;173600.0000
20671;2023-01-12 13:18:53.630000;3;107873;1;3;26400.0000;1;34722.0000;None;375000.0000
18565;2023-01-12 12:34:34.560000;3;107873;1;1;8800.0000;1;14537.0000;None;157000.0000
20673;2023-01-12 13:34:20.933000;3;107873;1;1;8800.0000;1;16833.0000;None;181800.0000
18573;2023-01-12 14:07:37.057000;3;107873;1;1;8800.0000;1;16593.0000;None;179200.0000
20676;2023-01-12 14:20:22.113000;3;107873;1;1;8800.0000;1;18611.0000;None;201000.0000
20677;2023-01-12 14:21:25.410000;3;107873;1;3;26400.0000;1;18833.0000;None;203400.0000
18574;2023-01-12 14:16:22.653000;3;107873;1;1;8800.0000;1;41500.0000;None;448200.0000
18583;2023-01-12 17:30:49.057000;3;107873;1;1;8800.0000;1;4222.0000;None;45600.0000
20680;2023-01-12 18:34:18.583000;3;107873;1;1;8800.0000;1;7778.0000;None;84000.0000
18585;2023-01-12 18:41:39.573000;3;107873;1;1;8800.0000;1;14352.0000;None;155000.0000
18586;2023-01-12 18:49:00.443000;3;107873;1;1;8800.0000;1;10111.0000;None;109200.0000
18587;2023-01-12 18:54:44.020000;3;107873;1;1;8800.0000;1;10389.0000;None;112200.0000
18578;2023-01-12 15:17:29.127000;3;107873;1;1;8800.0000;1;9204.0000;None;99400.0000
18581;2023-01-12 16:02:24.653000;3;107873;1;1;8800.0000;1;10482.0000;None;113200.0000
18581;2023-01-12 16:02:24.653000;3;107873;1;1;8800.0000;1;10482.0000;None;113200.0000
2446;2023-01-12 14:48:45.113000;3;107873;1;1;8800.0000;1;None;None;8800.0000
18577;2023-01-12 15:09:19.120000;3;107873;1;1;8800.0000;1;None;None;193800.0000
18577;2023-01-12 15:09:19.120000;3;107873;1;1;8800.0000;1;None;None;193800.0000
18577;2023-01-12 15:09:19.120000;3;107873;1;1;8800.0000;1;None;None;193800.0000
18576;2023-01-12 14:27:26.510000;3;107873;1;1;8800.0000;1;11074.0000;None;119600.0000
18576;2023-01-12 14:26:06.113000;3;107873;1;1;8800.0000;1;11074.0000;None;119600.0000
18576;2023-01-12 14:26:06.113000;3;107873;1;1;8800.0000;1;11074.0000;None;119600.0000
18589;2023-01-12 19:26:44.850000;3;107873;1;1;8800.0000;1;44130.0000;None;476600.0000
2451;2023-01-12 19:48:39.857000;3;107873;1;1;8800.0000;1;15000.0000;None;162000.0000
18589;2023-01-12 19:20:11.047000;3;107873;1;1;8800.0000;1;44130.0000;None;476600.0000
18589;2023-01-12 19:20:11.047000;3;107873;1;1;8800.0000;1;44130.0000;None;476600.0000
2452;2023-01-12 19:51:36.793000;3;107873;1;-1;-8800.0000;1;-16833.0000;None;-181800.0000
20681;2023-01-12 19:51:56.167000;3;107873;1;1;8800.0000;1;28278.0000;None;305400.0000
20681;2023-01-12 19:51:56.167000;3;107873;1;1;8800.0000;1;28278.0000;None;305400.0000
18593;2023-01-12 20:19:57.310000;3;107873;1;1;8800.0000;1;20963.0000;None;226400.0000
18593;2023-01-12 20:19:57.310000;3;107873;1;1;8800.0000;1;20963.0000;None;226400.0000
20683;2023-01-12 20:23:22.757000;3;107873;1;1;8800.0000;1;5407.0000;None;58400.0000
18595;2023-01-12 20:27:25.953000;1;107893;1;1;54800.0000;1;24204.0000;None;261400.0000
18571;2023-01-12 13:43:37.920000;1;107893;1;1;54800.0000;1;18037.0000;None;194800.0000
20671;2023-01-12 13:34:55.137000;1;107893;1;1;54800.0000;1;34722.0000;None;375000.0000
18567;2023-01-12 12:55:21.810000;1;108029;1;1;0.0000;1;30741.0000;None;332000.0000
2452;2023-01-12 19:51:36.793000;1;108029;1;-1;0.0000;1;-16833.0000;None;-181800.0000
2451;2023-01-12 19:48:39.857000;1;108029;1;1;0.0000;1;15000.0000;None;162000.0000
18588;2023-01-12 20:26:57.990000;1;108054;1;1;28800.0000;1;41704.0000;None;450400.0000
18567;2023-01-12 12:46:30.487000;2;108132;1;1;23800.0000;1;30741.0000;None;332000.0000
18567;2023-01-12 12:46:30.487000;2;108132;1;1;23800.0000;1;30741.0000;None;332000.0000
18571;2023-01-12 13:45:17.250000;3;108169;1;1;0.0000;1;18037.0000;None;194800.0000
18589;2023-01-12 19:20:11.047000;3;108191;1;1;0.0000;1;44130.0000;None;476600.0000
18589;2023-01-12 19:20:11.047000;3;108191;1;1;0.0000;1;44130.0000;None;476600.0000
2447;2023-01-12 15:53:47.843000;1;108314;1;1;41800.0000;1;None;None;160100.0000
20679;2023-01-12 16:45:18.390000;1;108314;1;1;39800.0000;1;26000.0000;None;280800.0000
18582;2023-01-12 16:42:39.727000;1;108314;1;1;39800.0000;1;9537.0000;None;103000.0000
18582;2023-01-12 16:31:54.423000;1;108314;1;1;39800.0000;1;9537.0000;None;103000.0000
18594;2023-01-12 19:43:20.763000;1;108314;1;1;39800.0000;1;7352.0000;None;79400.0000
18565;2023-01-12 12:46:52.630000;1;108314;1;1;39800.0000;1;14537.0000;None;157000.0000
20671;2023-01-12 13:34:55.137000;1;108314;1;1;39800.0000;1;34722.0000;None;375000.0000
20672;2023-01-12 13:31:41.757000;1;108314;1;1;39800.0000;1;None;None;198600.0000
20676;2023-01-12 14:30:24.380000;1;108319;1;1;79800.0000;1;18611.0000;None;201000.0000
20679;2023-01-12 16:40:01.273000;1;108319;1;1;79800.0000;1;26000.0000;None;280800.0000
18564;2023-01-12 12:37:08.620000;1;108320;1;-1;-29800.0000;1;8611.0000;None;93000.0000
18564;2023-01-12 12:33:16.707000;1;108320;1;1;29800.0000;1;8611.0000;None;93000.0000
18573;2023-01-12 14:07:37.057000;1;108321;1;1;26800.0000;1;16593.0000;None;179200.0000
18579;2023-01-12 15:37:01.777000;1;108321;1;1;26800.0000;1;12074.0000;None;130400.0000
20683;2023-01-12 20:23:22.757000;1;108321;1;1;26800.0000;1;5407.0000;None;58400.0000
18589;2023-01-12 19:38:48.030000;1;108323;1;1;49800.0000;1;44130.0000;None;476600.0000
18589;2023-01-12 19:41:01.460000;1;108323;1;-1;-49800.0000;1;44130.0000;None;476600.0000
18573;2023-01-12 14:07:37.057000;1;108323;1;1;49800.0000;1;16593.0000;None;179200.0000
20670;2023-01-12 12:43:43.160000;1;108323;1;1;49800.0000;1;16889.0000;None;182400.0000
18574;2023-01-12 15:11:37.613000;3;108325;1;1;16800.0000;1;41500.0000;None;448200.0000
18589;2023-01-12 20:41:12.247000;3;108325;1;1;16800.0000;1;44130.0000;None;476600.0000
18589;2023-01-12 19:38:48.030000;1;109155;1;1;59800.0000;1;44130.0000;None;476600.0000
18580;2023-01-12 15:44:39.930000;1;109155;1;1;59800.0000;1;9093.0000;None;98200.0000
18585;2023-01-12 18:41:39.573000;1;109155;1;1;59800.0000;1;14352.0000;None;155000.0000
18584;2023-01-12 18:31:24.090000;1;109155;1;1;59800.0000;1;11870.0000;None;128200.0000
18566;2023-01-12 12:37:35.977000;1;109155;1;1;59800.0000;1;10667.0000;None;115200.0000
18576;2023-01-12 14:26:06.113000;1;109156;1;1;31800.0000;1;11074.0000;None;119600.0000
18593;2023-01-12 20:25:12.823000;1;109156;1;1;31800.0000;1;20963.0000;None;226400.0000
18572;2023-01-12 14:10:11.497000;1;109205;1;1;0.0000;1;22389.0000;None;241800.0000
20674;2023-01-12 13:44:14.533000;1;109243;1;1;42800.0000;1;14445.0000;None;156000.0000
18573;2023-01-12 14:07:37.057000;1;109243;1;1;42800.0000;1;16593.0000;None;179200.0000
18567;2023-01-12 12:55:21.810000;1;109243;1;1;42800.0000;1;30741.0000;None;332000.0000
18570;2023-01-12 13:23:18.207000;1;109243;1;1;42800.0000;1;16074.0000;None;173600.0000
18565;2023-01-12 12:46:52.630000;1;109245;1;1;46800.0000;1;14537.0000;None;157000.0000
18572;2023-01-12 14:00:19.293000;1;109245;1;1;46800.0000;1;22389.0000;None;241800.0000
18589;2023-01-12 19:38:48.030000;1;109245;1;1;46800.0000;1;44130.0000;None;476600.0000
18588;2023-01-12 20:26:57.990000;1;109245;1;1;46800.0000;1;41704.0000;None;450400.0000
18571;2023-01-12 13:43:37.920000;1;109246;1;1;51800.0000;1;18037.0000;None;194800.0000
18593;2023-01-12 20:25:12.823000;1;109335;1;1;36800.0000;1;20963.0000;None;226400.0000
18585;2023-01-12 18:41:39.573000;1;109335;1;1;36800.0000;1;14352.0000;None;155000.0000
18589;2023-01-12 19:20:11.047000;1;109450;1;1;31800.0000;1;44130.0000;None;476600.0000
18564;2023-01-12 12:33:16.707000;1;109450;1;1;31800.0000;1;8611.0000;None;93000.0000
20671;2023-01-12 13:18:53.630000;1;109450;1;1;31800.0000;1;34722.0000;None;375000.0000
18567;2023-01-12 12:55:21.810000;1;109569;1;1;69800.0000;1;30741.0000;None;332000.0000
20673;2023-01-12 13:40:51.603000;1;109571;1;1;89800.0000;1;16833.0000;None;181800.0000
2451;2023-01-12 19:48:39.857000;1;109571;1;1;89800.0000;1;15000.0000;None;162000.0000
2452;2023-01-12 19:51:36.793000;1;109571;1;-1;-89800.0000;1;-16833.0000;None;-181800.0000
18592;2023-01-12 19:53:31.930000;2;200480;1;1;12800.0000;1;10574.0000;None;114200.0000
18592;2023-01-12 19:53:31.930000;2;200480;1;1;12800.0000;1;10574.0000;None;114200.0000
18580;2023-01-12 16:57:08.280000;2;200480;1;1;12800.0000;1;9093.0000;None;98200.0000
18580;2023-01-12 15:37:53.100000;2;200480;1;1;12800.0000;1;9093.0000;None;98200.0000
18580;2023-01-12 15:37:53.100000;2;200480;1;1;12800.0000;1;9093.0000;None;98200.0000
18575;2023-01-12 14:12:54.160000;2;200480;1;1;12800.0000;1;7537.0000;None;81400.0000
18575;2023-01-12 14:12:54.160000;2;200480;1;1;12800.0000;1;7537.0000;None;81400.0000
20670;2023-01-12 13:39:07.203000;2;200480;1;1;12800.0000;1;16889.0000;None;182400.0000
20670;2023-01-12 12:38:30.247000;2;200480;1;1;12800.0000;1;16889.0000;None;182400.0000
18566;2023-01-12 12:37:35.977000;3;200644;1;1;5800.0000;1;10667.0000;None;115200.0000
18565;2023-01-12 12:35:25.287000;3;200644;1;1;5800.0000;1;14537.0000;None;157000.0000
18570;2023-01-12 13:23:18.207000;3;200644;1;1;5800.0000;1;16074.0000;None;173600.0000
20671;2023-01-12 13:49:56.777000;3;200644;1;1;5800.0000;1;34722.0000;None;375000.0000
20678;2023-01-12 14:22:05.370000;3;200644;1;1;5800.0000;1;15648.0000;None;169000.0000
18574;2023-01-12 14:10:58.647000;3;200644;1;1;5800.0000;1;41500.0000;None;448200.0000
20674;2023-01-12 13:44:14.533000;3;200644;1;1;5800.0000;1;14445.0000;None;156000.0000
20674;2023-01-12 13:44:14.533000;3;200644;1;1;5800.0000;1;14445.0000;None;156000.0000
18572;2023-01-12 13:48:19.207000;3;200644;1;1;5800.0000;1;22389.0000;None;241800.0000
18572;2023-01-12 13:48:19.207000;3;200644;1;1;5800.0000;1;22389.0000;None;241800.0000
20678;2023-01-12 14:22:05.370000;3;200644;1;1;5800.0000;1;15648.0000;None;169000.0000
18591;2023-01-12 20:20:43.260000;3;200644;1;1;5800.0000;1;10278.0000;None;111000.0000
18591;2023-01-12 19:42:33.703000;3;200644;1;1;5800.0000;1;10278.0000;None;111000.0000
18588;2023-01-12 20:22:01.850000;3;200644;1;1;5800.0000;1;41704.0000;None;450400.0000
18589;2023-01-12 19:20:11.047000;3;200644;1;1;5800.0000;1;44130.0000;None;476600.0000
18589;2023-01-12 19:20:11.047000;3;200644;1;1;5800.0000;1;44130.0000;None;476600.0000
18589;2023-01-12 19:20:11.047000;3;200644;1;1;5800.0000;1;44130.0000;None;476600.0000
18590;2023-01-12 19:32:40.343000;3;201146;1;1;5800.0000;1;None;None;5800.0000
20682;2023-01-12 19:56:40.847000;3;201146;1;1;5800.0000;1;18111.0000;None;195600.0000
20679;2023-01-12 17:40:46.220000;3;201146;1;1;5800.0000;1;26000.0000;None;280800.0000
18595;2023-01-12 20:29:21.493000;3;201146;1;1;5800.0000;1;24204.0000;None;261400.0000
18572;2023-01-12 13:48:19.207000;3;201146;1;1;5800.0000;1;22389.0000;None;241800.0000
18573;2023-01-12 14:07:37.057000;3;201146;1;1;5800.0000;1;16593.0000;None;179200.0000
18574;2023-01-12 14:10:58.647000;3;201146;1;1;5800.0000;1;41500.0000;None;448200.0000
18574;2023-01-12 14:10:58.647000;3;201146;1;1;5800.0000;1;41500.0000;None;448200.0000
20670;2023-01-12 12:38:30.247000;3;201146;1;1;5800.0000;1;16889.0000;None;182400.0000
18567;2023-01-12 13:33:16.130000;2;201187;1;1;9800.0000;1;30741.0000;None;332000.0000
18574;2023-01-12 14:44:45.440000;2;201187;1;1;9800.0000;1;41500.0000;None;448200.0000
18574;2023-01-12 14:10:58.647000;2;201187;1;1;9800.0000;1;41500.0000;None;448200.0000
18574;2023-01-12 14:10:58.647000;2;201187;1;1;9800.0000;1;41500.0000;None;448200.0000
18574;2023-01-12 14:58:58.740000;2;201187;1;1;9800.0000;1;41500.0000;None;448200.0000
18574;2023-01-12 14:30:37.730000;2;201187;1;1;9800.0000;1;41500.0000;None;448200.0000
18574;2023-01-12 14:45:44.937000;3;201206;1;1;5800.0000;1;41500.0000;None;448200.0000
18564;2023-01-12 12:33:16.707000;3;201206;1;1;5800.0000;1;8611.0000;None;93000.0000
20672;2023-01-12 13:31:41.757000;3;201210;1;1;6800.0000;1;None;None;198600.0000
20672;2023-01-12 13:31:41.757000;3;201210;1;1;6800.0000;1;None;None;198600.0000
18569;2023-01-12 13:11:21.943000;3;201211;1;1;6800.0000;1;10482.0000;None;113200.0000
20681;2023-01-12 20:27:52.223000;3;201211;1;1;6800.0000;1;28278.0000;None;305400.0000
18591;2023-01-12 20:17:14.157000;3;201211;1;1;6800.0000;1;10278.0000;None;111000.0000
18585;2023-01-12 18:47:06.433000;3;201237;1;1;5800.0000;1;14352.0000;None;155000.0000
20681;2023-01-12 19:51:56.167000;3;201269;1;1;5800.0000;1;28278.0000;None;305400.0000
20681;2023-01-12 19:51:56.167000;3;201269;1;1;5800.0000;1;28278.0000;None;305400.0000
18568;2023-01-12 12:49:07.527000;3;201269;1;1;5800.0000;1;4944.0000;None;53400.0000
20672;2023-01-12 13:31:41.757000;3;201269;1;1;5800.0000;1;None;None;198600.0000
18564;2023-01-12 12:33:16.707000;3;201269;1;1;5800.0000;1;8611.0000;None;93000.0000
18566;2023-01-12 12:37:35.977000;3;201269;1;1;5800.0000;1;10667.0000;None;115200.0000
18584;2023-01-12 18:31:24.090000;2;201960;1;1;13800.0000;1;11870.0000;None;128200.0000
