18962;2023-01-21 14:40:08.897000;7;1001;1;1;0.0000;1;22278.0000;None;240600.0000
20863;2023-01-21 12:52:07.587000;7;1001;1;1;0.0000;1;11278.0000;None;121800.0000
18946;2023-01-21 12:59:20.873000;7;1001;1;1;0.0000;1;11074.0000;None;119600.0000
20867;2023-01-21 13:25:03.487000;7;1001;1;1;0.0000;1;12204.0000;None;131800.0000
18948;2023-01-21 13:27:56.427000;7;1001;1;1;0.0000;1;18926.0000;None;204400.0000
18939;2023-01-21 12:33:57.887000;7;1001;1;1;0.0000;1;11463.0000;None;123800.0000
18941;2023-01-21 12:39:37.203000;7;1001;1;1;0.0000;1;15204.0000;None;164200.0000
2617;2023-01-21 12:29:29.290000;7;1001;1;1;0.0000;1;17167.0000;None;185400.0000
18944;2023-01-21 13:19:24.587000;7;1001;1;1;0.0000;1;18648.0000;None;201400.0000
20879;2023-01-21 15:23:59.717000;7;1001;1;1;0.0000;1;42296.0000;None;456800.0000
20892;2023-01-21 19:27:16.010000;7;1029;1;1;0.0000;1;13519.0000;None;146000.0000
20891;2023-01-21 19:12:42.113000;7;1029;1;1;0.0000;1;32741.0000;None;353600.0000
20886;2023-01-21 16:05:40.767000;7;1029;1;1;None;1;17389.0000;None;187800.0000
2636;2023-01-21 18:57:52.573000;7;1061;1;1;0.0000;1;None;None;147000.0000
2636;2023-01-21 18:57:52.573000;7;1061;1;1;0.0000;1;None;None;147000.0000
2636;2023-01-21 18:57:52.583000;7;1061;1;1;0.0000;1;None;None;147000.0000
2631;2023-01-21 15:00:52.913000;7;1061;1;1;0.0000;1;None;None;49200.0000
2628;2023-01-21 14:25:38.067000;7;1061;1;1;0.0000;1;None;None;131700.0000
2628;2023-01-21 14:25:38.067000;7;1061;1;1;0.0000;1;None;None;131700.0000
2628;2023-01-21 14:25:38.067000;7;1061;1;1;0.0000;1;None;None;131700.0000
2627;2023-01-21 14:08:51.600000;7;1077;1;1;0.0000;1;None;None;317100.0000
18943;2023-01-21 12:59:26.373000;7;1077;1;1;0.0000;1;10204.0000;None;110200.0000
2636;2023-01-21 18:57:52.583000;7;1077;1;1;0.0000;1;None;None;147000.0000
2636;2023-01-21 18:57:52.573000;7;1077;1;1;0.0000;1;None;None;147000.0000
19000;2023-01-21 20:59:25.057000;7;1089;1;1;0.0000;1;9278.0000;None;100200.0000
2636;2023-01-21 18:57:52.583000;7;1090;1;1;0.0000;1;None;None;147000.0000
20867;2023-01-21 13:25:03.487000;7;1091;1;1;0.0000;1;12204.0000;None;131800.0000
20867;2023-01-21 13:25:03.487000;7;1091;1;1;0.0000;1;12204.0000;None;131800.0000
18945;2023-01-21 12:55:47.087000;7;1100;1;1;0.0000;1;16833.0000;None;181800.0000
18983;2023-01-21 16:03:56.890000;7;1114;1;1;0.0000;1;8444.0000;None;91200.0000
2627;2023-01-21 14:08:51.600000;7;1117;1;1;0.0000;1;None;None;317100.0000
18981;2023-01-21 15:51:20.460000;7;1131;1;1;0.0000;1;11482.0000;None;124000.0000
18981;2023-01-21 15:51:20.460000;7;1131;1;1;0.0000;1;11482.0000;None;124000.0000
18971;2023-01-21 15:51:27.760000;7;1131;1;1;0.0000;1;21611.0000;None;233400.0000
18971;2023-01-21 15:51:27.760000;7;1131;1;1;0.0000;1;21611.0000;None;233400.0000
18973;2023-01-21 16:06:37.930000;7;1135;1;1;0.0000;1;30204.0000;None;326200.0000
18973;2023-01-21 16:06:37.930000;7;1135;1;1;0.0000;1;30204.0000;None;326200.0000
20879;2023-01-21 15:59:27.960000;7;1135;1;1;0.0000;1;42296.0000;None;456800.0000
18998;2023-01-21 20:38:03.673000;7;1135;1;1;0.0000;1;17926.0000;None;193600.0000
20891;2023-01-21 19:39:37;7;1135;1;1;0.0000;1;32741.0000;None;353600.0000
20892;2023-01-21 19:34:49.977000;7;1135;1;1;0.0000;1;13519.0000;None;146000.0000
18953;2023-01-21 13:55:46.630000;7;1135;1;1;0.0000;1;26000.0000;None;280800.0000
20871;2023-01-21 13:52:57.530000;7;1135;1;1;0.0000;1;11778.0000;None;127200.0000
20871;2023-01-21 13:52:57.530000;7;1135;1;1;0.0000;1;11778.0000;None;127200.0000
20870;2023-01-21 13:39:51.563000;7;1135;1;1;0.0000;1;32463.0000;None;350600.0000
18950;2023-01-21 13:32:03.177000;7;1135;1;1;0.0000;1;9833.0000;None;106200.0000
18942;2023-01-21 13:21:10.263000;7;1135;1;1;0.0000;1;9741.0000;None;105200.0000
18944;2023-01-21 13:19:24.587000;7;1135;1;1;0.0000;1;18648.0000;None;201400.0000
20862;2023-01-21 12:55:14.293000;7;1135;1;1;0.0000;1;18667.0000;None;201600.0000
20861;2023-01-21 12:37:43.133000;7;1135;1;1;0.0000;1;16982.0000;None;183400.0000
2614;2023-01-21 11:54:48.723000;7;1157;1;-1;0.0000;1;6630.0000;None;71600.0000
2614;2023-01-21 11:54:48.723000;7;1157;1;-1;0.0000;1;6630.0000;None;71600.0000
2614;2023-01-21 11:02:26.690000;7;1157;1;1;None;1;6630.0000;None;71600.0000
2614;2023-01-21 11:02:26.690000;7;1157;1;1;None;1;6630.0000;None;71600.0000
18947;2023-01-21 13:14:20.270000;7;1157;1;1;0.0000;1;None;None;85400.0000
18947;2023-01-21 13:14:20.270000;7;1157;1;1;0.0000;1;None;None;85400.0000
18951;2023-01-21 13:57:31.247000;7;1157;1;1;0.0000;1;20482.0000;None;221200.0000
18951;2023-01-21 13:57:31.247000;7;1157;1;1;0.0000;1;20482.0000;None;221200.0000
18996;2023-01-21 19:46:45.083000;7;1157;1;1;0.0000;1;None;None;26800.0000
18996;2023-01-21 19:46:45.083000;7;1157;1;1;0.0000;1;None;None;26800.0000
20891;2023-01-21 19:52:27.807000;7;1157;1;1;None;1;32741.0000;None;353600.0000
18999;2023-01-21 20:44:44.663000;7;1157;1;1;0.0000;1;None;None;16800.0000
18990;2023-01-21 18:29:10.827000;7;1157;1;1;0.0000;1;None;None;52600.0000
18990;2023-01-21 18:29:10.827000;7;1157;1;1;0.0000;1;None;None;52600.0000
20888;2023-01-21 18:12:56.580000;7;1157;1;1;0.0000;1;31389.0000;None;339000.0000
20886;2023-01-21 16:29:18.310000;7;1157;1;1;0.0000;1;17389.0000;None;187800.0000
20886;2023-01-21 16:45:25.527000;7;1157;1;1;0.0000;1;17389.0000;None;187800.0000
18965;2023-01-21 14:43:09.420000;7;1157;1;1;0.0000;1;None;None;16800.0000
18967;2023-01-21 14:45:15.220000;7;1157;1;1;0.0000;1;None;None;46800.0000
18964;2023-01-21 14:39:29.883000;7;1193;1;1;0.0000;1;13945.0000;None;150600.0000
18964;2023-01-21 14:39:29.883000;7;1193;1;1;0.0000;1;13945.0000;None;150600.0000
18995;2023-01-21 19:50:03.913000;7;1193;1;1;0.0000;1;16278.0000;None;175800.0000
18954;2023-01-21 13:56:32.800000;7;1193;1;1;0.0000;1;37167.0000;None;401400.0000
18954;2023-01-21 13:56:32.800000;7;1193;1;1;0.0000;1;37167.0000;None;401400.0000
18954;2023-01-21 13:56:32.800000;7;1193;1;1;0.0000;1;37167.0000;None;401400.0000
20876;2023-01-21 14:38:04.827000;7;1193;1;1;0.0000;1;31574.0000;None;341000.0000
18961;2023-01-21 14:32:32.090000;7;1193;1;1;0.0000;1;11130.0000;None;120200.0000
18962;2023-01-21 14:40:08.897000;7;1207;1;1;0.0000;1;22278.0000;None;240600.0000
18959;2023-01-21 14:16:55.090000;7;1207;1;1;0.0000;1;15111.0000;None;163200.0000
20871;2023-01-21 13:45:11.563000;7;1207;1;1;0.0000;1;11778.0000;None;127200.0000
18938;2023-01-21 12:59:06.327000;7;1207;1;1;0.0000;1;36352.0000;None;392600.0000
18966;2023-01-21 14:43:45.710000;7;1207;1;1;0.0000;1;7444.0000;None;80400.0000
18974;2023-01-21 15:42:36.573000;7;1207;1;1;0.0000;1;28222.0000;None;304800.0000
18974;2023-01-21 15:42:59.413000;7;1207;1;1;0.0000;1;28222.0000;None;304800.0000
18971;2023-01-21 15:09:42.377000;7;1207;1;1;0.0000;1;21611.0000;None;233400.0000
20880;2023-01-21 15:29:45.390000;7;1207;1;1;None;1;19667.0000;None;212400.0000
20880;2023-01-21 15:32:21.093000;7;1207;1;-1;0.0000;1;19667.0000;None;212400.0000
18982;2023-01-21 15:33:52.387000;7;1207;1;1;0.0000;1;6704.0000;None;72400.0000
20880;2023-01-21 15:34:29.363000;7;1210;1;1;0.0000;1;19667.0000;None;212400.0000
18969;2023-01-21 14:00:56.023000;7;1210;1;1;0.0000;1;13556.0000;None;146400.0000
18969;2023-01-21 14:00:56.023000;7;1210;1;1;0.0000;1;13556.0000;None;146400.0000
18985;2023-01-21 16:31:02.723000;7;1210;1;1;0.0000;1;13426.0000;None;145000.0000
18953;2023-01-21 14:02:17.690000;7;1211;1;1;0.0000;1;26000.0000;None;280800.0000
20877;2023-01-21 14:52:55.267000;7;1211;1;1;0.0000;1;20685.0000;None;223400.0000
20879;2023-01-21 15:41:02.837000;7;1220;1;1;0.0000;1;42296.0000;None;456800.0000
20892;2023-01-21 19:43:40.547000;7;1220;1;1;0.0000;1;13519.0000;None;146000.0000
18962;2023-01-21 14:57:40.517000;7;1220;1;1;0.0000;1;22278.0000;None;240600.0000
18941;2023-01-21 12:49:46.710000;7;1220;1;1;0.0000;1;15204.0000;None;164200.0000
18939;2023-01-21 12:42:30.053000;7;1220;1;1;0.0000;1;11463.0000;None;123800.0000
18946;2023-01-21 13:15:11.460000;7;1220;1;1;0.0000;1;11074.0000;None;119600.0000
18971;2023-01-21 15:09:42.377000;7;2028;1;1;0.0000;1;21611.0000;None;233400.0000
18968;2023-01-21 15:10:17.037000;7;2034;1;1;0.0000;1;10389.0000;None;112200.0000
18947;2023-01-21 13:14:20.270000;7;2034;1;1;0.0000;1;None;None;85400.0000
20867;2023-01-21 13:25:03.487000;7;2042;1;1;0.0000;1;12204.0000;None;131800.0000
20867;2023-01-21 13:25:03.487000;7;2042;1;1;0.0000;1;12204.0000;None;131800.0000
18945;2023-01-21 12:53:11.647000;7;2050;1;1;None;1;16833.0000;None;181800.0000
18944;2023-01-21 13:40:13.623000;7;2050;1;1;0.0000;1;18648.0000;None;201400.0000
18960;2023-01-21 14:26:54.277000;7;2050;1;1;0.0000;1;14130.0000;None;152600.0000
18960;2023-01-21 14:26:54.277000;7;2050;1;1;0.0000;1;14130.0000;None;152600.0000
20876;2023-01-21 15:29:16.217000;3;100596;1;1;5800.0000;1;31574.0000;None;341000.0000
20876;2023-01-21 15:29:16.217000;3;100596;1;1;5800.0000;1;31574.0000;None;341000.0000
20876;2023-01-21 15:29:16.217000;3;100596;1;1;5800.0000;1;31574.0000;None;341000.0000
20862;2023-01-21 13:22:19.753000;3;100606;1;1;6800.0000;1;18667.0000;None;201600.0000
18939;2023-01-21 13:06:49.577000;3;100606;1;1;6800.0000;1;11463.0000;None;123800.0000
18960;2023-01-21 14:57:54.150000;3;100607;1;1;6800.0000;1;14130.0000;None;152600.0000
18985;2023-01-21 17:09:50.263000;3;100607;1;1;6800.0000;1;13426.0000;None;145000.0000
20880;2023-01-21 16:18:06.453000;3;100612;1;1;9800.0000;1;19667.0000;None;212400.0000
20880;2023-01-21 16:18:06.453000;3;100614;1;1;5800.0000;1;19667.0000;None;212400.0000
20880;2023-01-21 16:18:06.453000;3;100614;1;1;5800.0000;1;19667.0000;None;212400.0000
18964;2023-01-21 15:18:38.220000;3;100614;1;1;5800.0000;1;13945.0000;None;150600.0000
18964;2023-01-21 15:18:38.220000;3;100614;1;1;5800.0000;1;13945.0000;None;150600.0000
20877;2023-01-21 15:36:48.757000;3;100614;1;1;5800.0000;1;20685.0000;None;223400.0000
18969;2023-01-21 14:53:09.833000;3;100614;1;1;5800.0000;1;13556.0000;None;146400.0000
18969;2023-01-21 14:53:09.833000;3;100614;1;1;5800.0000;1;13556.0000;None;146400.0000
18960;2023-01-21 14:57:54.150000;3;100614;1;1;5800.0000;1;14130.0000;None;152600.0000
18951;2023-01-21 14:15:25.103000;3;100614;1;1;5800.0000;1;20482.0000;None;221200.0000
18951;2023-01-21 14:15:25.103000;3;100614;1;1;5800.0000;1;20482.0000;None;221200.0000
18939;2023-01-21 13:06:49.577000;3;100614;1;1;5800.0000;1;11463.0000;None;123800.0000
20861;2023-01-21 13:09:45.820000;3;100614;1;1;5800.0000;1;16982.0000;None;183400.0000
20860;2023-01-21 13:22:39.333000;3;100614;1;1;5800.0000;1;16204.0000;None;175000.0000
20862;2023-01-21 13:22:19.753000;3;100614;1;1;5800.0000;1;18667.0000;None;201600.0000
2617;2023-01-21 13:06:35.263000;3;100614;1;1;5800.0000;1;17167.0000;None;185400.0000
20860;2023-01-21 12:40:29.273000;1;101007;1;1;63800.0000;1;16204.0000;None;175000.0000
20865;2023-01-21 13:19:53.403000;1;101007;1;1;63800.0000;1;38056.0000;None;411000.0000
20865;2023-01-21 13:19:53.403000;1;101007;1;1;63800.0000;1;38056.0000;None;411000.0000
18949;2023-01-21 13:34:30.177000;1;101007;1;1;63800.0000;1;21259.0000;None;229600.0000
2627;2023-01-21 14:08:51.600000;1;101007;1;1;67000.0000;1;None;None;317100.0000
2627;2023-01-21 14:08:51.600000;1;101007;1;1;67000.0000;1;None;None;317100.0000
20876;2023-01-21 14:38:04.827000;1;101007;1;1;63800.0000;1;31574.0000;None;341000.0000
18974;2023-01-21 15:38:02.660000;1;101007;1;1;63800.0000;1;28222.0000;None;304800.0000
18978;2023-01-21 15:25:13.533000;1;101007;1;1;63800.0000;1;15445.0000;None;166800.0000
18977;2023-01-21 15:45:32.210000;1;101007;1;1;63800.0000;1;10037.0000;None;108400.0000
18975;2023-01-21 15:14:16.067000;1;101007;1;1;63800.0000;1;19611.0000;None;211800.0000
20885;2023-01-21 16:04:42.007000;1;101007;1;1;63800.0000;1;None;None;72600.0000
20888;2023-01-21 18:12:56.580000;1;101007;1;1;63800.0000;1;31389.0000;None;339000.0000
18998;2023-01-21 20:38:03.673000;1;101007;1;1;63800.0000;1;17926.0000;None;193600.0000
18936;2023-01-21 12:15:20.207000;1;101270;1;1;0.0000;1;12778.0000;None;138000.0000
20876;2023-01-21 14:33:07.413000;1;101270;1;1;0.0000;1;31574.0000;None;341000.0000
20875;2023-01-21 14:32:46.073000;1;101270;1;1;0.0000;1;16185.0000;None;174800.0000
18961;2023-01-21 14:29:25.370000;1;101270;1;1;0.0000;1;11130.0000;None;120200.0000
18963;2023-01-21 14:42:32.737000;1;101270;1;1;0.0000;1;24426.0000;None;263800.0000
18964;2023-01-21 14:39:29.883000;1;101270;1;1;0.0000;1;13945.0000;None;150600.0000
18963;2023-01-21 14:37:45.310000;1;101270;1;1;0.0000;1;24426.0000;None;263800.0000
20874;2023-01-21 14:27:09.217000;1;101270;1;1;0.0000;1;7982.0000;None;86200.0000
20874;2023-01-21 14:27:09.217000;1;101270;1;1;0.0000;1;7982.0000;None;86200.0000
18960;2023-01-21 14:26:54.277000;1;101270;1;1;0.0000;1;14130.0000;None;152600.0000
18960;2023-01-21 14:26:54.277000;1;101270;1;1;0.0000;1;14130.0000;None;152600.0000
18954;2023-01-21 13:56:32.800000;1;101270;1;1;0.0000;1;37167.0000;None;401400.0000
18948;2023-01-21 13:18:21.970000;1;101270;1;1;0.0000;1;18926.0000;None;204400.0000
18946;2023-01-21 12:57:41.647000;1;101270;1;1;0.0000;1;11074.0000;None;119600.0000
20863;2023-01-21 13:27:28.797000;1;101270;1;1;0.0000;1;11278.0000;None;121800.0000
20864;2023-01-21 12:57:15.470000;1;101270;1;1;0.0000;1;None;None;18600.0000
18938;2023-01-21 12:26:30.850000;1;101270;1;1;0.0000;1;36352.0000;None;392600.0000
18941;2023-01-21 12:37:24.727000;1;101270;1;1;None;1;15204.0000;None;164200.0000
2617;2023-01-21 12:25:50.167000;1;101270;1;1;0.0000;1;17167.0000;None;185400.0000
20862;2023-01-21 12:55:14.293000;1;101270;1;1;0.0000;1;18667.0000;None;201600.0000
20892;2023-01-21 19:54:22.983000;1;101270;1;1;0.0000;1;13519.0000;None;146000.0000
18995;2023-01-21 19:45:50.017000;1;101270;1;1;0.0000;1;16278.0000;None;175800.0000
18988;2023-01-21 17:56:15.023000;1;101270;1;1;0.0000;1;15222.0000;None;164400.0000
20879;2023-01-21 16:04:45.447000;1;101270;1;1;0.0000;1;42296.0000;None;456800.0000
2632;2023-01-21 15:54:28.647000;1;101270;1;1;0.0000;1;45741.0000;None;494000.0000
20882;2023-01-21 16:10:18.760000;1;101270;1;1;0.0000;1;13148.0000;None;142000.0000
18973;2023-01-21 15:23:22.677000;1;101270;1;1;0.0000;1;30204.0000;None;326200.0000
18969;2023-01-21 14:00:56.023000;1;101270;1;1;0.0000;1;13556.0000;None;146400.0000
18964;2023-01-21 14:39:29.883000;1;101270;1;1;0.0000;1;13945.0000;None;150600.0000
2632;2023-01-21 15:54:28.647000;2;101327;1;1;29800.0000;1;45741.0000;None;494000.0000
2632;2023-01-21 15:58:29.840000;2;101327;1;1;29800.0000;1;45741.0000;None;494000.0000
18991;2023-01-21 18:30:34.137000;2;101327;1;1;29800.0000;1;7000.0000;None;75600.0000
18953;2023-01-21 14:02:17.690000;1;101433;1;1;0.0000;1;26000.0000;None;280800.0000
20891;2023-01-21 19:39:37;6;101518;1;1;0.0000;1;32741.0000;None;353600.0000
19001;2023-01-21 21:15:55.413000;6;101518;1;1;0.0000;1;8148.0000;None;88000.0000
18983;2023-01-21 16:03:56.890000;6;101518;1;1;0.0000;1;8444.0000;None;91200.0000
20862;2023-01-21 12:55:14.293000;6;101518;1;1;0.0000;1;18667.0000;None;201600.0000
2619;2023-01-21 12:32:57.930000;6;101518;1;1;0.0000;1;5667.0000;None;61200.0000
2619;2023-01-21 12:32:57.930000;6;101518;1;1;0.0000;1;5667.0000;None;61200.0000
20868;2023-01-21 13:31:09.130000;6;101518;1;1;0.0000;1;17815.0000;None;192400.0000
18974;2023-01-21 15:42:59.413000;2;101709;1;1;28800.0000;1;28222.0000;None;304800.0000
20877;2023-01-21 15:36:48.757000;3;102112;1;1;5800.0000;1;20685.0000;None;223400.0000
20861;2023-01-21 12:43:28.310000;1;102141;1;1;3800.0000;1;16982.0000;None;183400.0000
20875;2023-01-21 15:11:51.027000;1;102141;1;1;3800.0000;1;16185.0000;None;174800.0000
2636;2023-01-21 18:57:52.573000;1;102159;1;1;8300.0000;1;None;None;147000.0000
20862;2023-01-21 13:14:55.297000;1;102170;1;1;3800.0000;1;18667.0000;None;201600.0000
20867;2023-01-21 13:25:03.487000;1;102172;1;1;4800.0000;1;12204.0000;None;131800.0000
20867;2023-01-21 13:25:03.487000;1;102172;1;1;4800.0000;1;12204.0000;None;131800.0000
18969;2023-01-21 14:00:56.023000;1;102172;1;1;4800.0000;1;13556.0000;None;146400.0000
2632;2023-01-21 16:11:47.410000;1;102172;1;1;4800.0000;1;45741.0000;None;494000.0000
2632;2023-01-21 15:34:45.977000;1;102172;1;1;4800.0000;1;45741.0000;None;494000.0000
20879;2023-01-21 15:59:27.960000;1;102172;1;1;4800.0000;1;42296.0000;None;456800.0000
20888;2023-01-21 18:13:39.393000;1;102303;1;1;3800.0000;1;31389.0000;None;339000.0000
20888;2023-01-21 18:13:39.393000;1;102303;1;1;3800.0000;1;31389.0000;None;339000.0000
18989;2023-01-21 19:15:23.147000;1;102303;1;1;3800.0000;1;16167.0000;None;174600.0000
19001;2023-01-21 21:32:19.793000;1;102303;1;1;3800.0000;1;8148.0000;None;88000.0000
20893;2023-01-21 20:48:40.123000;1;102303;1;1;3800.0000;1;12815.0000;None;138400.0000
18953;2023-01-21 13:55:46.630000;2;103225;1;1;48800.0000;1;26000.0000;None;280800.0000
18953;2023-01-21 14:21:41.800000;2;103225;1;1;48800.0000;1;26000.0000;None;280800.0000
20876;2023-01-21 14:33:07.413000;2;103225;1;1;48800.0000;1;31574.0000;None;341000.0000
20876;2023-01-21 14:38:04.827000;2;103225;1;1;48800.0000;1;31574.0000;None;341000.0000
18963;2023-01-21 14:37:45.310000;2;103225;1;1;48800.0000;1;24426.0000;None;263800.0000
20879;2023-01-21 16:44:29.620000;2;103225;1;1;48800.0000;1;42296.0000;None;456800.0000
20879;2023-01-21 16:44:29.620000;2;103225;1;1;48800.0000;1;42296.0000;None;456800.0000
20879;2023-01-21 15:47:11.953000;2;103225;1;1;48800.0000;1;42296.0000;None;456800.0000
20879;2023-01-21 15:47:11.953000;2;103225;1;1;48800.0000;1;42296.0000;None;456800.0000
20879;2023-01-21 15:23:59.717000;2;103225;1;1;48800.0000;1;42296.0000;None;456800.0000
20879;2023-01-21 15:23:59.717000;2;103225;1;1;48800.0000;1;42296.0000;None;456800.0000
2624;2023-01-21 13:33:47.047000;1;103856;1;1;36600.0000;1;None;None;77400.0000
2620;2023-01-21 13:14:24.857000;1;103856;1;1;36600.0000;1;None;None;195700.0000
2621;2023-01-21 13:18:48.723000;1;103856;1;1;36600.0000;1;None;None;98400.0000
20861;2023-01-21 12:37:43.133000;1;103856;1;1;34800.0000;1;16982.0000;None;183400.0000
2630;2023-01-21 15:00:26.427000;1;103856;1;1;36600.0000;1;None;None;220100.0000
2630;2023-01-21 15:00:26.427000;1;103856;1;1;36600.0000;1;None;None;220100.0000
2617;2023-01-21 13:06:35.263000;1;103993;1;1;16800.0000;1;17167.0000;None;185400.0000
2622;2023-01-21 13:27:11.087000;1;103993;1;1;17700.0000;1;None;None;115000.0000
18946;2023-01-21 13:25:44.950000;1;103993;1;1;16800.0000;1;11074.0000;None;119600.0000
18960;2023-01-21 14:57:54.150000;1;103993;1;1;16800.0000;1;14130.0000;None;152600.0000
18969;2023-01-21 14:53:09.833000;1;103993;1;1;16800.0000;1;13556.0000;None;146400.0000
18965;2023-01-21 14:43:09.420000;1;103993;1;1;16800.0000;1;None;None;16800.0000
18999;2023-01-21 20:44:44.663000;1;103993;1;1;16800.0000;1;None;None;16800.0000
2635;2023-01-21 18:42:33.397000;1;103993;1;1;17700.0000;1;None;None;35400.0000
2635;2023-01-21 18:42:33.397000;1;103993;1;1;17700.0000;1;None;None;35400.0000
20886;2023-01-21 16:45:25.527000;1;103993;1;1;16800.0000;1;17389.0000;None;187800.0000
18957;2023-01-21 14:13:07.750000;1;104337;1;1;48800.0000;1;17111.0000;None;184800.0000
19001;2023-01-21 21:15:55.413000;1;104341;1;1;39800.0000;1;8148.0000;None;88000.0000
20891;2023-01-21 19:39:37;1;104341;1;1;39800.0000;1;32741.0000;None;353600.0000
18997;2023-01-21 19:54:30.453000;1;104341;1;1;39800.0000;1;19667.0000;None;212400.0000
18964;2023-01-21 14:39:29.883000;1;104341;1;1;39800.0000;1;13945.0000;None;150600.0000
18951;2023-01-21 13:47:22.533000;1;104341;1;1;39800.0000;1;20482.0000;None;221200.0000
20871;2023-01-21 13:52:57.530000;1;104347;1;1;46800.0000;1;11778.0000;None;127200.0000
2625;2023-01-21 13:53:17.507000;1;104347;1;1;49200.0000;1;None;None;111000.0000
20868;2023-01-21 13:28:26.340000;1;104347;1;1;46800.0000;1;17815.0000;None;192400.0000
2617;2023-01-21 12:29:29.290000;1;104347;1;1;46800.0000;1;17167.0000;None;185400.0000
18938;2023-01-21 13:01:29.133000;1;104347;1;1;46800.0000;1;36352.0000;None;392600.0000
18938;2023-01-21 13:04:54.987000;1;104347;1;1;46800.0000;1;36352.0000;None;392600.0000
2631;2023-01-21 15:00:52.913000;1;104347;1;1;49200.0000;1;None;None;49200.0000
18972;2023-01-21 15:02:59.973000;1;104347;1;1;46800.0000;1;11037.0000;None;119200.0000
18973;2023-01-21 15:23:22.677000;1;104347;1;1;46800.0000;1;30204.0000;None;326200.0000
18973;2023-01-21 16:06:37.930000;1;104347;1;1;46800.0000;1;30204.0000;None;326200.0000
18983;2023-01-21 16:12:02.330000;1;104347;1;1;46800.0000;1;8444.0000;None;91200.0000
20891;2023-01-21 19:31:40.367000;1;104347;1;1;46800.0000;1;32741.0000;None;353600.0000
20892;2023-01-21 19:27:16.010000;1;104347;1;1;46800.0000;1;13519.0000;None;146000.0000
20891;2023-01-21 19:39:37;1;104347;1;1;46800.0000;1;32741.0000;None;353600.0000
20891;2023-01-21 19:39:37;1;104347;1;1;46800.0000;1;32741.0000;None;353600.0000
18997;2023-01-21 19:54:30.453000;1;104347;1;1;46800.0000;1;19667.0000;None;212400.0000
2636;2023-01-21 18:57:52.573000;1;104347;1;1;49200.0000;1;None;None;147000.0000
20888;2023-01-21 18:12:56.580000;1;104347;1;1;46800.0000;1;31389.0000;None;339000.0000
20888;2023-01-21 18:12:56.580000;1;104347;1;1;46800.0000;1;31389.0000;None;339000.0000
20888;2023-01-21 19:10:55.827000;3;104355;1;1;11800.0000;1;31389.0000;None;339000.0000
20888;2023-01-21 19:10:55.827000;3;104355;1;1;11800.0000;1;31389.0000;None;339000.0000
20888;2023-01-21 18:12:56.580000;3;104355;1;4;47200.0000;1;31389.0000;None;339000.0000
2634;2023-01-21 18:18:55.910000;3;104355;1;1;12400.0000;1;None;None;146300.0000
2634;2023-01-21 18:18:55.910000;3;104355;1;1;12400.0000;1;None;None;146300.0000
20890;2023-01-21 18:34:22.057000;3;104355;1;1;11800.0000;1;11685.0000;None;126200.0000
20886;2023-01-21 16:05:40.767000;3;104355;1;1;11800.0000;1;17389.0000;None;187800.0000
18988;2023-01-21 17:56:15.023000;3;104355;1;1;11800.0000;1;15222.0000;None;164400.0000
18985;2023-01-21 16:17:54.843000;3;104355;1;1;11800.0000;1;13426.0000;None;145000.0000
18987;2023-01-21 17:10:10.927000;3;104355;1;1;11800.0000;1;None;None;30400.0000
18987;2023-01-21 17:10:10.927000;3;104355;1;1;11800.0000;1;None;None;30400.0000
18986;2023-01-21 16:40:13.663000;3;104355;1;1;11800.0000;1;11315.0000;None;122200.0000
18986;2023-01-21 16:40:13.663000;3;104355;1;1;11800.0000;1;11315.0000;None;122200.0000
19001;2023-01-21 21:15:55.413000;3;104355;1;1;11800.0000;1;8148.0000;None;88000.0000
18983;2023-01-21 15:58:55.650000;3;104355;1;1;11800.0000;1;8444.0000;None;91200.0000
20882;2023-01-21 15:52:39.697000;3;104355;1;1;11800.0000;1;13148.0000;None;142000.0000
18981;2023-01-21 15:46:10.337000;3;104355;1;1;11800.0000;1;11482.0000;None;124000.0000
2632;2023-01-21 15:44:29.513000;3;104355;1;1;11800.0000;1;45741.0000;None;494000.0000
18977;2023-01-21 15:17:40.923000;3;104355;1;1;11800.0000;1;10037.0000;None;108400.0000
18975;2023-01-21 15:05:04.363000;3;104355;1;1;11800.0000;1;19611.0000;None;211800.0000
18973;2023-01-21 15:23:22.677000;3;104355;1;1;11800.0000;1;30204.0000;None;326200.0000
2630;2023-01-21 15:00:26.427000;3;104355;1;4;49600.0000;1;None;None;220100.0000
20877;2023-01-21 14:52:55.267000;3;104355;1;1;11800.0000;1;20685.0000;None;223400.0000
18938;2023-01-21 13:02:20.743000;3;104355;1;1;11800.0000;1;36352.0000;None;392600.0000
18948;2023-01-21 13:18:21.970000;3;104355;1;1;11800.0000;1;18926.0000;None;204400.0000
18946;2023-01-21 12:57:41.647000;3;104355;1;1;11800.0000;1;11074.0000;None;119600.0000
20864;2023-01-21 12:57:15.470000;3;104355;1;1;11800.0000;1;None;None;18600.0000
20872;2023-01-21 14:02:45.640000;3;104355;1;1;11800.0000;1;10019.0000;None;108200.0000
18954;2023-01-21 13:56:32.800000;3;104355;1;1;11800.0000;1;37167.0000;None;401400.0000
20871;2023-01-21 13:45:11.563000;3;104355;1;1;11800.0000;1;11778.0000;None;127200.0000
20871;2023-01-21 13:45:11.563000;3;104355;1;1;11800.0000;1;11778.0000;None;127200.0000
18951;2023-01-21 13:39:42.370000;3;104355;1;1;11800.0000;1;20482.0000;None;221200.0000
18950;2023-01-21 13:28:42.873000;3;104355;1;1;11800.0000;1;9833.0000;None;106200.0000
18959;2023-01-21 14:29:11.810000;3;104355;1;1;11800.0000;1;15111.0000;None;163200.0000
18956;2023-01-21 14:11:18.440000;1;104357;1;1;45800.0000;1;None;6200.0000;133200.0000
18961;2023-01-21 14:32:32.090000;1;104357;1;1;45800.0000;1;11130.0000;None;120200.0000
2623;2023-01-21 13:30:41.350000;1;104357;1;1;48100.0000;1;None;None;165700.0000
18954;2023-01-21 13:56:32.800000;1;104357;1;1;45800.0000;1;37167.0000;None;401400.0000
20867;2023-01-21 13:25:03.487000;1;104357;1;1;45800.0000;1;12204.0000;None;131800.0000
18938;2023-01-21 12:38:52.720000;1;104357;1;1;45800.0000;1;36352.0000;None;392600.0000
20879;2023-01-21 15:23:59.717000;1;104357;1;1;45800.0000;1;42296.0000;None;456800.0000
2632;2023-01-21 15:54:28.647000;1;104357;1;1;45800.0000;1;45741.0000;None;494000.0000
18995;2023-01-21 19:50:03.913000;1;104357;1;1;45800.0000;1;16278.0000;None;175800.0000
20886;2023-01-21 16:05:40.767000;1;104357;1;1;45800.0000;1;17389.0000;None;187800.0000
20891;2023-01-21 19:39:37;1;104358;1;1;23800.0000;1;32741.0000;None;353600.0000
18983;2023-01-21 16:03:56.890000;1;104358;1;1;23800.0000;1;8444.0000;None;91200.0000
20868;2023-01-21 13:31:09.130000;1;104358;1;1;23800.0000;1;17815.0000;None;192400.0000
2636;2023-01-21 18:57:52.573000;1;104413;1;1;1900.0000;1;None;None;147000.0000
2636;2023-01-21 18:57:52.573000;1;104413;1;1;1900.0000;1;None;None;147000.0000
20888;2023-01-21 18:12:56.580000;1;104421;1;1;10800.0000;1;31389.0000;None;339000.0000
20888;2023-01-21 18:12:56.580000;1;104421;1;1;10800.0000;1;31389.0000;None;339000.0000
2614;2023-01-21 14:15:33.460000;1;104447;1;1;56800.0000;1;6630.0000;None;71600.0000
20870;2023-01-21 13:47:00.467000;1;104447;1;1;56800.0000;1;32463.0000;None;350600.0000
20870;2023-01-21 13:47:00.467000;1;104447;1;1;56800.0000;1;32463.0000;None;350600.0000
20870;2023-01-21 13:47:00.467000;1;104447;1;1;56800.0000;1;32463.0000;None;350600.0000
20871;2023-01-21 13:52:57.530000;1;104447;1;1;56800.0000;1;11778.0000;None;127200.0000
2626;2023-01-21 14:13:39.720000;1;104447;1;1;56800.0000;1;24352.0000;None;263000.0000
20872;2023-01-21 14:02:45.640000;1;104447;1;1;56800.0000;1;10019.0000;None;108200.0000
2627;2023-01-21 14:08:51.600000;1;104447;1;1;59700.0000;1;None;None;317100.0000
20875;2023-01-21 14:49:32.750000;1;104447;1;1;56800.0000;1;16185.0000;None;174800.0000
18963;2023-01-21 14:47:25.960000;1;104447;1;1;56800.0000;1;24426.0000;None;263800.0000
18962;2023-01-21 14:40:08.897000;1;104447;1;1;56800.0000;1;22278.0000;None;240600.0000
18962;2023-01-21 14:40:08.897000;1;104447;1;1;56800.0000;1;22278.0000;None;240600.0000
18938;2023-01-21 12:47:46.883000;1;104447;1;1;56800.0000;1;36352.0000;None;392600.0000
18938;2023-01-21 13:04:54.987000;1;104447;1;1;56800.0000;1;36352.0000;None;392600.0000
18938;2023-01-21 13:18:35.720000;1;104447;1;1;56800.0000;1;36352.0000;None;392600.0000
18941;2023-01-21 12:39:37.203000;1;104447;1;1;56800.0000;1;15204.0000;None;164200.0000
20861;2023-01-21 12:33:50.600000;1;104447;1;1;56800.0000;1;16982.0000;None;183400.0000
18942;2023-01-21 13:21:10.263000;1;104447;1;1;56800.0000;1;9741.0000;None;105200.0000
20862;2023-01-21 12:55:14.293000;1;104447;1;1;56800.0000;1;18667.0000;None;201600.0000
2618;2023-01-21 12:44:50.620000;1;104447;1;1;59700.0000;1;None;None;59700.0000
18944;2023-01-21 13:19:24.587000;1;104447;1;1;56800.0000;1;18648.0000;None;201400.0000
18944;2023-01-21 13:19:24.587000;1;104447;1;1;56800.0000;1;18648.0000;None;201400.0000
18945;2023-01-21 12:56:38.553000;1;104447;1;1;56800.0000;1;16833.0000;None;181800.0000
20865;2023-01-21 13:19:53.403000;1;104447;1;1;56800.0000;1;38056.0000;None;411000.0000
20865;2023-01-21 13:19:53.403000;1;104447;1;1;56800.0000;1;38056.0000;None;411000.0000
2634;2023-01-21 18:18:55.910000;1;104447;1;1;59700.0000;1;None;None;146300.0000
20887;2023-01-21 16:30:09.923000;1;104447;1;1;56800.0000;1;7722.0000;None;83400.0000
18986;2023-01-21 16:40:13.663000;1;104447;1;1;56800.0000;1;11315.0000;None;122200.0000
18998;2023-01-21 20:38:03.673000;1;104447;1;1;56800.0000;1;17926.0000;None;193600.0000
18976;2023-01-21 15:37:10.057000;1;104447;1;1;56800.0000;1;13519.0000;None;146000.0000
18971;2023-01-21 15:06:37.030000;1;104447;1;1;56800.0000;1;21611.0000;None;233400.0000
18974;2023-01-21 15:38:02.660000;1;104447;1;1;56800.0000;1;28222.0000;None;304800.0000
19001;2023-01-21 21:15:55.413000;1;104450;1;1;23800.0000;1;8148.0000;None;88000.0000
2619;2023-01-21 12:32:57.930000;1;104450;1;1;23800.0000;1;5667.0000;None;61200.0000
2619;2023-01-21 12:32:57.930000;1;104450;1;1;23800.0000;1;5667.0000;None;61200.0000
20862;2023-01-21 12:55:14.293000;1;104450;1;1;23800.0000;1;18667.0000;None;201600.0000
20861;2023-01-21 13:09:45.820000;1;104498;1;1;24800.0000;1;16982.0000;None;183400.0000
18997;2023-01-21 20:50:57.900000;1;104498;1;1;24800.0000;1;19667.0000;None;212400.0000
18995;2023-01-21 20:29:13.893000;1;104498;1;1;24800.0000;1;16278.0000;None;175800.0000
20884;2023-01-21 16:45:01.810000;1;104498;1;1;24800.0000;1;23445.0000;None;253200.0000
20877;2023-01-21 15:36:48.757000;1;104498;1;1;24800.0000;1;20685.0000;None;223400.0000
20883;2023-01-21 16:00:13.553000;1;104777;1;1;1800.0000;1;None;None;1800.0000
20884;2023-01-21 16:06:40.843000;1;104777;1;1;1800.0000;1;23445.0000;None;253200.0000
20893;2023-01-21 20:48:40.123000;1;104777;1;1;1800.0000;1;12815.0000;None;138400.0000
18997;2023-01-21 20:27:33.790000;1;104974;1;1;46800.0000;1;19667.0000;None;212400.0000
18992;2023-01-21 19:11:42.903000;1;104974;1;1;46800.0000;1;9833.0000;None;106200.0000
18974;2023-01-21 15:42:59.413000;6;105044;1;1;0.0000;1;28222.0000;None;304800.0000
20880;2023-01-21 15:34:29.363000;1;105065;1;1;0.0000;1;19667.0000;None;212400.0000
18985;2023-01-21 16:31:02.723000;1;105065;1;1;0.0000;1;13426.0000;None;145000.0000
18985;2023-01-21 16:31:02.723000;1;105696;1;1;69800.0000;1;13426.0000;None;145000.0000
20880;2023-01-21 15:34:29.363000;1;105696;1;1;69800.0000;1;19667.0000;None;212400.0000
18943;2023-01-21 12:59:26.373000;1;106358;1;1;38800.0000;1;10204.0000;None;110200.0000
20870;2023-01-21 13:47:00.467000;1;106358;1;1;38800.0000;1;32463.0000;None;350600.0000
2624;2023-01-21 13:33:47.047000;1;106358;1;1;40800.0000;1;None;None;77400.0000
18975;2023-01-21 15:07:25.270000;1;106358;1;1;38800.0000;1;19611.0000;None;211800.0000
2632;2023-01-21 15:54:28.647000;1;106358;1;1;38800.0000;1;45741.0000;None;494000.0000
2630;2023-01-21 15:00:26.427000;1;106358;1;1;40800.0000;1;None;None;220100.0000
19000;2023-01-21 20:59:25.057000;None;106866;None;1;27800.0000;1;9278.0000;None;100200.0000
20888;2023-01-21 18:12:56.580000;None;106866;None;1;27800.0000;1;31389.0000;None;339000.0000
18979;2023-01-21 15:27:35.633000;None;106866;None;1;27800.0000;1;12222.0000;None;132000.0000
20862;2023-01-21 12:55:14.293000;1;107823;1;1;24800.0000;1;18667.0000;None;201600.0000
18946;2023-01-21 12:59:20.873000;1;107823;1;1;24800.0000;1;11074.0000;None;119600.0000
18947;2023-01-21 13:14:20.270000;1;107823;1;1;24800.0000;1;None;None;85400.0000
18974;2023-01-21 15:38:02.660000;1;107823;1;1;24800.0000;1;28222.0000;None;304800.0000
18990;2023-01-21 18:29:10.827000;1;107823;1;1;24800.0000;1;None;None;52600.0000
2637;2023-01-21 19:59:41.443000;1;107823;1;1;26100.0000;1;None;None;113800.0000
18988;2023-01-21 18:02:00.093000;1;107824;1;1;23800.0000;1;15222.0000;None;164400.0000
18946;2023-01-21 12:59:20.873000;1;107824;1;1;23800.0000;1;11074.0000;None;119600.0000
18945;2023-01-21 12:55:47.087000;1;107825;1;1;46800.0000;1;16833.0000;None;181800.0000
18949;2023-01-21 13:34:30.177000;1;107825;1;1;46800.0000;1;21259.0000;None;229600.0000
2626;2023-01-21 14:13:39.720000;1;107825;1;1;46800.0000;1;24352.0000;None;263000.0000
20884;2023-01-21 16:01:47.357000;1;107825;1;1;46800.0000;1;23445.0000;None;253200.0000
18967;2023-01-21 14:45:15.220000;1;107826;1;1;46800.0000;1;None;None;46800.0000
18954;2023-01-21 13:56:32.800000;1;107827;1;2;107600.0000;1;37167.0000;None;401400.0000
18945;2023-01-21 12:55:47.087000;1;107827;1;1;53800.0000;1;16833.0000;None;181800.0000
20865;2023-01-21 13:19:53.403000;1;107827;1;1;53800.0000;1;38056.0000;None;411000.0000
18944;2023-01-21 13:19:24.587000;1;107827;1;1;53800.0000;1;18648.0000;None;201400.0000
2632;2023-01-21 16:00:43.350000;1;107827;1;1;53800.0000;1;45741.0000;None;494000.0000
20882;2023-01-21 16:00:03.503000;1;107827;1;1;53800.0000;1;13148.0000;None;142000.0000
20888;2023-01-21 18:12:56.580000;1;107827;1;1;53800.0000;1;31389.0000;None;339000.0000
18981;2023-01-21 15:48:12.827000;1;107829;1;1;38800.0000;1;11482.0000;None;124000.0000
18976;2023-01-21 15:37:10.057000;1;107829;1;1;38800.0000;1;13519.0000;None;146000.0000
20865;2023-01-21 13:19:53.403000;1;107829;1;1;38800.0000;1;38056.0000;None;411000.0000
18949;2023-01-21 13:34:30.177000;1;107831;1;1;58800.0000;1;21259.0000;None;229600.0000
20867;2023-01-21 13:25:03.487000;1;107831;1;1;58800.0000;1;12204.0000;None;131800.0000
2622;2023-01-21 13:27:11.087000;1;107831;1;1;61800.0000;1;None;None;115000.0000
2620;2023-01-21 13:14:24.857000;1;107831;1;1;61800.0000;1;None;None;195700.0000
2620;2023-01-21 13:14:24.857000;1;107831;1;1;61800.0000;1;None;None;195700.0000
2621;2023-01-21 13:18:48.723000;1;107831;1;1;61800.0000;1;None;None;98400.0000
18948;2023-01-21 13:27:56.427000;1;107831;1;1;58800.0000;1;18926.0000;None;204400.0000
2617;2023-01-21 12:41:05.137000;1;107831;1;1;58800.0000;1;17167.0000;None;185400.0000
18941;2023-01-21 12:39:37.203000;1;107831;1;1;58800.0000;1;15204.0000;None;164200.0000
18939;2023-01-21 12:33:57.887000;1;107831;1;1;58800.0000;1;11463.0000;None;123800.0000
18954;2023-01-21 13:56:32.800000;1;107831;1;1;58800.0000;1;37167.0000;None;401400.0000
2625;2023-01-21 13:53:17.507000;1;107831;1;1;61800.0000;1;None;None;111000.0000
2626;2023-01-21 14:13:39.720000;1;107831;1;1;58800.0000;1;24352.0000;None;263000.0000
2623;2023-01-21 13:30:41.350000;1;107831;1;1;61800.0000;1;None;None;165700.0000
20870;2023-01-21 13:47:00.467000;1;107831;1;1;58800.0000;1;32463.0000;None;350600.0000
18962;2023-01-21 14:40:08.897000;1;107831;1;1;58800.0000;1;22278.0000;None;240600.0000
18963;2023-01-21 14:47:25.960000;1;107831;1;1;58800.0000;1;24426.0000;None;263800.0000
18961;2023-01-21 14:32:32.090000;1;107831;1;1;58800.0000;1;11130.0000;None;120200.0000
2629;2023-01-21 14:28:14.563000;1;107831;1;1;61800.0000;1;None;None;61800.0000
18959;2023-01-21 14:24:40.293000;1;107831;1;1;58800.0000;1;15111.0000;None;163200.0000
18936;2023-01-21 12:15:20.207000;1;107831;1;1;58800.0000;1;12778.0000;None;138000.0000
18936;2023-01-21 12:15:20.207000;1;107831;1;1;58800.0000;1;12778.0000;None;138000.0000
20879;2023-01-21 15:23:59.717000;1;107831;1;1;58800.0000;1;42296.0000;None;456800.0000
20882;2023-01-21 16:00:03.503000;1;107831;1;1;58800.0000;1;13148.0000;None;142000.0000
18982;2023-01-21 15:33:52.387000;1;107831;1;1;58800.0000;1;6704.0000;None;72400.0000
2632;2023-01-21 15:54:28.647000;1;107831;1;1;58800.0000;1;45741.0000;None;494000.0000
20880;2023-01-21 15:34:29.363000;1;107831;1;1;58800.0000;1;19667.0000;None;212400.0000
18966;2023-01-21 14:45:05.080000;1;107831;1;1;58800.0000;1;7444.0000;None;80400.0000
18973;2023-01-21 15:23:22.677000;1;107831;1;1;58800.0000;1;30204.0000;None;326200.0000
18972;2023-01-21 15:02:59.973000;1;107831;1;1;58800.0000;1;11037.0000;None;119200.0000
18971;2023-01-21 15:06:37.030000;1;107831;1;1;58800.0000;1;21611.0000;None;233400.0000
2634;2023-01-21 18:18:55.910000;1;107831;1;1;61800.0000;1;None;None;146300.0000
20886;2023-01-21 16:29:18.310000;1;107831;1;1;58800.0000;1;17389.0000;None;187800.0000
2638;2023-01-21 20:36:34.917000;1;107831;1;1;61800.0000;1;None;None;61800.0000
2639;2023-01-21 20:38:55.240000;1;107831;1;1;61800.0000;1;None;None;211300.0000
2639;2023-01-21 20:38:55.240000;1;107831;1;1;61800.0000;1;None;None;211300.0000
20893;2023-01-21 20:48:40.123000;1;107831;1;1;58800.0000;1;12815.0000;None;138400.0000
2630;2023-01-21 15:00:26.427000;1;107833;1;1;56500.0000;1;None;None;220100.0000
2627;2023-01-21 14:08:51.600000;1;107833;1;1;56500.0000;1;None;None;317100.0000
18947;2023-01-21 13:14:20.270000;1;107833;1;1;53800.0000;1;None;None;85400.0000
20863;2023-01-21 12:52:07.587000;1;107836;1;1;19800.0000;1;11278.0000;None;121800.0000
20863;2023-01-21 12:52:07.587000;1;107836;1;1;19800.0000;1;11278.0000;None;121800.0000
18966;2023-01-21 14:48:31.607000;1;107836;1;1;19800.0000;1;7444.0000;None;80400.0000
18966;2023-01-21 14:50:47.010000;1;107836;1;-1;-19800.0000;1;7444.0000;None;80400.0000
18978;2023-01-21 15:32:24.323000;1;107836;1;1;19800.0000;1;15445.0000;None;166800.0000
18978;2023-01-21 15:32:24.323000;1;107836;1;1;19800.0000;1;15445.0000;None;166800.0000
20893;2023-01-21 20:48:40.123000;1;107836;1;1;19800.0000;1;12815.0000;None;138400.0000
20893;2023-01-21 20:48:40.123000;1;107836;1;1;19800.0000;1;12815.0000;None;138400.0000
20887;2023-01-21 16:28:06.043000;1;107836;1;1;19800.0000;1;7722.0000;None;83400.0000
2633;2023-01-21 18:14:49.590000;1;107836;1;1;20800.0000;1;None;None;20800.0000
20890;2023-01-21 18:32:23.743000;1;107839;1;1;41800.0000;1;11685.0000;None;126200.0000
2636;2023-01-21 18:57:52.583000;1;107839;1;1;43900.0000;1;None;None;147000.0000
18988;2023-01-21 18:02:00.093000;1;107839;1;1;41800.0000;1;15222.0000;None;164400.0000
18986;2023-01-21 16:40:13.663000;1;107839;1;1;41800.0000;1;11315.0000;None;122200.0000
2639;2023-01-21 20:38:55.240000;1;107839;1;1;43900.0000;1;None;None;211300.0000
2637;2023-01-21 19:59:41.443000;1;107839;1;1;43900.0000;1;None;None;113800.0000
18992;2023-01-21 19:05:29.367000;1;107839;1;1;41800.0000;1;9833.0000;None;106200.0000
18995;2023-01-21 19:50:03.913000;1;107839;1;1;41800.0000;1;16278.0000;None;175800.0000
18971;2023-01-21 15:06:37.030000;1;107839;1;1;41800.0000;1;21611.0000;None;233400.0000
18937;2023-01-21 12:18:36.747000;1;107839;1;1;41800.0000;1;4685.0000;None;50600.0000
20868;2023-01-21 13:28:26.340000;1;107839;1;1;41800.0000;1;17815.0000;None;192400.0000
18941;2023-01-21 12:39:37.203000;1;107839;1;1;41800.0000;1;15204.0000;None;164200.0000
18938;2023-01-21 13:04:54.987000;1;107839;1;1;41800.0000;1;36352.0000;None;392600.0000
2626;2023-01-21 13:53:14.440000;1;107839;1;1;41800.0000;1;24352.0000;None;263000.0000
18953;2023-01-21 13:55:46.630000;1;107840;1;1;45800.0000;1;26000.0000;None;280800.0000
18950;2023-01-21 13:32:03.177000;1;107840;1;1;45800.0000;1;9833.0000;None;106200.0000
18957;2023-01-21 14:13:07.750000;1;107840;1;1;45800.0000;1;17111.0000;None;184800.0000
2628;2023-01-21 14:25:38.067000;1;107840;1;1;48100.0000;1;None;None;131700.0000
20874;2023-01-21 14:29:02.333000;1;107840;1;1;45800.0000;1;7982.0000;None;86200.0000
18943;2023-01-21 12:59:26.373000;1;107840;1;1;45800.0000;1;10204.0000;None;110200.0000
18970;2023-01-21 15:18:54.950000;1;107840;1;1;45800.0000;1;14445.0000;None;156000.0000
18978;2023-01-21 15:25:13.533000;1;107840;1;1;45800.0000;1;15445.0000;None;166800.0000
18998;2023-01-21 20:38:03.673000;1;107840;1;1;45800.0000;1;17926.0000;None;193600.0000
20884;2023-01-21 16:01:47.357000;1;107840;1;1;45800.0000;1;23445.0000;None;253200.0000
20889;2023-01-21 18:18:49.393000;1;107840;1;1;45800.0000;1;9630.0000;None;104000.0000
18979;2023-01-21 15:27:35.633000;1;107846;1;1;33800.0000;1;12222.0000;None;132000.0000
2622;2023-01-21 13:27:11.087000;1;107846;1;1;35500.0000;1;None;None;115000.0000
2620;2023-01-21 13:14:24.857000;1;107846;1;1;35500.0000;1;None;None;195700.0000
20870;2023-01-21 13:47:00.467000;1;107846;1;1;33800.0000;1;32463.0000;None;350600.0000
2637;2023-01-21 19:59:41.443000;1;107847;1;1;43800.0000;1;None;None;113800.0000
2639;2023-01-21 20:38:55.240000;1;107847;1;1;43800.0000;1;None;None;211300.0000
18951;2023-01-21 14:15:25.103000;1;107871;1;1;14800.0000;1;20482.0000;None;221200.0000
18948;2023-01-21 14:07:21.777000;1;107871;1;1;14800.0000;1;18926.0000;None;204400.0000
20860;2023-01-21 13:22:39.333000;1;107871;1;1;14800.0000;1;16204.0000;None;175000.0000
20860;2023-01-21 13:01:16.117000;3;107873;1;1;8800.0000;1;16204.0000;None;175000.0000
20860;2023-01-21 13:01:16.117000;3;107873;1;1;8800.0000;1;16204.0000;None;175000.0000
20860;2023-01-21 12:28:21.453000;3;107873;1;1;8800.0000;1;16204.0000;None;175000.0000
20860;2023-01-21 12:28:21.453000;3;107873;1;1;8800.0000;1;16204.0000;None;175000.0000
20860;2023-01-21 12:40:29.273000;3;107873;1;1;8800.0000;1;16204.0000;None;175000.0000
18938;2023-01-21 12:59:06.327000;3;107873;1;1;8800.0000;1;36352.0000;None;392600.0000
18939;2023-01-21 12:30:52.273000;3;107873;1;1;8800.0000;1;11463.0000;None;123800.0000
18942;2023-01-21 12:38:47.133000;3;107873;1;1;8800.0000;1;9741.0000;None;105200.0000
20862;2023-01-21 12:46:05.913000;3;107873;1;1;8800.0000;1;18667.0000;None;201600.0000
20862;2023-01-21 12:46:05.913000;3;107873;1;1;8800.0000;1;18667.0000;None;201600.0000
20862;2023-01-21 13:05:40.663000;3;107873;1;1;8800.0000;1;18667.0000;None;201600.0000
18948;2023-01-21 14:06:09.360000;3;107873;1;1;8800.0000;1;18926.0000;None;204400.0000
18948;2023-01-21 14:06:09.360000;3;107873;1;1;8800.0000;1;18926.0000;None;204400.0000
18949;2023-01-21 13:23:50.823000;3;107873;1;3;26400.0000;1;21259.0000;None;229600.0000
18948;2023-01-21 13:18:21.970000;3;107873;1;1;8800.0000;1;18926.0000;None;204400.0000
20868;2023-01-21 13:28:26.340000;3;107873;1;1;8800.0000;1;17815.0000;None;192400.0000
20867;2023-01-21 13:25:03.487000;3;107873;1;1;8800.0000;1;12204.0000;None;131800.0000
20867;2023-01-21 13:25:03.487000;3;107873;1;1;8800.0000;1;12204.0000;None;131800.0000
20863;2023-01-21 12:52:07.587000;3;107873;1;1;8800.0000;1;11278.0000;None;121800.0000
18945;2023-01-21 12:53:11.647000;3;107873;1;1;8800.0000;1;16833.0000;None;181800.0000
18945;2023-01-21 13:02:14.097000;3;107873;1;1;8800.0000;1;16833.0000;None;181800.0000
18946;2023-01-21 12:57:41.647000;3;107873;1;1;8800.0000;1;11074.0000;None;119600.0000
18951;2023-01-21 13:39:42.370000;3;107873;1;1;8800.0000;1;20482.0000;None;221200.0000
18950;2023-01-21 13:28:42.873000;3;107873;1;1;8800.0000;1;9833.0000;None;106200.0000
2623;2023-01-21 13:30:41.350000;3;107873;1;6;55800.0000;1;None;None;165700.0000
20870;2023-01-21 13:47:00.467000;3;107873;1;1;8800.0000;1;32463.0000;None;350600.0000
20870;2023-01-21 13:47:00.467000;3;107873;1;1;8800.0000;1;32463.0000;None;350600.0000
20870;2023-01-21 13:47:00.467000;3;107873;1;1;8800.0000;1;32463.0000;None;350600.0000
20870;2023-01-21 13:47:00.467000;3;107873;1;1;8800.0000;1;32463.0000;None;350600.0000
18954;2023-01-21 13:56:32.800000;3;107873;1;1;8800.0000;1;37167.0000;None;401400.0000
2626;2023-01-21 13:49:24.890000;3;107873;1;1;8800.0000;1;24352.0000;None;263000.0000
18961;2023-01-21 14:29:25.370000;3;107873;1;1;8800.0000;1;11130.0000;None;120200.0000
18958;2023-01-21 14:14:19.473000;3;107873;1;1;8800.0000;1;7796.0000;None;84200.0000
18958;2023-01-21 14:14:19.473000;3;107873;1;1;8800.0000;1;7796.0000;None;84200.0000
18957;2023-01-21 14:13:07.750000;3;107873;1;1;8800.0000;1;17111.0000;None;184800.0000
18957;2023-01-21 14:13:07.750000;3;107873;1;1;8800.0000;1;17111.0000;None;184800.0000
18957;2023-01-21 14:13:07.750000;3;107873;1;1;8800.0000;1;17111.0000;None;184800.0000
18937;2023-01-21 12:18:36.747000;3;107873;1;1;8800.0000;1;4685.0000;None;50600.0000
20893;2023-01-21 20:48:40.123000;3;107873;1;1;8800.0000;1;12815.0000;None;138400.0000
20893;2023-01-21 20:48:40.123000;3;107873;1;1;8800.0000;1;12815.0000;None;138400.0000
19000;2023-01-21 20:59:25.057000;3;107873;1;1;8800.0000;1;9278.0000;None;100200.0000
19001;2023-01-21 21:15:55.413000;3;107873;1;1;8800.0000;1;8148.0000;None;88000.0000
18993;2023-01-21 19:39:15.127000;3;107873;1;1;8800.0000;1;7537.0000;None;81400.0000
18993;2023-01-21 19:39:15.127000;3;107873;1;1;8800.0000;1;7537.0000;None;81400.0000
18997;2023-01-21 20:17:31.937000;3;107873;1;1;8800.0000;1;19667.0000;None;212400.0000
18997;2023-01-21 19:54:30.453000;3;107873;1;1;8800.0000;1;19667.0000;None;212400.0000
18997;2023-01-21 19:54:30.453000;3;107873;1;1;8800.0000;1;19667.0000;None;212400.0000
20891;2023-01-21 19:06:28.807000;3;107873;1;1;8800.0000;1;32741.0000;None;353600.0000
18992;2023-01-21 19:02:26.253000;3;107873;1;1;8800.0000;1;9833.0000;None;106200.0000
18992;2023-01-21 19:02:26.253000;3;107873;1;1;8800.0000;1;9833.0000;None;106200.0000
20891;2023-01-21 19:20:09.690000;3;107873;1;1;8800.0000;1;32741.0000;None;353600.0000
20889;2023-01-21 18:18:49.393000;3;107873;1;1;8800.0000;1;9630.0000;None;104000.0000
20890;2023-01-21 18:32:23.743000;3;107873;1;1;8800.0000;1;11685.0000;None;126200.0000
20890;2023-01-21 18:32:23.743000;3;107873;1;1;8800.0000;1;11685.0000;None;126200.0000
20890;2023-01-21 18:34:42.680000;3;107873;1;-1;-8800.0000;1;11685.0000;None;126200.0000
20884;2023-01-21 16:01:47.357000;3;107873;1;1;8800.0000;1;23445.0000;None;253200.0000
20884;2023-01-21 16:01:47.357000;3;107873;1;1;8800.0000;1;23445.0000;None;253200.0000
20885;2023-01-21 16:04:42.007000;3;107873;1;1;8800.0000;1;None;None;72600.0000
18985;2023-01-21 16:17:54.843000;3;107873;1;1;8800.0000;1;13426.0000;None;145000.0000
18979;2023-01-21 15:27:35.633000;3;107873;1;1;8800.0000;1;12222.0000;None;132000.0000
20880;2023-01-21 15:34:29.363000;3;107873;1;1;8800.0000;1;19667.0000;None;212400.0000
18978;2023-01-21 15:25:13.533000;3;107873;1;1;8800.0000;1;15445.0000;None;166800.0000
18978;2023-01-21 15:25:13.533000;3;107873;1;1;8800.0000;1;15445.0000;None;166800.0000
18976;2023-01-21 15:09:03.940000;3;107873;1;1;8800.0000;1;13519.0000;None;146000.0000
18976;2023-01-21 15:09:03.940000;3;107873;1;1;8800.0000;1;13519.0000;None;146000.0000
2632;2023-01-21 15:44:29.513000;3;107873;1;1;8800.0000;1;45741.0000;None;494000.0000
18983;2023-01-21 15:56:37.280000;3;107873;1;1;8800.0000;1;8444.0000;None;91200.0000
18970;2023-01-21 15:11:36.047000;3;107873;1;1;8800.0000;1;14445.0000;None;156000.0000
18970;2023-01-21 14:53:36.517000;3;107873;1;1;8800.0000;1;14445.0000;None;156000.0000
20877;2023-01-21 14:52:55.267000;3;107873;1;1;8800.0000;1;20685.0000;None;223400.0000
18968;2023-01-21 14:46:32.347000;3;107873;1;1;8800.0000;1;10389.0000;None;112200.0000
18968;2023-01-21 14:46:32.347000;3;107873;1;1;8800.0000;1;10389.0000;None;112200.0000
18968;2023-01-21 15:10:17.037000;3;107873;1;1;8800.0000;1;10389.0000;None;112200.0000
2627;2023-01-21 14:08:51.600000;1;107893;1;1;59700.0000;1;None;None;317100.0000
18951;2023-01-21 13:47:22.533000;1;107893;1;1;56800.0000;1;20482.0000;None;221200.0000
2632;2023-01-21 16:00:43.350000;1;107893;1;1;56800.0000;1;45741.0000;None;494000.0000
19000;2023-01-21 20:59:25.057000;1;107893;1;1;56800.0000;1;9278.0000;None;100200.0000
18958;2023-01-21 14:14:19.473000;1;108015;1;1;2800.0000;1;7796.0000;None;84200.0000
18959;2023-01-21 14:40:45.907000;1;108015;1;1;2800.0000;1;15111.0000;None;163200.0000
18959;2023-01-21 14:47:32.740000;1;108015;1;-1;-2800.0000;1;15111.0000;None;163200.0000
20863;2023-01-21 13:38:20.647000;1;108015;1;1;2800.0000;1;11278.0000;None;121800.0000
20877;2023-01-21 14:52:55.267000;1;108029;1;1;0.0000;1;20685.0000;None;223400.0000
18969;2023-01-21 14:00:56.023000;1;108029;1;1;0.0000;1;13556.0000;None;146400.0000
18969;2023-01-21 14:00:56.023000;1;108029;1;1;0.0000;1;13556.0000;None;146400.0000
18975;2023-01-21 15:14:16.067000;1;108054;1;1;29800.0000;1;19611.0000;None;211800.0000
18951;2023-01-21 13:57:31.247000;1;108054;1;1;29800.0000;1;20482.0000;None;221200.0000
20876;2023-01-21 14:33:07.413000;2;108143;1;1;44800.0000;1;31574.0000;None;341000.0000
20868;2023-01-21 13:49:17.290000;3;108191;1;1;0.0000;1;17815.0000;None;192400.0000
18954;2023-01-21 13:56:32.800000;3;108191;1;1;0.0000;1;37167.0000;None;401400.0000
20868;2023-01-21 13:28:26.340000;3;108191;1;1;0.0000;1;17815.0000;None;192400.0000
20882;2023-01-21 15:52:39.697000;3;108191;1;1;0.0000;1;13148.0000;None;142000.0000
18971;2023-01-21 14:59:30.547000;3;108191;1;1;0.0000;1;21611.0000;None;233400.0000
18971;2023-01-21 15:06:37.030000;3;108191;1;1;None;1;21611.0000;None;233400.0000
18973;2023-01-21 15:23:22.677000;1;108314;1;1;39800.0000;1;30204.0000;None;326200.0000
18973;2023-01-21 16:06:37.930000;1;108314;1;1;39800.0000;1;30204.0000;None;326200.0000
18964;2023-01-21 14:39:29.883000;1;108314;1;1;39800.0000;1;13945.0000;None;150600.0000
18981;2023-01-21 15:48:12.827000;1;108314;1;1;39800.0000;1;11482.0000;None;124000.0000
2632;2023-01-21 15:54:28.647000;1;108314;1;1;39800.0000;1;45741.0000;None;494000.0000
20880;2023-01-21 15:34:29.363000;1;108314;1;1;39800.0000;1;19667.0000;None;212400.0000
18988;2023-01-21 18:02:00.093000;1;108314;1;1;39800.0000;1;15222.0000;None;164400.0000
20884;2023-01-21 16:01:47.357000;1;108314;1;1;39800.0000;1;23445.0000;None;253200.0000
2636;2023-01-21 18:57:52.573000;1;108314;1;1;41800.0000;1;None;None;147000.0000
2614;2023-01-21 11:54:48.723000;1;108314;1;-1;-39800.0000;1;6630.0000;None;71600.0000
2614;2023-01-21 11:54:48.723000;1;108314;1;-1;-39800.0000;1;6630.0000;None;71600.0000
2614;2023-01-21 11:02:26.690000;1;108314;1;1;39800.0000;1;6630.0000;None;71600.0000
2614;2023-01-21 11:02:26.690000;1;108314;1;1;39800.0000;1;6630.0000;None;71600.0000
20862;2023-01-21 12:55:14.293000;1;108314;1;1;39800.0000;1;18667.0000;None;201600.0000
20860;2023-01-21 12:40:29.273000;1;108314;1;1;39800.0000;1;16204.0000;None;175000.0000
18950;2023-01-21 13:32:03.177000;1;108314;1;1;39800.0000;1;9833.0000;None;106200.0000
2628;2023-01-21 14:25:38.067000;1;108314;1;1;41800.0000;1;None;None;131700.0000
2628;2023-01-21 14:25:38.067000;1;108314;1;1;41800.0000;1;None;None;131700.0000
18959;2023-01-21 14:23:42.710000;1;108319;1;1;85800.0000;1;15111.0000;None;163200.0000
20875;2023-01-21 14:34:37.670000;1;108319;1;1;85800.0000;1;16185.0000;None;174800.0000
18963;2023-01-21 14:37:45.310000;1;108319;1;1;85800.0000;1;24426.0000;None;263800.0000
18948;2023-01-21 13:27:56.427000;1;108319;1;1;85800.0000;1;18926.0000;None;204400.0000
18989;2023-01-21 18:57:56.747000;1;108319;1;1;85800.0000;1;16167.0000;None;174600.0000
20878;2023-01-21 15:21:50.043000;1;108319;1;1;85800.0000;1;None;None;91600.0000
18968;2023-01-21 14:46:32.347000;1;108319;1;1;85800.0000;1;10389.0000;None;112200.0000
20877;2023-01-21 14:52:55.267000;1;108319;1;1;85800.0000;1;20685.0000;None;223400.0000
18970;2023-01-21 14:53:36.517000;1;108319;1;1;85800.0000;1;14445.0000;None;156000.0000
18974;2023-01-21 15:09:15.567000;1;108319;1;1;85800.0000;1;28222.0000;None;304800.0000
20861;2023-01-21 12:33:50.600000;1;108321;1;1;27800.0000;1;16982.0000;None;183400.0000
20889;2023-01-21 18:18:49.393000;1;108321;1;1;27800.0000;1;9630.0000;None;104000.0000
18990;2023-01-21 18:29:10.827000;1;108321;1;1;27800.0000;1;None;None;52600.0000
18997;2023-01-21 20:27:33.790000;1;108321;1;1;27800.0000;1;19667.0000;None;212400.0000
18975;2023-01-21 15:14:16.067000;1;108323;1;1;52800.0000;1;19611.0000;None;211800.0000
18953;2023-01-21 14:02:17.690000;1;108323;1;1;52800.0000;1;26000.0000;None;280800.0000
18948;2023-01-21 14:06:09.360000;3;108325;1;1;16800.0000;1;18926.0000;None;204400.0000
18948;2023-01-21 14:07:32.287000;3;108325;1;-1;-16800.0000;1;18926.0000;None;204400.0000
20893;2023-01-21 21:24:24.397000;3;108325;1;1;16800.0000;1;12815.0000;None;138400.0000
18954;2023-01-21 13:56:32.800000;1;109155;1;1;63800.0000;1;37167.0000;None;401400.0000
18958;2023-01-21 14:14:19.473000;1;109155;1;1;63800.0000;1;7796.0000;None;84200.0000
18957;2023-01-21 14:13:07.750000;1;109155;1;1;63800.0000;1;17111.0000;None;184800.0000
18956;2023-01-21 14:18:48.907000;1;109155;1;1;63800.0000;1;None;6200.0000;133200.0000
18960;2023-01-21 14:26:54.277000;1;109155;1;1;63800.0000;1;14130.0000;None;152600.0000
2614;2023-01-21 11:02:26.690000;1;109155;1;1;63800.0000;1;6630.0000;None;71600.0000
2614;2023-01-21 11:02:26.690000;1;109155;1;1;63800.0000;1;6630.0000;None;71600.0000
2614;2023-01-21 11:54:48.723000;1;109155;1;-1;-63800.0000;1;6630.0000;None;71600.0000
2614;2023-01-21 11:54:48.723000;1;109155;1;-1;-63800.0000;1;6630.0000;None;71600.0000
18993;2023-01-21 19:39:15.127000;1;109155;1;1;63800.0000;1;7537.0000;None;81400.0000
20891;2023-01-21 19:52:27.807000;1;109155;1;1;63800.0000;1;32741.0000;None;353600.0000
20892;2023-01-21 19:34:49.977000;1;109155;1;1;63800.0000;1;13519.0000;None;146000.0000
20884;2023-01-21 16:01:47.357000;1;109155;1;1;63800.0000;1;23445.0000;None;253200.0000
18976;2023-01-21 15:09:03.940000;1;109156;1;1;32800.0000;1;13519.0000;None;146000.0000
18977;2023-01-21 15:17:40.923000;1;109156;1;1;32800.0000;1;10037.0000;None;108400.0000
18971;2023-01-21 15:06:37.030000;1;109156;1;1;32800.0000;1;21611.0000;None;233400.0000
20872;2023-01-21 14:02:45.640000;1;109156;1;1;32800.0000;1;10019.0000;None;108200.0000
18939;2023-01-21 12:33:57.887000;1;109156;1;1;32800.0000;1;11463.0000;None;123800.0000
18942;2023-01-21 13:21:10.263000;1;109156;1;1;32800.0000;1;9741.0000;None;105200.0000
2617;2023-01-21 12:29:29.290000;1;109156;1;1;32800.0000;1;17167.0000;None;185400.0000
20876;2023-01-21 14:38:04.827000;1;109157;1;1;62800.0000;1;31574.0000;None;341000.0000
18973;2023-01-21 15:23:22.677000;1;109157;1;1;62800.0000;1;30204.0000;None;326200.0000
18971;2023-01-21 15:51:27.760000;1;109205;1;1;0.0000;1;21611.0000;None;233400.0000
18971;2023-01-21 15:51:27.760000;1;109205;1;1;0.0000;1;21611.0000;None;233400.0000
18981;2023-01-21 15:51:20.460000;1;109205;1;1;0.0000;1;11482.0000;None;124000.0000
18981;2023-01-21 15:51:20.460000;1;109205;1;1;0.0000;1;11482.0000;None;124000.0000
18962;2023-01-21 14:35:21.087000;1;109205;1;1;0.0000;1;22278.0000;None;240600.0000
18962;2023-01-21 14:35:21.087000;1;109205;1;1;0.0000;1;22278.0000;None;240600.0000
20870;2023-01-21 13:39:51.563000;1;109205;1;1;0.0000;1;32463.0000;None;350600.0000
20870;2023-01-21 13:39:51.563000;1;109205;1;1;0.0000;1;32463.0000;None;350600.0000
20870;2023-01-21 13:39:51.563000;1;109205;1;1;0.0000;1;32463.0000;None;350600.0000
20870;2023-01-21 13:39:51.563000;1;109205;1;1;0.0000;1;32463.0000;None;350600.0000
18960;2023-01-21 14:26:54.277000;1;109243;1;1;45800.0000;1;14130.0000;None;152600.0000
18964;2023-01-21 14:39:29.883000;1;109243;1;1;45800.0000;1;13945.0000;None;150600.0000
18991;2023-01-21 18:35:01.507000;1;109243;1;1;45800.0000;1;7000.0000;None;75600.0000
18995;2023-01-21 19:50:03.913000;1;109243;1;1;45800.0000;1;16278.0000;None;175800.0000
20886;2023-01-21 16:09:09.113000;1;109245;1;1;47800.0000;1;17389.0000;None;187800.0000
18985;2023-01-21 16:31:02.723000;1;109245;1;1;47800.0000;1;13426.0000;None;145000.0000
20879;2023-01-21 15:23:59.717000;1;109245;1;1;47800.0000;1;42296.0000;None;456800.0000
18979;2023-01-21 15:27:35.633000;1;109245;1;1;47800.0000;1;12222.0000;None;132000.0000
18962;2023-01-21 14:40:08.897000;1;109245;1;1;47800.0000;1;22278.0000;None;240600.0000
20876;2023-01-21 14:38:04.827000;1;109245;1;1;47800.0000;1;31574.0000;None;341000.0000
18951;2023-01-21 13:41:54;1;109245;1;1;47800.0000;1;20482.0000;None;221200.0000
20868;2023-01-21 13:28:26.340000;1;109335;1;1;38800.0000;1;17815.0000;None;192400.0000
20863;2023-01-21 12:52:07.587000;1;109336;1;1;63800.0000;1;11278.0000;None;121800.0000
20866;2023-01-21 13:16:34.807000;1;109336;1;1;63800.0000;1;11389.0000;None;123000.0000
20890;2023-01-21 18:45:55.593000;1;109336;1;1;63800.0000;1;11685.0000;None;126200.0000
18989;2023-01-21 18:14:26.700000;1;109450;1;1;33800.0000;1;16167.0000;None;174600.0000
18949;2023-01-21 13:23:50.823000;1;109450;1;1;33800.0000;1;21259.0000;None;229600.0000
18946;2023-01-21 12:59:20.873000;1;109451;1;1;26800.0000;1;11074.0000;None;119600.0000
18954;2023-01-21 13:56:32.800000;1;109451;1;1;26800.0000;1;37167.0000;None;401400.0000
18954;2023-01-21 13:56:32.800000;1;109451;1;1;26800.0000;1;37167.0000;None;401400.0000
20874;2023-01-21 14:29:02.333000;1;109451;1;1;26800.0000;1;7982.0000;None;86200.0000
18988;2023-01-21 18:02:00.093000;1;109451;1;1;26800.0000;1;15222.0000;None;164400.0000
18996;2023-01-21 19:46:45.083000;1;109451;1;1;26800.0000;1;None;None;26800.0000
20891;2023-01-21 19:12:42.113000;1;109451;1;1;26800.0000;1;32741.0000;None;353600.0000
18981;2023-01-21 15:48:12.827000;1;109451;1;1;26800.0000;1;11482.0000;None;124000.0000
2632;2023-01-21 15:54:28.647000;1;109451;1;1;26800.0000;1;45741.0000;None;494000.0000
2632;2023-01-21 15:54:28.647000;1;109451;1;1;26800.0000;1;45741.0000;None;494000.0000
18969;2023-01-21 14:00:56.023000;1;109568;1;1;47800.0000;1;13556.0000;None;146400.0000
18969;2023-01-21 14:00:56.023000;1;109568;1;1;47800.0000;1;13556.0000;None;146400.0000
20877;2023-01-21 14:52:55.267000;1;109569;1;1;69800.0000;1;20685.0000;None;223400.0000
18953;2023-01-21 14:02:17.690000;1;109569;1;1;69800.0000;1;26000.0000;None;280800.0000
20880;2023-01-21 15:32:21.093000;3;200001;1;-1;-13800.0000;1;19667.0000;None;212400.0000
20880;2023-01-21 15:29:45.390000;3;200001;1;1;13800.0000;1;19667.0000;None;212400.0000
20880;2023-01-21 15:32:00.620000;3;200005;1;1;13800.0000;1;19667.0000;None;212400.0000
18956;2023-01-21 14:11:18.440000;2;200480;1;1;12800.0000;1;None;6200.0000;133200.0000
18943;2023-01-21 12:41:01.063000;2;200480;1;1;12800.0000;1;10204.0000;None;110200.0000
18943;2023-01-21 12:31:58.077000;2;200480;1;1;12800.0000;1;10204.0000;None;110200.0000
18989;2023-01-21 18:39:49.020000;2;200480;1;1;12800.0000;1;16167.0000;None;174600.0000
18989;2023-01-21 18:39:49.020000;2;200480;1;1;12800.0000;1;16167.0000;None;174600.0000
18989;2023-01-21 18:10:46.693000;2;200480;1;1;12800.0000;1;16167.0000;None;174600.0000
18989;2023-01-21 18:10:46.693000;2;200480;1;1;12800.0000;1;16167.0000;None;174600.0000
20884;2023-01-21 16:01:47.357000;2;200480;1;1;12800.0000;1;23445.0000;None;253200.0000
18988;2023-01-21 17:56:15.023000;3;200644;1;1;6800.0000;1;15222.0000;None;164400.0000
18988;2023-01-21 17:56:15.023000;3;200644;1;1;6800.0000;1;15222.0000;None;164400.0000
20892;2023-01-21 19:54:22.983000;3;200644;1;1;6800.0000;1;13519.0000;None;146000.0000
19000;2023-01-21 20:59:25.057000;3;200644;1;1;6800.0000;1;9278.0000;None;100200.0000
20882;2023-01-21 16:10:18.760000;3;200644;1;1;6800.0000;1;13148.0000;None;142000.0000
18969;2023-01-21 14:00:56.023000;3;200644;1;1;6800.0000;1;13556.0000;None;146400.0000
18966;2023-01-21 14:43:45.710000;3;200644;1;1;6800.0000;1;7444.0000;None;80400.0000
18973;2023-01-21 15:23:22.677000;3;200644;1;1;6800.0000;1;30204.0000;None;326200.0000
20860;2023-01-21 12:40:29.273000;3;200644;1;1;6800.0000;1;16204.0000;None;175000.0000
18938;2023-01-21 12:26:30.850000;3;200644;1;1;6800.0000;1;36352.0000;None;392600.0000
2617;2023-01-21 12:25:50.167000;3;200644;1;1;6800.0000;1;17167.0000;None;185400.0000
20865;2023-01-21 13:02:49.773000;3;200644;1;1;6800.0000;1;38056.0000;None;411000.0000
20865;2023-01-21 13:02:49.773000;3;200644;1;1;6800.0000;1;38056.0000;None;411000.0000
20865;2023-01-21 13:02:49.773000;3;200644;1;1;6800.0000;1;38056.0000;None;411000.0000
20865;2023-01-21 13:44:42.963000;3;200644;1;1;6800.0000;1;38056.0000;None;411000.0000
20865;2023-01-21 13:06:24.453000;3;200644;1;1;6800.0000;1;38056.0000;None;411000.0000
20874;2023-01-21 14:27:09.217000;3;200644;1;1;6800.0000;1;7982.0000;None;86200.0000
20874;2023-01-21 14:27:09.217000;3;200644;1;1;6800.0000;1;7982.0000;None;86200.0000
20875;2023-01-21 14:32:46.073000;3;200644;1;1;6800.0000;1;16185.0000;None;174800.0000
18964;2023-01-21 14:39:29.883000;3;200644;1;1;6800.0000;1;13945.0000;None;150600.0000
18964;2023-01-21 14:39:29.883000;3;200644;1;1;6800.0000;1;13945.0000;None;150600.0000
18954;2023-01-21 13:56:32.800000;3;200644;1;1;6800.0000;1;37167.0000;None;401400.0000
18936;2023-01-21 12:15:20.207000;3;200644;1;1;6800.0000;1;12778.0000;None;138000.0000
18936;2023-01-21 12:15:20.207000;3;200644;1;1;6800.0000;1;12778.0000;None;138000.0000
18936;2023-01-21 12:15:20.207000;3;200644;1;1;6800.0000;1;12778.0000;None;138000.0000
2626;2023-01-21 13:49:24.890000;3;201146;1;1;6800.0000;1;24352.0000;None;263000.0000
18963;2023-01-21 14:42:32.737000;3;201146;1;1;6800.0000;1;24426.0000;None;263800.0000
18963;2023-01-21 14:37:45.310000;3;201146;1;1;6800.0000;1;24426.0000;None;263800.0000
18962;2023-01-21 14:40:08.897000;3;201146;1;1;6800.0000;1;22278.0000;None;240600.0000
18961;2023-01-21 14:29:25.370000;3;201146;1;1;6800.0000;1;11130.0000;None;120200.0000
20876;2023-01-21 14:33:07.413000;3;201146;1;1;6800.0000;1;31574.0000;None;341000.0000
18960;2023-01-21 14:26:54.277000;3;201146;1;1;6800.0000;1;14130.0000;None;152600.0000
18960;2023-01-21 14:26:54.277000;3;201146;1;1;6800.0000;1;14130.0000;None;152600.0000
18946;2023-01-21 12:57:41.647000;3;201146;1;1;6800.0000;1;11074.0000;None;119600.0000
18945;2023-01-21 12:53:11.647000;3;201146;1;1;6800.0000;1;16833.0000;None;181800.0000
20864;2023-01-21 12:57:15.470000;3;201146;1;1;6800.0000;1;None;None;18600.0000
18948;2023-01-21 13:18:21.970000;3;201146;1;1;6800.0000;1;18926.0000;None;204400.0000
20862;2023-01-21 12:55:14.293000;3;201146;1;1;6800.0000;1;18667.0000;None;201600.0000
20862;2023-01-21 12:55:14.293000;3;201146;1;1;6800.0000;1;18667.0000;None;201600.0000
18944;2023-01-21 13:40:13.623000;3;201146;1;1;6800.0000;1;18648.0000;None;201400.0000
18938;2023-01-21 12:59:06.327000;3;201146;1;1;6800.0000;1;36352.0000;None;392600.0000
18971;2023-01-21 15:09:42.377000;3;201146;1;1;6800.0000;1;21611.0000;None;233400.0000
20879;2023-01-21 16:04:45.447000;3;201146;1;1;6800.0000;1;42296.0000;None;456800.0000
18995;2023-01-21 19:45:50.017000;3;201146;1;1;6800.0000;1;16278.0000;None;175800.0000
18987;2023-01-21 17:10:10.927000;3;201146;1;1;6800.0000;1;None;None;30400.0000
20889;2023-01-21 18:18:49.393000;2;201187;1;1;10800.0000;1;9630.0000;None;104000.0000
20889;2023-01-21 18:38:49.970000;2;201187;1;1;10800.0000;1;9630.0000;None;104000.0000
20889;2023-01-21 18:56:16.987000;2;201187;1;1;10800.0000;1;9630.0000;None;104000.0000
20889;2023-01-21 18:59:58.860000;2;201187;1;-1;-10800.0000;1;9630.0000;None;104000.0000
18995;2023-01-21 19:45:50.017000;2;201187;1;1;10800.0000;1;16278.0000;None;175800.0000
20882;2023-01-21 15:52:39.697000;2;201187;1;1;10800.0000;1;13148.0000;None;142000.0000
18971;2023-01-21 14:59:30.547000;2;201187;1;1;10800.0000;1;21611.0000;None;233400.0000
18971;2023-01-21 15:06:37.030000;2;201187;1;1;10800.0000;1;21611.0000;None;233400.0000
18974;2023-01-21 15:04:14.650000;2;201187;1;1;10800.0000;1;28222.0000;None;304800.0000
18969;2023-01-21 14:00:56.023000;2;201187;1;1;10800.0000;1;13556.0000;None;146400.0000
20877;2023-01-21 14:52:55.267000;2;201187;1;1;10800.0000;1;20685.0000;None;223400.0000
18939;2023-01-21 12:30:52.273000;2;201187;1;1;10800.0000;1;11463.0000;None;123800.0000
2617;2023-01-21 12:25:50.167000;2;201187;1;1;10800.0000;1;17167.0000;None;185400.0000
20868;2023-01-21 13:49:17.290000;2;201187;1;1;10800.0000;1;17815.0000;None;192400.0000
20868;2023-01-21 13:28:26.340000;2;201187;1;1;10800.0000;1;17815.0000;None;192400.0000
20868;2023-01-21 13:28:26.340000;2;201187;1;1;10800.0000;1;17815.0000;None;192400.0000
20865;2023-01-21 13:02:49.773000;2;201187;1;1;10800.0000;1;38056.0000;None;411000.0000
20865;2023-01-21 13:02:49.773000;2;201187;1;1;10800.0000;1;38056.0000;None;411000.0000
20865;2023-01-21 13:06:24.453000;2;201187;1;1;10800.0000;1;38056.0000;None;411000.0000
20865;2023-01-21 13:32:37.260000;2;201187;1;1;10800.0000;1;38056.0000;None;411000.0000
18956;2023-01-21 14:11:18.440000;2;201187;1;1;10800.0000;1;None;6200.0000;133200.0000
20875;2023-01-21 15:03:34.200000;2;201187;1;1;10800.0000;1;16185.0000;None;174800.0000
20875;2023-01-21 14:32:46.073000;2;201187;1;1;10800.0000;1;16185.0000;None;174800.0000
2626;2023-01-21 13:49:24.890000;2;201187;1;1;10800.0000;1;24352.0000;None;263000.0000
2626;2023-01-21 13:49:24.890000;2;201187;1;1;10800.0000;1;24352.0000;None;263000.0000
2626;2023-01-21 14:22:34.347000;2;201187;1;1;10800.0000;1;24352.0000;None;263000.0000
2626;2023-01-21 14:22:34.347000;2;201187;1;1;10800.0000;1;24352.0000;None;263000.0000
20870;2023-01-21 13:47:00.467000;3;201206;1;1;6800.0000;1;32463.0000;None;350600.0000
20870;2023-01-21 13:47:00.467000;3;201206;1;1;6800.0000;1;32463.0000;None;350600.0000
18962;2023-01-21 14:40:08.897000;3;201206;1;1;6800.0000;1;22278.0000;None;240600.0000
18962;2023-01-21 14:40:08.897000;3;201206;1;1;6800.0000;1;22278.0000;None;240600.0000
18944;2023-01-21 13:19:24.587000;3;201206;1;1;6800.0000;1;18648.0000;None;201400.0000
18972;2023-01-21 15:02:59.973000;3;201206;1;1;6800.0000;1;11037.0000;None;119200.0000
18972;2023-01-21 15:11:28.323000;3;201206;1;1;6800.0000;1;11037.0000;None;119200.0000
18981;2023-01-21 15:46:10.337000;3;201206;1;1;6800.0000;1;11482.0000;None;124000.0000
20886;2023-01-21 16:05:40.767000;3;201206;1;1;6800.0000;1;17389.0000;None;187800.0000
20887;2023-01-21 16:30:09.923000;3;201206;1;1;6800.0000;1;7722.0000;None;83400.0000
18998;2023-01-21 20:34:12.107000;3;201211;1;1;6800.0000;1;17926.0000;None;193600.0000
18998;2023-01-21 20:55:00.563000;3;201211;1;1;6800.0000;1;17926.0000;None;193600.0000
18998;2023-01-21 20:55:00.563000;3;201211;1;1;6800.0000;1;17926.0000;None;193600.0000
18998;2023-01-21 21:12:35.887000;3;201211;1;1;6800.0000;1;17926.0000;None;193600.0000
18982;2023-01-21 15:33:52.387000;3;201211;1;1;6800.0000;1;6704.0000;None;72400.0000
18982;2023-01-21 15:52:48.227000;3;201211;1;1;6800.0000;1;6704.0000;None;72400.0000
2632;2023-01-21 15:54:28.647000;3;201211;1;1;6800.0000;1;45741.0000;None;494000.0000
2632;2023-01-21 15:36:24.050000;3;201211;1;1;6800.0000;1;45741.0000;None;494000.0000
18974;2023-01-21 15:56:51.523000;3;201211;1;1;6800.0000;1;28222.0000;None;304800.0000
18974;2023-01-21 15:07:37.257000;3;201211;1;1;6800.0000;1;28222.0000;None;304800.0000
18974;2023-01-21 15:07:37.257000;3;201211;1;1;6800.0000;1;28222.0000;None;304800.0000
18974;2023-01-21 15:42:36.573000;3;201211;1;1;6800.0000;1;28222.0000;None;304800.0000
18970;2023-01-21 14:53:36.517000;3;201211;1;1;6800.0000;1;14445.0000;None;156000.0000
18944;2023-01-21 12:43:27.887000;3;201211;1;1;6800.0000;1;18648.0000;None;201400.0000
18944;2023-01-21 13:37:22.540000;3;201211;1;1;6800.0000;1;18648.0000;None;201400.0000
18944;2023-01-21 13:47:05.120000;3;201211;1;1;6800.0000;1;18648.0000;None;201400.0000
2617;2023-01-21 12:25:50.167000;3;201211;1;1;6800.0000;1;17167.0000;None;185400.0000
18942;2023-01-21 13:13:24.647000;3;201211;1;1;6800.0000;1;9741.0000;None;105200.0000
18938;2023-01-21 13:03:23.610000;3;201211;1;1;6800.0000;1;36352.0000;None;392600.0000
2619;2023-01-21 12:54:18.640000;3;201211;1;1;6800.0000;1;5667.0000;None;61200.0000
2619;2023-01-21 12:54:18.640000;3;201211;1;1;6800.0000;1;5667.0000;None;61200.0000
20872;2023-01-21 14:02:45.640000;3;201211;1;1;6800.0000;1;10019.0000;None;108200.0000
20878;2023-01-21 15:24:22.317000;3;201237;1;1;5800.0000;1;None;None;91600.0000
18988;2023-01-21 17:56:15.023000;3;201261;1;1;6800.0000;1;15222.0000;None;164400.0000
2632;2023-01-21 15:54:28.647000;3;201269;1;1;6800.0000;1;45741.0000;None;494000.0000
18974;2023-01-21 15:42:36.573000;3;201269;1;1;6800.0000;1;28222.0000;None;304800.0000
18959;2023-01-21 14:16:55.090000;3;201269;1;1;6800.0000;1;15111.0000;None;163200.0000
20863;2023-01-21 13:27:28.797000;3;201269;1;1;6800.0000;1;11278.0000;None;121800.0000
18941;2023-01-21 12:37:24.727000;3;201269;1;1;6800.0000;1;15204.0000;None;164200.0000
2632;2023-01-21 16:29:19.223000;3;201277;1;1;6800.0000;1;45741.0000;None;494000.0000
18947;2023-01-21 13:14:20.270000;3;201420;1;1;6800.0000;1;None;None;85400.0000
2627;2023-01-21 14:08:51.600000;3;201420;1;1;7200.0000;1;None;None;317100.0000
18953;2023-01-21 13:55:46.630000;2;201615;1;1;14800.0000;1;26000.0000;None;280800.0000
18954;2023-01-21 13:56:32.800000;2;201615;1;1;14800.0000;1;37167.0000;None;401400.0000
18954;2023-01-21 13:56:32.800000;2;201615;1;1;14800.0000;1;37167.0000;None;401400.0000
18954;2023-01-21 13:56:32.800000;2;201615;1;1;14800.0000;1;37167.0000;None;401400.0000
20866;2023-01-21 13:08:39.967000;2;201615;1;1;14800.0000;1;11389.0000;None;123000.0000
20866;2023-01-21 13:08:39.967000;2;201615;1;1;14800.0000;1;11389.0000;None;123000.0000
20866;2023-01-21 13:42:07.937000;2;201615;1;1;14800.0000;1;11389.0000;None;123000.0000
20866;2023-01-21 13:42:07.937000;2;201615;1;1;14800.0000;1;11389.0000;None;123000.0000
20861;2023-01-21 13:00:35.803000;2;201615;1;1;14800.0000;1;16982.0000;None;183400.0000
20861;2023-01-21 12:33:50.600000;2;201615;1;1;14800.0000;1;16982.0000;None;183400.0000
2614;2023-01-21 14:15:33.460000;2;201615;1;1;14800.0000;1;6630.0000;None;71600.0000
2632;2023-01-21 16:20:34.763000;2;201615;1;1;14800.0000;1;45741.0000;None;494000.0000
2632;2023-01-21 15:54:28.647000;2;201615;1;1;14800.0000;1;45741.0000;None;494000.0000
18975;2023-01-21 15:05:04.363000;2;201615;1;1;14800.0000;1;19611.0000;None;211800.0000
18971;2023-01-21 15:06:37.030000;2;201615;1;1;14800.0000;1;21611.0000;None;233400.0000
18966;2023-01-21 14:43:45.710000;2;201615;1;1;14800.0000;1;7444.0000;None;80400.0000
20892;2023-01-21 19:22:06.187000;2;201615;1;1;14800.0000;1;13519.0000;None;146000.0000
20892;2023-01-21 19:22:06.187000;2;201959;1;1;13800.0000;1;13519.0000;None;146000.0000
20891;2023-01-21 20:02:15.697000;2;201959;1;1;13800.0000;1;32741.0000;None;353600.0000
20891;2023-01-21 19:18:23.343000;2;201959;1;1;13800.0000;1;32741.0000;None;353600.0000
20891;2023-01-21 19:36:28.397000;2;201959;1;1;13800.0000;1;32741.0000;None;353600.0000
18979;2023-01-21 15:27:35.633000;2;201959;1;1;13800.0000;1;12222.0000;None;132000.0000
18973;2023-01-21 15:03:41.373000;2;201960;1;1;13800.0000;1;30204.0000;None;326200.0000
18973;2023-01-21 15:05:38.013000;2;201960;1;-1;-13800.0000;1;30204.0000;None;326200.0000
18973;2023-01-21 15:05:17.720000;2;202604;1;1;12800.0000;1;30204.0000;None;326200.0000
