42558;7;1000;1;1;0.0000;1;None;None
22379;7;1001;1;1;0.0000;1;33945.0000;None
22379;7;1001;1;1;0.0000;1;33945.0000;None
41109;7;1001;1;1;0.0000;1;23945.0000;None
41109;7;1001;1;1;0.0000;1;23945.0000;None
12850;7;1001;2;2;0.0000;1;57463.0000;None
12850;7;1001;2;1;0.0000;1;57463.0000;None
41104;7;1001;1;1;0.0000;1;24370.0000;None
41104;7;1001;1;1;0.0000;1;24370.0000;None
42586;7;1001;2;1;0.0000;1;25926.0000;None
42586;7;1001;2;1;0.0000;1;25926.0000;None
41103;7;1001;2;1;0.0000;1;23241.0000;None
41103;7;1001;2;1;0.0000;1;23241.0000;None
12848;7;1001;2;1;0.0000;1;31167.0000;None
12848;7;1001;2;1;0.0000;1;31167.0000;None
12847;7;1001;1;1;0.0000;1;19074.0000;None
12847;7;1001;1;1;0.0000;1;19074.0000;None
42581;7;1001;2;1;None;1;16556.0000;None
42581;7;1001;2;1;None;1;16556.0000;None
41098;7;1001;2;1;0.0000;1;32111.0000;None
41098;7;1001;2;1;0.0000;1;32111.0000;None
22394;7;1001;1;1;0.0000;1;84815.0000;None
22394;7;1001;1;1;0.0000;1;84815.0000;None
41097;7;1001;1;1;0.0000;1;18889.0000;None
12842;7;1001;2;1;0.0000;1;31630.0000;None
12842;7;1001;2;1;0.0000;1;31630.0000;None
42572;7;1001;1;1;0.0000;1;17370.0000;None
12841;7;1001;1;1;0.0000;1;29241.0000;None
12841;7;1001;1;1;0.0000;1;29241.0000;None
41090;7;1001;2;1;0.0000;1;31482.0000;None
41090;7;1001;2;1;0.0000;1;31482.0000;None
22390;7;1001;1;1;0.0000;1;42167.0000;None
1933;7;1001;2;1;0.0000;1;111463.0000;None
1933;7;1001;2;1;0.0000;1;111463.0000;None
12836;7;1001;1;1;0.0000;1;60278.0000;None
12836;7;1001;1;1;0.0000;1;60278.0000;None
41085;7;1001;2;1;0.0000;1;35037.0000;None
41085;7;1001;2;1;0.0000;1;35037.0000;None
22386;7;1001;1;1;0.0000;1;56482.0000;None
22386;7;1001;1;1;0.0000;1;56482.0000;None
22386;7;1001;1;1;0.0000;1;56482.0000;None
22386;7;1001;1;1;0.0000;1;56482.0000;None
41084;7;1001;1;1;0.0000;1;33685.0000;None
41084;7;1001;1;1;0.0000;1;33685.0000;None
42566;7;1001;2;1;0.0000;1;25982.0000;None
42566;7;1001;2;1;0.0000;1;25982.0000;None
22381;7;1001;1;1;0.0000;1;20926.0000;None
12829;7;1001;2;1;0.0000;1;28796.0000;None
42563;7;1001;2;1;0.0000;1;48093.0000;None
42563;7;1001;2;1;0.0000;1;48093.0000;None
12826;7;1001;1;1;0.0000;1;54778.0000;None
42561;7;1001;2;1;0.0000;1;17648.0000;None
42561;7;1001;2;1;0.0000;1;17648.0000;None
42559;7;1001;2;1;0.0000;1;40908.0000;None
42559;7;1001;2;1;0.0000;1;40908.0000;None
12825;7;1002;1;1;0.0000;1;54815.0000;None
1927;7;1002;3;1;None;1;None;None
12826;7;1002;1;1;0.0000;1;54778.0000;None
1928;7;1002;3;1;0.0000;1;None;None
22381;7;1002;1;1;0.0000;1;20926.0000;None
42566;7;1002;3;1;0.0000;1;25982.0000;None
12832;7;1002;1;1;0.0000;1;108871.0000;None
41084;7;1002;1;1;0.0000;1;33685.0000;None
22385;7;1002;3;1;0.0000;1;33519.0000;None
22382;7;1002;1;1;0.0000;1;None;None
22384;7;1002;3;1;0.0000;1;135019.0000;None
22384;7;1002;1;1;0.0000;1;135019.0000;None
41085;7;1002;3;1;0.0000;1;35037.0000;None
42568;7;1002;1;1;0.0000;1;58463.0000;None
41085;7;1002;1;1;0.0000;1;35037.0000;None
22388;7;1002;3;1;0.0000;1;18574.0000;None
42570;7;1002;1;1;0.0000;1;90945.0000;None
42570;7;1002;1;1;0.0000;1;90945.0000;None
42570;7;1002;1;1;0.0000;1;90945.0000;None
22389;7;1002;3;1;0.0000;1;58185.0000;None
1933;7;1002;1;1;0.0000;1;111463.0000;None
12837;7;1002;1;1;0.0000;1;28722.0000;None
12836;7;1002;1;1;0.0000;1;60278.0000;None
22390;7;1002;3;1;0.0000;1;42167.0000;None
42572;7;1002;3;1;0.0000;1;17370.0000;None
42576;7;1002;3;1;None;1;45722.0000;None
41093;7;1002;3;1;0.0000;1;None;None
41098;7;1002;3;1;0.0000;1;32111.0000;None
12845;7;1002;3;1;0.0000;1;24148.0000;None
42587;7;1002;3;1;0.0000;1;19870.0000;None
42586;7;1002;1;1;0.0000;1;25926.0000;None
42586;7;1002;3;1;0.0000;1;25926.0000;None
1946;7;1002;3;1;0.0000;1;6352.0000;None
41106;7;1002;3;1;0.0000;1;None;20954.0000
42584;7;1003;3;1;0.0000;1;18704.0000;None
12847;7;1005;1;1;0.0000;1;19074.0000;None
12844;7;1005;1;1;0.0000;1;47315.0000;None
42571;7;1005;1;1;0.0000;1;66389.0000;None
42571;7;1005;1;1;0.0000;1;66389.0000;None
12844;7;1006;2;1;0.0000;1;47315.0000;None
12844;7;1006;2;1;0.0000;1;47315.0000;None
41095;7;1006;2;1;0.0000;1;20519.0000;None
42564;7;1006;2;1;0.0000;1;51074.0000;None
42564;7;1006;2;1;0.0000;1;51074.0000;None
42564;7;1006;2;1;0.0000;1;51074.0000;None
1930;7;1006;2;1;0.0000;1;None;None
42567;7;1006;2;1;0.0000;1;17482.0000;None
1931;7;1006;2;1;0.0000;1;None;None
12832;7;1006;2;1;0.0000;1;108871.0000;None
12828;7;1006;2;1;0.0000;1;64352.0000;None
42563;7;1006;2;1;0.0000;1;48093.0000;None
42564;7;1006;2;1;0.0000;1;51074.0000;None
42564;7;1006;2;1;0.0000;1;51074.0000;None
1926;7;1006;2;1;None;1;None;None
41100;7;1006;2;1;0.0000;1;21833.0000;None
42581;7;1006;2;1;None;1;16556.0000;None
41099;7;1006;2;1;None;1;31056.0000;None
42578;7;1006;2;1;0.0000;1;32371.0000;None
41106;7;1006;2;1;0.0000;1;None;20954.0000
41106;7;1006;2;1;0.0000;1;None;20954.0000
22395;7;1007;1;1;0.0000;1;45185.0000;None
22398;7;1007;2;1;0.0000;1;20463.0000;None
12827;7;1007;1;1;0.0000;1;21833.0000;None
12833;7;1007;2;1;0.0000;1;31426.0000;None
12833;7;1007;2;1;0.0000;1;31426.0000;None
12830;7;1007;2;1;0.0000;1;18426.0000;None
12844;7;1007;1;1;0.0000;1;47315.0000;None
12838;7;1007;1;1;0.0000;1;25852.0000;None
1933;7;1011;1;1;0.0000;1;111463.0000;None
22389;7;1011;1;1;0.0000;1;58185.0000;None
22389;7;1011;1;1;0.0000;1;58185.0000;None
42570;7;1011;1;1;0.0000;1;90945.0000;None
42570;7;1011;1;1;0.0000;1;90945.0000;None
42569;7;1011;1;1;0.0000;1;24426.0000;None
22387;7;1011;1;1;0.0000;1;47482.0000;None
41096;7;1011;1;1;0.0000;1;41667.0000;None
12842;7;1011;1;1;0.0000;1;31630.0000;None
41083;7;1011;1;1;0.0000;1;23833.0000;None
41083;7;1011;1;1;0.0000;1;23833.0000;None
22386;7;1011;1;1;0.0000;1;56482.0000;None
22386;7;1011;1;1;0.0000;1;56482.0000;None
42562;7;1011;1;1;0.0000;1;39408.0000;None
42560;7;1011;1;1;0.0000;1;23926.0000;None
22399;7;1011;1;1;0.0000;1;33389.0000;None
41097;7;1011;1;1;0.0000;1;18889.0000;None
41098;7;1011;1;1;0.0000;1;32111.0000;None
41098;7;1011;1;1;0.0000;1;32111.0000;None
42584;7;1011;1;1;0.0000;1;18704.0000;None
42584;7;1011;1;1;0.0000;1;18704.0000;None
42585;7;1011;1;1;0.0000;1;14352.0000;None
42587;7;1011;1;1;0.0000;1;19870.0000;None
22382;7;1014;1;1;0.0000;1;None;None
42563;7;1018;1;1;0.0000;1;48093.0000;None
22386;7;1039;1;1;0.0000;1;56482.0000;None
12850;7;1044;1;1;0.0000;1;57463.0000;None
22396;7;1055;1;1;0.0000;1;13685.0000;None
41093;7;1069;1;2;0.0000;1;None;None
1927;7;1074;1;1;None;1;None;None
41093;7;1077;1;2;0.0000;1;None;None
22390;7;1077;1;1;0.0000;1;42167.0000;None
22396;7;1077;1;1;0.0000;1;13685.0000;None
41100;7;1077;1;1;0.0000;1;21833.0000;None
12850;7;1077;1;1;0.0000;1;57463.0000;None
41093;7;1078;1;2;0.0000;1;None;None
42570;7;1089;1;1;0.0000;1;90945.0000;None
42586;7;1100;1;1;0.0000;1;25926.0000;None
22396;7;1100;1;1;0.0000;1;13685.0000;None
22396;7;1100;1;1;0.0000;1;13685.0000;None
22396;7;1100;1;1;0.0000;1;13685.0000;None
42570;7;1102;1;1;0.0000;1;90945.0000;None
22385;7;1102;1;1;0.0000;1;33519.0000;None
41093;7;1117;1;2;0.0000;1;None;None
22387;7;1134;1;1;0.0000;1;47482.0000;None
12832;7;1134;1;1;0.0000;1;108871.0000;None
41083;7;1134;1;1;0.0000;1;23833.0000;None
41083;7;1135;1;1;0.0000;1;23833.0000;None
22382;7;1135;1;1;0.0000;1;None;None
22382;7;1135;1;1;0.0000;1;None;None
22382;7;1135;1;1;0.0000;1;None;None
42565;7;1135;1;1;0.0000;1;21019.0000;None
12830;7;1135;1;1;0.0000;1;18426.0000;None
12832;7;1135;1;1;0.0000;1;108871.0000;None
22385;7;1135;1;1;0.0000;1;33519.0000;None
22385;7;1135;1;1;0.0000;1;33519.0000;None
22385;7;1135;1;1;0.0000;1;33519.0000;None
12827;7;1135;1;1;0.0000;1;21833.0000;None
12826;7;1135;1;1;0.0000;1;54778.0000;None
12825;7;1135;1;1;0.0000;1;54815.0000;None
42563;7;1135;1;1;0.0000;1;48093.0000;None
1929;7;1135;1;1;0.0000;1;None;None
12829;7;1135;1;1;0.0000;1;28796.0000;None
12828;7;1135;1;1;0.0000;1;64352.0000;None
12828;7;1135;1;1;0.0000;1;64352.0000;None
1933;7;1135;1;1;0.0000;1;111463.0000;None
41092;7;1135;1;1;0.0000;1;10278.0000;None
12839;7;1135;1;1;0.0000;1;10833.0000;None
12839;7;1135;1;1;0.0000;1;10833.0000;None
42571;7;1135;1;1;0.0000;1;66389.0000;None
12840;7;1135;1;1;0.0000;1;20630.0000;None
22398;7;1135;1;1;0.0000;1;20463.0000;None
1941;7;1135;1;1;0.0000;1;8037.0000;None
42582;7;1135;1;1;0.0000;1;25945.0000;None
41099;7;1135;1;1;None;1;31056.0000;None
42578;7;1135;1;1;0.0000;1;32371.0000;None
42586;7;1135;1;1;0.0000;1;25926.0000;None
12850;7;1135;1;1;0.0000;1;57463.0000;None
41104;7;1135;1;2;0.0000;1;24370.0000;None
42558;7;1157;1;1;0.0000;1;None;None
42558;7;1157;1;1;0.0000;1;None;None
42558;7;1157;1;1;0.0000;1;None;None
42558;7;1157;1;1;0.0000;1;None;None
1944;7;1157;1;1;0.0000;1;None;None
41108;7;1157;1;1;0.0000;1;20630.0000;None
1935;7;1157;1;1;0.0000;1;None;None
42583;7;1157;1;1;0.0000;1;53871.0000;None
42583;7;1157;1;1;0.0000;1;53871.0000;None
1934;7;1157;1;1;0.0000;1;None;None
41093;7;1157;1;2;0.0000;1;None;None
41093;7;1157;1;2;0.0000;1;None;None
41093;7;1157;1;1;0.0000;1;None;None
1928;7;1157;1;1;0.0000;1;None;None
1928;7;1157;1;1;0.0000;1;None;None
1929;7;1157;1;1;0.0000;1;None;None
1929;7;1157;1;1;0.0000;1;None;None
1926;7;1157;1;1;None;1;None;None
1926;7;1157;1;1;None;1;None;None
1926;7;1157;1;1;None;1;None;None
1926;7;1157;1;1;None;1;None;None
1927;7;1157;1;1;None;1;None;None
1927;7;1157;1;1;None;1;None;None
1931;7;1157;1;1;0.0000;1;None;None
1931;7;1157;1;1;0.0000;1;None;None
1931;7;1157;1;1;0.0000;1;None;None
1931;7;1157;1;1;0.0000;1;None;None
1930;7;1157;1;1;0.0000;1;None;None
42578;7;1187;1;1;0.0000;1;32371.0000;None
42578;7;1187;1;1;0.0000;1;32371.0000;None
12848;7;1207;1;1;0.0000;1;31167.0000;None
12848;7;1207;1;1;0.0000;1;31167.0000;None
12848;7;1207;1;1;0.0000;1;31167.0000;None
12830;7;1207;1;1;0.0000;1;18426.0000;None
22384;7;1207;1;1;0.0000;1;135019.0000;None
22385;7;1207;1;1;0.0000;1;33519.0000;None
22386;7;1207;1;1;0.0000;1;56482.0000;None
22386;7;1207;1;1;0.0000;1;56482.0000;None
12825;7;1207;1;1;0.0000;1;54815.0000;None
12825;7;1207;1;1;0.0000;1;54815.0000;None
42563;7;1207;1;1;0.0000;1;48093.0000;None
12829;7;1207;1;1;0.0000;1;28796.0000;None
42562;7;1207;1;1;0.0000;1;39408.0000;None
22381;7;1207;1;1;0.0000;1;20926.0000;None
41096;7;1207;1;1;0.0000;1;41667.0000;None
41091;7;1207;1;1;0.0000;1;51667.0000;None
41089;7;1207;1;1;0.0000;1;20630.0000;None
42571;7;1213;1;1;0.0000;1;66389.0000;None
41094;7;1213;1;1;0.0000;1;21222.0000;None
22390;7;1213;1;1;0.0000;1;42167.0000;None
22387;7;1213;1;1;0.0000;1;47482.0000;None
42570;7;1213;1;1;0.0000;1;90945.0000;None
42569;7;1213;1;1;0.0000;1;24426.0000;None
12825;7;1213;1;1;0.0000;1;54815.0000;None
12846;7;1213;1;1;0.0000;1;21556.0000;None
42580;7;1213;1;1;0.0000;1;26037.0000;None
41107;7;1213;1;1;0.0000;1;67871.0000;None
42587;7;1213;1;1;0.0000;1;19870.0000;None
42587;7;1213;1;1;0.0000;1;19870.0000;None
41107;7;1214;1;1;0.0000;1;67871.0000;None
41107;7;1214;1;1;0.0000;1;67871.0000;None
41107;7;1214;1;1;0.0000;1;67871.0000;None
41096;7;1214;1;1;0.0000;1;41667.0000;None
22392;7;1214;1;1;0.0000;1;26148.0000;None
22390;7;1220;1;1;0.0000;1;42167.0000;None
12841;7;1220;1;1;0.0000;1;29241.0000;None
12841;7;1220;1;1;0.0000;1;29241.0000;None
12842;7;1220;1;1;0.0000;1;31630.0000;None
12842;7;1220;1;1;0.0000;1;31630.0000;None
42572;7;1220;1;1;0.0000;1;17370.0000;None
41090;7;1220;1;1;0.0000;1;31482.0000;None
41090;7;1220;1;1;0.0000;1;31482.0000;None
41085;7;1220;1;1;0.0000;1;35037.0000;None
12836;7;1220;1;1;0.0000;1;60278.0000;None
12836;7;1220;1;1;0.0000;1;60278.0000;None
12836;7;1220;1;1;0.0000;1;60278.0000;None
1933;7;1220;1;1;0.0000;1;111463.0000;None
42559;7;1220;1;1;0.0000;1;40908.0000;None
42561;7;1220;1;1;0.0000;1;17648.0000;None
12826;7;1220;1;1;0.0000;1;54778.0000;None
12826;7;1220;1;1;0.0000;1;54778.0000;None
22381;7;1220;1;1;0.0000;1;20926.0000;None
12829;7;1220;1;1;0.0000;1;28796.0000;None
12829;7;1220;1;1;0.0000;1;28796.0000;None
42563;7;1220;1;1;None;1;48093.0000;None
22386;7;1220;1;1;0.0000;1;56482.0000;None
41084;7;1220;1;1;0.0000;1;33685.0000;None
42566;7;1220;1;1;0.0000;1;25982.0000;None
22382;7;1220;1;1;0.0000;1;None;None
41109;7;1220;1;1;0.0000;1;23945.0000;None
42586;7;1220;1;1;0.0000;1;25926.0000;None
12850;7;1220;1;1;0.0000;1;57463.0000;None
12850;7;1220;1;1;0.0000;1;57463.0000;None
41104;7;1220;1;1;0.0000;1;24370.0000;None
41104;7;1220;1;1;0.0000;1;24370.0000;None
41103;7;1220;1;1;0.0000;1;23241.0000;None
41098;7;1220;1;1;0.0000;1;32111.0000;None
41097;7;1220;1;1;0.0000;1;18889.0000;None
22394;7;1220;1;1;0.0000;1;84815.0000;None
22394;7;1220;1;1;0.0000;1;84815.0000;None
12847;7;1220;1;1;0.0000;1;19074.0000;None
12847;7;1220;1;1;0.0000;1;19074.0000;None
42581;7;1220;1;1;0.0000;1;16556.0000;None
42581;7;1220;1;1;0.0000;1;16556.0000;None
22379;7;1220;1;1;None;1;33945.0000;None
12825;7;1247;1;1;0.0000;1;54815.0000;None
12825;7;1247;1;1;0.0000;1;54815.0000;None
12844;7;1247;1;1;0.0000;1;47315.0000;None
41096;7;1302;1;1;0.0000;1;41667.0000;None
22390;7;1302;1;1;0.0000;1;42167.0000;None
41087;7;1302;1;1;None;1;17759.0000;None
12825;7;1302;1;1;0.0000;1;54815.0000;None
42563;7;1302;1;1;0.0000;1;48093.0000;None
22397;7;1302;1;1;0.0000;1;35537.0000;None
41101;7;1302;1;1;0.0000;1;38908.0000;None
12847;7;2002;1;1;0.0000;1;19074.0000;None
41084;7;2002;1;1;0.0000;1;33685.0000;None
42571;7;2002;1;1;0.0000;1;66389.0000;None
42571;7;2002;1;1;0.0000;1;66389.0000;None
41097;7;2006;1;1;0.0000;1;18889.0000;None
42586;7;2006;1;1;0.0000;1;25926.0000;None
12850;7;2008;1;4;0.0000;1;57463.0000;None
41106;7;2008;1;4;0.0000;1;None;20954.0000
41102;7;2008;1;2;0.0000;1;28241.0000;None
22394;7;2008;1;6;0.0000;1;84815.0000;None
12846;7;2008;1;2;0.0000;1;21556.0000;None
22399;7;2008;1;1;0.0000;1;33389.0000;None
22399;7;2008;1;1;0.0000;1;33389.0000;None
22398;7;2008;1;2;0.0000;1;20463.0000;None
42582;7;2008;1;2;0.0000;1;25945.0000;None
41092;7;2008;1;2;0.0000;1;10278.0000;None
22389;7;2008;1;3;0.0000;1;58185.0000;None
42566;7;2008;1;2;0.0000;1;25982.0000;None
12832;7;2008;1;2;0.0000;1;108871.0000;None
22386;7;2008;1;3;0.0000;1;56482.0000;None
22384;7;2008;1;10;0.0000;1;135019.0000;None
22382;7;2008;1;2;0.0000;1;None;None
12832;7;2008;1;5;0.0000;1;108871.0000;None
42560;7;2008;1;2;0.0000;1;23926.0000;None
22390;7;2009;1;1;0.0000;1;42167.0000;None
22390;7;2009;1;1;0.0000;1;42167.0000;None
42580;7;2009;1;1;0.0000;1;26037.0000;None
41098;7;2009;1;1;0.0000;1;32111.0000;None
41084;7;2012;1;1;0.0000;1;33685.0000;None
42568;7;2042;1;1;0.0000;1;58463.0000;None
42568;7;2042;1;1;0.0000;1;58463.0000;None
42559;7;2042;1;1;0.0000;1;40908.0000;None
22380;7;2042;1;1;0.0000;1;19056.0000;None
41081;7;2042;1;1;0.0000;1;25574.0000;None
41081;7;2042;1;1;0.0000;1;25574.0000;None
41081;7;2042;1;1;0.0000;1;25574.0000;None
12828;7;2042;1;1;0.0000;1;64352.0000;None
12828;7;2042;1;1;0.0000;1;64352.0000;None
22390;7;2042;1;1;0.0000;1;42167.0000;None
22390;7;2042;1;1;0.0000;1;42167.0000;None
41096;7;2042;1;1;0.0000;1;41667.0000;None
41094;7;2042;1;1;0.0000;1;21222.0000;None
41094;7;2042;1;1;0.0000;1;21222.0000;None
41094;7;2042;1;1;0.0000;1;21222.0000;None
41094;7;2042;1;1;0.0000;1;21222.0000;None
41094;7;2042;1;1;0.0000;1;21222.0000;None
41094;7;2042;1;1;0.0000;1;21222.0000;None
12843;7;2042;1;1;0.0000;1;20796.0000;None
22390;7;2042;1;1;0.0000;1;42167.0000;None
1933;7;2042;1;1;0.0000;1;111463.0000;None
1933;7;2042;1;1;0.0000;1;111463.0000;None
22387;7;2042;1;1;0.0000;1;47482.0000;None
42568;7;2042;1;1;0.0000;1;58463.0000;None
42570;7;2042;1;1;0.0000;1;90945.0000;None
1933;7;2042;1;1;0.0000;1;111463.0000;None
42580;7;2042;1;1;0.0000;1;26037.0000;None
42578;7;2042;1;1;0.0000;1;32371.0000;None
42578;7;2042;1;1;0.0000;1;32371.0000;None
12846;7;2042;1;1;0.0000;1;21556.0000;None
12847;7;2042;1;1;0.0000;1;19074.0000;None
41107;7;2042;1;1;0.0000;1;67871.0000;None
22401;7;2045;1;2;0.0000;1;30259.0000;None
12825;7;2045;1;1;0.0000;1;54815.0000;None
12828;7;2046;1;1;0.0000;1;64352.0000;None
12828;7;2046;1;1;0.0000;1;64352.0000;None
42563;7;2046;1;1;0.0000;1;48093.0000;None
42563;7;2046;1;1;0.0000;1;48093.0000;None
42568;7;2046;1;1;0.0000;1;58463.0000;None
42570;7;2046;1;1;0.0000;1;90945.0000;None
42570;7;2046;1;1;0.0000;1;90945.0000;None
42568;7;2046;1;1;0.0000;1;58463.0000;None
22397;7;2047;1;2;0.0000;1;35537.0000;None
41082;7;2049;1;1;0.0000;1;65297.0000;None
12828;7;2050;1;1;0.0000;1;64352.0000;None
12828;7;2050;1;1;0.0000;1;64352.0000;None
12837;7;2050;1;1;0.0000;1;28722.0000;None
22401;7;2050;1;1;0.0000;1;30259.0000;None
41107;7;2050;1;1;0.0000;1;67871.0000;None
41107;7;2050;1;1;0.0000;1;67871.0000;None
41102;7;2057;1;1;0.0000;1;28241.0000;None
42586;7;2060;1;1;0.0000;1;25926.0000;None
42586;7;2060;1;1;0.0000;1;25926.0000;None
41098;7;2070;1;1;0.0000;1;32111.0000;None
22381;7;2070;1;1;0.0000;1;20926.0000;None
22381;7;2072;1;1;0.0000;1;20926.0000;None
22380;7;2072;1;1;0.0000;1;19056.0000;None
41081;7;2072;1;1;0.0000;1;25574.0000;None
22385;7;2072;1;1;0.0000;1;33519.0000;None
12837;7;2072;1;1;0.0000;1;28722.0000;None
12837;7;2072;1;1;0.0000;1;28722.0000;None
12843;7;2072;1;1;0.0000;1;20796.0000;None
41091;7;2072;1;1;0.0000;1;51667.0000;None
42576;7;2072;1;1;0.0000;1;45722.0000;None
22392;7;2072;1;1;0.0000;1;26148.0000;None
12845;7;2072;1;1;0.0000;1;24148.0000;None
42580;7;2072;1;1;0.0000;1;26037.0000;None
42586;7;2072;1;1;0.0000;1;25926.0000;None
1933;7;2077;1;1;0.0000;1;111463.0000;None
1933;7;2077;1;1;0.0000;1;111463.0000;None
22379;3;100596;1;2;9600.0000;1;33945.0000;None
22379;3;100596;1;1;4800.0000;1;33945.0000;None
22382;3;100596;1;1;4800.0000;1;None;None
22382;3;100596;1;1;4800.0000;1;None;None
42560;3;100596;1;1;4800.0000;1;23926.0000;None
12825;3;100606;1;1;5800.0000;1;54815.0000;None
22381;3;100606;1;1;5800.0000;1;20926.0000;None
22384;3;100606;1;1;5800.0000;1;135019.0000;None
22384;3;100606;1;1;5800.0000;1;135019.0000;None
22384;3;100606;1;1;5800.0000;1;135019.0000;None
42568;3;100606;1;1;5800.0000;1;58463.0000;None
41085;3;100606;1;1;5800.0000;1;35037.0000;None
22390;3;100606;1;1;5800.0000;1;42167.0000;None
12836;3;100606;1;1;5800.0000;1;60278.0000;None
12836;3;100606;1;1;5800.0000;1;60278.0000;None
12836;3;100606;1;1;5800.0000;1;60278.0000;None
22390;3;100606;1;1;5800.0000;1;42167.0000;None
41098;3;100606;1;1;5800.0000;1;32111.0000;None
42580;3;100607;1;1;5800.0000;1;26037.0000;None
22394;3;100607;1;1;5800.0000;1;84815.0000;None
22394;3;100607;1;1;5800.0000;1;84815.0000;None
22394;3;100607;1;1;5800.0000;1;84815.0000;None
22394;3;100607;1;1;5800.0000;1;84815.0000;None
22394;3;100607;1;1;5800.0000;1;84815.0000;None
41096;3;100607;1;1;5800.0000;1;41667.0000;None
12825;3;100607;1;1;5800.0000;1;54815.0000;None
42560;3;100613;1;1;4800.0000;1;23926.0000;None
22384;3;100613;1;1;4800.0000;1;135019.0000;None
22384;3;100613;1;1;4800.0000;1;135019.0000;None
41096;3;100613;1;1;4800.0000;1;41667.0000;None
41092;3;100613;1;1;4800.0000;1;10278.0000;None
22389;3;100613;1;1;4800.0000;1;58185.0000;None
22389;3;100613;1;1;4800.0000;1;58185.0000;None
12836;3;100614;1;1;4800.0000;1;60278.0000;None
12837;3;100614;1;2;9600.0000;1;28722.0000;None
42568;3;100614;1;1;4800.0000;1;58463.0000;None
42568;3;100614;1;1;4800.0000;1;58463.0000;None
41087;3;100614;1;1;4800.0000;1;17759.0000;None
41090;3;100614;1;2;9600.0000;1;31482.0000;None
42572;3;100614;1;1;4800.0000;1;17370.0000;None
22384;3;100614;1;1;4800.0000;1;135019.0000;None
22384;3;100614;1;1;4800.0000;1;135019.0000;None
22384;3;100614;1;1;4800.0000;1;135019.0000;None
22384;3;100614;1;1;4800.0000;1;135019.0000;None
22384;3;100614;1;1;4800.0000;1;135019.0000;None
41082;3;100614;1;3;14400.0000;1;65297.0000;None
41082;3;100614;1;1;4800.0000;1;65297.0000;None
41082;3;100614;1;1;4800.0000;1;65297.0000;None
41083;3;100614;1;1;4800.0000;1;23833.0000;None
22385;3;100614;1;1;4800.0000;1;33519.0000;None
22385;3;100614;1;1;4800.0000;1;33519.0000;None
12832;3;100614;1;1;4800.0000;1;108871.0000;None
12832;3;100614;1;1;4800.0000;1;108871.0000;None
12832;3;100614;1;1;4800.0000;1;108871.0000;None
12826;3;100614;1;1;4800.0000;1;54778.0000;None
12825;3;100614;1;1;4800.0000;1;54815.0000;None
22381;3;100614;1;1;4800.0000;1;20926.0000;None
12828;3;100614;1;3;14400.0000;1;64352.0000;None
42563;3;100614;1;1;4800.0000;1;48093.0000;None
12829;3;100614;1;1;4800.0000;1;28796.0000;None
42562;3;100614;1;1;4800.0000;1;39408.0000;None
42580;3;100614;1;1;4800.0000;1;26037.0000;None
22401;3;100614;1;1;4800.0000;1;30259.0000;None
22401;3;100614;1;1;4800.0000;1;30259.0000;None
22401;3;100614;1;1;4800.0000;1;30259.0000;None
41102;3;100614;1;1;4800.0000;1;28241.0000;None
41107;1;100972;1;6;0.0000;1;67871.0000;None
12825;1;100972;1;6;0.0000;1;54815.0000;None
12832;1;100972;1;6;0.0000;1;108871.0000;None
12844;1;100972;1;9;0.0000;1;47315.0000;None
41091;3;100999;1;1;5800.0000;1;51667.0000;None
41089;3;100999;1;1;5800.0000;1;20630.0000;None
41089;3;100999;1;1;5800.0000;1;20630.0000;None
41085;3;100999;1;1;5800.0000;1;35037.0000;None
22385;3;100999;1;1;5800.0000;1;33519.0000;None
12825;3;100999;1;1;5800.0000;1;54815.0000;None
12825;3;100999;1;1;5800.0000;1;54815.0000;None
12851;3;100999;1;1;5800.0000;1;12407.0000;None
12851;3;100999;1;1;5800.0000;1;12407.0000;None
22396;3;100999;1;1;5800.0000;1;13685.0000;None
42563;1;101007;1;1;79800.0000;1;48093.0000;None
1926;1;101007;1;1;84000.0000;1;None;None
41090;2;101193;1;1;23800.0000;1;31482.0000;None
42562;1;101370;1;1;139800.0000;1;39408.0000;None
12832;1;101370;1;1;139800.0000;1;108871.0000;None
41107;1;101370;1;1;139800.0000;1;67871.0000;None
22384;1;101433;1;1;0.0000;1;135019.0000;None
41089;1;101433;1;1;0.0000;1;20630.0000;None
42571;1;101433;1;1;0.0000;1;66389.0000;None
12844;1;101433;1;1;0.0000;1;47315.0000;None
42568;1;101433;1;1;0.0000;1;58463.0000;None
42570;1;101433;1;1;0.0000;1;90945.0000;None
12837;1;101433;1;1;0.0000;1;28722.0000;None
12838;1;101433;1;1;0.0000;1;25852.0000;None
1933;1;101433;1;1;0.0000;1;111463.0000;None
1933;6;101475;1;1;0.0000;1;111463.0000;None
42571;6;101475;1;1;0.0000;1;66389.0000;None
42571;1;101522;1;1;0.0000;1;66389.0000;None
42571;1;101522;1;1;0.0000;1;66389.0000;None
12844;1;101522;1;1;0.0000;1;47315.0000;None
42570;1;101522;1;1;0.0000;1;90945.0000;None
41085;1;101522;1;1;0.0000;1;35037.0000;None
12838;1;101522;1;1;0.0000;1;25852.0000;None
41084;1;101522;1;1;0.0000;1;33685.0000;None
22385;1;101522;1;1;0.0000;1;33519.0000;None
22381;1;101522;1;1;0.0000;1;20926.0000;None
41100;1;101522;1;1;0.0000;1;21833.0000;None
22395;1;101552;1;1;0.0000;1;45185.0000;None
12825;1;101552;1;1;0.0000;1;54815.0000;None
12832;1;101552;1;1;0.0000;1;108871.0000;None
22385;3;101641;1;1;0.0000;1;33519.0000;None
42568;3;101641;1;1;0.0000;1;58463.0000;None
42564;3;101641;1;1;0.0000;1;51074.0000;None
12832;3;101641;1;1;0.0000;1;108871.0000;None
42560;3;101641;1;1;0.0000;1;23926.0000;None
42561;3;101641;1;1;0.0000;1;17648.0000;None
12826;3;101641;1;1;0.0000;1;54778.0000;None
42562;3;101641;1;1;0.0000;1;39408.0000;None
42563;3;101641;1;1;0.0000;1;48093.0000;None
42564;3;101641;1;1;0.0000;1;51074.0000;None
22390;3;101641;1;1;0.0000;1;42167.0000;None
12837;3;101641;1;1;0.0000;1;28722.0000;None
42570;3;101641;1;1;0.0000;1;90945.0000;None
41096;3;101641;1;1;0.0000;1;41667.0000;None
41095;3;101641;1;1;0.0000;1;20519.0000;None
42571;3;101641;1;1;0.0000;1;66389.0000;None
42571;3;101641;1;1;0.0000;1;66389.0000;None
22395;3;101641;1;1;0.0000;1;45185.0000;None
12846;3;101641;1;1;0.0000;1;21556.0000;None
42580;3;101641;1;1;0.0000;1;26037.0000;None
42581;3;101641;1;1;0.0000;1;16556.0000;None
41097;3;101641;1;1;0.0000;1;18889.0000;None
41108;3;101641;1;1;0.0000;1;20630.0000;None
41109;3;101641;1;1;0.0000;1;23945.0000;None
41103;3;101641;1;1;0.0000;1;23241.0000;None
22401;3;101641;1;1;0.0000;1;30259.0000;None
41105;3;101641;1;1;0.0000;1;19963.0000;None
41105;3;101641;1;1;0.0000;1;19963.0000;None
12828;1;101647;1;1;10800.0000;1;64352.0000;None
12828;1;101647;1;1;10800.0000;1;64352.0000;None
12829;2;101679;1;1;22800.0000;1;28796.0000;None
12829;2;101679;1;1;22800.0000;1;28796.0000;None
42562;2;101679;1;1;22800.0000;1;39408.0000;None
12829;2;101679;1;1;22800.0000;1;28796.0000;None
12829;2;101679;1;1;22800.0000;1;28796.0000;None
12825;2;101679;1;1;22800.0000;1;54815.0000;None
12825;2;101679;1;1;22800.0000;1;54815.0000;None
42582;2;101706;1;1;27800.0000;1;25945.0000;None
42582;2;101706;1;1;27800.0000;1;25945.0000;None
12848;2;101708;1;1;25800.0000;1;31167.0000;None
12848;2;101708;1;1;25800.0000;1;31167.0000;None
42570;2;101722;1;1;28800.0000;1;90945.0000;None
22389;2;101722;1;1;28800.0000;1;58185.0000;None
22389;2;101722;1;1;28800.0000;1;58185.0000;None
12837;2;101728;1;1;33800.0000;1;28722.0000;None
42583;2;101728;1;1;33800.0000;1;53871.0000;None
42578;2;101728;1;1;33800.0000;1;32371.0000;None
42561;2;101852;1;1;24800.0000;1;17648.0000;None
42561;2;101852;1;1;24800.0000;1;17648.0000;None
12848;2;101870;1;1;42800.0000;1;31167.0000;None
41105;2;101878;1;1;29800.0000;1;19963.0000;None
41101;2;101878;1;1;29800.0000;1;38908.0000;None
41101;2;101878;1;1;29800.0000;1;38908.0000;None
22397;2;101948;1;1;18800.0000;1;35537.0000;None
41085;2;102001;1;1;14800.0000;1;35037.0000;None
41091;3;102102;1;1;7800.0000;1;51667.0000;None
41092;1;102132;1;1;4800.0000;1;10278.0000;None
12826;1;102141;1;1;3800.0000;1;54778.0000;None
12832;1;102172;1;1;5800.0000;1;108871.0000;None
22397;1;102172;1;1;5800.0000;1;35537.0000;None
22395;1;102172;1;1;5800.0000;1;45185.0000;None
22385;1;102228;1;1;4800.0000;1;33519.0000;None
42570;1;102228;1;1;4800.0000;1;90945.0000;None
42558;1;102238;1;2;9600.0000;1;None;None
42569;1;102238;1;1;4800.0000;1;24426.0000;None
42569;1;102238;1;1;4800.0000;1;24426.0000;None
22389;1;102238;1;1;4800.0000;1;58185.0000;None
22389;1;102238;1;1;4800.0000;1;58185.0000;None
22382;1;102238;1;1;4800.0000;1;None;None
12829;1;102238;1;1;4800.0000;1;28796.0000;None
22395;1;102238;1;1;4800.0000;1;45185.0000;None
42578;1;102238;1;1;4800.0000;1;32371.0000;None
1938;1;102238;1;1;4800.0000;1;2722.0000;None
12826;1;102327;1;1;16800.0000;1;54778.0000;None
1933;3;102402;1;1;7800.0000;1;111463.0000;None
42571;3;102402;1;1;7800.0000;1;66389.0000;None
41096;3;102616;1;1;5800.0000;1;41667.0000;None
42559;3;102616;1;1;5800.0000;1;40908.0000;None
42562;3;102616;1;1;5800.0000;1;39408.0000;None
22388;3;102617;1;1;6800.0000;1;18574.0000;None
42568;3;102619;1;1;5800.0000;1;58463.0000;None
42568;3;102619;1;1;5800.0000;1;58463.0000;None
42576;3;102619;1;1;5800.0000;1;45722.0000;None
42576;3;102619;1;1;5800.0000;1;45722.0000;None
22392;3;102619;1;1;5800.0000;1;26148.0000;None
12841;3;102619;1;1;5800.0000;1;29241.0000;None
42568;3;102619;1;1;5800.0000;1;58463.0000;None
42568;3;102619;1;1;5800.0000;1;58463.0000;None
42568;3;102619;1;1;5800.0000;1;58463.0000;None
12830;3;102619;1;1;5800.0000;1;18426.0000;None
1946;3;102619;1;1;5800.0000;1;6352.0000;None
42586;3;102619;1;1;5800.0000;1;25926.0000;None
42585;3;102633;1;1;11800.0000;1;14352.0000;None
42559;3;102633;1;1;11800.0000;1;40908.0000;None
41091;3;102633;1;1;11800.0000;1;51667.0000;None
12843;3;102635;1;1;7800.0000;1;20796.0000;None
12844;3;102635;1;1;7800.0000;1;47315.0000;None
41095;3;102635;1;1;7800.0000;1;20519.0000;None
41094;3;102635;1;1;7800.0000;1;21222.0000;None
41094;3;102635;1;1;7800.0000;1;21222.0000;None
41094;3;102635;1;1;7800.0000;1;21222.0000;None
41094;3;102635;1;1;7800.0000;1;21222.0000;None
42571;3;102635;1;1;7800.0000;1;66389.0000;None
42571;3;102635;1;1;7800.0000;1;66389.0000;None
22387;3;102635;1;1;7800.0000;1;47482.0000;None
22388;3;102635;1;1;7800.0000;1;18574.0000;None
42570;3;102635;1;1;7800.0000;1;90945.0000;None
1933;3;102635;1;1;7800.0000;1;111463.0000;None
22380;3;102635;1;1;7800.0000;1;19056.0000;None
42562;3;102635;1;1;7800.0000;1;39408.0000;None
12828;3;102635;1;1;7800.0000;1;64352.0000;None
12828;3;102635;1;1;7800.0000;1;64352.0000;None
12828;3;102635;1;1;7800.0000;1;64352.0000;None
22384;3;102635;1;1;7800.0000;1;135019.0000;None
41101;3;102635;1;1;7800.0000;1;38908.0000;None
41107;3;102635;1;1;7800.0000;1;67871.0000;None
41098;3;102635;1;1;7800.0000;1;32111.0000;None
41098;3;102635;1;1;7800.0000;1;32111.0000;None
42578;3;102635;1;1;7800.0000;1;32371.0000;None
22396;3;102635;1;1;7800.0000;1;13685.0000;None
12845;3;102637;1;1;9800.0000;1;24148.0000;None
42580;3;102637;1;1;9800.0000;1;26037.0000;None
41099;3;102637;1;1;9800.0000;1;31056.0000;None
1937;3;102637;1;1;9800.0000;1;13463.0000;None
1938;3;102637;1;1;9800.0000;1;2722.0000;None
42585;3;102637;1;1;9800.0000;1;14352.0000;None
42586;3;102637;1;1;9800.0000;1;25926.0000;None
42564;3;102637;1;1;9800.0000;1;51074.0000;None
41083;3;102637;1;1;9800.0000;1;23833.0000;None
1933;3;102637;1;1;9800.0000;1;111463.0000;None
1933;3;102637;1;1;9800.0000;1;111463.0000;None
1933;3;102637;1;1;9800.0000;1;111463.0000;None
42570;3;102637;1;1;9800.0000;1;90945.0000;None
1933;3;102637;1;1;9800.0000;1;111463.0000;None
22392;3;102638;1;1;10800.0000;1;26148.0000;None
41084;3;102639;1;1;8800.0000;1;33685.0000;None
41084;3;102639;1;1;8800.0000;1;33685.0000;None
42563;3;102639;1;1;8800.0000;1;48093.0000;None
42563;3;102639;1;1;8800.0000;1;48093.0000;None
41108;3;102639;1;1;8800.0000;1;20630.0000;None
41104;3;102640;1;1;9800.0000;1;24370.0000;None
42563;3;102643;1;1;13800.0000;1;48093.0000;None
42563;3;102644;1;1;5800.0000;1;48093.0000;None
42563;3;102644;1;1;5800.0000;1;48093.0000;None
12825;3;102645;1;1;6800.0000;1;54815.0000;None
12825;3;102645;1;1;6800.0000;1;54815.0000;None
42563;3;102651;1;1;8800.0000;1;48093.0000;None
41094;3;102651;1;1;8800.0000;1;21222.0000;None
41094;3;102651;1;1;8800.0000;1;21222.0000;None
42576;3;102747;1;1;4800.0000;1;45722.0000;None
12844;3;102747;1;1;4800.0000;1;47315.0000;None
22392;3;102747;1;1;4800.0000;1;26148.0000;None
12840;3;102747;1;1;4800.0000;1;20630.0000;None
12840;3;102747;1;2;9600.0000;1;20630.0000;None
42572;3;102747;1;1;4800.0000;1;17370.0000;None
42570;3;102747;1;1;4800.0000;1;90945.0000;None
42570;3;102747;1;1;4800.0000;1;90945.0000;None
12836;3;102747;1;1;4800.0000;1;60278.0000;None
12837;3;102747;1;1;4800.0000;1;28722.0000;None
12838;3;102747;1;1;4800.0000;1;25852.0000;None
12838;3;102747;1;1;4800.0000;1;25852.0000;None
12837;3;102747;1;1;4800.0000;1;28722.0000;None
42564;3;102747;1;1;4800.0000;1;51074.0000;None
12826;3;102747;1;1;4800.0000;1;54778.0000;None
41081;3;102747;1;1;4800.0000;1;25574.0000;None
41081;3;102747;1;1;4800.0000;1;25574.0000;None
41081;3;102747;1;1;4800.0000;1;25574.0000;None
12833;3;102747;1;1;4800.0000;1;31426.0000;None
22385;3;102747;1;1;4800.0000;1;33519.0000;None
42568;3;102747;1;1;4800.0000;1;58463.0000;None
41083;3;102747;1;1;4800.0000;1;23833.0000;None
42564;3;102747;1;1;4800.0000;1;51074.0000;None
42564;3;102747;1;1;4800.0000;1;51074.0000;None
42585;3;102747;1;1;4800.0000;1;14352.0000;None
12851;3;102747;1;1;4800.0000;1;12407.0000;None
41098;3;102747;1;1;4800.0000;1;32111.0000;None
41097;3;102747;1;1;4800.0000;1;18889.0000;None
22396;3;102747;1;1;4800.0000;1;13685.0000;None
22398;3;102747;1;1;4800.0000;1;20463.0000;None
22397;3;102748;1;1;14800.0000;1;35537.0000;None
22397;3;102748;1;1;14800.0000;1;35537.0000;None
41100;3;102748;1;3;44400.0000;1;21833.0000;None
41099;3;102748;1;1;14800.0000;1;31056.0000;None
41101;3;102748;1;1;14800.0000;1;38908.0000;None
41104;3;102748;1;1;14800.0000;1;24370.0000;None
41104;3;102748;1;1;14800.0000;1;24370.0000;None
42587;3;102748;1;1;14800.0000;1;19870.0000;None
22401;3;102748;1;1;14800.0000;1;30259.0000;None
12830;3;102748;1;1;14800.0000;1;18426.0000;None
42565;3;102748;1;1;14800.0000;1;21019.0000;None
22384;3;102748;1;1;14800.0000;1;135019.0000;None
22384;3;102748;1;1;14800.0000;1;135019.0000;None
22382;3;102748;1;1;14800.0000;1;None;None
22384;3;102748;1;1;14800.0000;1;135019.0000;None
22384;3;102748;1;1;14800.0000;1;135019.0000;None
12826;3;102748;1;1;14800.0000;1;54778.0000;None
12826;3;102748;1;1;14800.0000;1;54778.0000;None
12825;3;102748;1;1;14800.0000;1;54815.0000;None
12825;3;102748;1;1;14800.0000;1;54815.0000;None
42559;3;102748;1;1;14800.0000;1;40908.0000;None
42559;3;102748;1;1;14800.0000;1;40908.0000;None
42559;3;102748;1;1;14800.0000;1;40908.0000;None
12827;3;102748;1;1;14800.0000;1;21833.0000;None
12838;3;102748;1;1;14800.0000;1;25852.0000;None
12836;3;102748;1;1;14800.0000;1;60278.0000;None
12836;3;102748;1;1;14800.0000;1;60278.0000;None
12836;3;102748;1;1;14800.0000;1;60278.0000;None
12836;3;102748;1;1;14800.0000;1;60278.0000;None
22387;3;102748;1;1;14800.0000;1;47482.0000;None
41085;3;102748;1;1;14800.0000;1;35037.0000;None
41089;3;102748;1;1;14800.0000;1;20630.0000;None
12843;3;102748;1;1;14800.0000;1;20796.0000;None
12844;3;102748;1;1;14800.0000;1;47315.0000;None
12844;3;102748;1;1;14800.0000;1;47315.0000;None
41095;3;102748;1;1;14800.0000;1;20519.0000;None
12844;3;102749;1;1;5800.0000;1;47315.0000;None
1933;3;102749;1;1;5800.0000;1;111463.0000;None
12827;3;102749;1;1;5800.0000;1;21833.0000;None
41084;3;102749;1;2;11600.0000;1;33685.0000;None
42587;3;102749;1;1;5800.0000;1;19870.0000;None
41104;3;102749;1;1;5800.0000;1;24370.0000;None
41101;3;102749;1;1;5800.0000;1;38908.0000;None
42581;3;102749;1;1;5800.0000;1;16556.0000;None
12844;3;102750;1;1;5800.0000;1;47315.0000;None
42570;2;102848;1;1;44800.0000;1;90945.0000;None
41087;1;102928;1;1;45800.0000;1;17759.0000;None
42576;1;102928;1;1;45800.0000;1;45722.0000;None
22393;1;102928;1;1;45800.0000;1;17463.0000;None
42566;1;102928;1;1;45800.0000;1;25982.0000;None
41082;1;102928;1;1;45800.0000;1;65297.0000;None
42563;1;102928;1;1;45800.0000;1;48093.0000;None
12825;1;102928;1;1;45800.0000;1;54815.0000;None
42560;1;102928;1;1;45800.0000;1;23926.0000;None
12848;1;102928;1;1;45800.0000;1;31167.0000;None
22399;1;102928;1;1;45800.0000;1;33389.0000;None
41101;1;102928;1;1;45800.0000;1;38908.0000;None
22400;1;102928;1;1;45800.0000;1;16389.0000;None
12847;1;102932;1;1;59800.0000;1;19074.0000;None
22395;1;102932;1;1;59800.0000;1;45185.0000;None
12832;1;102932;1;1;59800.0000;1;108871.0000;None
12844;1;102932;1;1;59800.0000;1;47315.0000;None
42568;1;102932;1;1;59800.0000;1;58463.0000;None
41083;2;103221;1;1;25800.0000;1;23833.0000;None
42566;2;103224;1;1;56800.0000;1;25982.0000;None
22386;2;103224;1;1;56800.0000;1;56482.0000;None
22386;2;103224;1;1;56800.0000;1;56482.0000;None
22386;2;103224;1;1;56800.0000;1;56482.0000;None
22386;2;103224;1;1;56800.0000;1;56482.0000;None
42562;2;103224;1;1;56800.0000;1;39408.0000;None
41087;2;103224;1;1;56800.0000;1;17759.0000;None
41091;2;103224;1;1;56800.0000;1;51667.0000;None
41091;2;103224;1;1;56800.0000;1;51667.0000;None
41096;2;103224;1;1;56800.0000;1;41667.0000;None
41090;2;103224;1;1;56800.0000;1;31482.0000;None
22395;2;103224;1;1;56800.0000;1;45185.0000;None
22395;2;103224;1;1;56800.0000;1;45185.0000;None
22395;2;103224;1;1;56800.0000;1;45185.0000;None
22395;2;103224;1;1;56800.0000;1;45185.0000;None
42583;2;103224;1;1;56800.0000;1;53871.0000;None
42583;2;103224;1;1;56800.0000;1;53871.0000;None
42583;2;103224;1;1;56800.0000;1;53871.0000;None
41099;2;103224;1;1;56800.0000;1;31056.0000;None
41107;2;103224;1;1;56800.0000;1;67871.0000;None
41107;2;103224;1;1;56800.0000;1;67871.0000;None
41103;2;103224;1;1;56800.0000;1;23241.0000;None
41085;1;103780;1;1;14800.0000;1;35037.0000;None
22386;1;103780;1;1;14800.0000;1;56482.0000;None
42564;1;103780;1;1;14800.0000;1;51074.0000;None
12826;2;104219;1;1;11800.0000;1;54778.0000;None
41085;2;104219;1;1;11800.0000;1;35037.0000;None
42558;1;104341;1;1;39800.0000;1;None;None
41093;1;104341;1;2;83800.0000;1;None;None
22396;1;104341;1;1;39800.0000;1;13685.0000;None
42578;1;104342;1;1;39800.0000;1;32371.0000;None
42558;1;104343;1;1;48800.0000;1;None;None
22393;1;104343;1;2;97600.0000;1;17463.0000;None
12839;1;104343;1;1;48800.0000;1;10833.0000;None
22388;1;104343;1;1;48800.0000;1;18574.0000;None
41081;1;104343;1;1;48800.0000;1;25574.0000;None
12825;1;104343;1;1;48800.0000;1;54815.0000;None
22385;1;104343;1;1;48800.0000;1;33519.0000;None
42582;1;104343;1;1;48800.0000;1;25945.0000;None
42581;1;104343;1;1;48800.0000;1;16556.0000;None
41104;1;104343;1;1;48800.0000;1;24370.0000;None
42586;1;104343;1;1;48800.0000;1;25926.0000;None
22401;1;104343;1;1;48800.0000;1;30259.0000;None
12849;1;104343;1;1;48800.0000;1;9963.0000;None
41109;1;104344;1;1;49800.0000;1;23945.0000;None
41103;1;104344;1;1;49800.0000;1;23241.0000;None
42585;1;104344;1;1;49800.0000;1;14352.0000;None
42584;1;104344;1;1;49800.0000;1;18704.0000;None
41098;1;104344;1;1;49800.0000;1;32111.0000;None
42580;1;104344;1;1;49800.0000;1;26037.0000;None
22394;1;104344;1;1;49800.0000;1;84815.0000;None
22395;1;104344;1;1;49800.0000;1;45185.0000;None
22386;1;104344;1;2;99600.0000;1;56482.0000;None
42566;1;104344;1;1;49800.0000;1;25982.0000;None
22384;1;104344;1;1;49800.0000;1;135019.0000;None
22384;1;104344;1;1;49800.0000;1;135019.0000;None
22384;1;104344;1;1;49800.0000;1;135019.0000;None
41082;1;104344;1;1;49800.0000;1;65297.0000;None
42560;1;104344;1;1;49800.0000;1;23926.0000;None
12828;1;104344;1;1;49800.0000;1;64352.0000;None
1933;1;104344;1;4;199200.0000;1;111463.0000;None
12837;1;104344;1;1;49800.0000;1;28722.0000;None
12838;1;104344;1;1;49800.0000;1;25852.0000;None
41088;1;104344;1;2;99600.0000;1;15278.0000;None
12842;1;104344;1;1;49800.0000;1;31630.0000;None
12840;1;104344;1;1;49800.0000;1;20630.0000;None
12841;1;104344;1;1;49800.0000;1;29241.0000;None
41091;1;104344;1;1;49800.0000;1;51667.0000;None
12843;1;104344;1;1;49800.0000;1;20796.0000;None
42576;1;104344;1;1;49800.0000;1;45722.0000;None
42562;1;104346;1;1;59800.0000;1;39408.0000;None
41094;1;104347;1;1;59800.0000;1;21222.0000;None
42571;1;104347;1;1;59800.0000;1;66389.0000;None
22390;1;104347;1;3;179400.0000;1;42167.0000;None
22387;1;104347;1;1;59800.0000;1;47482.0000;None
22398;1;104347;1;1;59800.0000;1;20463.0000;None
42583;1;104347;1;1;59800.0000;1;53871.0000;None
12847;1;104347;1;1;59800.0000;1;19074.0000;None
12846;1;104347;1;1;59800.0000;1;21556.0000;None
1944;1;104347;1;1;63000.0000;1;None;None
12851;1;104347;1;1;59800.0000;1;12407.0000;None
41107;1;104348;1;1;41800.0000;1;67871.0000;None
42587;1;104348;1;1;41800.0000;1;19870.0000;None
42569;1;104348;1;1;41800.0000;1;24426.0000;None
42570;1;104348;1;1;41800.0000;1;90945.0000;None
41094;1;104348;1;1;41800.0000;1;21222.0000;None
12845;1;104350;1;1;89800.0000;1;24148.0000;None
12845;1;104353;1;1;78800.0000;1;24148.0000;None
41097;1;104353;1;1;78800.0000;1;18889.0000;None
22397;1;104353;1;1;78800.0000;1;35537.0000;None
42582;1;104353;1;1;78800.0000;1;25945.0000;None
41105;1;104353;1;1;78800.0000;1;19963.0000;None
12850;1;104353;1;1;78800.0000;1;57463.0000;None
42585;1;104353;1;1;78800.0000;1;14352.0000;None
41109;1;104353;1;1;78800.0000;1;23945.0000;None
41108;1;104353;1;1;78800.0000;1;20630.0000;None
41108;1;104353;1;1;78800.0000;1;20630.0000;None
41094;1;104353;1;1;78800.0000;1;21222.0000;None
41095;1;104353;1;1;78800.0000;1;20519.0000;None
42576;1;104353;1;1;78800.0000;1;45722.0000;None
12843;1;104353;1;1;78800.0000;1;20796.0000;None
12841;1;104353;1;1;78800.0000;1;29241.0000;None
12840;1;104353;1;1;78800.0000;1;20630.0000;None
42570;1;104353;1;1;78800.0000;1;90945.0000;None
42570;1;104353;1;1;78800.0000;1;90945.0000;None
42568;1;104353;1;1;78800.0000;1;58463.0000;None
42568;1;104353;1;1;78800.0000;1;58463.0000;None
42568;1;104353;1;1;78800.0000;1;58463.0000;None
1929;1;104353;1;1;83000.0000;1;None;None
42563;1;104353;1;1;78800.0000;1;48093.0000;None
12828;1;104353;1;1;78800.0000;1;64352.0000;None
12825;1;104353;1;1;78800.0000;1;54815.0000;None
41081;1;104353;1;1;78800.0000;1;25574.0000;None
41081;1;104353;1;1;78800.0000;1;25574.0000;None
22384;1;104353;1;1;78800.0000;1;135019.0000;None
22384;1;104353;1;1;78800.0000;1;135019.0000;None
12833;1;104353;1;1;78800.0000;1;31426.0000;None
12833;1;104353;1;1;78800.0000;1;31426.0000;None
42564;1;104354;1;1;15800.0000;1;51074.0000;None
41081;1;104354;1;1;15800.0000;1;25574.0000;None
22381;1;104354;1;1;15800.0000;1;20926.0000;None
41087;1;104354;1;1;15800.0000;1;17759.0000;None
12837;1;104354;1;1;15800.0000;1;28722.0000;None
12836;1;104354;1;1;15800.0000;1;60278.0000;None
1933;1;104354;1;1;15800.0000;1;111463.0000;None
41109;1;104354;1;1;15800.0000;1;23945.0000;None
42580;1;104354;1;1;15800.0000;1;26037.0000;None
1935;1;104354;1;1;16700.0000;1;None;None
12845;3;104355;1;1;9800.0000;1;24148.0000;None
12845;3;104355;1;1;9800.0000;1;24148.0000;None
12846;3;104355;1;1;9800.0000;1;21556.0000;None
12846;3;104355;1;1;9800.0000;1;21556.0000;None
22388;3;104355;1;1;9800.0000;1;18574.0000;None
12843;3;104355;1;1;9800.0000;1;20796.0000;None
12843;3;104355;1;1;9800.0000;1;20796.0000;None
12828;3;104355;1;1;9800.0000;1;64352.0000;None
12828;3;104355;1;1;9800.0000;1;64352.0000;None
12828;3;104355;1;1;9800.0000;1;64352.0000;None
12828;3;104355;1;1;9800.0000;1;64352.0000;None
12828;3;104355;1;1;9800.0000;1;64352.0000;None
42563;3;104355;1;1;9800.0000;1;48093.0000;None
22380;3;104355;1;1;9800.0000;1;19056.0000;None
42567;3;104355;1;3;29400.0000;1;17482.0000;None
1928;1;104357;1;1;33500.0000;1;None;None
41085;1;104357;1;1;31800.0000;1;35037.0000;None
41098;1;104357;1;1;31800.0000;1;32111.0000;None
42568;1;104358;1;1;22800.0000;1;58463.0000;None
12844;1;104358;1;1;22800.0000;1;47315.0000;None
12828;1;104358;1;1;22800.0000;1;64352.0000;None
22379;1;104359;1;1;57800.0000;1;33945.0000;None
42558;6;104378;1;1;0.0000;1;None;None
42571;6;104386;1;1;0.0000;1;66389.0000;None
1933;6;104386;1;1;0.0000;1;111463.0000;None
41093;6;104390;1;1;0.0000;1;None;None
22396;6;104390;1;1;0.0000;1;13685.0000;None
12826;1;104397;1;1;0.0000;1;54778.0000;None
22382;1;104397;1;1;0.0000;1;None;None
42561;1;104399;1;1;15800.0000;1;17648.0000;None
12837;1;104400;1;1;14800.0000;1;28722.0000;None
1938;1;104400;1;1;14800.0000;1;2722.0000;None
41098;1;104401;1;1;15800.0000;1;32111.0000;None
12848;1;104401;1;1;15800.0000;1;31167.0000;None
41108;1;104403;1;1;14800.0000;1;20630.0000;None
41101;1;104403;1;1;14800.0000;1;38908.0000;None
22400;1;104403;1;1;14800.0000;1;16389.0000;None
42569;1;104403;1;1;14800.0000;1;24426.0000;None
41096;1;104403;1;1;14800.0000;1;41667.0000;None
41081;1;104403;1;1;14800.0000;1;25574.0000;None
12828;1;104403;1;1;14800.0000;1;64352.0000;None
42563;1;104403;1;1;14800.0000;1;48093.0000;None
42566;1;104403;1;1;14800.0000;1;25982.0000;None
12842;2;104404;1;1;29800.0000;1;31630.0000;None
12832;1;104405;1;1;89800.0000;1;108871.0000;None
12836;1;104406;1;1;23800.0000;1;60278.0000;None
41082;1;104407;1;1;24800.0000;1;65297.0000;None
12828;1;104407;1;1;24800.0000;1;64352.0000;None
12825;1;104407;1;1;24800.0000;1;54815.0000;None
41107;1;104407;1;1;24800.0000;1;67871.0000;None
12828;1;104408;1;1;22800.0000;1;64352.0000;None
22388;1;104408;1;1;22800.0000;1;18574.0000;None
41085;1;104408;1;1;22800.0000;1;35037.0000;None
12837;1;104413;1;1;2800.0000;1;28722.0000;None
12837;1;104413;1;1;2800.0000;1;28722.0000;None
12839;1;104413;1;1;2800.0000;1;10833.0000;None
22382;1;104413;1;2;5600.0000;1;None;None
12836;1;104417;1;1;1800.0000;1;60278.0000;None
42559;1;104421;1;1;15800.0000;1;40908.0000;None
22381;1;104423;1;1;5800.0000;1;20926.0000;None
12836;1;104429;1;1;7800.0000;1;60278.0000;None
42563;1;104431;1;1;24800.0000;1;48093.0000;None
22380;1;104438;1;1;62800.0000;1;19056.0000;None
41083;1;104438;1;1;62800.0000;1;23833.0000;None
12832;1;104438;1;1;62800.0000;1;108871.0000;None
12836;1;104438;1;1;62800.0000;1;60278.0000;None
1933;1;104438;1;1;62800.0000;1;111463.0000;None
22387;1;104438;1;1;62800.0000;1;47482.0000;None
42570;1;104438;1;1;62800.0000;1;90945.0000;None
41096;1;104438;1;1;62800.0000;1;41667.0000;None
41104;1;104438;1;2;125600.0000;1;24370.0000;None
22401;1;104438;1;1;62800.0000;1;30259.0000;None
41101;1;104442;1;1;43800.0000;1;38908.0000;None
41109;1;104442;1;1;43800.0000;1;23945.0000;None
12832;1;104442;1;1;43800.0000;1;108871.0000;None
41083;1;104442;1;1;43800.0000;1;23833.0000;None
1931;1;104442;1;1;46200.0000;1;None;None
22386;1;104442;1;1;43800.0000;1;56482.0000;None
42578;1;104444;1;1;93800.0000;1;32371.0000;None
12839;1;104445;1;1;8800.0000;1;10833.0000;None
42571;3;104446;1;1;5800.0000;1;66389.0000;None
12841;3;104446;1;1;5800.0000;1;29241.0000;None
22385;3;104446;1;1;5800.0000;1;33519.0000;None
22380;3;104446;1;1;5800.0000;1;19056.0000;None
22381;3;104446;1;1;5800.0000;1;20926.0000;None
12829;1;104450;1;1;42800.0000;1;28796.0000;None
12826;1;104450;1;1;42800.0000;1;54778.0000;None
1933;1;104450;1;1;42800.0000;1;111463.0000;None
41104;1;104453;1;2;43600.0000;1;24370.0000;None
41099;1;104454;1;1;69800.0000;1;31056.0000;None
41085;1;104454;1;1;69800.0000;1;35037.0000;None
1929;1;104454;1;1;73500.0000;1;None;None
12832;1;104454;1;1;69800.0000;1;108871.0000;None
41082;1;104454;1;1;69800.0000;1;65297.0000;None
22384;1;104454;1;1;69800.0000;1;135019.0000;None
12830;1;104454;1;1;69800.0000;1;18426.0000;None
22384;1;104454;1;1;69800.0000;1;135019.0000;None
22384;1;104454;1;1;69800.0000;1;135019.0000;None
12842;2;104456;1;1;58800.0000;1;31630.0000;None
41091;2;104456;1;1;58800.0000;1;51667.0000;None
42583;2;104456;1;1;58800.0000;1;53871.0000;None
42583;2;104456;1;1;58800.0000;1;53871.0000;None
12849;2;104456;1;1;58800.0000;1;9963.0000;None
41109;2;104456;1;1;58800.0000;1;23945.0000;None
41107;2;104456;1;1;58800.0000;1;67871.0000;None
22379;2;104456;1;1;58800.0000;1;33945.0000;None
12842;2;104459;1;1;27800.0000;1;31630.0000;None
1933;2;104459;1;1;27800.0000;1;111463.0000;None
1933;1;104463;1;1;16800.0000;1;111463.0000;None
22385;1;104463;1;1;16800.0000;1;33519.0000;None
42562;1;104463;1;1;16800.0000;1;39408.0000;None
1933;2;104465;1;1;25800.0000;1;111463.0000;None
1933;2;104465;1;1;25800.0000;1;111463.0000;None
1933;2;104465;1;1;25800.0000;1;111463.0000;None
12841;1;104466;1;1;129800.0000;1;29241.0000;None
42574;1;104466;1;1;129800.0000;1;13093.0000;None
42576;1;104466;1;1;129800.0000;1;45722.0000;None
41106;1;104466;1;1;129800.0000;1;None;20954.0000
12848;1;104466;1;1;129800.0000;1;31167.0000;None
22395;1;104466;1;1;129800.0000;1;45185.0000;None
1937;1;104466;1;1;129800.0000;1;13463.0000;None
22394;1;104466;1;1;129800.0000;1;84815.0000;None
22392;1;104467;1;1;139800.0000;1;26148.0000;None
12825;1;104469;1;1;27800.0000;1;54815.0000;None
41082;1;104469;1;1;27800.0000;1;65297.0000;None
22394;1;104469;1;1;27800.0000;1;84815.0000;None
22397;1;104469;1;1;27800.0000;1;35537.0000;None
41103;1;104470;1;1;69800.0000;1;23241.0000;None
22382;1;104470;1;1;69800.0000;1;None;None
12842;1;104470;1;1;69800.0000;1;31630.0000;None
41092;1;104470;1;1;69800.0000;1;10278.0000;None
41096;1;104471;1;1;89800.0000;1;41667.0000;None
42570;1;104471;1;1;89800.0000;1;90945.0000;None
42570;1;104471;1;1;89800.0000;1;90945.0000;None
22387;1;104471;1;1;89800.0000;1;47482.0000;None
22389;1;104471;1;1;89800.0000;1;58185.0000;None
22390;1;104471;1;1;89800.0000;1;42167.0000;None
42560;1;104471;1;1;89800.0000;1;23926.0000;None
42559;1;104471;1;1;89800.0000;1;40908.0000;None
41102;1;104471;1;1;89800.0000;1;28241.0000;None
12850;1;104471;1;1;89800.0000;1;57463.0000;None
41107;1;104471;1;1;89800.0000;1;67871.0000;None
22399;1;104471;1;1;89800.0000;1;33389.0000;None
41097;1;104471;1;1;89800.0000;1;18889.0000;None
41099;1;104471;1;1;89800.0000;1;31056.0000;None
41098;1;104471;1;1;89800.0000;1;32111.0000;None
42559;1;104473;1;1;23800.0000;1;40908.0000;None
22386;8;104476;1;1;47800.0000;1;56482.0000;None
12844;8;104476;1;1;47800.0000;1;47315.0000;None
42580;8;104476;1;1;47800.0000;1;26037.0000;None
22394;8;104476;1;1;47800.0000;1;84815.0000;None
42578;8;104476;1;1;47800.0000;1;32371.0000;None
41101;8;104476;1;1;47800.0000;1;38908.0000;None
42584;8;104476;1;1;47800.0000;1;18704.0000;None
41107;8;104477;1;1;49800.0000;1;67871.0000;None
22392;8;104477;1;1;49800.0000;1;26148.0000;None
12826;8;104477;1;1;49800.0000;1;54778.0000;None
12826;8;104477;1;1;49800.0000;1;54778.0000;None
42563;8;104477;1;1;49800.0000;1;48093.0000;None
12832;1;104479;1;1;66800.0000;1;108871.0000;None
22384;1;104479;1;1;66800.0000;1;135019.0000;None
22384;1;104479;1;1;66800.0000;1;135019.0000;None
42568;1;104479;1;1;66800.0000;1;58463.0000;None
42580;1;104479;1;1;66800.0000;1;26037.0000;None
22394;1;104480;1;1;79800.0000;1;84815.0000;None
22394;1;104480;1;1;79800.0000;1;84815.0000;None
41107;1;104480;1;1;79800.0000;1;67871.0000;None
1933;1;104480;1;1;79800.0000;1;111463.0000;None
1933;1;104480;1;1;79800.0000;1;111463.0000;None
12840;1;104480;1;1;79800.0000;1;20630.0000;None
41091;1;104480;1;1;79800.0000;1;51667.0000;None
42565;1;104480;1;1;79800.0000;1;21019.0000;None
42559;1;104481;1;1;86800.0000;1;40908.0000;None
41091;1;104481;1;1;86800.0000;1;51667.0000;None
41096;1;104481;1;1;86800.0000;1;41667.0000;None
1933;6;104483;1;1;0.0000;1;111463.0000;None
42578;6;104483;1;1;0.0000;1;32371.0000;None
42578;6;104484;1;1;0.0000;1;32371.0000;None
41099;6;104484;1;1;0.0000;1;31056.0000;None
41085;6;104484;1;1;0.0000;1;35037.0000;None
42572;6;104484;1;1;0.0000;1;17370.0000;None
12829;6;104484;1;1;0.0000;1;28796.0000;None
22384;6;104484;1;1;0.0000;1;135019.0000;None
22384;6;104484;1;1;0.0000;1;135019.0000;None
22384;6;104484;1;1;0.0000;1;135019.0000;None
22384;6;104487;1;1;0.0000;1;135019.0000;None
22384;6;104487;1;1;0.0000;1;135019.0000;None
22384;6;104487;1;1;0.0000;1;135019.0000;None
12829;6;104487;1;1;0.0000;1;28796.0000;None
42572;6;104487;1;1;0.0000;1;17370.0000;None
41085;6;104487;1;1;0.0000;1;35037.0000;None
1933;6;104487;1;1;0.0000;1;111463.0000;None
41099;6;104487;1;1;0.0000;1;31056.0000;None
42578;6;104487;1;1;0.0000;1;32371.0000;None
42578;6;104487;1;1;0.0000;1;32371.0000;None
41099;6;104488;1;1;0.0000;1;31056.0000;None
1933;6;104488;1;1;0.0000;1;111463.0000;None
41085;6;104488;1;1;0.0000;1;35037.0000;None
42572;6;104488;1;1;0.0000;1;17370.0000;None
12829;6;104488;1;1;0.0000;1;28796.0000;None
22384;6;104488;1;1;0.0000;1;135019.0000;None
22384;6;104488;1;1;0.0000;1;135019.0000;None
22384;6;104488;1;1;0.0000;1;135019.0000;None
12828;1;104490;1;1;41800.0000;1;64352.0000;None
22388;1;104490;1;1;41800.0000;1;18574.0000;None
22401;1;104490;1;1;41800.0000;1;30259.0000;None
41098;1;104491;1;1;55800.0000;1;32111.0000;None
1926;1;104491;1;1;58800.0000;1;None;None
22386;1;104491;1;1;55800.0000;1;56482.0000;None
42559;1;104492;1;1;86800.0000;1;40908.0000;None
12826;1;104492;1;1;86800.0000;1;54778.0000;None
12828;1;104492;1;1;86800.0000;1;64352.0000;None
12842;1;104492;1;1;86800.0000;1;31630.0000;None
42576;1;104492;1;1;86800.0000;1;45722.0000;None
1941;1;104492;1;1;86800.0000;1;8037.0000;None
22401;1;104492;1;1;86800.0000;1;30259.0000;None
12850;1;104492;1;1;86800.0000;1;57463.0000;None
22385;1;104494;1;1;48800.0000;1;33519.0000;None
12828;1;104496;1;1;96800.0000;1;64352.0000;None
12850;1;104496;1;1;96800.0000;1;57463.0000;None
22379;1;104498;1;1;24800.0000;1;33945.0000;None
22379;1;104498;1;1;24800.0000;1;33945.0000;None
42587;1;104498;1;1;24800.0000;1;19870.0000;None
22400;1;104498;1;1;24800.0000;1;16389.0000;None
41097;1;104498;1;1;24800.0000;1;18889.0000;None
42563;1;104498;1;1;24800.0000;1;48093.0000;None
41081;1;104498;1;1;24800.0000;1;25574.0000;None
42564;1;104498;1;1;24800.0000;1;51074.0000;None
41096;1;104498;1;1;24800.0000;1;41667.0000;None
22389;1;104498;1;1;24800.0000;1;58185.0000;None
22379;1;104501;1;1;74800.0000;1;33945.0000;None
1933;1;104501;1;1;74800.0000;1;111463.0000;None
12837;1;104501;1;1;74800.0000;1;28722.0000;None
22394;1;104501;1;1;74800.0000;1;84815.0000;None
42580;1;104501;1;1;74800.0000;1;26037.0000;None
22394;1;104501;1;1;74800.0000;1;84815.0000;None
42583;1;104501;1;1;74800.0000;1;53871.0000;None
42583;1;104501;1;1;74800.0000;1;53871.0000;None
12847;1;104501;1;1;74800.0000;1;19074.0000;None
22398;1;104502;1;1;89800.0000;1;20463.0000;None
22397;1;104502;1;1;89800.0000;1;35537.0000;None
41089;1;104502;1;1;89800.0000;1;20630.0000;None
41084;1;104502;1;1;89800.0000;1;33685.0000;None
22386;1;104503;1;1;47800.0000;1;56482.0000;None
42561;1;104505;1;2;59600.0000;1;17648.0000;None
42562;1;104505;1;1;29800.0000;1;39408.0000;None
42572;1;104505;1;1;29800.0000;1;17370.0000;None
42587;1;104505;1;1;29800.0000;1;19870.0000;None
42582;1;104507;1;1;31800.0000;1;25945.0000;None
42582;1;104507;1;1;31800.0000;1;25945.0000;None
22386;1;104507;1;1;31800.0000;1;56482.0000;None
12839;1;104511;1;1;46800.0000;1;10833.0000;None
12842;1;104512;1;1;18800.0000;1;31630.0000;None
12836;1;104512;1;1;18800.0000;1;60278.0000;None
12836;1;104512;1;1;18800.0000;1;60278.0000;None
12836;1;104512;1;1;18800.0000;1;60278.0000;None
22387;1;104513;1;4;0.0000;1;47482.0000;None
42571;1;104513;1;1;0.0000;1;66389.0000;None
42571;1;104513;1;1;0.0000;1;66389.0000;None
42571;1;104513;1;1;0.0000;1;66389.0000;None
42571;1;104513;1;1;0.0000;1;66389.0000;None
42571;1;104513;1;1;0.0000;1;66389.0000;None
42571;1;104513;1;1;0.0000;1;66389.0000;None
22385;1;104513;1;4;0.0000;1;33519.0000;None
41083;1;104513;1;4;0.0000;1;23833.0000;None
12825;1;104513;1;4;0.0000;1;54815.0000;None
41091;2;104516;1;1;31800.0000;1;51667.0000;None
12843;1;104519;1;1;53800.0000;1;20796.0000;None
41105;1;104519;1;1;53800.0000;1;19963.0000;None
42586;1;104637;1;1;62800.0000;1;25926.0000;None
41101;1;104637;1;1;62800.0000;1;38908.0000;None
41106;1;104637;1;1;62800.0000;1;None;20954.0000
41106;1;104637;1;1;62800.0000;1;None;20954.0000
1946;1;104637;1;1;62800.0000;1;6352.0000;None
42581;1;104637;1;1;62800.0000;1;16556.0000;None
41098;1;104637;1;1;62800.0000;1;32111.0000;None
12845;1;104637;1;1;62800.0000;1;24148.0000;None
41099;1;104637;1;1;62800.0000;1;31056.0000;None
12844;1;104637;1;1;62800.0000;1;47315.0000;None
12844;1;104637;1;1;62800.0000;1;47315.0000;None
42578;1;104637;1;1;62800.0000;1;32371.0000;None
41096;1;104637;1;1;62800.0000;1;41667.0000;None
41095;1;104637;1;1;62800.0000;1;20519.0000;None
41093;1;104637;1;2;132400.0000;1;None;None
42572;1;104637;1;1;62800.0000;1;17370.0000;None
41087;1;104637;1;1;62800.0000;1;17759.0000;None
41085;1;104637;1;1;62800.0000;1;35037.0000;None
22388;1;104637;1;1;62800.0000;1;18574.0000;None
22389;1;104637;1;1;62800.0000;1;58185.0000;None
1926;1;104637;1;1;66200.0000;1;None;None
1927;1;104637;1;1;66200.0000;1;None;None
1928;1;104637;1;1;66200.0000;1;None;None
1930;1;104637;1;1;66200.0000;1;None;None
12830;1;104637;1;1;62800.0000;1;18426.0000;None
42564;1;104637;1;1;62800.0000;1;51074.0000;None
22384;1;104637;1;1;62800.0000;1;135019.0000;None
42567;1;104637;1;1;62800.0000;1;17482.0000;None
1931;1;104637;1;1;66200.0000;1;None;None
12832;1;104637;1;1;62800.0000;1;108871.0000;None
41084;1;104639;1;1;59800.0000;1;33685.0000;None
41084;1;104639;1;1;59800.0000;1;33685.0000;None
42561;1;104639;1;1;59800.0000;1;17648.0000;None
12826;1;104639;1;1;59800.0000;1;54778.0000;None
22380;1;104639;1;1;59800.0000;1;19056.0000;None
22380;1;104639;1;1;59800.0000;1;19056.0000;None
1933;1;104639;1;1;59800.0000;1;111463.0000;None
1933;1;104639;1;1;59800.0000;1;111463.0000;None
41089;1;104639;1;1;59800.0000;1;20630.0000;None
41093;1;104639;1;2;126000.0000;1;None;None
12846;1;104639;1;1;59800.0000;1;21556.0000;None
42570;1;104643;1;1;69800.0000;1;90945.0000;None
42570;1;104643;1;1;69800.0000;1;90945.0000;None
42570;1;104643;1;1;69800.0000;1;90945.0000;None
41085;1;104643;1;1;69800.0000;1;35037.0000;None
12825;1;104643;1;1;69800.0000;1;54815.0000;None
12826;1;104643;1;1;69800.0000;1;54778.0000;None
22381;1;104643;1;1;69800.0000;1;20926.0000;None
22381;1;104870;1;1;19800.0000;1;20926.0000;None
12838;1;104870;1;1;19800.0000;1;25852.0000;None
42586;1;104870;1;1;19800.0000;1;25926.0000;None
42570;1;104871;1;1;29800.0000;1;90945.0000;None
22392;1;104871;1;1;29800.0000;1;26148.0000;None
42562;1;104871;1;1;29800.0000;1;39408.0000;None
22392;1;104974;1;1;35800.0000;1;26148.0000;None
41105;1;104974;1;1;35800.0000;1;19963.0000;None
41108;1;104974;1;1;35800.0000;1;20630.0000;None
42586;1;105004;1;1;49800.0000;1;25926.0000;None
42581;1;105004;1;1;49800.0000;1;16556.0000;None
1934;1;105004;1;1;52500.0000;1;None;None
42572;1;105004;1;1;49800.0000;1;17370.0000;None
1926;1;105004;1;1;52500.0000;1;None;None
42567;1;105004;1;1;49800.0000;1;17482.0000;None
42564;1;105004;1;1;49800.0000;1;51074.0000;None
42565;1;105009;1;1;76800.0000;1;21019.0000;None
1931;1;105009;1;1;80900.0000;1;None;None
42559;1;105009;1;1;76800.0000;1;40908.0000;None
1927;1;105009;1;1;80900.0000;1;None;None
22381;1;105009;1;1;76800.0000;1;20926.0000;None
41090;1;105009;1;1;76800.0000;1;31482.0000;None
41093;1;105009;1;1;80900.0000;1;None;None
42569;1;105009;1;1;76800.0000;1;24426.0000;None
42568;1;105009;1;1;76800.0000;1;58463.0000;None
1933;1;105009;1;1;76800.0000;1;111463.0000;None
41100;1;105009;1;1;76800.0000;1;21833.0000;None
12850;1;105009;1;1;76800.0000;1;57463.0000;None
41103;1;105011;1;1;68800.0000;1;23241.0000;None
41102;1;105011;1;1;68800.0000;1;28241.0000;None
42568;1;105011;1;1;68800.0000;1;58463.0000;None
1931;1;105011;1;1;72500.0000;1;None;None
22381;1;105020;1;1;15800.0000;1;20926.0000;None
41107;2;105024;1;1;33800.0000;1;67871.0000;None
42586;1;105065;1;1;0.0000;1;25926.0000;None
12847;1;105065;1;1;0.0000;1;19074.0000;None
12826;1;105065;1;1;0.0000;1;54778.0000;None
12827;1;105065;1;1;0.0000;1;21833.0000;None
12832;1;105065;1;1;0.0000;1;108871.0000;None
42567;1;105065;1;1;0.0000;1;17482.0000;None
22382;1;105065;1;1;0.0000;1;None;None
22384;1;105065;1;1;0.0000;1;135019.0000;None
42570;1;105065;1;1;0.0000;1;90945.0000;None
1933;1;105065;1;1;0.0000;1;111463.0000;None
12836;1;105065;1;1;0.0000;1;60278.0000;None
42571;1;105065;1;1;0.0000;1;66389.0000;None
1933;2;105370;1;1;38800.0000;1;111463.0000;None
42584;2;105370;1;1;38800.0000;1;18704.0000;None
12848;6;105419;1;1;0.0000;1;31167.0000;None
41099;6;105701;1;1;0.0000;1;31056.0000;None
41085;6;105701;1;1;0.0000;1;35037.0000;None
1933;6;105701;1;1;0.0000;1;111463.0000;None
42572;6;105701;1;1;0.0000;1;17370.0000;None
22384;6;105701;1;1;0.0000;1;135019.0000;None
22384;6;105701;1;1;0.0000;1;135019.0000;None
22384;6;105701;1;1;0.0000;1;135019.0000;None
12829;6;105701;1;1;0.0000;1;28796.0000;None
22384;1;105706;1;1;77800.0000;1;135019.0000;None
41084;1;105706;1;1;77800.0000;1;33685.0000;None
1933;1;105706;1;1;77800.0000;1;111463.0000;None
12836;1;105706;1;1;77800.0000;1;60278.0000;None
22379;2;105809;1;1;28800.0000;1;33945.0000;None
41091;2;105809;1;1;28800.0000;1;51667.0000;None
22399;2;105809;1;2;57600.0000;1;33389.0000;None
22399;2;105809;1;1;28800.0000;1;33389.0000;None
22399;2;105809;1;1;28800.0000;1;33389.0000;None
22401;2;105918;1;1;27800.0000;1;30259.0000;None
42569;2;106012;1;1;41800.0000;1;24426.0000;None
42569;2;106012;1;1;41800.0000;1;24426.0000;None
12846;1;106018;1;1;79800.0000;1;21556.0000;None
22394;8;106050;1;1;57800.0000;1;84815.0000;None
41107;8;106050;1;1;57800.0000;1;67871.0000;None
12851;8;106050;1;1;57800.0000;1;12407.0000;None
42564;8;106050;1;1;57800.0000;1;51074.0000;None
12828;8;106050;1;1;57800.0000;1;64352.0000;None
41098;8;106359;1;1;14800.0000;1;32111.0000;None
12838;1;106361;1;1;28800.0000;1;25852.0000;None
12836;1;106362;1;1;125800.0000;1;60278.0000;None
12844;1;106362;1;1;125800.0000;1;47315.0000;None
42578;1;106684;1;1;8800.0000;1;32371.0000;None
12828;6;106829;1;1;None;1;64352.0000;None
12828;6;106829;1;1;None;1;64352.0000;None
12828;6;106829;1;1;None;1;64352.0000;None
12828;6;106829;1;1;None;1;64352.0000;None
22389;1;106844;1;1;60800.0000;1;58185.0000;None
41082;1;106845;1;1;37800.0000;1;65297.0000;None
22385;1;106981;1;1;21800.0000;1;33519.0000;None
12828;1;106981;1;1;21800.0000;1;64352.0000;None
22390;1;106981;1;1;21800.0000;1;42167.0000;None
12836;1;107176;1;1;79800.0000;1;60278.0000;None
12827;1;107176;1;1;79800.0000;1;21833.0000;None
22385;1;107176;1;1;79800.0000;1;33519.0000;None
41082;1;107176;1;1;79800.0000;1;65297.0000;None
12826;1;107524;1;1;44800.0000;1;54778.0000;None
22396;1;107524;1;1;44800.0000;1;13685.0000;None
22396;1;107524;1;1;44800.0000;1;13685.0000;None
42583;1;107524;1;1;44800.0000;1;53871.0000;None
42587;8;107789;1;1;21800.0000;1;19870.0000;None
41100;1;107893;1;1;67800.0000;1;21833.0000;None
12828;1;107893;1;1;67800.0000;1;64352.0000;None
42576;1;107893;1;1;67800.0000;1;45722.0000;None
12825;1;108023;1;1;57800.0000;1;54815.0000;None
22385;1;108023;1;1;57800.0000;1;33519.0000;None
22394;1;108023;1;1;57800.0000;1;84815.0000;None
41101;1;108023;1;1;57800.0000;1;38908.0000;None
12837;1;108027;1;1;26800.0000;1;28722.0000;None
42558;1;108036;1;2;125600.0000;1;None;None
22400;2;108116;1;1;39800.0000;1;16389.0000;None
22400;2;108119;1;1;51800.0000;1;16389.0000;None
12848;2;108125;1;1;50800.0000;1;31167.0000;None
41096;4;108191;1;1;0.0000;1;41667.0000;None
42578;4;108191;1;1;0.0000;1;32371.0000;None
22390;4;108191;1;1;0.0000;1;42167.0000;None
41087;4;108191;1;1;0.0000;1;17759.0000;None
41096;4;108191;1;1;0.0000;1;41667.0000;None
22390;4;108191;1;1;0.0000;1;42167.0000;None
22390;4;108191;1;1;0.0000;1;42167.0000;None
12839;4;108191;1;1;0.0000;1;10833.0000;None
12836;1;108296;1;1;47800.0000;1;60278.0000;None
12836;1;108296;1;1;47800.0000;1;60278.0000;None
12838;1;108298;1;1;63800.0000;1;25852.0000;None
12837;1;108298;1;1;63800.0000;1;28722.0000;None
12844;1;108298;1;1;63800.0000;1;47315.0000;None
12827;1;108298;1;1;63800.0000;1;21833.0000;None
42586;1;108298;1;1;63800.0000;1;25926.0000;None
42586;3;108531;1;1;6800.0000;1;25926.0000;None
42586;3;108531;1;1;6800.0000;1;25926.0000;None
41102;3;108539;1;1;7800.0000;1;28241.0000;None
42560;1;109230;1;1;21800.0000;1;23926.0000;None
41092;1;109230;1;1;21800.0000;1;10278.0000;None
41091;1;109230;1;1;21800.0000;1;51667.0000;None
41091;1;109232;1;2;55600.0000;1;51667.0000;None
41090;1;109232;1;3;83400.0000;1;31482.0000;None
22387;1;109232;1;1;27800.0000;1;47482.0000;None
42570;1;109232;1;5;139000.0000;1;90945.0000;None
42560;1;109232;1;1;27800.0000;1;23926.0000;None
41107;1;109287;1;1;23800.0000;1;67871.0000;None
22401;1;109287;1;1;23800.0000;1;30259.0000;None
42566;1;109287;1;1;23800.0000;1;25982.0000;None
42567;1;109288;1;1;46800.0000;1;17482.0000;None
22384;1;109288;1;1;46800.0000;1;135019.0000;None
12832;1;109288;1;1;46800.0000;1;108871.0000;None
12826;1;109288;1;1;46800.0000;1;54778.0000;None
12838;1;109288;1;1;46800.0000;1;25852.0000;None
1933;1;109288;1;1;46800.0000;1;111463.0000;None
41089;1;109288;1;1;46800.0000;1;20630.0000;None
41100;1;109288;1;1;46800.0000;1;21833.0000;None
12827;1;109291;1;1;65800.0000;1;21833.0000;None
42564;1;109325;1;1;52800.0000;1;51074.0000;None
42563;1;109325;1;1;52800.0000;1;48093.0000;None
22390;1;109325;1;1;52800.0000;1;42167.0000;None
22390;1;109325;1;1;52800.0000;1;42167.0000;None
22398;1;109325;1;1;52800.0000;1;20463.0000;None
42584;1;109325;1;1;52800.0000;1;18704.0000;None
41101;1;109326;1;1;47800.0000;1;38908.0000;None
41090;1;109327;1;1;79800.0000;1;31482.0000;None
42564;1;109329;1;1;75800.0000;1;51074.0000;None
42563;1;109329;1;1;75800.0000;1;48093.0000;None
12825;1;109329;1;1;75800.0000;1;54815.0000;None
42564;1;109329;1;1;75800.0000;1;51074.0000;None
42564;1;109329;1;1;75800.0000;1;51074.0000;None
42566;1;109329;1;1;75800.0000;1;25982.0000;None
12833;1;109329;1;1;75800.0000;1;31426.0000;None
12833;1;109329;1;1;75800.0000;1;31426.0000;None
41106;1;109329;1;1;75800.0000;1;None;20954.0000
42587;1;109329;1;1;75800.0000;1;19870.0000;None
22397;1;109329;1;1;75800.0000;1;35537.0000;None
22382;1;109575;1;1;258800.0000;1;None;None
42571;1;109575;1;1;258800.0000;1;66389.0000;None
42571;1;109575;1;1;258800.0000;1;66389.0000;None
41085;1;109577;1;1;27800.0000;1;35037.0000;None
41084;1;109577;1;1;27800.0000;1;33685.0000;None
22379;1;109578;1;1;45800.0000;1;33945.0000;None
22385;1;109578;1;1;45800.0000;1;33519.0000;None
12830;1;109578;1;1;45800.0000;1;18426.0000;None
42565;1;109578;1;1;45800.0000;1;21019.0000;None
12825;1;109578;1;1;45800.0000;1;54815.0000;None
42562;1;109578;1;1;45800.0000;1;39408.0000;None
12829;1;109578;1;1;45800.0000;1;28796.0000;None
12838;1;109578;1;1;45800.0000;1;25852.0000;None
22389;1;109578;1;1;45800.0000;1;58185.0000;None
41088;1;109578;1;1;45800.0000;1;15278.0000;None
12841;1;109578;1;1;45800.0000;1;29241.0000;None
41095;1;109578;1;1;45800.0000;1;20519.0000;None
22397;1;109578;1;1;45800.0000;1;35537.0000;None
22379;2;109585;1;1;30800.0000;1;33945.0000;None
42571;1;109590;1;1;95800.0000;1;66389.0000;None
22389;1;109590;1;1;95800.0000;1;58185.0000;None
12829;1;109590;1;1;95800.0000;1;28796.0000;None
41083;1;109590;1;1;95800.0000;1;23833.0000;None
22395;3;200007;1;1;10800.0000;1;45185.0000;None
42582;3;200008;1;1;13800.0000;1;25945.0000;None
22398;3;200008;1;1;13800.0000;1;20463.0000;None
22382;3;200008;1;1;13800.0000;1;None;None
22382;3;200008;1;1;13800.0000;1;None;None
22386;3;200008;1;1;13800.0000;1;56482.0000;None
22386;3;200008;1;1;13800.0000;1;56482.0000;None
22386;3;200008;1;1;13800.0000;1;56482.0000;None
42560;3;200008;1;1;13800.0000;1;23926.0000;None
41084;3;200012;1;1;9800.0000;1;33685.0000;None
41084;3;200012;1;1;9800.0000;1;33685.0000;None
12832;2;200063;1;1;253800.0000;1;108871.0000;None
12832;2;200063;1;1;253800.0000;1;108871.0000;None
1942;2;200063;1;1;253800.0000;1;23500.0000;None
12837;2;200122;1;-1;-233800.0000;1;28722.0000;None
12837;2;200122;1;1;233800.0000;1;28722.0000;None
22399;2;200136;1;1;109800.0000;1;33389.0000;None
41106;2;200141;1;1;109800.0000;1;None;20954.0000
42578;1;200223;1;1;25800.0000;1;32371.0000;None
41099;1;200223;1;1;25800.0000;1;31056.0000;None
1933;1;200223;1;3;77400.0000;1;111463.0000;None
41085;1;200223;1;1;25800.0000;1;35037.0000;None
42572;1;200223;1;1;25800.0000;1;17370.0000;None
22384;1;200223;1;1;25800.0000;1;135019.0000;None
22384;1;200223;1;1;25800.0000;1;135019.0000;None
22384;1;200223;1;1;25800.0000;1;135019.0000;None
12829;1;200223;1;1;25800.0000;1;28796.0000;None
22390;2;200480;1;1;11800.0000;1;42167.0000;None
22390;2;200480;1;1;11800.0000;1;42167.0000;None
41096;2;200480;1;1;11800.0000;1;41667.0000;None
22390;2;200480;1;1;11800.0000;1;42167.0000;None
22390;2;200480;1;1;11800.0000;1;42167.0000;None
22384;2;200620;1;1;141800.0000;1;135019.0000;None
22384;2;200620;1;1;141800.0000;1;135019.0000;None
22384;2;200620;1;1;141800.0000;1;135019.0000;None
22379;3;200644;1;1;5800.0000;1;33945.0000;None
12832;3;200644;1;1;5800.0000;1;108871.0000;None
42568;3;200644;1;1;5800.0000;1;58463.0000;None
22385;3;200644;1;1;5800.0000;1;33519.0000;None
42562;3;200644;1;1;5800.0000;1;39408.0000;None
42563;3;200644;1;1;5800.0000;1;48093.0000;None
12826;3;200644;1;1;5800.0000;1;54778.0000;None
42561;3;200644;1;1;5800.0000;1;17648.0000;None
41087;3;200644;1;1;5800.0000;1;17759.0000;None
42570;3;200644;1;1;5800.0000;1;90945.0000;None
41095;3;200644;1;1;5800.0000;1;20519.0000;None
22401;3;200644;1;1;5800.0000;1;30259.0000;None
41105;3;200644;1;1;5800.0000;1;19963.0000;None
41106;3;200644;1;1;5800.0000;1;None;20954.0000
41108;3;200644;1;1;5800.0000;1;20630.0000;None
41109;3;200644;1;1;5800.0000;1;23945.0000;None
41082;2;200921;1;1;172800.0000;1;65297.0000;None
41082;2;200921;1;1;172800.0000;1;65297.0000;None
22385;3;201146;1;1;5800.0000;1;33519.0000;None
22381;3;201146;1;1;5800.0000;1;20926.0000;None
41096;3;201146;1;1;5800.0000;1;41667.0000;None
41091;3;201146;1;1;5800.0000;1;51667.0000;None
42569;3;201146;1;1;5800.0000;1;24426.0000;None
42570;3;201146;1;1;5800.0000;1;90945.0000;None
42569;3;201146;1;1;5800.0000;1;24426.0000;None
12837;3;201146;1;1;5800.0000;1;28722.0000;None
12836;3;201146;1;1;5800.0000;1;60278.0000;None
12836;3;201146;1;1;5800.0000;1;60278.0000;None
41109;3;201146;1;1;5800.0000;1;23945.0000;None
41107;3;201146;1;1;5800.0000;1;67871.0000;None
41107;3;201146;1;1;5800.0000;1;67871.0000;None
41106;3;201146;1;1;5800.0000;1;None;20954.0000
41101;3;201146;1;2;11600.0000;1;38908.0000;None
41103;3;201146;1;1;5800.0000;1;23241.0000;None
41099;3;201146;1;1;5800.0000;1;31056.0000;None
42580;3;201146;1;1;5800.0000;1;26037.0000;None
41097;3;201146;1;1;5800.0000;1;18889.0000;None
42583;3;201146;1;1;5800.0000;1;53871.0000;None
12847;3;201146;1;1;5800.0000;1;19074.0000;None
12847;3;201146;1;1;5800.0000;1;19074.0000;None
42582;2;201185;1;1;9800.0000;1;25945.0000;None
42582;2;201185;1;1;9800.0000;1;25945.0000;None
42568;2;201185;1;1;9800.0000;1;58463.0000;None
41083;2;201185;1;1;9800.0000;1;23833.0000;None
42568;2;201186;1;1;9800.0000;1;58463.0000;None
42568;2;201186;1;1;9800.0000;1;58463.0000;None
41092;2;201186;1;1;9800.0000;1;10278.0000;None
22393;2;201186;1;1;9800.0000;1;17463.0000;None
22393;2;201186;1;1;9800.0000;1;17463.0000;None
42572;2;201187;1;1;9800.0000;1;17370.0000;None
41090;2;201187;1;1;9800.0000;1;31482.0000;None
12839;2;201187;1;1;9800.0000;1;10833.0000;None
41088;2;201187;1;2;19600.0000;1;15278.0000;None
42570;2;201187;1;1;9800.0000;1;90945.0000;None
42570;2;201187;1;1;9800.0000;1;90945.0000;None
42568;2;201187;1;1;9800.0000;1;58463.0000;None
12833;2;201187;1;1;9800.0000;1;31426.0000;None
12833;2;201187;1;1;9800.0000;1;31426.0000;None
42565;2;201187;1;1;9800.0000;1;21019.0000;None
12826;2;201187;1;1;9800.0000;1;54778.0000;None
12826;2;201187;1;1;9800.0000;1;54778.0000;None
12833;3;201206;1;1;5800.0000;1;31426.0000;None
1933;3;201206;1;1;5800.0000;1;111463.0000;None
1933;3;201206;1;1;5800.0000;1;111463.0000;None
1933;3;201206;1;1;5800.0000;1;111463.0000;None
1933;3;201206;1;1;5800.0000;1;111463.0000;None
1933;3;201206;1;1;5800.0000;1;111463.0000;None
42576;3;201206;1;1;5800.0000;1;45722.0000;None
22397;3;201206;1;1;5800.0000;1;35537.0000;None
22397;3;201206;1;1;5800.0000;1;35537.0000;None
42578;3;201206;1;1;5800.0000;1;32371.0000;None
42578;3;201206;1;1;5800.0000;1;32371.0000;None
1937;3;201206;1;1;5800.0000;1;13463.0000;None
12850;3;201206;1;1;5800.0000;1;57463.0000;None
42574;3;201210;1;1;6800.0000;1;13093.0000;None
42574;3;201210;1;-1;-6800.0000;1;13093.0000;None
42574;3;201211;1;1;5800.0000;1;13093.0000;None
12844;3;201211;1;1;5800.0000;1;47315.0000;None
42574;3;201211;1;1;5800.0000;1;13093.0000;None
12844;3;201211;1;1;5800.0000;1;47315.0000;None
41096;3;201211;1;1;5800.0000;1;41667.0000;None
41095;3;201211;1;1;5800.0000;1;20519.0000;None
22392;3;201211;1;1;5800.0000;1;26148.0000;None
22389;3;201211;1;1;5800.0000;1;58185.0000;None
22389;3;201211;1;1;5800.0000;1;58185.0000;None
22389;3;201211;1;1;5800.0000;1;58185.0000;None
22389;3;201211;1;1;5800.0000;1;58185.0000;None
22389;3;201211;1;1;5800.0000;1;58185.0000;None
12836;3;201211;1;1;5800.0000;1;60278.0000;None
42570;3;201211;1;1;5800.0000;1;90945.0000;None
42570;3;201211;1;1;5800.0000;1;90945.0000;None
42568;3;201211;1;1;5800.0000;1;58463.0000;None
12826;3;201211;1;1;5800.0000;1;54778.0000;None
12827;3;201211;1;1;5800.0000;1;21833.0000;None
42586;3;201211;1;1;5800.0000;1;25926.0000;None
41105;3;201211;1;1;5800.0000;1;19963.0000;None
41105;3;201211;1;1;5800.0000;1;19963.0000;None
42581;3;201237;1;1;5800.0000;1;16556.0000;None
42581;3;201237;1;1;5800.0000;1;16556.0000;None
42564;3;201237;1;1;5800.0000;1;51074.0000;None
42564;3;201237;1;1;5800.0000;1;51074.0000;None
42571;3;201237;1;1;5800.0000;1;66389.0000;None
41096;3;201269;1;1;5800.0000;1;41667.0000;None
41096;3;201269;1;1;5800.0000;1;41667.0000;None
22387;4;201581;1;1;250000.0000;1;47482.0000;None
42569;2;201615;1;1;12800.0000;1;24426.0000;None
42569;2;201615;1;1;12800.0000;1;24426.0000;None
42576;2;201615;1;1;12800.0000;1;45722.0000;None
12826;2;201615;1;1;12800.0000;1;54778.0000;None
12826;2;201615;1;1;12800.0000;1;54778.0000;None
12826;2;201615;1;1;12800.0000;1;54778.0000;None
42584;2;201615;1;1;12800.0000;1;18704.0000;None
42578;2;201615;1;1;12800.0000;1;32371.0000;None
41102;2;201665;1;1;133800.0000;1;28241.0000;None
22394;2;201665;1;1;133800.0000;1;84815.0000;None
22394;2;201665;1;-1;-133800.0000;1;84815.0000;None
22394;3;201704;1;2;27600.0000;1;84815.0000;None
12846;3;201704;1;1;13800.0000;1;21556.0000;None
42566;3;201704;1;1;13800.0000;1;25982.0000;None
42570;2;201959;1;1;13800.0000;1;90945.0000;None
22394;2;201959;1;1;13800.0000;1;84815.0000;None
22394;2;201959;1;1;13800.0000;1;84815.0000;None
22394;2;201959;1;1;13800.0000;1;84815.0000;None
22394;2;201959;1;1;13800.0000;1;84815.0000;None
22394;2;201959;1;1;13800.0000;1;84815.0000;None
22394;2;201959;1;1;13800.0000;1;84815.0000;None
22394;2;201959;1;1;13800.0000;1;84815.0000;None
22394;2;201959;1;1;13800.0000;1;84815.0000;None
22394;2;201959;1;1;13800.0000;1;84815.0000;None
22394;2;201959;1;1;13800.0000;1;84815.0000;None
22394;2;201959;1;1;13800.0000;1;84815.0000;None
22394;2;201959;1;1;13800.0000;1;84815.0000;None
22394;2;201959;1;1;13800.0000;1;84815.0000;None
42564;3;202112;1;1;9800.0000;1;51074.0000;None
12850;2;202366;1;1;185800.0000;1;57463.0000;None
42571;3;202570;1;1;8800.0000;1;66389.0000;None
22389;2;202584;1;1;142800.0000;1;58185.0000;None
22393;2;202604;1;1;12800.0000;1;17463.0000;None
22393;2;202604;1;1;12800.0000;1;17463.0000;None
