0001;10;00;M;000030000000000;1855;;100596;3;16111
0001;10;00;M;000030000000000;1855;;100606;3;18889
0001;10;00;M;000030000000000;1855;;100607;2;12593
0001;10;00;M;000030000000000;1855;;100613;2;10741
0001;10;00;M;000030000000000;1855;;100614;40;206759
0001;10;00;M;000030000000000;1855;;100628;1;5370
0002;10;00;M;000170000000000;1855;;100948;2;95926
0001;10;00;M;000030000000000;1855;;100999;11;56389
0001;10;00;M;000270000000000;1855;;101007;10;737130
0001;10;00;M;000270000000000;1855;;101270;1;0
0001;10;00;M;000270000000000;1855;;101370;1;135926
0001;10;00;M;000270000000000;1855;;101433;3;0
0001;10;00;M;000270000000000;1855;;101522;5;0
0001;10;00;M;000270000000000;1855;;101552;1;0
0001;10;00;M;000030000000000;1855;;101641;57;0
0001;10;00;M;000270000000000;1855;;101647;1;10000
0002;10;00;M;000170000000000;1855;;101709;1;26667
0002;10;00;M;000170000000000;1855;;101727;6;182222
0002;10;00;M;000170000000000;1855;;101728;7;219074
0002;10;00;M;000170000000000;1855;;101878;3;82778
0001;10;00;M;000030000000000;1855;;102102;3;27222
0001;10;00;M;000030000000000;1855;;102109;1;5370
0001;10;00;M;000270000000000;1855;;102228;1;4444
0001;10;00;M;000270000000000;1855;;102238;1;4444
0001;10;00;M;000030000000000;1855;;102616;2;10741
0001;10;00;M;000030000000000;1855;;102619;1;6296
0001;10;00;M;000030000000000;1855;;102633;6;65556
0001;10;00;M;000030000000000;1855;;102635;23;166111
0001;10;00;M;000030000000000;1855;;102637;5;45370
0001;10;00;M;000030000000000;1855;;102639;6;54444
0001;10;00;M;000030000000000;1855;;102747;32;137778
0001;10;00;M;000030000000000;1855;;102748;13;178148
0001;10;00;M;000030000000000;1855;;102749;2;10741
0001;10;00;M;000030000000000;1855;;102751;2;16296
0002;10;00;M;000170000000000;1855;;102848;2;82963
0001;10;00;M;000270000000000;1855;;102928;19;805741
0001;10;00;M;000270000000000;1855;;102932;1;59074
0002;10;00;M;000170000000000;1855;;102933;1;23889
0002;10;00;M;000170000000000;1855;;103224;25;1314815
0001;10;00;M;000270000000000;1855;;104338;1;30370
0001;10;00;M;000270000000000;1855;;104341;2;73704
0001;10;00;M;000270000000000;1855;;104342;2;73704
0001;10;00;M;000270000000000;1855;;104343;18;790741
0001;10;00;M;000270000000000;1855;;104344;22;1014444
0001;10;00;M;000270000000000;1855;;104347;7;359907
0001;10;00;M;000270000000000;1855;;104348;7;279444
0001;10;00;M;000270000000000;1855;;104350;7;582037
0002;10;00;M;000170000000000;1855;;104352;1;23889
0001;10;00;M;000270000000000;1855;;104353;21;1551667
0001;10;00;M;000270000000000;1855;;104354;4;58519
0001;10;00;M;000030000000000;1855;;104355;12;108889
0001;10;00;M;000270000000000;1855;;104357;4;117778
0001;10;00;M;000270000000000;1855;;104358;2;42222
0002;10;00;M;000170000000000;1855;;104367;1;32222
0001;10;00;M;000270000000000;1855;;104377;2;0
0001;10;00;M;000270000000000;1855;;104390;1;0
0001;10;00;M;000270000000000;1855;;104396;2;0
0001;10;00;M;000270000000000;1855;;104397;5;0
0001;10;00;M;000270000000000;1855;;104400;1;13704
0001;10;00;M;000270000000000;1855;;104401;1;14630
0002;10;00;M;000170000000000;1855;;104402;1;15556
0001;10;00;M;000270000000000;1855;;104403;5;68519
0001;10;00;M;000270000000000;1855;;104406;2;44074
0001;10;00;M;000270000000000;1855;;104407;2;45926
0001;10;00;M;000270000000000;1855;;104417;1;1667
0001;10;00;M;000270000000000;1855;;104426;1;9074
0001;10;00;M;000270000000000;1855;;104431;1;22963
0001;10;00;M;000270000000000;1855;;104438;6;354444
0002;10;00;M;000170000000000;1855;;104441;2;49630
0001;10;00;M;000270000000000;1855;;104442;9;306667
0001;10;00;M;000270000000000;1855;;104444;2;173704
0001;10;00;M;000030000000000;1855;;104446;2;10741
0002;10;00;M;000170000000000;1855;;104449;3;77222
0001;10;00;M;000270000000000;1855;;104450;2;73704
0001;10;00;M;000270000000000;1855;;104454;3;193889
0002;10;00;M;000170000000000;1855;;104456;1;54444
0002;10;00;M;000170000000000;1855;;104459;4;102963
0001;10;00;M;000270000000000;1855;;104462;2;34815
0001;10;00;M;000270000000000;1855;;104466;3;360556
0001;10;00;M;000270000000000;1855;;104469;2;51481
0001;10;00;M;000270000000000;1855;;104470;1;69259
0001;10;00;M;000270000000000;1855;;104471;16;1330370
0001;10;00;M;000270000000000;1855;;104476;8;361481
0001;10;00;M;000270000000000;1855;;104477;3;138333
0001;10;00;M;000270000000000;1855;;104479;4;247407
0001;10;00;M;000270000000000;1855;;104480;4;295556
0001;10;00;M;000270000000000;1855;;104481;2;153333
0001;10;00;M;000270000000000;1855;;104484;2;0
0001;10;00;M;000270000000000;1855;;104487;2;0
0001;10;00;M;000270000000000;1855;;104488;2;0
0001;10;00;M;000270000000000;1855;;104496;1;89630
0001;10;00;M;000270000000000;1855;;104498;13;298519
0001;10;00;M;000270000000000;1855;;104501;8;554074
0001;10;00;M;000270000000000;1855;;104502;3;249444
0001;10;00;M;000270000000000;1855;;104507;3;91111
0001;10;00;M;000270000000000;1855;;104510;9;273333
0001;10;00;M;000270000000000;1855;;104511;2;88519
0001;10;00;M;000270000000000;1855;;104513;28;0
0001;10;00;M;000270000000000;1855;;104519;2;101481
0001;10;00;M;000030000000000;1855;;104554;5;22222
0001;10;00;M;000270000000000;1855;;104637;23;1337407
0001;10;00;M;000270000000000;1855;;104639;11;581389
0001;10;00;M;000270000000000;1855;;104643;4;258519
0001;10;00;M;000270000000000;1855;;104870;9;165000
0001;10;00;M;000270000000000;1855;;104871;1;24815
0001;10;00;M;000270000000000;1855;;104974;2;66296
0001;10;00;M;000270000000000;1855;;104976;1;80370
0001;10;00;M;000270000000000;1855;;105004;4;184444
0001;10;00;M;000270000000000;1855;;105009;9;640000
0001;10;00;M;000270000000000;1855;;105020;1;14630
0001;10;00;M;000270000000000;1855;;105065;3;0
0001;10;00;M;000270000000000;1855;;105198;1;3519
0001;10;00;M;000270000000000;1855;;105419;1;0
0001;10;00;M;000270000000000;1855;;105701;2;0
0001;10;00;M;000270000000000;1855;;105706;5;360185
0002;10;00;M;000170000000000;1855;;105809;1;26667
0002;10;00;M;000170000000000;1855;;106012;13;503148
0001;10;00;M;000270000000000;1855;;106018;4;258519
0001;10;00;M;000270000000000;1855;;106050;3;163333
0001;10;00;M;000270000000000;1855;;106361;1;26667
0001;10;00;M;000270000000000;1855;;106362;3;349444
0001;10;00;M;000270000000000;1855;;106844;3;168889
0001;10;00;M;000270000000000;1855;;106845;1;35000
0001;10;00;M;000270000000000;1855;;106875;1;0
0001;10;00;M;000270000000000;1855;;106981;2;40370
0001;10;00;M;000270000000000;1855;;107176;9;665000
0001;10;00;M;000270000000000;1855;;107524;5;207407
0001;10;00;M;000270000000000;1855;;107610;1;67407
0001;10;00;M;000270000000000;1855;;107789;1;20185
0001;10;00;M;000270000000000;1855;;107893;2;125556
0001;10;00;M;000270000000000;1855;;108023;1;53519
0001;10;00;M;000270000000000;1855;;108027;1;24815
0002;10;00;M;000170000000000;1855;;108114;2;108889
0002;10;00;M;000170000000000;1855;;108121;1;35000
0001;10;00;M;000270000000000;1855;;108293;2;92222
0001;10;00;M;000270000000000;1855;;108294;1;70185
0001;10;00;M;000270000000000;1855;;108296;1;46111
0001;10;00;M;000270000000000;1855;;108298;3;180000
0001;10;00;M;000030000000000;1855;;108476;1;30370
0001;10;00;M;000270000000000;1855;;109230;10;201852
0001;10;00;M;000270000000000;1855;;109232;20;459259
0001;10;00;M;000270000000000;1855;;109288;3;130000
0001;10;00;M;000270000000000;1855;;109325;5;244444
0001;10;00;M;000270000000000;1855;;109326;1;42407
0001;10;00;M;000270000000000;1855;;109329;6;421111
0001;10;00;M;000270000000000;1855;;109575;1;239630
0001;10;00;M;000270000000000;1855;;109578;1;42407
0002;10;00;M;000170000000000;1855;;109585;2;57037
0001;10;00;M;000030000000000;1855;;200007;3;30000
0001;10;00;M;000030000000000;1855;;200008;3;38333
0001;10;00;M;000030000000000;1855;;200012;2;18148
0002;10;00;M;000170000000000;1855;;200028;1;129444
0002;10;00;M;000170000000000;1855;;200129;2;703333
0002;10;00;M;000170000000000;1855;;200151;1;78148
0002;10;00;M;000170000000000;1855;;200152;1;101667
0001;10;00;M;000270000000000;1855;;200223;2;49630
0002;10;00;M;000170000000000;1855;;200480;4;47407
0002;10;00;M;000170000000000;1855;;200573;4;828889
0002;10;00;M;000170000000000;1855;;200620;2;262593
0001;10;00;M;000030000000000;1855;;200644;40;214815
0002;10;00;M;000170000000000;1855;;200711;3;541111
0001;10;00;M;000030000000000;1855;;201146;29;155741
0002;10;00;M;000170000000000;1855;;201186;5;45370
0002;10;00;M;000170000000000;1855;;201187;22;199630
0001;10;00;M;000030000000000;1855;;201206;6;32222
0001;10;00;M;000030000000000;1855;;201211;19;119630
0001;10;00;M;000030000000000;1855;;201237;1;5370
0001;10;00;M;000030000000000;1855;;201269;5;26852
0001;10;00;M;000030000000000;1855;;201277;1;5370
0002;10;00;M;000170000000000;1855;;201615;19;242778
0001;10;00;M;000030000000000;1855;;201704;2;25556
0002;10;00;M;000170000000000;1855;;201961;3;38333
0001;10;00;M;000030000000000;1855;;202134;1;9074
0002;10;00;M;000170000000000;1855;;202365;1;140556
0002;10;00;M;000170000000000;1855;;202483;1;172963
0002;10;00;M;000170000000000;1855;;202508;2;305185
0002;10;00;M;000170000000000;1855;;212552;1;120185
0007;10;00;;;1855;;;;2980739
0005;10;00;;;1855;;;;2635400
