26076;2023-01-03 19:29:18.837000;7;1001;1;1;0.0000;1;15056.0000;None;162600.0000
26076;2023-01-03 19:29:18.837000;7;1001;1;1;0.0000;1;15056.0000;None;162600.0000
26076;2023-01-03 19:08:15.927000;7;1001;1;1;0.0000;1;15056.0000;None;162600.0000
26076;2023-01-03 19:08:15.927000;7;1001;1;1;0.0000;1;15056.0000;None;162600.0000
26073;2023-01-03 18:35:49.747000;7;1001;1;1;0.0000;1;16111.0000;None;174000.0000
26073;2023-01-03 18:35:49.747000;7;1001;1;1;0.0000;1;16111.0000;None;174000.0000
26010;2023-01-03 10:53:19.750000;7;1001;1;1;0.0000;1;5444.0000;None;58800.0000
26010;2023-01-03 10:53:19.750000;7;1001;1;1;0.0000;1;5444.0000;None;58800.0000
26010;2023-01-03 10:53:19.750000;7;1001;1;1;0.0000;1;5444.0000;None;58800.0000
26022;2023-01-03 12:12:27.347000;7;1001;1;1;0.0000;1;13370.0000;None;144400.0000
26022;2023-01-03 12:12:27.347000;7;1001;1;1;0.0000;1;13370.0000;None;144400.0000
26026;2023-01-03 12:39:10.830000;7;1001;1;1;0.0000;1;9833.0000;None;106200.0000
26026;2023-01-03 12:39:10.830000;7;1001;1;1;0.0000;1;9833.0000;None;106200.0000
7382;2023-01-03 12:54:48.817000;7;1001;1;1;0.0000;1;9074.0000;None;98000.0000
7382;2023-01-03 12:54:48.817000;7;1001;1;1;0.0000;1;9074.0000;None;98000.0000
7393;2023-01-03 13:58:57.910000;7;1001;1;1;0.0000;1;6741.0000;None;72800.0000
7393;2023-01-03 13:58:57.910000;7;1001;1;1;0.0000;1;6741.0000;None;72800.0000
7393;2023-01-03 13:58:57.910000;7;1001;1;1;0.0000;1;6741.0000;None;72800.0000
26037;2023-01-03 14:03:16.297000;7;1001;1;1;0.0000;1;14778.0000;None;159600.0000
26037;2023-01-03 14:03:16.297000;7;1001;1;1;0.0000;1;14778.0000;None;159600.0000
26033;2023-01-03 13:39:50.350000;7;1001;1;1;None;1;10500.0000;None;113400.0000
26033;2023-01-03 13:39:50.350000;7;1001;1;1;None;1;10500.0000;None;113400.0000
7385;2023-01-03 12:28:36.470000;7;1001;1;1;0.0000;1;10796.0000;None;116600.0000
7385;2023-01-03 12:28:36.470000;7;1001;1;1;0.0000;1;10796.0000;None;116600.0000
7390;2023-01-03 13:35:01.697000;7;1001;1;1;0.0000;1;5463.0000;None;59000.0000
7390;2023-01-03 13:35:01.697000;7;1001;1;1;0.0000;1;5463.0000;None;59000.0000
26066;2023-01-03 17:42:35.990000;7;1001;1;1;0.0000;1;None;12574.0000;271600.0000
26066;2023-01-03 17:42:35.990000;7;1001;1;1;0.0000;1;None;12574.0000;271600.0000
26066;2023-01-03 17:42:35.990000;7;1001;1;1;0.0000;1;None;12574.0000;271600.0000
26066;2023-01-03 17:23:06.187000;7;1001;1;1;0.0000;1;None;12574.0000;271600.0000
26066;2023-01-03 17:23:06.187000;7;1001;1;1;0.0000;1;None;12574.0000;271600.0000
26069;2023-01-03 17:49:51.367000;7;1001;1;1;0.0000;1;19370.0000;None;209200.0000
26069;2023-01-03 17:49:51.367000;7;1001;1;1;0.0000;1;19370.0000;None;209200.0000
26066;2023-01-03 17:22:08.203000;7;1001;1;1;0.0000;1;None;12574.0000;271600.0000
26066;2023-01-03 17:22:08.203000;7;1001;1;1;0.0000;1;None;12574.0000;271600.0000
26062;2023-01-03 17:02:25.160000;7;1001;1;1;0.0000;1;3963.0000;None;42800.0000
26062;2023-01-03 17:02:25.160000;7;1001;1;1;0.0000;1;3963.0000;None;42800.0000
7406;2023-01-03 15:48:36.267000;7;1001;1;1;0.0000;1;17500.0000;None;189000.0000
7406;2023-01-03 15:48:36.267000;7;1001;1;1;0.0000;1;17500.0000;None;189000.0000
26055;2023-01-03 16:21:40.030000;7;1001;1;1;0.0000;1;None;None;64000.0000
26055;2023-01-03 16:21:40.030000;7;1001;1;1;0.0000;1;None;None;64000.0000
26056;2023-01-03 16:23:10.247000;7;1001;1;1;0.0000;1;10759.0000;None;116200.0000
26056;2023-01-03 16:23:10.247000;7;1001;1;1;0.0000;1;10759.0000;None;116200.0000
26039;2023-01-03 14:16:35.360000;7;1001;1;1;0.0000;1;12222.0000;None;132000.0000
26039;2023-01-03 14:16:35.360000;7;1001;1;1;0.0000;1;12222.0000;None;132000.0000
26040;2023-01-03 14:22:45.247000;7;1001;1;1;0.0000;1;18167.0000;None;196200.0000
26040;2023-01-03 14:22:45.247000;7;1001;1;1;0.0000;1;18167.0000;None;196200.0000
7399;2023-01-03 14:24:57.120000;7;1001;1;1;0.0000;1;9185.0000;None;99200.0000
7399;2023-01-03 14:24:57.120000;7;1001;1;1;0.0000;1;9185.0000;None;99200.0000
7403;2023-01-03 15:04:52.823000;7;1001;1;1;None;1;7870.0000;None;85000.0000
7403;2023-01-03 15:04:52.823000;7;1001;1;1;None;1;7870.0000;None;85000.0000
7403;2023-01-03 15:09:12.323000;7;1001;1;-1;0.0000;1;7870.0000;None;85000.0000
7403;2023-01-03 15:09:12.323000;7;1001;1;-1;0.0000;1;7870.0000;None;85000.0000
7403;2023-01-03 15:09:12.323000;7;1001;1;1;0.0000;1;7870.0000;None;85000.0000
7403;2023-01-03 15:09:12.323000;7;1001;1;1;0.0000;1;7870.0000;None;85000.0000
26046;2023-01-03 15:06:42.573000;7;1001;1;1;0.0000;1;17222.0000;None;186000.0000
26046;2023-01-03 15:06:42.573000;7;1001;1;1;0.0000;1;17222.0000;None;186000.0000
26040;2023-01-03 14:22:45.247000;7;1002;1;1;0.0000;1;18167.0000;None;196200.0000
26039;2023-01-03 14:16:35.360000;7;1002;1;1;0.0000;1;12222.0000;None;132000.0000
7406;2023-01-03 15:48:36.267000;7;1002;1;1;0.0000;1;17500.0000;None;189000.0000
7405;2023-01-03 15:21:32.040000;7;1002;1;1;0.0000;1;10741.0000;None;116000.0000
26069;2023-01-03 17:49:51.367000;7;1002;1;1;0.0000;1;19370.0000;None;209200.0000
26033;2023-01-03 13:39:50.350000;7;1002;1;1;None;1;10500.0000;None;113400.0000
7381;2023-01-03 12:38:23.887000;7;1002;1;1;0.0000;1;10444.0000;None;112800.0000
7381;2023-01-03 12:38:23.887000;7;1002;1;1;0.0000;1;10444.0000;None;112800.0000
26073;2023-01-03 18:27:10.933000;7;1002;1;1;0.0000;1;16111.0000;None;174000.0000
26074;2023-01-03 18:33:02.240000;7;1002;1;1;0.0000;1;10944.0000;None;118200.0000
26074;2023-01-03 18:33:02.240000;7;1003;2;1;0.0000;1;10944.0000;None;118200.0000
26039;2023-01-03 14:16:35.360000;7;1003;2;1;0.0000;1;12222.0000;None;132000.0000
26039;2023-01-03 14:16:35.360000;7;1006;1;1;0.0000;1;12222.0000;None;132000.0000
26040;2023-01-03 14:22:45.247000;7;1006;1;1;0.0000;1;18167.0000;None;196200.0000
26047;2023-01-03 15:27:03.847000;7;1006;1;1;0.0000;1;10556.0000;None;114000.0000
26046;2023-01-03 15:06:42.573000;7;1006;1;1;0.0000;1;17222.0000;None;186000.0000
26067;2023-01-03 17:33:32.313000;7;1006;1;1;0.0000;1;7639.0000;None;82500.0000
26065;2023-01-03 17:14:57.827000;7;1006;1;1;0.0000;1;5315.0000;None;57400.0000
7409;2023-01-03 16:18:25.020000;7;1006;1;1;0.0000;1;None;None;73800.0000
7380;2023-01-03 12:32:34.253000;7;1006;1;1;0.0000;1;7704.0000;None;83200.0000
26018;2023-01-03 11:45:42.290000;7;1006;1;1;0.0000;1;12333.0000;None;133200.0000
26014;2023-01-03 11:21:44.037000;7;1006;1;1;0.0000;1;9111.0000;None;98400.0000
26037;2023-01-03 14:03:16.343000;7;1006;1;1;0.0000;1;14778.0000;None;159600.0000
26037;2023-01-03 14:03:16.343000;7;1006;1;1;0.0000;1;14778.0000;None;159600.0000
7392;2023-01-03 13:46:49.607000;7;1006;1;1;0.0000;1;8741.0000;None;94400.0000
17647;2023-01-03 13:25:20.600000;7;1006;1;1;0.0000;1;None;None;103500.0000
26075;2023-01-03 19:12:36.757000;7;1006;1;1;0.0000;1;13722.0000;None;148200.0000
26076;2023-01-03 19:08:15.927000;7;1006;1;1;0.0000;1;15056.0000;None;162600.0000
26073;2023-01-03 18:35:49.747000;7;1006;1;1;0.0000;1;16111.0000;None;174000.0000
26072;2023-01-03 18:26:11.003000;7;1006;1;1;0.0000;1;18148.0000;None;196000.0000
26069;2023-01-03 17:49:51.367000;7;1006;1;1;0.0000;1;19370.0000;None;209200.0000
26069;2023-01-03 17:49:51.367000;7;1006;1;1;0.0000;1;19370.0000;None;209200.0000
26070;2023-01-03 17:54:35.283000;7;1006;1;1;0.0000;1;8611.0000;None;93000.0000
7388;2023-01-03 13:28:49.390000;7;1008;3;1;0.0000;1;14426.0000;None;155800.0000
7388;2023-01-03 13:28:49.390000;7;1008;3;1;0.0000;1;14426.0000;None;155800.0000
7388;2023-01-03 13:28:49.390000;7;1008;3;1;0.0000;1;14426.0000;None;155800.0000
26022;2023-01-03 12:15:28.617000;7;1008;3;1;0.0000;1;13370.0000;None;144400.0000
26022;2023-01-03 12:15:28.617000;7;1008;3;1;0.0000;1;13370.0000;None;144400.0000
26023;2023-01-03 12:21:12.280000;7;1008;1;1;0.0000;1;10537.0000;None;113800.0000
26023;2023-01-03 12:21:12.280000;7;1008;1;1;0.0000;1;10537.0000;None;113800.0000
7408;2023-01-03 15:53:55.907000;7;1008;3;1;0.0000;1;7056.0000;None;76200.0000
7408;2023-01-03 15:53:55.907000;7;1008;3;1;0.0000;1;7056.0000;None;76200.0000
26055;2023-01-03 16:21:40.030000;7;1008;3;1;0.0000;1;None;None;64000.0000
7405;2023-01-03 15:21:32.040000;7;1008;3;1;0.0000;1;10741.0000;None;116000.0000
7405;2023-01-03 15:21:32.040000;7;1008;3;1;0.0000;1;10741.0000;None;116000.0000
7400;2023-01-03 14:39:18.637000;7;1008;3;1;0.0000;1;10204.0000;None;110200.0000
7400;2023-01-03 14:39:18.637000;7;1008;3;1;0.0000;1;10204.0000;None;110200.0000
7400;2023-01-03 14:39:18.637000;7;1008;3;1;0.0000;1;10204.0000;None;110200.0000
26052;2023-01-03 15:47:42.283000;7;1020;1;1;0.0000;1;8463.0000;None;91400.0000
26052;2023-01-03 15:47:42.283000;7;1020;1;1;0.0000;1;8463.0000;None;91400.0000
26052;2023-01-03 15:47:42.283000;7;1020;1;1;0.0000;1;8463.0000;None;91400.0000
7394;2023-01-03 14:01:56.213000;7;1026;1;1;0.0000;1;9074.0000;None;98000.0000
7394;2023-01-03 14:01:56.213000;7;1026;1;1;0.0000;1;9074.0000;None;98000.0000
26038;2023-01-03 14:15:53.760000;7;1038;1;1;0.0000;1;13741.0000;None;148400.0000
26033;2023-01-03 13:39:50.350000;7;1038;1;1;None;1;10500.0000;None;113400.0000
26035;2023-01-03 13:44:44.537000;7;1038;1;1;0.0000;1;12750.0000;None;137700.0000
26035;2023-01-03 13:44:44.537000;7;1054;1;1;0.0000;1;12750.0000;None;137700.0000
26028;2023-01-03 12:51:10.433000;7;1054;1;1;0.0000;1;25408.0000;None;274400.0000
26023;2023-01-03 12:21:12.280000;7;1054;1;1;0.0000;1;10537.0000;None;113800.0000
26023;2023-01-03 12:21:12.280000;7;1054;1;1;0.0000;1;10537.0000;None;113800.0000
26022;2023-01-03 12:15:28.617000;7;1054;1;1;0.0000;1;13370.0000;None;144400.0000
26022;2023-01-03 12:15:28.617000;7;1054;1;1;0.0000;1;13370.0000;None;144400.0000
26012;2023-01-03 10:56:36.900000;7;1054;1;1;0.0000;1;None;None;57200.0000
7405;2023-01-03 15:21:32.040000;7;1054;1;1;0.0000;1;10741.0000;None;116000.0000
7405;2023-01-03 15:21:32.040000;7;1054;1;1;0.0000;1;10741.0000;None;116000.0000
7406;2023-01-03 15:48:36.267000;7;1054;1;1;0.0000;1;17500.0000;None;189000.0000
7406;2023-01-03 15:48:36.267000;7;1054;1;1;0.0000;1;17500.0000;None;189000.0000
26055;2023-01-03 16:21:40.030000;7;1054;1;1;0.0000;1;None;None;64000.0000
7409;2023-01-03 16:18:25.020000;7;1054;1;1;0.0000;1;None;None;73800.0000
7409;2023-01-03 16:18:25.020000;7;1054;1;1;0.0000;1;None;None;73800.0000
7399;2023-01-03 14:24:57.120000;7;1054;1;1;0.0000;1;9185.0000;None;99200.0000
7399;2023-01-03 14:24:57.120000;7;1054;1;1;0.0000;1;9185.0000;None;99200.0000
26073;2023-01-03 18:35:49.747000;7;1054;1;1;0.0000;1;16111.0000;None;174000.0000
26041;2023-01-03 14:44:13.053000;7;1077;1;1;0.0000;1;13093.0000;None;141400.0000
26041;2023-01-03 14:44:13.053000;7;1077;1;1;0.0000;1;13093.0000;None;141400.0000
26073;2023-01-03 19:08:56.603000;7;1131;1;1;0.0000;1;16111.0000;None;174000.0000
26073;2023-01-03 19:08:56.603000;7;1131;1;1;0.0000;1;16111.0000;None;174000.0000
26062;2023-01-03 17:54:16.650000;7;1157;1;1;0.0000;1;3963.0000;None;42800.0000
26062;2023-01-03 17:54:16.650000;7;1157;1;1;0.0000;1;3963.0000;None;42800.0000
26012;2023-01-03 10:56:36.900000;7;1157;1;1;0.0000;1;None;None;57200.0000
26012;2023-01-03 10:56:36.900000;7;1157;1;1;0.0000;1;None;None;57200.0000
26012;2023-01-03 10:56:36.900000;7;1157;1;1;0.0000;1;None;None;57200.0000
26024;2023-01-03 12:23:23.383000;7;1157;1;1;0.0000;1;None;None;35800.0000
26024;2023-01-03 12:23:23.383000;7;1157;1;1;0.0000;1;None;None;35800.0000
26027;2023-01-03 12:56:27.950000;7;1205;1;1;0.0000;1;11889.0000;None;128400.0000
7388;2023-01-03 13:28:49.390000;7;1205;1;1;0.0000;1;14426.0000;None;155800.0000
26066;2023-01-03 17:23:50.850000;7;1205;1;1;0.0000;1;None;12574.0000;271600.0000
26066;2023-01-03 17:23:50.850000;7;1205;1;1;0.0000;1;None;12574.0000;271600.0000
7406;2023-01-03 15:48:36.267000;7;1205;1;1;0.0000;1;17500.0000;None;189000.0000
7400;2023-01-03 14:39:18.637000;7;1205;1;1;0.0000;1;10204.0000;None;110200.0000
26045;2023-01-03 15:03:13.237000;7;1205;1;1;0.0000;1;12370.0000;None;133600.0000
26045;2023-01-03 15:03:13.237000;7;1205;1;1;0.0000;1;12370.0000;None;133600.0000
26076;2023-01-03 19:08:15.927000;7;1205;1;1;0.0000;1;15056.0000;None;162600.0000
7401;2023-01-03 14:55:33.090000;7;1207;1;1;0.0000;1;9898.0000;None;106900.0000
26047;2023-01-03 15:17:48.483000;7;1207;1;1;0.0000;1;10556.0000;None;114000.0000
26046;2023-01-03 15:06:42.573000;7;1207;1;1;0.0000;1;17222.0000;None;186000.0000
26042;2023-01-03 14:44:41.170000;7;1207;1;1;0.0000;1;3944.0000;None;42600.0000
7397;2023-01-03 14:16:20.527000;7;1207;1;1;0.0000;1;6222.0000;None;67200.0000
26050;2023-01-03 15:31:04.967000;7;1207;1;1;0.0000;1;3667.0000;None;39600.0000
26054;2023-01-03 16:12:17.533000;7;1207;1;1;0.0000;1;4037.0000;None;43600.0000
26032;2023-01-03 13:25:16.227000;7;1207;1;1;0.0000;1;6222.0000;None;67200.0000
26032;2023-01-03 13:39:07.580000;7;1207;1;1;0.0000;1;6222.0000;None;67200.0000
26035;2023-01-03 14:18:07.480000;7;1207;1;1;0.0000;1;12750.0000;None;137700.0000
26035;2023-01-03 14:43:27.670000;7;1207;1;1;0.0000;1;12750.0000;None;137700.0000
26037;2023-01-03 14:03:16.297000;7;1207;1;1;0.0000;1;14778.0000;None;159600.0000
7381;2023-01-03 12:38:23.887000;7;1207;1;1;0.0000;1;10444.0000;None;112800.0000
26021;2023-01-03 11:53:57.043000;7;1207;1;1;0.0000;1;1537.0000;None;16600.0000
26074;2023-01-03 18:33:02.240000;7;1213;1;1;0.0000;1;10944.0000;None;118200.0000
26069;2023-01-03 17:40:10.520000;7;1213;1;1;0.0000;1;19370.0000;None;209200.0000
26019;2023-01-03 12:34:56.760000;7;1213;1;1;0.0000;1;12667.0000;None;136800.0000
26019;2023-01-03 12:34:56.760000;7;1213;1;1;0.0000;1;12667.0000;None;136800.0000
26015;2023-01-03 11:18:23.903000;7;1213;1;1;0.0000;1;7370.0000;None;79600.0000
26014;2023-01-03 11:21:44.037000;7;1213;1;1;0.0000;1;9111.0000;None;98400.0000
26014;2023-01-03 11:21:44.037000;7;1213;1;1;0.0000;1;9111.0000;None;98400.0000
26014;2023-01-03 11:17:08.453000;7;1213;1;1;0.0000;1;9111.0000;None;98400.0000
26025;2023-01-03 12:47:09.600000;7;1213;1;1;0.0000;1;None;None;32600.0000
26023;2023-01-03 13:02:12.803000;7;1213;1;1;0.0000;1;10537.0000;None;113800.0000
26023;2023-01-03 13:02:12.803000;7;1213;1;1;0.0000;1;10537.0000;None;113800.0000
26038;2023-01-03 14:15:53.760000;7;1213;1;1;0.0000;1;13741.0000;None;148400.0000
26038;2023-01-03 14:15:53.760000;7;1213;1;1;0.0000;1;13741.0000;None;148400.0000
7393;2023-01-03 13:58:57.910000;7;1213;1;1;0.0000;1;6741.0000;None;72800.0000
7392;2023-01-03 13:46:49.607000;7;1213;1;1;0.0000;1;8741.0000;None;94400.0000
26035;2023-01-03 13:44:44.537000;7;1213;1;1;0.0000;1;12750.0000;None;137700.0000
26035;2023-01-03 13:44:44.537000;7;1213;1;1;0.0000;1;12750.0000;None;137700.0000
7388;2023-01-03 13:28:49.390000;7;1213;1;1;0.0000;1;14426.0000;None;155800.0000
7382;2023-01-03 12:54:48.817000;7;1213;1;1;0.0000;1;9074.0000;None;98000.0000
26028;2023-01-03 13:43:01.860000;7;1213;1;1;0.0000;1;25408.0000;None;274400.0000
26055;2023-01-03 16:21:40.030000;7;1213;1;1;0.0000;1;None;None;64000.0000
7409;2023-01-03 16:18:25.020000;7;1213;1;1;0.0000;1;None;None;73800.0000
26054;2023-01-03 16:12:17.533000;7;1213;1;1;0.0000;1;4037.0000;None;43600.0000
26052;2023-01-03 15:47:15.063000;7;1213;1;1;None;1;8463.0000;None;91400.0000
26066;2023-01-03 17:42:35.990000;7;1213;1;1;0.0000;1;None;12574.0000;271600.0000
26067;2023-01-03 17:33:32.313000;7;1213;1;1;0.0000;1;7639.0000;None;82500.0000
26067;2023-01-03 17:33:32.313000;7;1213;1;1;0.0000;1;7639.0000;None;82500.0000
26059;2023-01-03 16:42:11.493000;7;1213;1;1;0.0000;1;4037.0000;None;43600.0000
26059;2023-01-03 16:42:11.493000;7;1213;1;1;0.0000;1;4037.0000;None;43600.0000
26044;2023-01-03 14:52:46.603000;7;1213;1;1;0.0000;1;None;None;35800.0000
26049;2023-01-03 15:22:37.257000;7;1213;1;1;0.0000;1;12426.0000;None;134200.0000
7401;2023-01-03 14:55:33.090000;7;1213;1;1;0.0000;1;9898.0000;None;106900.0000
7401;2023-01-03 14:55:33.090000;7;1213;1;1;0.0000;1;9898.0000;None;106900.0000
7402;2023-01-03 14:59:20.877000;7;1213;1;1;0.0000;1;3926.0000;None;42400.0000
26045;2023-01-03 15:03:13.237000;7;1213;1;1;0.0000;1;12370.0000;None;133600.0000
26045;2023-01-03 15:03:13.237000;7;1213;1;1;0.0000;1;12370.0000;None;133600.0000
26043;2023-01-03 14:48:50.470000;7;1223;1;1;0.0000;1;None;None;27200.0000
26043;2023-01-03 14:48:50.470000;7;1223;1;1;0.0000;1;None;None;27200.0000
26027;2023-01-03 13:33:24.107000;7;1223;1;1;0.0000;1;11889.0000;None;128400.0000
26027;2023-01-03 13:33:24.107000;7;1223;1;1;0.0000;1;11889.0000;None;128400.0000
26027;2023-01-03 13:33:24.107000;7;1223;1;1;0.0000;1;11889.0000;None;128400.0000
17650;2023-01-03 13:42:54.647000;7;1344;1;1;None;1;None;None;29000.0000
17650;2023-01-03 13:42:54.647000;7;1344;1;1;None;1;None;None;29000.0000
17649;2023-01-03 13:35:12.887000;7;1344;1;1;0.0000;1;None;None;34500.0000
17651;2023-01-03 15:11:33.477000;7;1344;1;1;0.0000;1;None;None;51000.0000
17651;2023-01-03 15:11:33.477000;7;1344;1;1;0.0000;1;None;None;51000.0000
17653;2023-01-03 16:41:53.827000;7;1344;1;1;0.0000;1;None;None;31300.0000
17653;2023-01-03 16:41:53.827000;7;1344;1;1;0.0000;1;None;None;31300.0000
17652;2023-01-03 15:57:44.740000;7;1344;1;1;0.0000;1;None;None;16000.0000
17656;2023-01-03 17:42:51.597000;7;1344;1;1;None;1;None;None;14500.0000
17656;2023-01-03 17:42:51.597000;7;1344;1;1;None;1;None;None;14500.0000
26029;2023-01-03 12:55:19.277000;7;2006;1;1;0.0000;1;3389.0000;None;36600.0000
26025;2023-01-03 12:28:03.347000;7;2009;1;1;None;1;None;None;32600.0000
26014;2023-01-03 11:17:08.453000;7;2011;1;1;0.0000;1;9111.0000;None;98400.0000
26014;2023-01-03 11:17:08.453000;7;2011;1;1;0.0000;1;9111.0000;None;98400.0000
26043;2023-01-03 14:48:50.470000;7;2011;1;1;0.0000;1;None;None;27200.0000
26043;2023-01-03 14:48:50.470000;7;2011;1;1;0.0000;1;None;None;27200.0000
26061;2023-01-03 16:46:55.467000;7;2012;1;1;0.0000;1;3648.0000;None;39400.0000
26043;2023-01-03 14:48:50.470000;7;2028;1;1;0.0000;1;None;None;27200.0000
26043;2023-01-03 14:48:50.470000;7;2028;1;1;0.0000;1;None;None;27200.0000
26043;2023-01-03 14:48:50.470000;7;2028;1;1;0.0000;1;None;None;27200.0000
26043;2023-01-03 14:48:50.470000;7;2028;1;1;0.0000;1;None;None;27200.0000
26014;2023-01-03 11:17:08.453000;7;2036;1;1;0.0000;1;9111.0000;None;98400.0000
26016;2023-01-03 11:20:32.930000;7;2042;1;1;0.0000;1;None;None;5800.0000
26023;2023-01-03 12:21:12.280000;7;2042;1;1;0.0000;1;10537.0000;None;113800.0000
26028;2023-01-03 12:51:10.433000;7;2042;1;1;0.0000;1;25408.0000;None;274400.0000
26032;2023-01-03 13:39:07.580000;7;2042;1;1;0.0000;1;6222.0000;None;67200.0000
26032;2023-01-03 13:39:07.580000;7;2042;1;1;0.0000;1;6222.0000;None;67200.0000
26032;2023-01-03 13:25:16.227000;7;2042;1;1;0.0000;1;6222.0000;None;67200.0000
26032;2023-01-03 13:25:16.227000;7;2042;1;1;0.0000;1;6222.0000;None;67200.0000
7394;2023-01-03 14:01:56.213000;7;2042;1;1;0.0000;1;9074.0000;None;98000.0000
7394;2023-01-03 14:01:56.213000;7;2042;1;1;0.0000;1;9074.0000;None;98000.0000
7399;2023-01-03 15:46:11.943000;7;2042;1;1;0.0000;1;9185.0000;None;99200.0000
7399;2023-01-03 14:24:57.120000;7;2042;1;1;0.0000;1;9185.0000;None;99200.0000
7402;2023-01-03 14:59:20.877000;7;2042;1;1;0.0000;1;3926.0000;None;42400.0000
7402;2023-01-03 14:59:20.877000;7;2042;1;1;0.0000;1;3926.0000;None;42400.0000
7401;2023-01-03 14:55:33.090000;7;2042;1;1;0.0000;1;9898.0000;None;106900.0000
26055;2023-01-03 16:21:40.030000;7;2042;1;1;0.0000;1;None;None;64000.0000
26075;2023-01-03 18:58:39.287000;7;2042;1;1;0.0000;1;13722.0000;None;148200.0000
26073;2023-01-03 18:27:10.933000;7;2042;1;1;0.0000;1;16111.0000;None;174000.0000
26047;2023-01-03 15:17:48.483000;7;2043;1;1;0.0000;1;10556.0000;None;114000.0000
7400;2023-01-03 14:39:18.637000;7;2050;1;1;0.0000;1;10204.0000;None;110200.0000
7400;2023-01-03 14:39:18.637000;7;2050;1;1;0.0000;1;10204.0000;None;110200.0000
26052;2023-01-03 15:47:15.063000;7;2050;1;1;None;1;8463.0000;None;91400.0000
26072;2023-01-03 18:26:11.003000;7;2050;1;1;0.0000;1;18148.0000;None;196000.0000
26019;2023-01-03 13:33:06.340000;7;2052;1;1;0.0000;1;12667.0000;None;136800.0000
26019;2023-01-03 13:33:06.340000;7;2052;1;1;0.0000;1;12667.0000;None;136800.0000
26027;2023-01-03 13:33:24.107000;7;2070;1;1;0.0000;1;11889.0000;None;128400.0000
26027;2023-01-03 13:33:24.107000;7;2070;1;1;0.0000;1;11889.0000;None;128400.0000
26072;2023-01-03 18:26:11.003000;7;2072;1;1;0.0000;1;18148.0000;None;196000.0000
26072;2023-01-03 18:26:11.003000;7;2072;1;1;0.0000;1;18148.0000;None;196000.0000
26075;2023-01-03 19:12:36.757000;7;2072;1;1;0.0000;1;13722.0000;None;148200.0000
7388;2023-01-03 13:28:49.390000;7;2072;1;1;0.0000;1;14426.0000;None;155800.0000
26028;2023-01-03 12:51:10.433000;7;2072;1;1;0.0000;1;25408.0000;None;274400.0000
7382;2023-01-03 12:54:48.817000;7;2072;1;1;0.0000;1;9074.0000;None;98000.0000
26052;2023-01-03 15:47:15.063000;7;2072;1;1;None;1;8463.0000;None;91400.0000
7405;2023-01-03 15:21:32.040000;7;2072;1;1;0.0000;1;10741.0000;None;116000.0000
26061;2023-01-03 16:46:55.467000;7;2072;1;1;0.0000;1;3648.0000;None;39400.0000
26049;2023-01-03 15:22:37.257000;7;2072;1;1;0.0000;1;12426.0000;None;134200.0000
7401;2023-01-03 14:55:33.090000;7;2072;1;1;0.0000;1;9898.0000;None;106900.0000
26046;2023-01-03 15:57:42.160000;3;100596;1;2;11600.0000;1;17222.0000;None;186000.0000
26057;2023-01-03 16:23:59.493000;3;100596;1;2;11600.0000;1;1611.0000;None;17400.0000
26066;2023-01-03 18:37:17.890000;3;100596;1;1;5800.0000;1;None;12574.0000;271600.0000
26019;2023-01-03 13:33:06.340000;3;100596;1;2;11600.0000;1;12667.0000;None;136800.0000
26019;2023-01-03 11:48:14.920000;3;100606;1;1;6800.0000;1;12667.0000;None;136800.0000
26015;2023-01-03 11:18:23.903000;3;100606;1;2;13600.0000;1;7370.0000;None;79600.0000
26009;2023-01-03 10:39:53.430000;3;100606;1;1;6800.0000;1;630.0000;None;6800.0000
26010;2023-01-03 10:46:59.557000;3;100606;1;1;6800.0000;1;5444.0000;None;58800.0000
26033;2023-01-03 14:20:08.800000;3;100606;1;2;13600.0000;1;10500.0000;None;113400.0000
26049;2023-01-03 15:22:37.257000;3;100606;1;1;6800.0000;1;12426.0000;None;134200.0000
26071;2023-01-03 18:05:41.857000;3;100606;1;1;6800.0000;1;5037.0000;None;54400.0000
26043;2023-01-03 14:48:50.470000;3;100607;1;1;6800.0000;1;None;None;27200.0000
26014;2023-01-03 11:17:08.453000;3;100607;1;1;6800.0000;1;9111.0000;None;98400.0000
26025;2023-01-03 12:28:03.347000;3;100607;1;1;6800.0000;1;None;None;32600.0000
26027;2023-01-03 13:33:24.107000;3;100614;1;1;5800.0000;1;11889.0000;None;128400.0000
7381;2023-01-03 13:14:23.480000;3;100614;1;1;5800.0000;1;10444.0000;None;112800.0000
26010;2023-01-03 10:46:59.557000;3;100614;1;1;5800.0000;1;5444.0000;None;58800.0000
26035;2023-01-03 14:43:27.670000;3;100614;1;2;11600.0000;1;12750.0000;None;137700.0000
26030;2023-01-03 13:47:18.037000;3;100614;1;1;5800.0000;1;6130.0000;None;66200.0000
26040;2023-01-03 15:21:51.483000;3;100614;1;2;11600.0000;1;18167.0000;None;196200.0000
26050;2023-01-03 15:41:30.677000;3;100614;1;1;5800.0000;1;3667.0000;None;39600.0000
26055;2023-01-03 16:21:40.030000;3;100614;1;1;5800.0000;1;None;None;64000.0000
26057;2023-01-03 16:23:59.493000;3;100614;1;1;5800.0000;1;1611.0000;None;17400.0000
26059;2023-01-03 16:42:11.493000;1;100624;1;2;2000.0000;1;4037.0000;None;43600.0000
7402;2023-01-03 14:59:20.877000;1;100624;1;1;1000.0000;1;3926.0000;None;42400.0000
17643;2023-01-03 09:25:47.957000;1;100624;1;1;1000.0000;1;None;None;6000.0000
17643;2023-01-03 09:25:47.957000;1;100624;1;1;1000.0000;1;None;None;6000.0000
17643;2023-01-03 09:25:47.957000;1;100624;1;1;1000.0000;1;None;None;6000.0000
17643;2023-01-03 09:25:47.957000;1;100624;1;1;1000.0000;1;None;None;6000.0000
17643;2023-01-03 09:29:29.623000;1;100624;1;1;1000.0000;1;None;None;6000.0000
17643;2023-01-03 09:29:29.623000;1;100624;1;1;1000.0000;1;None;None;6000.0000
26015;2023-01-03 11:18:23.903000;1;100842;1;1;24800.0000;1;7370.0000;None;79600.0000
26022;2023-01-03 12:12:27.347000;1;100844;1;1;27800.0000;1;13370.0000;None;144400.0000
17646;2023-01-03 13:16:49.173000;1;100845;1;1;29200.0000;1;None;None;46200.0000
26038;2023-01-03 14:15:53.760000;1;100845;1;1;27800.0000;1;13741.0000;None;148400.0000
26058;2023-01-03 16:25:59.667000;1;100845;1;1;27800.0000;1;6241.0000;None;67400.0000
17655;2023-01-03 17:22:34.260000;1;100845;1;1;29200.0000;1;None;None;29200.0000
7403;2023-01-03 15:04:52.823000;1;100846;1;1;29800.0000;1;7870.0000;None;85000.0000
17648;2023-01-03 13:29:05.253000;1;100846;1;1;31300.0000;1;None;None;31300.0000
7391;2023-01-03 13:38:12.853000;1;100846;1;1;29800.0000;1;8241.0000;None;89000.0000
7380;2023-01-03 12:32:34.253000;1;100846;1;1;29800.0000;1;7704.0000;None;83200.0000
7379;2023-01-03 12:30:12.983000;1;100846;1;1;29800.0000;1;3296.0000;None;35600.0000
26022;2023-01-03 12:12:27.347000;1;100847;1;2;51600.0000;1;13370.0000;None;144400.0000
26032;2023-01-03 13:29:07.877000;1;100847;1;1;25800.0000;1;6222.0000;None;67200.0000
26041;2023-01-03 14:44:13.053000;1;100847;1;1;25800.0000;1;13093.0000;None;141400.0000
17657;2023-01-03 17:48:21.950000;1;100847;1;1;27100.0000;1;None;None;61600.0000
7397;2023-01-03 14:16:20.527000;1;100848;1;2;55600.0000;1;6222.0000;None;67200.0000
7395;2023-01-03 14:14:29.247000;1;100848;1;1;27800.0000;1;6222.0000;None;67200.0000
7402;2023-01-03 14:59:20.877000;1;100848;1;1;27800.0000;1;3926.0000;None;42400.0000
26036;2023-01-03 13:51:08.520000;1;100848;1;1;27800.0000;1;8130.0000;None;87800.0000
26011;2023-01-03 10:53:53.107000;1;100848;1;1;27800.0000;1;3296.0000;None;35600.0000
7382;2023-01-03 12:54:48.817000;1;100848;1;1;27800.0000;1;9074.0000;None;98000.0000
26026;2023-01-03 12:46:23.747000;1;100851;1;2;45600.0000;1;9833.0000;None;106200.0000
26053;2023-01-03 15:51:30.467000;1;100851;1;1;22800.0000;1;3556.0000;None;38400.0000
26025;2023-01-03 12:47:09.600000;1;100852;1;1;25800.0000;1;None;None;32600.0000
26032;2023-01-03 13:29:07.877000;1;100852;1;1;25800.0000;1;6222.0000;None;67200.0000
26031;2023-01-03 13:07:22.457000;1;100853;1;1;27800.0000;1;3111.0000;None;33600.0000
7377;2023-01-03 12:23:18.600000;1;100853;1;2;55600.0000;1;6222.0000;None;67200.0000
26061;2023-01-03 16:46:55.467000;1;100853;1;1;27800.0000;1;3648.0000;None;39400.0000
7403;2023-01-03 15:04:52.823000;1;100853;1;1;27800.0000;1;7870.0000;None;85000.0000
26041;2023-01-03 14:44:13.053000;1;100853;1;1;27800.0000;1;13093.0000;None;141400.0000
26013;2023-01-03 11:03:12.457000;1;100854;1;1;25800.0000;1;3111.0000;None;33600.0000
26041;2023-01-03 14:44:13.053000;1;100855;1;1;27800.0000;1;13093.0000;None;141400.0000
7395;2023-01-03 14:14:29.247000;1;100855;1;1;27800.0000;1;6222.0000;None;67200.0000
26019;2023-01-03 12:34:56.760000;1;100858;1;1;13800.0000;1;12667.0000;None;136800.0000
17652;2023-01-03 15:57:44.740000;1;100860;1;1;14500.0000;1;None;None;16000.0000
17656;2023-01-03 17:42:51.597000;1;100860;1;1;14500.0000;1;None;None;14500.0000
26028;2023-01-03 13:16:32.813000;1;100862;1;1;26800.0000;1;25408.0000;None;274400.0000
7391;2023-01-03 13:38:12.853000;1;100862;1;1;26800.0000;1;8241.0000;None;89000.0000
26073;2023-01-03 18:35:49.747000;1;100974;1;1;17800.0000;1;16111.0000;None;174000.0000
26028;2023-01-03 12:51:10.433000;1;100974;1;1;17800.0000;1;25408.0000;None;274400.0000
17650;2023-01-03 13:42:54.647000;1;100974;1;1;18700.0000;1;None;None;29000.0000
26014;2023-01-03 11:21:44.037000;1;100974;1;2;35600.0000;1;9111.0000;None;98400.0000
26012;2023-01-03 10:56:36.900000;1;100974;1;2;35600.0000;1;None;None;57200.0000
7399;2023-01-03 14:24:57.120000;1;100974;1;2;35600.0000;1;9185.0000;None;99200.0000
26062;2023-01-03 17:02:25.160000;1;100995;1;2;21600.0000;1;3963.0000;None;42800.0000
26020;2023-01-03 11:49:57.547000;1;100995;1;1;10800.0000;1;1537.0000;None;16600.0000
26015;2023-01-03 11:18:23.903000;1;100995;1;1;10800.0000;1;7370.0000;None;79600.0000
26010;2023-01-03 10:46:59.557000;3;100999;1;2;11600.0000;1;5444.0000;None;58800.0000
26015;2023-01-03 11:18:23.903000;3;100999;1;1;5800.0000;1;7370.0000;None;79600.0000
7406;2023-01-03 15:48:36.267000;3;100999;1;2;11600.0000;1;17500.0000;None;189000.0000
26040;2023-01-03 14:22:45.247000;3;100999;1;1;5800.0000;1;18167.0000;None;196200.0000
26021;2023-01-03 11:53:57.043000;1;101029;1;1;9800.0000;1;1537.0000;None;16600.0000
26022;2023-01-03 12:12:27.347000;6;101061;1;1;0.0000;1;13370.0000;None;144400.0000
26018;2023-01-03 11:45:42.290000;6;101061;1;1;0.0000;1;12333.0000;None;133200.0000
26023;2023-01-03 12:21:12.280000;6;101061;1;1;0.0000;1;10537.0000;None;113800.0000
7381;2023-01-03 12:38:23.887000;6;101061;1;1;0.0000;1;10444.0000;None;112800.0000
7379;2023-01-03 12:30:12.983000;6;101061;1;1;0.0000;1;3296.0000;None;35600.0000
7380;2023-01-03 12:32:34.253000;6;101061;1;1;0.0000;1;7704.0000;None;83200.0000
26027;2023-01-03 12:39:48.573000;6;101061;1;1;0.0000;1;11889.0000;None;128400.0000
26026;2023-01-03 12:46:23.747000;6;101061;1;1;0.0000;1;9833.0000;None;106200.0000
26026;2023-01-03 12:46:23.747000;6;101061;1;1;0.0000;1;9833.0000;None;106200.0000
7391;2023-01-03 13:38:12.853000;6;101061;1;1;0.0000;1;8241.0000;None;89000.0000
26033;2023-01-03 13:39:50.350000;6;101061;1;1;None;1;10500.0000;None;113400.0000
26033;2023-01-03 13:39:50.350000;6;101061;1;1;None;1;10500.0000;None;113400.0000
7392;2023-01-03 13:46:49.607000;6;101061;1;1;0.0000;1;8741.0000;None;94400.0000
26036;2023-01-03 13:51:08.520000;6;101061;1;1;0.0000;1;8130.0000;None;87800.0000
26035;2023-01-03 13:44:44.537000;6;101061;1;1;0.0000;1;12750.0000;None;137700.0000
26035;2023-01-03 13:44:44.537000;6;101061;1;1;0.0000;1;12750.0000;None;137700.0000
26035;2023-01-03 13:44:44.537000;6;101061;1;1;0.0000;1;12750.0000;None;137700.0000
26038;2023-01-03 14:15:53.760000;6;101061;1;1;0.0000;1;13741.0000;None;148400.0000
26037;2023-01-03 14:03:16.343000;6;101061;1;1;0.0000;1;14778.0000;None;159600.0000
26037;2023-01-03 14:03:16.343000;6;101061;1;1;0.0000;1;14778.0000;None;159600.0000
7394;2023-01-03 14:01:56.213000;6;101061;1;1;0.0000;1;9074.0000;None;98000.0000
7393;2023-01-03 13:58:57.910000;6;101061;1;1;0.0000;1;6741.0000;None;72800.0000
7384;2023-01-03 12:48:42.347000;6;101061;1;1;0.0000;1;8796.0000;None;95000.0000
7382;2023-01-03 12:54:48.817000;6;101061;1;1;0.0000;1;9074.0000;None;98000.0000
26028;2023-01-03 13:16:32.813000;6;101061;1;1;0.0000;1;25408.0000;None;274400.0000
26028;2023-01-03 13:16:32.813000;6;101061;1;1;0.0000;1;25408.0000;None;274400.0000
26031;2023-01-03 13:07:22.457000;6;101061;1;1;0.0000;1;3111.0000;None;33600.0000
26031;2023-01-03 13:07:22.457000;6;101061;1;1;0.0000;1;3111.0000;None;33600.0000
26030;2023-01-03 13:06:23.217000;6;101061;1;1;0.0000;1;6130.0000;None;66200.0000
7387;2023-01-03 12:57:04.430000;6;101061;1;1;0.0000;1;4852.0000;None;52400.0000
26029;2023-01-03 12:55:19.277000;6;101061;1;1;0.0000;1;3389.0000;None;36600.0000
26029;2023-01-03 12:55:19.277000;6;101061;1;1;0.0000;1;3389.0000;None;36600.0000
7385;2023-01-03 12:28:36.470000;6;101061;1;1;0.0000;1;10796.0000;None;116600.0000
7385;2023-01-03 12:28:36.470000;6;101061;1;1;0.0000;1;10796.0000;None;116600.0000
7390;2023-01-03 13:35:01.697000;6;101061;1;1;0.0000;1;5463.0000;None;59000.0000
7388;2023-01-03 13:28:49.390000;6;101061;1;1;0.0000;1;14426.0000;None;155800.0000
26032;2023-01-03 13:29:07.877000;6;101061;1;1;0.0000;1;6222.0000;None;67200.0000
26040;2023-01-03 14:22:45.247000;6;101061;1;1;0.0000;1;18167.0000;None;196200.0000
26040;2023-01-03 14:22:45.247000;6;101061;1;1;0.0000;1;18167.0000;None;196200.0000
26040;2023-01-03 14:22:45.247000;6;101061;1;1;0.0000;1;18167.0000;None;196200.0000
26040;2023-01-03 14:22:45.247000;6;101061;1;1;0.0000;1;18167.0000;None;196200.0000
26039;2023-01-03 14:16:35.360000;6;101061;1;1;0.0000;1;12222.0000;None;132000.0000
26039;2023-01-03 14:16:35.360000;6;101061;1;1;0.0000;1;12222.0000;None;132000.0000
7397;2023-01-03 14:16:20.527000;6;101061;1;1;0.0000;1;6222.0000;None;67200.0000
7395;2023-01-03 14:14:29.247000;6;101061;1;1;0.0000;1;6222.0000;None;67200.0000
26041;2023-01-03 14:44:13.053000;6;101061;1;1;0.0000;1;13093.0000;None;141400.0000
26041;2023-01-03 14:44:13.053000;6;101061;1;1;0.0000;1;13093.0000;None;141400.0000
7400;2023-01-03 14:39:18.637000;6;101061;1;1;0.0000;1;10204.0000;None;110200.0000
7399;2023-01-03 14:24:57.120000;6;101061;1;1;0.0000;1;9185.0000;None;99200.0000
26042;2023-01-03 14:44:41.170000;6;101061;1;1;0.0000;1;3944.0000;None;42600.0000
26042;2023-01-03 14:44:41.170000;6;101061;1;1;0.0000;1;3944.0000;None;42600.0000
7403;2023-01-03 15:04:52.823000;6;101061;1;1;0.0000;1;7870.0000;None;85000.0000
26046;2023-01-03 15:06:42.573000;6;101061;1;1;0.0000;1;17222.0000;None;186000.0000
26046;2023-01-03 15:06:42.573000;6;101061;1;1;0.0000;1;17222.0000;None;186000.0000
7402;2023-01-03 14:59:20.877000;6;101061;1;1;0.0000;1;3926.0000;None;42400.0000
26045;2023-01-03 15:03:13.237000;6;101061;1;1;0.0000;1;12370.0000;None;133600.0000
7401;2023-01-03 14:55:33.090000;6;101061;1;1;0.0000;1;9898.0000;None;106900.0000
26047;2023-01-03 15:27:03.847000;6;101061;1;1;0.0000;1;10556.0000;None;114000.0000
26047;2023-01-03 15:27:03.847000;6;101061;1;1;0.0000;1;10556.0000;None;114000.0000
7406;2023-01-03 15:48:36.267000;6;101061;1;1;0.0000;1;17500.0000;None;189000.0000
7405;2023-01-03 15:21:32.040000;6;101061;1;1;0.0000;1;10741.0000;None;116000.0000
7408;2023-01-03 15:53:55.907000;6;101061;1;1;0.0000;1;7056.0000;None;76200.0000
26056;2023-01-03 16:23:10.247000;6;101061;1;1;0.0000;1;10759.0000;None;116200.0000
26056;2023-01-03 16:23:10.247000;6;101061;1;1;0.0000;1;10759.0000;None;116200.0000
26055;2023-01-03 16:21:40.030000;6;101061;1;1;0.0000;1;None;None;64000.0000
7409;2023-01-03 16:18:25.020000;6;101061;1;1;0.0000;1;None;None;73800.0000
26065;2023-01-03 17:14:57.827000;6;101061;1;1;0.0000;1;5315.0000;None;57400.0000
26065;2023-01-03 17:14:57.827000;6;101061;1;1;0.0000;1;5315.0000;None;57400.0000
26061;2023-01-03 16:46:55.467000;6;101061;1;1;0.0000;1;3648.0000;None;39400.0000
26059;2023-01-03 16:42:11.493000;6;101061;1;1;0.0000;1;4037.0000;None;43600.0000
26068;2023-01-03 17:38:24.123000;6;101061;1;1;0.0000;1;4500.0000;None;48600.0000
26067;2023-01-03 17:33:32.313000;6;101061;1;1;0.0000;1;7639.0000;None;82500.0000
26067;2023-01-03 17:33:32.313000;6;101061;1;1;0.0000;1;7639.0000;None;82500.0000
26066;2023-01-03 17:23:50.850000;6;101061;1;1;0.0000;1;None;12574.0000;271600.0000
26066;2023-01-03 17:23:50.850000;6;101061;1;1;0.0000;1;None;12574.0000;271600.0000
26076;2023-01-03 19:08:15.927000;6;101061;1;1;0.0000;1;15056.0000;None;162600.0000
26075;2023-01-03 19:12:36.757000;6;101061;1;1;0.0000;1;13722.0000;None;148200.0000
26069;2023-01-03 17:49:51.367000;6;101061;1;1;0.0000;1;19370.0000;None;209200.0000
26069;2023-01-03 17:49:51.367000;6;101061;1;1;0.0000;1;19370.0000;None;209200.0000
26074;2023-01-03 18:33:02.240000;1;101073;1;1;69800.0000;1;10944.0000;None;118200.0000
26037;2023-01-03 14:03:16.343000;1;101073;1;1;69800.0000;1;14778.0000;None;159600.0000
26070;2023-01-03 18:21:13.510000;1;101114;1;1;11800.0000;1;8611.0000;None;93000.0000
26023;2023-01-03 13:02:12.803000;1;101114;1;1;11800.0000;1;10537.0000;None;113800.0000
26049;2023-01-03 15:22:37.257000;1;101212;1;1;25800.0000;1;12426.0000;None;134200.0000
26040;2023-01-03 14:22:45.247000;1;101244;1;1;29800.0000;1;18167.0000;None;196200.0000
26072;2023-01-03 18:26:11.003000;1;101244;1;1;29800.0000;1;18148.0000;None;196000.0000
26072;2023-01-03 18:26:11.003000;1;101270;1;1;0.0000;1;18148.0000;None;196000.0000
26073;2023-01-03 18:35:49.747000;1;101270;1;1;0.0000;1;16111.0000;None;174000.0000
26073;2023-01-03 18:35:49.747000;1;101270;1;1;0.0000;1;16111.0000;None;174000.0000
26038;2023-01-03 14:15:53.760000;1;101270;1;1;0.0000;1;13741.0000;None;148400.0000
26038;2023-01-03 14:15:53.760000;1;101270;1;1;0.0000;1;13741.0000;None;148400.0000
26047;2023-01-03 15:17:48.483000;1;101270;1;1;0.0000;1;10556.0000;None;114000.0000
26066;2023-01-03 18:37:17.890000;1;101270;1;1;0.0000;1;None;12574.0000;271600.0000
26066;2023-01-03 18:37:17.890000;1;101270;1;1;0.0000;1;None;12574.0000;271600.0000
26060;2023-01-03 16:46:18.960000;1;101270;1;1;0.0000;1;4278.0000;None;46200.0000
26065;2023-01-03 17:14:57.827000;1;101270;1;1;0.0000;1;5315.0000;None;57400.0000
7405;2023-01-03 15:21:32.040000;1;101270;1;1;0.0000;1;10741.0000;None;116000.0000
26023;2023-01-03 12:21:12.280000;1;101270;1;1;0.0000;1;10537.0000;None;113800.0000
26022;2023-01-03 12:12:27.347000;1;101270;1;1;0.0000;1;13370.0000;None;144400.0000
7379;2023-01-03 12:31:13.193000;1;101270;1;1;0.0000;1;3296.0000;None;35600.0000
26017;2023-01-03 11:42:47.060000;1;101270;1;1;0.0000;1;2315.0000;None;25000.0000
26022;2023-01-03 12:12:27.347000;1;101270;1;1;0.0000;1;13370.0000;None;144400.0000
26019;2023-01-03 12:34:56.760000;1;101270;1;1;0.0000;1;12667.0000;None;136800.0000
7393;2023-01-03 13:58:57.910000;1;101270;1;1;0.0000;1;6741.0000;None;72800.0000
7393;2023-01-03 13:58:57.910000;1;101270;1;1;0.0000;1;6741.0000;None;72800.0000
26035;2023-01-03 14:18:07.480000;1;101270;1;1;0.0000;1;12750.0000;None;137700.0000
26031;2023-01-03 13:07:22.457000;1;101270;1;1;0.0000;1;3111.0000;None;33600.0000
26019;2023-01-03 12:34:56.760000;1;101330;1;1;23800.0000;1;12667.0000;None;136800.0000
26066;2023-01-03 17:22:08.203000;1;101330;1;1;23800.0000;1;None;12574.0000;271600.0000
26043;2023-01-03 14:48:50.470000;3;101332;1;1;10800.0000;1;None;None;27200.0000
26074;2023-01-03 18:33:02.240000;1;101433;1;1;0.0000;1;10944.0000;None;118200.0000
26076;2023-01-03 19:08:15.927000;1;101433;1;1;0.0000;1;15056.0000;None;162600.0000
7400;2023-01-03 14:39:18.637000;1;101433;1;1;0.0000;1;10204.0000;None;110200.0000
26039;2023-01-03 14:16:35.360000;1;101433;1;1;0.0000;1;12222.0000;None;132000.0000
26039;2023-01-03 14:16:35.360000;1;101433;1;1;0.0000;1;12222.0000;None;132000.0000
26040;2023-01-03 14:22:45.247000;1;101433;1;1;0.0000;1;18167.0000;None;196200.0000
26066;2023-01-03 17:23:50.850000;1;101433;1;1;0.0000;1;None;12574.0000;271600.0000
26065;2023-01-03 17:14:57.827000;1;101433;1;1;0.0000;1;5315.0000;None;57400.0000
7405;2023-01-03 15:21:32.040000;1;101433;1;1;0.0000;1;10741.0000;None;116000.0000
7408;2023-01-03 15:53:55.907000;1;101433;1;1;0.0000;1;7056.0000;None;76200.0000
7381;2023-01-03 12:38:23.887000;1;101433;1;1;0.0000;1;10444.0000;None;112800.0000
26027;2023-01-03 12:56:27.950000;1;101433;1;1;0.0000;1;11889.0000;None;128400.0000
7388;2023-01-03 13:28:49.390000;1;101433;1;1;0.0000;1;14426.0000;None;155800.0000
26035;2023-01-03 13:44:44.537000;1;101433;1;1;0.0000;1;12750.0000;None;137700.0000
26033;2023-01-03 13:39:50.350000;1;101433;1;1;None;1;10500.0000;None;113400.0000
26035;2023-01-03 13:44:44.537000;1;101433;1;1;0.0000;1;12750.0000;None;137700.0000
7394;2023-01-03 14:01:56.213000;1;101433;1;1;0.0000;1;9074.0000;None;98000.0000
7394;2023-01-03 14:01:56.213000;1;101433;1;1;0.0000;1;9074.0000;None;98000.0000
7392;2023-01-03 13:46:49.607000;1;101433;1;1;0.0000;1;8741.0000;None;94400.0000
26037;2023-01-03 14:03:16.343000;1;101433;1;1;0.0000;1;14778.0000;None;159600.0000
26035;2023-01-03 13:44:44.537000;1;101520;1;1;0.0000;1;12750.0000;None;137700.0000
7388;2023-01-03 13:28:49.390000;1;101520;1;1;0.0000;1;14426.0000;None;155800.0000
7381;2023-01-03 12:38:23.887000;1;101520;1;1;0.0000;1;10444.0000;None;112800.0000
7400;2023-01-03 14:39:18.637000;1;101520;1;1;0.0000;1;10204.0000;None;110200.0000
26076;2023-01-03 19:08:15.927000;1;101522;1;1;0.0000;1;15056.0000;None;162600.0000
26075;2023-01-03 19:12:36.757000;1;101522;2;1;0.0000;1;13722.0000;None;148200.0000
26073;2023-01-03 18:27:10.933000;1;101522;2;1;0.0000;1;16111.0000;None;174000.0000
26073;2023-01-03 18:35:49.747000;1;101522;2;1;0.0000;1;16111.0000;None;174000.0000
26072;2023-01-03 18:26:11.003000;1;101522;2;1;0.0000;1;18148.0000;None;196000.0000
26070;2023-01-03 17:54:35.283000;1;101522;1;1;0.0000;1;8611.0000;None;93000.0000
26069;2023-01-03 17:49:51.367000;1;101522;2;1;0.0000;1;19370.0000;None;209200.0000
7400;2023-01-03 14:39:18.637000;1;101522;1;1;0.0000;1;10204.0000;None;110200.0000
26042;2023-01-03 14:44:41.170000;1;101522;1;1;0.0000;1;3944.0000;None;42600.0000
26047;2023-01-03 15:27:03.847000;1;101522;2;1;0.0000;1;10556.0000;None;114000.0000
26045;2023-01-03 15:03:13.237000;1;101522;2;1;0.0000;1;12370.0000;None;133600.0000
7408;2023-01-03 15:53:55.907000;1;101522;1;1;0.0000;1;7056.0000;None;76200.0000
26055;2023-01-03 16:21:40.030000;1;101522;1;1;0.0000;1;None;None;64000.0000
7405;2023-01-03 15:21:32.040000;1;101522;1;1;0.0000;1;10741.0000;None;116000.0000
7406;2023-01-03 15:48:36.267000;1;101522;2;1;0.0000;1;17500.0000;None;189000.0000
7406;2023-01-03 15:48:36.267000;1;101522;2;1;0.0000;1;17500.0000;None;189000.0000
26066;2023-01-03 17:23:50.850000;1;101522;1;1;0.0000;1;None;12574.0000;271600.0000
26066;2023-01-03 17:23:50.850000;1;101522;1;1;0.0000;1;None;12574.0000;271600.0000
26067;2023-01-03 17:33:32.313000;1;101522;2;1;0.0000;1;7639.0000;None;82500.0000
26027;2023-01-03 12:56:27.950000;1;101522;1;1;0.0000;1;11889.0000;None;128400.0000
26023;2023-01-03 12:21:12.280000;1;101522;1;1;0.0000;1;10537.0000;None;113800.0000
26018;2023-01-03 11:45:42.290000;1;101522;2;1;0.0000;1;12333.0000;None;133200.0000
26014;2023-01-03 11:21:44.037000;1;101522;2;1;0.0000;1;9111.0000;None;98400.0000
17647;2023-01-03 13:25:20.600000;1;101522;2;1;0.0000;1;None;None;103500.0000
7388;2023-01-03 13:28:49.390000;1;101522;1;1;0.0000;1;14426.0000;None;155800.0000
7390;2023-01-03 13:35:01.697000;1;101522;1;1;0.0000;1;5463.0000;None;59000.0000
26033;2023-01-03 13:39:50.350000;1;101522;2;1;None;1;10500.0000;None;113400.0000
7392;2023-01-03 13:46:49.607000;1;101522;2;1;0.0000;1;8741.0000;None;94400.0000
26037;2023-01-03 14:03:16.297000;1;101522;1;1;0.0000;1;14778.0000;None;159600.0000
26038;2023-01-03 14:15:53.760000;1;101522;1;1;0.0000;1;13741.0000;None;148400.0000
7394;2023-01-03 14:01:56.213000;1;101522;1;1;0.0000;1;9074.0000;None;98000.0000
7394;2023-01-03 14:01:56.213000;1;101552;1;1;0.0000;1;9074.0000;None;98000.0000
7392;2023-01-03 13:46:49.607000;1;101552;1;1;0.0000;1;8741.0000;None;94400.0000
26027;2023-01-03 12:39:48.573000;1;101552;1;1;0.0000;1;11889.0000;None;128400.0000
7406;2023-01-03 15:48:36.267000;1;101552;1;1;0.0000;1;17500.0000;None;189000.0000
26045;2023-01-03 15:03:13.237000;1;101552;1;1;0.0000;1;12370.0000;None;133600.0000
26040;2023-01-03 14:22:45.247000;1;101552;1;1;0.0000;1;18167.0000;None;196200.0000
26039;2023-01-03 14:16:35.360000;1;101552;1;1;0.0000;1;12222.0000;None;132000.0000
26039;2023-01-03 14:16:35.360000;1;101552;1;1;0.0000;1;12222.0000;None;132000.0000
26073;2023-01-03 18:35:49.747000;6;101561;1;1;0.0000;1;16111.0000;None;174000.0000
26075;2023-01-03 19:12:36.757000;6;101561;1;1;0.0000;1;13722.0000;None;148200.0000
26049;2023-01-03 15:22:37.257000;6;101561;1;1;0.0000;1;12426.0000;None;134200.0000
26051;2023-01-03 15:57:54.763000;6;101561;1;1;0.0000;1;5611.0000;None;60600.0000
7400;2023-01-03 14:39:18.637000;6;101589;1;1;0.0000;1;10204.0000;None;110200.0000
7403;2023-01-03 15:09:12.323000;1;101954;1;-1;-18800.0000;1;7870.0000;None;85000.0000
7403;2023-01-03 15:04:52.823000;1;101954;1;1;18800.0000;1;7870.0000;None;85000.0000
26022;2023-01-03 12:12:27.347000;1;101954;1;1;18800.0000;1;13370.0000;None;144400.0000
17647;2023-01-03 13:25:20.600000;1;101954;1;1;19800.0000;1;None;None;103500.0000
7385;2023-01-03 12:28:36.470000;1;101954;1;1;18800.0000;1;10796.0000;None;116600.0000
7393;2023-01-03 13:58:57.910000;1;102003;1;2;9600.0000;1;6741.0000;None;72800.0000
26017;2023-01-03 11:42:47.060000;1;102003;1;2;9600.0000;1;2315.0000;None;25000.0000
26025;2023-01-03 12:31:27.453000;1;102003;1;1;4800.0000;1;None;None;32600.0000
26025;2023-01-03 12:42:58.263000;1;102003;1;-1;-4800.0000;1;None;None;32600.0000
26025;2023-01-03 12:42:58.263000;1;102003;1;-1;-4800.0000;1;None;None;32600.0000
26025;2023-01-03 12:28:03.347000;1;102003;1;1;4800.0000;1;None;None;32600.0000
26026;2023-01-03 12:39:10.830000;1;102003;1;3;14400.0000;1;9833.0000;None;106200.0000
26043;2023-01-03 14:48:50.470000;1;102003;1;1;4800.0000;1;None;None;27200.0000
26074;2023-01-03 18:33:02.240000;1;102042;1;1;36800.0000;1;10944.0000;None;118200.0000
26071;2023-01-03 18:05:41.857000;1;102042;1;1;36800.0000;1;5037.0000;None;54400.0000
7381;2023-01-03 13:14:23.480000;3;102102;1;1;9800.0000;1;10444.0000;None;112800.0000
26035;2023-01-03 13:44:44.537000;1;102132;1;1;6800.0000;1;12750.0000;None;137700.0000
17651;2023-01-03 15:11:33.477000;1;102133;1;1;1000.0000;1;None;None;51000.0000
26066;2023-01-03 17:23:50.850000;1;102141;1;1;3800.0000;1;None;12574.0000;271600.0000
26036;2023-01-03 13:51:08.520000;1;102141;1;1;3800.0000;1;8130.0000;None;87800.0000
26037;2023-01-03 14:33:20.863000;1;102141;1;1;3800.0000;1;14778.0000;None;159600.0000
26076;2023-01-03 19:29:18.837000;1;102141;1;2;7600.0000;1;15056.0000;None;162600.0000
7401;2023-01-03 14:55:33.090000;1;102163;1;1;4800.0000;1;9898.0000;None;106900.0000
26027;2023-01-03 12:39:48.573000;1;102172;1;1;4800.0000;1;11889.0000;None;128400.0000
26027;2023-01-03 13:05:56.930000;1;102172;1;1;4800.0000;1;11889.0000;None;128400.0000
26070;2023-01-03 17:54:35.283000;1;102172;1;1;4800.0000;1;8611.0000;None;93000.0000
17651;2023-01-03 15:11:33.477000;1;102179;1;1;1800.0000;1;None;None;51000.0000
26023;2023-01-03 13:02:12.803000;1;102187;1;1;2800.0000;1;10537.0000;None;113800.0000
26071;2023-01-03 18:05:41.857000;1;102228;1;1;10800.0000;1;5037.0000;None;54400.0000
26037;2023-01-03 14:03:16.343000;1;102228;1;1;10800.0000;1;14778.0000;None;159600.0000
7385;2023-01-03 12:28:36.470000;1;102228;1;1;10800.0000;1;10796.0000;None;116600.0000
7387;2023-01-03 12:57:04.430000;1;102228;1;1;10800.0000;1;4852.0000;None;52400.0000
26030;2023-01-03 13:06:23.217000;1;102228;1;1;10800.0000;1;6130.0000;None;66200.0000
26028;2023-01-03 12:51:10.433000;1;102228;1;1;10800.0000;1;25408.0000;None;274400.0000
7391;2023-01-03 13:38:12.853000;1;102228;1;1;10800.0000;1;8241.0000;None;89000.0000
7399;2023-01-03 14:24:57.120000;1;102228;1;1;10800.0000;1;9185.0000;None;99200.0000
26067;2023-01-03 17:33:32.313000;1;102228;1;1;10800.0000;1;7639.0000;None;82500.0000
17646;2023-01-03 13:16:49.193000;1;102238;1;1;2500.0000;1;None;None;46200.0000
26035;2023-01-03 13:44:44.537000;1;102238;1;1;2500.0000;1;12750.0000;None;137700.0000
26069;2023-01-03 17:40:10.520000;1;102239;1;1;5800.0000;1;19370.0000;None;209200.0000
17652;2023-01-03 15:57:44.740000;1;102286;1;1;1500.0000;1;None;None;16000.0000
7401;2023-01-03 14:55:33.090000;1;102286;1;1;1500.0000;1;9898.0000;None;106900.0000
17651;2023-01-03 15:11:33.477000;1;102315;1;1;1500.0000;1;None;None;51000.0000
26067;2023-01-03 17:33:32.313000;1;102315;1;1;1500.0000;1;7639.0000;None;82500.0000
26023;2023-01-03 12:21:12.280000;3;102402;1;1;7800.0000;1;10537.0000;None;113800.0000
26014;2023-01-03 11:21:44.037000;1;102474;1;1;28800.0000;1;9111.0000;None;98400.0000
26047;2023-01-03 15:27:03.847000;1;102474;1;1;28800.0000;1;10556.0000;None;114000.0000
26069;2023-01-03 17:49:51.367000;1;102487;1;1;32800.0000;1;19370.0000;None;209200.0000
26073;2023-01-03 18:27:10.933000;1;102496;1;1;37800.0000;1;16111.0000;None;174000.0000
26067;2023-01-03 17:33:32.313000;1;102498;1;1;32800.0000;1;7639.0000;None;82500.0000
26018;2023-01-03 11:45:42.290000;1;102501;1;1;38800.0000;1;12333.0000;None;133200.0000
26075;2023-01-03 19:12:36.757000;1;102501;1;1;38800.0000;1;13722.0000;None;148200.0000
7406;2023-01-03 15:48:36.267000;1;102504;1;1;33800.0000;1;17500.0000;None;189000.0000
7406;2023-01-03 15:48:36.267000;1;102505;1;1;39800.0000;1;17500.0000;None;189000.0000
26033;2023-01-03 13:39:50.350000;1;102505;1;1;39800.0000;1;10500.0000;None;113400.0000
26015;2023-01-03 11:18:23.903000;1;102561;1;1;9800.0000;1;7370.0000;None;79600.0000
26014;2023-01-03 11:17:08.453000;1;102561;1;1;9800.0000;1;9111.0000;None;98400.0000
26026;2023-01-03 12:46:23.747000;3;102616;1;1;5800.0000;1;9833.0000;None;106200.0000
26033;2023-01-03 13:39:50.350000;3;102616;1;1;5800.0000;1;10500.0000;None;113400.0000
7388;2023-01-03 13:28:49.390000;3;102616;1;1;5800.0000;1;14426.0000;None;155800.0000
26072;2023-01-03 18:26:11.003000;3;102619;1;2;13600.0000;1;18148.0000;None;196000.0000
26021;2023-01-03 11:53:57.043000;3;102619;1;1;6800.0000;1;1537.0000;None;16600.0000
26066;2023-01-03 17:22:08.203000;3;102619;1;1;6800.0000;1;None;12574.0000;271600.0000
26075;2023-01-03 18:58:39.287000;3;102635;1;1;7800.0000;1;13722.0000;None;148200.0000
26058;2023-01-03 16:25:59.667000;3;102635;1;1;7800.0000;1;6241.0000;None;67400.0000
26053;2023-01-03 15:51:30.467000;3;102635;1;2;15600.0000;1;3556.0000;None;38400.0000
26047;2023-01-03 15:17:48.483000;3;102635;1;1;7800.0000;1;10556.0000;None;114000.0000
7402;2023-01-03 14:59:20.877000;3;102635;1;1;7800.0000;1;3926.0000;None;42400.0000
7399;2023-01-03 14:24:57.120000;3;102635;1;1;7800.0000;1;9185.0000;None;99200.0000
7399;2023-01-03 15:46:11.943000;3;102635;1;1;7800.0000;1;9185.0000;None;99200.0000
26019;2023-01-03 12:34:56.760000;3;102635;1;1;7800.0000;1;12667.0000;None;136800.0000
26014;2023-01-03 11:17:08.453000;3;102635;1;1;7800.0000;1;9111.0000;None;98400.0000
26013;2023-01-03 11:03:12.457000;3;102635;1;1;7800.0000;1;3111.0000;None;33600.0000
26011;2023-01-03 10:53:53.107000;3;102635;1;1;7800.0000;1;3296.0000;None;35600.0000
26027;2023-01-03 12:39:48.573000;3;102635;1;1;7800.0000;1;11889.0000;None;128400.0000
26032;2023-01-03 13:39:07.580000;3;102635;1;1;7800.0000;1;6222.0000;None;67200.0000
26032;2023-01-03 13:25:16.227000;3;102635;1;1;7800.0000;1;6222.0000;None;67200.0000
7384;2023-01-03 12:48:42.347000;3;102635;1;1;7800.0000;1;8796.0000;None;95000.0000
26028;2023-01-03 13:16:32.813000;3;102635;1;2;15600.0000;1;25408.0000;None;274400.0000
26036;2023-01-03 13:45:40.610000;3;102635;1;1;7800.0000;1;8130.0000;None;87800.0000
7394;2023-01-03 14:01:56.213000;3;102637;1;2;19600.0000;1;9074.0000;None;98000.0000
7379;2023-01-03 12:31:13.193000;3;102637;1;-1;-9800.0000;1;3296.0000;None;35600.0000
7379;2023-01-03 12:30:12.983000;3;102637;1;1;9800.0000;1;3296.0000;None;35600.0000
26042;2023-01-03 14:44:41.170000;3;102637;1;1;9800.0000;1;3944.0000;None;42600.0000
7401;2023-01-03 14:55:33.090000;3;102637;1;1;9800.0000;1;9898.0000;None;106900.0000
7388;2023-01-03 13:28:49.390000;3;102639;1;1;9800.0000;1;14426.0000;None;155800.0000
7391;2023-01-03 13:38:12.853000;3;102640;1;2;21600.0000;1;8241.0000;None;89000.0000
26052;2023-01-03 15:47:15.063000;3;102641;1;1;10800.0000;1;8463.0000;None;91400.0000
7408;2023-01-03 15:53:55.907000;3;102644;1;1;5800.0000;1;7056.0000;None;76200.0000
26066;2023-01-03 17:22:08.203000;3;102644;1;1;5800.0000;1;None;12574.0000;271600.0000
26062;2023-01-03 17:02:25.160000;3;102644;1;1;5800.0000;1;3963.0000;None;42800.0000
26041;2023-01-03 15:07:06.527000;3;102645;1;1;6800.0000;1;13093.0000;None;141400.0000
26075;2023-01-03 19:12:36.757000;3;102649;1;1;4800.0000;1;13722.0000;None;148200.0000
7403;2023-01-03 15:04:52.823000;3;102651;1;1;8800.0000;1;7870.0000;None;85000.0000
26028;2023-01-03 13:16:32.813000;3;102651;1;1;8800.0000;1;25408.0000;None;274400.0000
7401;2023-01-03 14:55:33.090000;1;102666;1;1;31800.0000;1;9898.0000;None;106900.0000
26024;2023-01-03 12:23:23.383000;1;102668;1;1;35800.0000;1;None;None;35800.0000
26019;2023-01-03 12:34:56.760000;1;102668;1;1;35800.0000;1;12667.0000;None;136800.0000
7382;2023-01-03 12:54:48.817000;1;102671;1;1;37800.0000;1;9074.0000;None;98000.0000
7384;2023-01-03 12:48:42.347000;1;102671;1;2;75600.0000;1;8796.0000;None;95000.0000
26045;2023-01-03 15:03:13.237000;1;102671;1;1;37800.0000;1;12370.0000;None;133600.0000
26054;2023-01-03 16:12:17.533000;1;102671;1;1;37800.0000;1;4037.0000;None;43600.0000
17657;2023-01-03 17:48:21.950000;1;102672;1;1;34500.0000;1;None;None;61600.0000
26059;2023-01-03 16:42:11.493000;1;102673;1;1;35800.0000;1;4037.0000;None;43600.0000
7387;2023-01-03 12:57:04.430000;1;102673;1;1;35800.0000;1;4852.0000;None;52400.0000
17644;2023-01-03 12:09:58.013000;1;102675;1;1;29200.0000;1;None;None;63700.0000
26026;2023-01-03 12:46:23.747000;1;102676;1;1;29800.0000;1;9833.0000;None;106200.0000
17645;2023-01-03 12:27:47.547000;1;102676;1;1;31300.0000;1;None;None;31300.0000
17653;2023-01-03 16:41:53.827000;1;102676;1;1;31300.0000;1;None;None;31300.0000
17651;2023-01-03 15:11:33.477000;1;102677;1;1;34500.0000;1;None;None;51000.0000
17649;2023-01-03 13:35:12.887000;1;102677;1;1;34500.0000;1;None;None;34500.0000
7388;2023-01-03 13:28:49.390000;1;102678;1;1;35800.0000;1;14426.0000;None;155800.0000
26038;2023-01-03 14:15:53.760000;1;102678;1;1;35800.0000;1;13741.0000;None;148400.0000
26041;2023-01-03 14:44:13.053000;1;102678;1;1;35800.0000;1;13093.0000;None;141400.0000
17654;2023-01-03 16:50:31.783000;1;102679;1;1;34500.0000;1;None;None;34500.0000
17644;2023-01-03 12:09:58.013000;1;102679;1;1;34500.0000;1;None;None;63700.0000
26044;2023-01-03 14:52:46.603000;1;102680;1;1;35800.0000;1;None;None;35800.0000
26038;2023-01-03 14:15:53.760000;3;102747;1;1;4800.0000;1;13741.0000;None;148400.0000
26040;2023-01-03 14:22:45.247000;3;102747;1;1;4800.0000;1;18167.0000;None;196200.0000
26049;2023-01-03 15:22:37.257000;3;102747;1;1;4800.0000;1;12426.0000;None;134200.0000
26049;2023-01-03 15:22:37.257000;3;102747;1;1;4800.0000;1;12426.0000;None;134200.0000
26045;2023-01-03 15:03:13.237000;3;102747;1;2;9600.0000;1;12370.0000;None;133600.0000
7408;2023-01-03 15:53:55.907000;3;102747;1;1;4800.0000;1;7056.0000;None;76200.0000
7405;2023-01-03 15:21:32.040000;3;102747;1;1;4800.0000;1;10741.0000;None;116000.0000
7381;2023-01-03 12:38:23.887000;3;102747;1;2;9600.0000;1;10444.0000;None;112800.0000
7380;2023-01-03 12:32:34.253000;3;102747;1;2;9600.0000;1;7704.0000;None;83200.0000
7382;2023-01-03 12:54:48.817000;3;102747;1;1;4800.0000;1;9074.0000;None;98000.0000
26026;2023-01-03 12:46:23.747000;3;102747;1;1;4800.0000;1;9833.0000;None;106200.0000
7388;2023-01-03 13:28:49.390000;3;102747;1;1;4800.0000;1;14426.0000;None;155800.0000
7385;2023-01-03 12:28:36.470000;3;102747;1;1;4800.0000;1;10796.0000;None;116600.0000
26029;2023-01-03 12:55:19.277000;3;102747;1;1;4800.0000;1;3389.0000;None;36600.0000
26018;2023-01-03 12:13:34.473000;3;102748;1;1;14800.0000;1;12333.0000;None;133200.0000
26018;2023-01-03 12:50:49.920000;3;102748;1;1;14800.0000;1;12333.0000;None;133200.0000
7401;2023-01-03 14:55:33.090000;3;102748;1;1;14800.0000;1;9898.0000;None;106900.0000
26056;2023-01-03 16:23:10.247000;3;102749;1;1;5800.0000;1;10759.0000;None;116200.0000
26070;2023-01-03 17:54:35.283000;1;102835;1;1;10800.0000;1;8611.0000;None;93000.0000
26073;2023-01-03 18:35:49.747000;1;102835;1;1;10800.0000;1;16111.0000;None;174000.0000
7406;2023-01-03 15:48:36.267000;3;102886;1;1;5800.0000;1;17500.0000;None;189000.0000
26066;2023-01-03 17:22:08.203000;3;102887;1;1;10800.0000;1;None;12574.0000;271600.0000
26046;2023-01-03 15:06:42.573000;3;102887;1;1;10800.0000;1;17222.0000;None;186000.0000
26045;2023-01-03 15:03:13.237000;1;102904;1;1;37800.0000;1;12370.0000;None;133600.0000
26072;2023-01-03 18:26:11.003000;1;102912;1;1;19800.0000;1;18148.0000;None;196000.0000
26073;2023-01-03 18:35:49.747000;1;102913;1;1;24800.0000;1;16111.0000;None;174000.0000
26076;2023-01-03 19:08:15.927000;1;102914;1;1;23800.0000;1;15056.0000;None;162600.0000
26075;2023-01-03 19:36:25.847000;1;102960;1;1;5800.0000;1;13722.0000;None;148200.0000
26039;2023-01-03 14:16:35.360000;1;102981;1;1;34800.0000;1;12222.0000;None;132000.0000
26040;2023-01-03 14:22:45.247000;1;102982;1;1;59800.0000;1;18167.0000;None;196200.0000
7388;2023-01-03 13:28:49.390000;1;102982;1;1;59800.0000;1;14426.0000;None;155800.0000
26012;2023-01-03 10:56:36.900000;1;103131;1;2;21600.0000;1;None;None;57200.0000
7399;2023-01-03 14:24:57.120000;1;103132;1;1;8800.0000;1;9185.0000;None;99200.0000
26060;2023-01-03 16:46:18.960000;1;103166;1;1;18800.0000;1;4278.0000;None;46200.0000
26066;2023-01-03 18:16:12.390000;1;103166;1;1;18800.0000;1;None;12574.0000;271600.0000
26027;2023-01-03 13:33:24.107000;1;103166;1;1;18800.0000;1;11889.0000;None;128400.0000
26023;2023-01-03 12:21:12.280000;1;103171;1;1;28800.0000;1;10537.0000;None;113800.0000
26022;2023-01-03 12:15:28.617000;1;103171;1;1;28800.0000;1;13370.0000;None;144400.0000
17647;2023-01-03 13:25:20.600000;1;103171;1;1;30300.0000;1;None;None;103500.0000
26038;2023-01-03 14:15:53.760000;1;103171;1;1;28800.0000;1;13741.0000;None;148400.0000
26035;2023-01-03 13:44:44.537000;1;103171;1;1;28800.0000;1;12750.0000;None;137700.0000
26033;2023-01-03 13:39:50.350000;1;103171;1;1;28800.0000;1;10500.0000;None;113400.0000
7405;2023-01-03 15:21:32.040000;1;103171;1;1;28800.0000;1;10741.0000;None;116000.0000
26055;2023-01-03 16:21:40.030000;1;103171;1;1;28800.0000;1;None;None;64000.0000
7408;2023-01-03 15:53:55.907000;1;103171;1;1;28800.0000;1;7056.0000;None;76200.0000
7400;2023-01-03 14:39:18.637000;1;103171;1;1;28800.0000;1;10204.0000;None;110200.0000
7390;2023-01-03 13:35:01.697000;1;103340;1;1;29800.0000;1;5463.0000;None;59000.0000
7388;2023-01-03 13:28:49.390000;1;103342;1;1;39800.0000;1;14426.0000;None;155800.0000
26066;2023-01-03 17:23:50.850000;1;103342;1;1;39800.0000;1;None;12574.0000;271600.0000
26073;2023-01-03 19:08:56.603000;1;103372;1;1;15800.0000;1;16111.0000;None;174000.0000
26066;2023-01-03 17:23:50.850000;1;103400;1;1;7800.0000;1;None;12574.0000;271600.0000
26065;2023-01-03 17:14:57.827000;1;103400;1;1;7800.0000;1;5315.0000;None;57400.0000
17647;2023-01-03 13:25:20.600000;6;103488;1;1;0.0000;1;None;None;103500.0000
26018;2023-01-03 11:45:42.290000;6;103488;1;1;0.0000;1;12333.0000;None;133200.0000
26056;2023-01-03 16:23:10.247000;1;103515;1;2;83600.0000;1;10759.0000;None;116200.0000
26046;2023-01-03 15:06:42.573000;1;103515;1;1;41800.0000;1;17222.0000;None;186000.0000
26067;2023-01-03 17:33:32.313000;1;103642;1;1;25800.0000;1;7639.0000;None;82500.0000
26068;2023-01-03 17:38:24.123000;1;103651;1;1;42800.0000;1;4500.0000;None;48600.0000
26028;2023-01-03 13:43:01.860000;1;103651;1;2;85600.0000;1;25408.0000;None;274400.0000
26028;2023-01-03 13:16:32.813000;1;103651;1;1;42800.0000;1;25408.0000;None;274400.0000
26042;2023-01-03 14:44:41.170000;1;103700;1;1;32800.0000;1;3944.0000;None;42600.0000
26040;2023-01-03 14:22:45.247000;1;103701;1;1;34800.0000;1;18167.0000;None;196200.0000
7399;2023-01-03 14:24:57.120000;1;103750;1;1;13800.0000;1;9185.0000;None;99200.0000
26046;2023-01-03 15:06:42.573000;1;103750;1;1;13800.0000;1;17222.0000;None;186000.0000
26049;2023-01-03 15:22:37.257000;1;103750;1;1;13800.0000;1;12426.0000;None;134200.0000
7406;2023-01-03 15:48:36.267000;1;103750;1;1;13800.0000;1;17500.0000;None;189000.0000
17646;2023-01-03 13:16:49.193000;1;103750;1;1;14500.0000;1;None;None;46200.0000
26033;2023-01-03 13:39:50.350000;1;103750;1;1;13800.0000;1;10500.0000;None;113400.0000
7382;2023-01-03 12:54:48.817000;1;103750;1;1;13800.0000;1;9074.0000;None;98000.0000
26075;2023-01-03 18:57:44.870000;1;103759;1;1;10800.0000;1;13722.0000;None;148200.0000
7406;2023-01-03 15:48:36.267000;1;103759;1;1;10800.0000;1;17500.0000;None;189000.0000
26055;2023-01-03 16:21:40.030000;1;103759;1;1;10800.0000;1;None;None;64000.0000
26066;2023-01-03 17:22:08.203000;1;103759;1;1;10800.0000;1;None;12574.0000;271600.0000
26046;2023-01-03 15:06:42.573000;1;103759;1;1;10800.0000;1;17222.0000;None;186000.0000
26066;2023-01-03 17:22:08.203000;1;103771;1;1;12800.0000;1;None;12574.0000;271600.0000
26069;2023-01-03 17:49:51.367000;1;103771;1;1;12800.0000;1;19370.0000;None;209200.0000
26055;2023-01-03 16:21:40.030000;1;103771;1;1;12800.0000;1;None;None;64000.0000
26037;2023-01-03 14:03:16.297000;1;103771;1;1;12800.0000;1;14778.0000;None;159600.0000
26037;2023-01-03 14:03:16.297000;1;103771;1;1;12800.0000;1;14778.0000;None;159600.0000
7393;2023-01-03 13:58:57.910000;1;103772;1;1;17800.0000;1;6741.0000;None;72800.0000
26028;2023-01-03 13:16:32.813000;1;103772;1;1;17800.0000;1;25408.0000;None;274400.0000
26052;2023-01-03 15:47:15.063000;1;103772;1;1;17800.0000;1;8463.0000;None;91400.0000
26052;2023-01-03 15:47:15.063000;1;103773;1;1;9800.0000;1;8463.0000;None;91400.0000
7399;2023-01-03 14:24:57.120000;1;103773;1;1;9800.0000;1;9185.0000;None;99200.0000
7390;2023-01-03 13:35:01.697000;1;103773;1;2;19600.0000;1;5463.0000;None;59000.0000
17650;2023-01-03 13:42:54.647000;1;103773;1;1;10300.0000;1;None;None;29000.0000
26073;2023-01-03 18:35:49.747000;1;103773;1;1;9800.0000;1;16111.0000;None;174000.0000
7406;2023-01-03 15:48:36.267000;1;103784;1;1;29800.0000;1;17500.0000;None;189000.0000
26069;2023-01-03 17:40:10.520000;1;103784;1;1;29800.0000;1;19370.0000;None;209200.0000
26023;2023-01-03 12:21:12.280000;1;103787;1;1;56800.0000;1;10537.0000;None;113800.0000
26036;2023-01-03 13:51:08.520000;1;103790;1;1;36800.0000;1;8130.0000;None;87800.0000
7408;2023-01-03 15:53:55.907000;1;103790;1;1;36800.0000;1;7056.0000;None;76200.0000
26075;2023-01-03 19:12:36.757000;1;103790;1;1;36800.0000;1;13722.0000;None;148200.0000
26072;2023-01-03 18:26:11.003000;1;103831;1;1;38800.0000;1;18148.0000;None;196000.0000
26049;2023-01-03 15:22:37.257000;1;103831;1;1;38800.0000;1;12426.0000;None;134200.0000
7393;2023-01-03 13:58:57.910000;1;103843;1;1;33800.0000;1;6741.0000;None;72800.0000
26038;2023-01-03 14:15:53.760000;1;103843;1;1;33800.0000;1;13741.0000;None;148400.0000
7385;2023-01-03 12:28:36.470000;1;103843;1;1;33800.0000;1;10796.0000;None;116600.0000
26027;2023-01-03 12:39:48.573000;1;103955;1;1;36800.0000;1;11889.0000;None;128400.0000
7385;2023-01-03 12:28:36.470000;1;103955;1;1;36800.0000;1;10796.0000;None;116600.0000
26028;2023-01-03 13:16:32.813000;1;103955;1;1;36800.0000;1;25408.0000;None;274400.0000
7394;2023-01-03 14:01:56.213000;1;103955;1;1;36800.0000;1;9074.0000;None;98000.0000
7394;2023-01-03 14:01:56.213000;1;103955;1;1;36800.0000;1;9074.0000;None;98000.0000
26045;2023-01-03 15:03:13.237000;1;103955;1;1;36800.0000;1;12370.0000;None;133600.0000
26072;2023-01-03 18:26:11.003000;1;103955;1;1;36800.0000;1;18148.0000;None;196000.0000
26015;2023-01-03 11:18:23.903000;1;104221;1;1;14800.0000;1;7370.0000;None;79600.0000
26027;2023-01-03 12:56:27.950000;1;104293;1;1;43800.0000;1;11889.0000;None;128400.0000
7381;2023-01-03 12:38:23.887000;1;104293;1;2;87600.0000;1;10444.0000;None;112800.0000
7380;2023-01-03 12:32:34.253000;1;104293;1;1;43800.0000;1;7704.0000;None;83200.0000
26037;2023-01-03 14:03:16.297000;1;104293;1;1;43800.0000;1;14778.0000;None;159600.0000
7392;2023-01-03 13:46:49.607000;1;104293;1;1;43800.0000;1;8741.0000;None;94400.0000
26046;2023-01-03 15:06:42.573000;1;104293;1;2;87600.0000;1;17222.0000;None;186000.0000
26040;2023-01-03 14:22:45.247000;1;104293;1;1;43800.0000;1;18167.0000;None;196200.0000
26039;2023-01-03 14:16:35.360000;1;104293;1;1;43800.0000;1;12222.0000;None;132000.0000
26066;2023-01-03 17:23:50.850000;1;104293;1;1;43800.0000;1;None;12574.0000;271600.0000
26066;2023-01-03 17:23:50.850000;1;104293;1;1;43800.0000;1;None;12574.0000;271600.0000
26065;2023-01-03 17:14:57.827000;1;104293;1;1;43800.0000;1;5315.0000;None;57400.0000
26069;2023-01-03 17:49:51.367000;1;104293;1;1;43800.0000;1;19370.0000;None;209200.0000
26070;2023-01-03 17:54:35.283000;1;104294;1;1;59800.0000;1;8611.0000;None;93000.0000
26076;2023-01-03 19:08:15.927000;1;104294;1;1;59800.0000;1;15056.0000;None;162600.0000
26076;2023-01-03 19:08:15.927000;1;104294;1;1;59800.0000;1;15056.0000;None;162600.0000
26061;2023-01-03 16:46:55.467000;3;104446;1;1;5800.0000;1;3648.0000;None;39400.0000
26028;2023-01-03 12:51:10.433000;3;104446;1;1;5800.0000;1;25408.0000;None;274400.0000
7390;2023-01-03 13:35:01.697000;3;104554;1;2;9600.0000;1;5463.0000;None;59000.0000
7394;2023-01-03 14:47:42.447000;3;104554;1;1;4800.0000;1;9074.0000;None;98000.0000
7399;2023-01-03 15:46:11.943000;3;104554;1;1;4800.0000;1;9185.0000;None;99200.0000
26046;2023-01-03 15:06:42.573000;3;104554;1;2;9600.0000;1;17222.0000;None;186000.0000
26067;2023-01-03 17:33:32.313000;6;104683;1;1;0.0000;1;7639.0000;None;82500.0000
26073;2023-01-03 18:35:49.747000;6;104683;1;1;0.0000;1;16111.0000;None;174000.0000
26072;2023-01-03 18:26:11.003000;6;104683;1;1;0.0000;1;18148.0000;None;196000.0000
26072;2023-01-03 18:26:11.003000;6;104683;1;1;0.0000;1;18148.0000;None;196000.0000
26072;2023-01-03 18:26:11.003000;6;104684;1;1;0.0000;1;18148.0000;None;196000.0000
26069;2023-01-03 17:49:51.367000;6;104684;1;1;0.0000;1;19370.0000;None;209200.0000
26076;2023-01-03 19:08:15.927000;6;104684;1;1;0.0000;1;15056.0000;None;162600.0000
7405;2023-01-03 15:21:32.040000;6;104684;1;1;0.0000;1;10741.0000;None;116000.0000
26046;2023-01-03 15:06:42.573000;6;104684;1;1;0.0000;1;17222.0000;None;186000.0000
26046;2023-01-03 15:06:42.573000;6;104684;1;1;0.0000;1;17222.0000;None;186000.0000
26040;2023-01-03 14:22:45.247000;6;104684;1;1;0.0000;1;18167.0000;None;196200.0000
17647;2023-01-03 13:25:20.600000;6;104684;1;1;0.0000;1;None;None;103500.0000
26028;2023-01-03 13:16:32.813000;6;104684;1;1;0.0000;1;25408.0000;None;274400.0000
7385;2023-01-03 12:28:36.470000;6;104684;1;1;0.0000;1;10796.0000;None;116600.0000
7380;2023-01-03 12:32:34.253000;6;104684;1;1;0.0000;1;7704.0000;None;83200.0000
26022;2023-01-03 12:15:28.617000;6;104684;1;1;0.0000;1;13370.0000;None;144400.0000
26018;2023-01-03 11:45:42.290000;6;104684;1;1;0.0000;1;12333.0000;None;133200.0000
26019;2023-01-03 12:16:33.623000;1;104690;1;-1;-4800.0000;1;12667.0000;None;136800.0000
26019;2023-01-03 12:07:50.957000;1;104690;1;1;4800.0000;1;12667.0000;None;136800.0000
26017;2023-01-03 11:42:47.060000;1;104690;1;2;9600.0000;1;2315.0000;None;25000.0000
26010;2023-01-03 10:53:19.750000;1;104690;1;6;28800.0000;1;5444.0000;None;58800.0000
26014;2023-01-03 11:17:08.453000;1;104690;1;2;9600.0000;1;9111.0000;None;98400.0000
26043;2023-01-03 14:48:50.470000;1;104690;1;1;4800.0000;1;None;None;27200.0000
26052;2023-01-03 15:47:15.063000;1;104690;1;1;4800.0000;1;8463.0000;None;91400.0000
26052;2023-01-03 15:47:42.283000;1;104690;1;1;4800.0000;1;8463.0000;None;91400.0000
26051;2023-01-03 15:45:10.040000;1;104690;1;4;19200.0000;1;5611.0000;None;60600.0000
26050;2023-01-03 15:31:04.967000;1;104690;1;5;24000.0000;1;3667.0000;None;39600.0000
7409;2023-01-03 16:18:25.020000;1;104690;1;4;19200.0000;1;None;None;73800.0000
26062;2023-01-03 17:54:16.650000;1;104690;1;2;9600.0000;1;3963.0000;None;42800.0000
26064;2023-01-03 17:14:32.117000;1;104690;1;4;19200.0000;1;3593.0000;None;38800.0000
7406;2023-01-03 15:48:36.267000;1;104719;1;1;37800.0000;1;17500.0000;None;189000.0000
7400;2023-01-03 14:39:18.637000;1;104727;1;1;69800.0000;1;10204.0000;None;110200.0000
26051;2023-01-03 15:57:54.763000;1;104743;1;1;29800.0000;1;5611.0000;None;60600.0000
26037;2023-01-03 14:03:16.343000;1;105065;1;1;0.0000;1;14778.0000;None;159600.0000
26075;2023-01-03 19:12:36.757000;1;105188;1;1;31800.0000;1;13722.0000;None;148200.0000
26029;2023-01-03 12:55:19.277000;1;105188;1;1;31800.0000;1;3389.0000;None;36600.0000
26052;2023-01-03 16:17:48.370000;1;105188;1;1;31800.0000;1;8463.0000;None;91400.0000
26058;2023-01-03 16:25:59.667000;1;105188;1;1;31800.0000;1;6241.0000;None;67400.0000
26047;2023-01-03 15:27:03.847000;1;105406;1;1;27800.0000;1;10556.0000;None;114000.0000
26049;2023-01-03 15:22:37.257000;1;105406;1;1;27800.0000;1;12426.0000;None;134200.0000
26047;2023-01-03 15:27:03.847000;1;105511;1;1;43800.0000;1;10556.0000;None;114000.0000
26030;2023-01-03 13:06:23.217000;1;105511;1;1;43800.0000;1;6130.0000;None;66200.0000
26035;2023-01-03 13:44:44.537000;1;105647;1;1;64800.0000;1;12750.0000;None;137700.0000
26018;2023-01-03 11:45:42.290000;1;105647;1;1;64800.0000;1;12333.0000;None;133200.0000
7405;2023-01-03 15:21:32.040000;1;105647;1;1;64800.0000;1;10741.0000;None;116000.0000
26050;2023-01-03 15:31:04.967000;3;107198;1;1;9800.0000;1;3667.0000;None;39600.0000
26060;2023-01-03 16:46:18.960000;2;108132;1;1;15800.0000;1;4278.0000;None;46200.0000
26069;2023-01-03 17:49:51.367000;2;108132;1;1;15800.0000;1;19370.0000;None;209200.0000
26069;2023-01-03 17:49:51.367000;3;108191;1;1;0.0000;1;19370.0000;None;209200.0000
26074;2023-01-03 18:33:02.240000;3;108191;1;1;0.0000;1;10944.0000;None;118200.0000
26074;2023-01-03 18:33:02.240000;3;108191;1;1;0.0000;1;10944.0000;None;118200.0000
26054;2023-01-03 16:12:17.533000;3;108191;1;1;0.0000;1;4037.0000;None;43600.0000
26072;2023-01-03 18:26:11.003000;1;108424;1;1;39800.0000;1;18148.0000;None;196000.0000
26073;2023-01-03 18:35:49.747000;1;108424;1;1;39800.0000;1;16111.0000;None;174000.0000
17647;2023-01-03 13:25:20.600000;1;108424;1;1;41800.0000;1;None;None;103500.0000
7409;2023-01-03 16:18:25.020000;1;108796;1;1;48800.0000;1;None;None;73800.0000
26069;2023-01-03 17:49:51.367000;1;108797;1;1;49800.0000;1;19370.0000;None;209200.0000
26066;2023-01-03 17:23:06.187000;1;109248;1;1;12800.0000;1;None;12574.0000;271600.0000
26066;2023-01-03 17:42:35.990000;1;109248;1;1;12800.0000;1;None;12574.0000;271600.0000
7403;2023-01-03 15:09:12.323000;1;109248;1;1;12800.0000;1;7870.0000;None;85000.0000
7382;2023-01-03 12:40:25.957000;2;109275;1;1;13800.0000;1;9074.0000;None;98000.0000
7405;2023-01-03 15:47:14.343000;2;109276;1;1;11800.0000;1;10741.0000;None;116000.0000
7392;2023-01-03 13:46:49.607000;1;109404;1;1;40800.0000;1;8741.0000;None;94400.0000
26056;2023-01-03 16:23:10.247000;1;109458;1;1;26800.0000;1;10759.0000;None;116200.0000
7401;2023-01-03 14:55:33.090000;1;109458;1;1;26800.0000;1;9898.0000;None;106900.0000
26039;2023-01-03 14:16:35.360000;1;109458;1;1;26800.0000;1;12222.0000;None;132000.0000
26039;2023-01-03 14:16:35.360000;2;200480;1;1;12800.0000;1;12222.0000;None;132000.0000
26019;2023-01-03 12:07:50.957000;2;200480;1;1;12800.0000;1;12667.0000;None;136800.0000
26019;2023-01-03 13:18:26.587000;2;200480;1;1;12800.0000;1;12667.0000;None;136800.0000
26069;2023-01-03 17:49:51.367000;2;200480;1;1;12800.0000;1;19370.0000;None;209200.0000
26073;2023-01-03 18:35:49.747000;3;200644;1;1;5800.0000;1;16111.0000;None;174000.0000
26022;2023-01-03 12:12:27.347000;3;200644;1;1;5800.0000;1;13370.0000;None;144400.0000
26017;2023-01-03 11:42:47.060000;3;200644;1;1;5800.0000;1;2315.0000;None;25000.0000
7379;2023-01-03 12:31:13.193000;3;200644;1;1;5800.0000;1;3296.0000;None;35600.0000
26023;2023-01-03 12:21:12.280000;3;200644;1;1;5800.0000;1;10537.0000;None;113800.0000
26037;2023-01-03 14:03:16.297000;3;200644;1;1;5800.0000;1;14778.0000;None;159600.0000
7393;2023-01-03 13:58:57.910000;3;200644;1;2;11600.0000;1;6741.0000;None;72800.0000
26031;2023-01-03 13:07:22.457000;3;200644;1;1;5800.0000;1;3111.0000;None;33600.0000
17651;2023-01-03 15:11:33.477000;3;200644;1;1;6100.0000;1;None;None;51000.0000
17651;2023-01-03 15:11:33.477000;3;200644;1;1;6100.0000;1;None;None;51000.0000
26047;2023-01-03 15:17:48.483000;3;200644;1;1;5800.0000;1;10556.0000;None;114000.0000
26066;2023-01-03 18:37:17.890000;3;200644;1;1;5800.0000;1;None;12574.0000;271600.0000
26060;2023-01-03 16:46:18.960000;3;200644;1;1;5800.0000;1;4278.0000;None;46200.0000
26060;2023-01-03 16:46:18.960000;3;200644;1;1;5800.0000;1;4278.0000;None;46200.0000
26065;2023-01-03 17:14:57.827000;3;200644;1;1;5800.0000;1;5315.0000;None;57400.0000
26066;2023-01-03 18:37:17.890000;3;201146;1;1;5800.0000;1;None;12574.0000;271600.0000
7405;2023-01-03 15:21:32.040000;3;201146;1;1;5800.0000;1;10741.0000;None;116000.0000
7406;2023-01-03 15:48:36.267000;3;201146;1;1;5800.0000;1;17500.0000;None;189000.0000
26049;2023-01-03 15:22:37.257000;3;201146;1;1;5800.0000;1;12426.0000;None;134200.0000
26049;2023-01-03 15:24:34.207000;3;201146;1;1;5800.0000;1;12426.0000;None;134200.0000
26038;2023-01-03 14:15:53.760000;3;201146;1;2;11600.0000;1;13741.0000;None;148400.0000
7395;2023-01-03 14:14:29.247000;3;201146;1;1;5800.0000;1;6222.0000;None;67200.0000
26041;2023-01-03 14:44:13.053000;3;201146;1;1;5800.0000;1;13093.0000;None;141400.0000
7400;2023-01-03 14:39:18.637000;3;201146;1;2;11600.0000;1;10204.0000;None;110200.0000
26030;2023-01-03 13:06:23.217000;3;201146;1;1;5800.0000;1;6130.0000;None;66200.0000
26035;2023-01-03 14:18:07.480000;3;201146;1;1;5800.0000;1;12750.0000;None;137700.0000
26033;2023-01-03 14:20:08.800000;3;201146;1;1;5800.0000;1;10500.0000;None;113400.0000
26019;2023-01-03 11:48:14.920000;3;201146;1;1;5800.0000;1;12667.0000;None;136800.0000
26022;2023-01-03 12:12:27.347000;3;201146;1;1;5800.0000;1;13370.0000;None;144400.0000
26010;2023-01-03 11:18:29.213000;3;201146;1;1;5800.0000;1;5444.0000;None;58800.0000
26075;2023-01-03 19:12:36.757000;3;201146;1;1;5800.0000;1;13722.0000;None;148200.0000
26069;2023-01-03 17:49:51.367000;3;201146;1;1;5800.0000;1;19370.0000;None;209200.0000
26072;2023-01-03 18:26:11.003000;3;201146;1;1;5800.0000;1;18148.0000;None;196000.0000
26073;2023-01-03 18:27:10.933000;3;201207;1;1;5800.0000;1;16111.0000;None;174000.0000
26075;2023-01-03 19:12:36.757000;3;201207;1;1;5800.0000;1;13722.0000;None;148200.0000
26076;2023-01-03 19:08:15.927000;3;201207;1;1;5800.0000;1;15056.0000;None;162600.0000
7377;2023-01-03 12:23:18.600000;3;201207;1;2;11600.0000;1;6222.0000;None;67200.0000
26022;2023-01-03 12:14:37.307000;3;201207;1;1;5800.0000;1;13370.0000;None;144400.0000
7385;2023-01-03 13:03:46.193000;3;201207;1;1;5800.0000;1;10796.0000;None;116600.0000
7385;2023-01-03 12:28:36.470000;3;201207;1;1;5800.0000;1;10796.0000;None;116600.0000
7384;2023-01-03 12:48:42.347000;3;201207;1;2;11600.0000;1;8796.0000;None;95000.0000
26041;2023-01-03 14:44:13.053000;3;201207;1;1;5800.0000;1;13093.0000;None;141400.0000
7395;2023-01-03 14:14:29.247000;3;201207;1;1;5800.0000;1;6222.0000;None;67200.0000
26038;2023-01-03 14:15:53.760000;3;201207;1;1;5800.0000;1;13741.0000;None;148400.0000
7397;2023-01-03 14:20:18.937000;3;201207;1;1;5800.0000;1;6222.0000;None;67200.0000
7397;2023-01-03 14:16:20.527000;3;201207;1;1;5800.0000;1;6222.0000;None;67200.0000
26040;2023-01-03 14:22:45.247000;3;201207;1;1;5800.0000;1;18167.0000;None;196200.0000
26045;2023-01-03 15:03:13.237000;3;201207;1;1;5800.0000;1;12370.0000;None;133600.0000
26045;2023-01-03 15:33:45.797000;3;201207;1;1;5800.0000;1;12370.0000;None;133600.0000
26051;2023-01-03 15:45:10.040000;3;201207;1;2;11600.0000;1;5611.0000;None;60600.0000
26052;2023-01-03 15:47:15.063000;3;201207;1;2;11600.0000;1;8463.0000;None;91400.0000
7409;2023-01-03 16:18:25.020000;3;201207;1;1;5800.0000;1;None;None;73800.0000
26068;2023-01-03 17:38:24.123000;3;201207;1;1;5800.0000;1;4500.0000;None;48600.0000
26067;2023-01-03 17:33:32.313000;3;201207;1;1;5800.0000;1;7639.0000;None;82500.0000
26062;2023-01-03 17:02:25.160000;3;201207;1;1;5800.0000;1;3963.0000;None;42800.0000
26061;2023-01-03 16:46:55.467000;3;201207;1;1;5800.0000;1;3648.0000;None;39400.0000
26026;2023-01-03 12:46:23.747000;3;201237;1;1;5800.0000;1;9833.0000;None;106200.0000
26019;2023-01-03 12:34:56.760000;3;201237;1;1;5800.0000;1;12667.0000;None;136800.0000
26073;2023-01-03 18:35:49.747000;3;201237;1;1;5800.0000;1;16111.0000;None;174000.0000
26072;2023-01-03 18:26:11.003000;3;201237;1;1;5800.0000;1;18148.0000;None;196000.0000
26072;2023-01-03 18:26:11.003000;3;201269;1;1;5800.0000;1;18148.0000;None;196000.0000
26074;2023-01-03 18:33:02.240000;3;201269;1;2;11600.0000;1;10944.0000;None;118200.0000
26054;2023-01-03 16:12:17.533000;3;201269;1;1;5800.0000;1;4037.0000;None;43600.0000
26041;2023-01-03 14:44:13.053000;3;201277;1;1;5800.0000;1;13093.0000;None;141400.0000
26027;2023-01-03 12:56:27.950000;3;201277;1;1;5800.0000;1;11889.0000;None;128400.0000
26076;2023-01-03 19:08:15.927000;3;201609;1;1;5800.0000;1;15056.0000;None;162600.0000
26070;2023-01-03 18:11:01.603000;3;201609;1;1;5800.0000;1;8611.0000;None;93000.0000
26020;2023-01-03 11:49:57.547000;3;201609;1;1;5800.0000;1;1537.0000;None;16600.0000
26016;2023-01-03 11:20:32.930000;3;201609;1;1;5800.0000;1;None;None;5800.0000
26028;2023-01-03 13:16:32.813000;3;201609;1;1;5800.0000;1;25408.0000;None;274400.0000
7387;2023-01-03 12:57:04.430000;3;201609;1;1;5800.0000;1;4852.0000;None;52400.0000
17647;2023-01-03 13:25:20.600000;3;201609;1;1;5800.0000;1;None;None;103500.0000
17647;2023-01-03 13:25:20.600000;3;201609;1;1;5800.0000;1;None;None;103500.0000
26035;2023-01-03 13:43:24.387000;3;201609;1;2;11600.0000;1;12750.0000;None;137700.0000
26033;2023-01-03 13:39:50.350000;3;201609;1;1;5800.0000;1;10500.0000;None;113400.0000
26035;2023-01-03 14:18:07.480000;3;201609;1;1;5800.0000;1;12750.0000;None;137700.0000
26036;2023-01-03 14:12:17.003000;3;201609;1;1;5800.0000;1;8130.0000;None;87800.0000
26036;2023-01-03 13:45:40.610000;3;201609;1;1;5800.0000;1;8130.0000;None;87800.0000
7403;2023-01-03 15:04:52.823000;3;201609;1;1;5800.0000;1;7870.0000;None;85000.0000
7402;2023-01-03 14:59:20.877000;3;201609;1;1;5800.0000;1;3926.0000;None;42400.0000
7401;2023-01-03 15:13:34.437000;3;201609;1;1;5800.0000;1;9898.0000;None;106900.0000
7401;2023-01-03 15:30:13.567000;3;201609;1;1;5800.0000;1;9898.0000;None;106900.0000
7401;2023-01-03 14:55:33.090000;3;201609;1;1;5800.0000;1;9898.0000;None;106900.0000
26055;2023-01-03 16:21:40.030000;3;201609;1;1;5800.0000;1;None;None;64000.0000
26059;2023-01-03 16:42:11.493000;3;201609;1;1;5800.0000;1;4037.0000;None;43600.0000
26067;2023-01-03 17:33:32.313000;3;201609;1;1;5800.0000;1;7639.0000;None;82500.0000
26039;2023-01-03 14:16:35.360000;2;201615;1;1;13800.0000;1;12222.0000;None;132000.0000
7392;2023-01-03 13:46:49.607000;3;202133;1;1;9800.0000;1;8741.0000;None;94400.0000
26064;2023-01-03 17:14:32.117000;3;202134;1;1;9800.0000;1;3593.0000;None;38800.0000
26064;2023-01-03 17:14:32.117000;3;202134;1;1;9800.0000;1;3593.0000;None;38800.0000
