26604;2023-01-10 18:51:15.960000;7;1001;1;1;0.0000;1;4278.0000;None;46200.0000
26604;2023-01-10 18:51:15.960000;7;1001;1;1;0.0000;1;4278.0000;None;46200.0000
17770;2023-01-10 18:39:52.153000;7;1001;1;1;None;1;10019.0000;None;108200.0000
17770;2023-01-10 18:39:52.153000;7;1001;1;1;None;1;10019.0000;None;108200.0000
17770;2023-01-10 18:45:29.637000;7;1001;1;-1;0.0000;1;10019.0000;None;108200.0000
17770;2023-01-10 18:45:29.637000;7;1001;1;-1;0.0000;1;10019.0000;None;108200.0000
17770;2023-01-10 18:56:34.160000;7;1001;1;1;0.0000;1;10019.0000;None;108200.0000
17770;2023-01-10 18:56:34.160000;7;1001;1;1;0.0000;1;10019.0000;None;108200.0000
26549;2023-01-10 11:34:48.377000;7;1001;1;1;0.0000;1;10074.0000;None;108800.0000
26549;2023-01-10 11:34:48.377000;7;1001;1;1;0.0000;1;10074.0000;None;108800.0000
26550;2023-01-10 12:06:17.463000;7;1001;1;1;0.0000;1;9074.0000;None;98000.0000
26550;2023-01-10 12:06:17.463000;7;1001;1;1;0.0000;1;9074.0000;None;98000.0000
26550;2023-01-10 12:06:17.463000;7;1001;1;1;0.0000;1;9074.0000;None;98000.0000
26553;2023-01-10 12:12:43.663000;7;1001;1;1;0.0000;1;8963.0000;None;96800.0000
26553;2023-01-10 12:12:43.663000;7;1001;1;1;0.0000;1;8963.0000;None;96800.0000
26553;2023-01-10 12:12:43.663000;7;1001;1;1;0.0000;1;8963.0000;None;96800.0000
26560;2023-01-10 13:00:31.200000;7;1001;1;1;0.0000;1;14148.0000;None;152800.0000
26560;2023-01-10 13:00:31.200000;7;1001;1;1;0.0000;1;14148.0000;None;152800.0000
26560;2023-01-10 13:00:31.200000;7;1001;1;1;0.0000;1;14148.0000;None;152800.0000
7597;2023-01-10 14:05:51.667000;7;1001;1;1;0.0000;1;9352.0000;None;101000.0000
7597;2023-01-10 14:05:51.667000;7;1001;1;1;0.0000;1;9352.0000;None;101000.0000
26569;2023-01-10 14:01:30.523000;7;1001;1;1;0.0000;1;8722.0000;None;94200.0000
26569;2023-01-10 14:01:30.523000;7;1001;1;1;0.0000;1;8722.0000;None;94200.0000
26565;2023-01-10 13:51:11.133000;7;1001;1;1;0.0000;1;18741.0000;None;202400.0000
26565;2023-01-10 13:51:11.133000;7;1001;1;1;0.0000;1;18741.0000;None;202400.0000
7595;2023-01-10 14:12:29.603000;7;1002;1;1;0.0000;1;13648.0000;None;147400.0000
7588;2023-01-10 12:55:20.867000;7;1002;1;1;0.0000;1;13407.0000;None;144800.0000
26575;2023-01-10 15:24:02.217000;7;1002;1;1;0.0000;1;12741.0000;None;137600.0000
26579;2023-01-10 15:38:45.283000;7;1002;1;1;0.0000;1;12759.0000;None;137800.0000
7592;2023-01-10 13:31:09.733000;7;1003;2;1;0.0000;1;6278.0000;None;67800.0000
26569;2023-01-10 14:01:30.523000;7;1006;1;1;0.0000;1;8722.0000;None;94200.0000
7597;2023-01-10 14:05:51.667000;7;1006;1;1;0.0000;1;9352.0000;None;101000.0000
26571;2023-01-10 14:09:30.203000;7;1006;1;1;0.0000;1;12278.0000;None;132600.0000
7600;2023-01-10 14:18:59.307000;7;1006;1;1;0.0000;1;8352.0000;None;90200.0000
7586;2023-01-10 12:39:52.947000;7;1006;1;1;0.0000;1;7352.0000;None;79400.0000
26560;2023-01-10 13:00:31.200000;7;1006;1;1;0.0000;1;14148.0000;None;152800.0000
26580;2023-01-10 15:45:37.177000;7;1006;1;1;0.0000;1;8722.0000;None;94200.0000
26577;2023-01-10 15:30:41.957000;7;1006;1;1;None;1;15241.0000;None;164600.0000
26572;2023-01-10 14:57:59.683000;7;1006;1;1;0.0000;1;9444.0000;None;102000.0000
26585;2023-01-10 17:12:26.723000;7;1006;1;1;None;1;19685.0000;None;212600.0000
26594;2023-01-10 17:51:12.527000;7;1006;1;1;0.0000;1;11167.0000;None;120600.0000
26552;2023-01-10 12:10:03.433000;7;1007;1;1;0.0000;1;None;None;39600.0000
26577;2023-01-10 15:31:06.560000;7;1029;1;1;0.0000;1;15241.0000;None;164600.0000
26579;2023-01-10 15:40:04.467000;7;1029;1;1;0.0000;1;12759.0000;None;137800.0000
7590;2023-01-10 12:58:59.437000;7;1038;1;1;0.0000;1;6824.0000;None;73700.0000
7587;2023-01-10 12:43:42.780000;7;1038;1;1;0.0000;1;7056.0000;None;76200.0000
7587;2023-01-10 12:43:42.780000;7;1054;1;1;0.0000;1;7056.0000;None;76200.0000
7590;2023-01-10 12:58:59.437000;7;1054;1;1;0.0000;1;6824.0000;None;73700.0000
7584;2023-01-10 12:32:00.623000;7;1054;1;1;0.0000;1;5796.0000;None;62600.0000
7585;2023-01-10 13:06:07.237000;7;1054;1;1;0.0000;1;7982.0000;None;86200.0000
7598;2023-01-10 14:09:29.537000;7;1131;1;1;0.0000;1;4944.0000;None;53400.0000
7598;2023-01-10 14:09:29.537000;7;1131;1;1;0.0000;1;4944.0000;None;53400.0000
26569;2023-01-10 14:01:30.523000;7;1138;1;1;0.0000;1;8722.0000;None;94200.0000
26548;2023-01-10 11:41:24.547000;7;1157;1;1;0.0000;1;None;None;27800.0000
26548;2023-01-10 11:41:24.547000;7;1157;1;1;0.0000;1;None;None;27800.0000
26548;2023-01-10 11:41:24.547000;7;1157;1;1;0.0000;1;None;None;27800.0000
26549;2023-01-10 12:02:28.697000;7;1205;1;1;0.0000;1;10074.0000;None;108800.0000
26550;2023-01-10 12:06:17.463000;7;1205;1;1;0.0000;1;9074.0000;None;98000.0000
26550;2023-01-10 12:06:17.463000;7;1205;1;1;0.0000;1;9074.0000;None;98000.0000
26553;2023-01-10 12:12:43.663000;7;1205;1;1;0.0000;1;8963.0000;None;96800.0000
26566;2023-01-10 13:50:39.877000;7;1205;1;1;0.0000;1;16148.0000;None;174400.0000
26580;2023-01-10 15:45:37.177000;7;1205;1;1;0.0000;1;8722.0000;None;94200.0000
26604;2023-01-10 18:51:15.960000;7;1205;1;1;0.0000;1;4278.0000;None;46200.0000
26604;2023-01-10 18:51:15.960000;7;1207;1;1;0.0000;1;4278.0000;None;46200.0000
17770;2023-01-10 18:44:59.703000;7;1207;1;1;None;1;10019.0000;None;108200.0000
17770;2023-01-10 19:11:05.007000;7;1207;1;1;0.0000;1;10019.0000;None;108200.0000
26597;2023-01-10 18:07:50.130000;7;1207;1;1;0.0000;1;5463.0000;None;59000.0000
26597;2023-01-10 18:07:50.130000;7;1207;1;1;0.0000;1;5463.0000;None;59000.0000
26601;2023-01-10 19:12:26.470000;7;1207;1;1;0.0000;1;10130.0000;None;109400.0000
26579;2023-01-10 15:58:30.687000;7;1207;1;1;0.0000;1;12759.0000;None;137800.0000
26581;2023-01-10 15:49:52.823000;7;1207;1;1;0.0000;1;2148.0000;None;23200.0000
7603;2023-01-10 14:45:03.623000;7;1207;1;1;0.0000;1;None;None;126800.0000
7604;2023-01-10 14:45:29.217000;7;1207;1;1;0.0000;1;7537.0000;None;81400.0000
7604;2023-01-10 15:19:05.137000;7;1207;1;1;0.0000;1;7537.0000;None;81400.0000
26587;2023-01-10 16:37:53.320000;7;1207;1;1;0.0000;1;2981.0000;None;32200.0000
26588;2023-01-10 16:39:35.923000;7;1207;1;1;0.0000;1;1444.0000;None;15600.0000
26582;2023-01-10 16:02:54.317000;7;1207;1;1;0.0000;1;9556.0000;None;103200.0000
26569;2023-01-10 14:01:30.523000;7;1207;1;1;0.0000;1;8722.0000;None;94200.0000
7591;2023-01-10 13:24:57.580000;7;1207;1;1;0.0000;1;7426.0000;None;80200.0000
7594;2023-01-10 13:46:15.623000;7;1207;1;1;0.0000;1;15685.0000;None;169400.0000
26563;2023-01-10 13:16:55.223000;7;1207;1;1;0.0000;1;12685.0000;None;137000.0000
7601;2023-01-10 14:19:29.293000;7;1207;1;1;0.0000;1;None;None;32600.0000
26570;2023-01-10 14:02:46.017000;7;1207;1;1;0.0000;1;10167.0000;None;109800.0000
26550;2023-01-10 12:06:17.463000;7;1207;1;1;0.0000;1;9074.0000;None;98000.0000
26549;2023-01-10 11:32:58.910000;7;1207;1;1;0.0000;1;10074.0000;None;108800.0000
26560;2023-01-10 13:00:31.200000;7;1207;1;1;0.0000;1;14148.0000;None;152800.0000
26559;2023-01-10 12:58:03.677000;7;1207;1;1;0.0000;1;6778.0000;None;73200.0000
7588;2023-01-10 12:55:20.867000;7;1207;1;1;0.0000;1;13407.0000;None;144800.0000
26544;2023-01-10 11:20:42.593000;7;1207;1;1;0.0000;1;6482.0000;None;70000.0000
26528;2023-01-10 10:05:15.593000;7;1213;1;1;0.0000;1;1259.0000;None;13600.0000
26528;2023-01-10 10:05:15.593000;7;1213;1;1;0.0000;1;1259.0000;None;13600.0000
26530;2023-01-10 10:09:44.557000;7;1213;1;1;0.0000;1;8111.0000;None;87600.0000
26530;2023-01-10 10:56:53.877000;7;1213;1;1;0.0000;1;8111.0000;None;87600.0000
26532;2023-01-10 10:14:08.770000;7;1213;1;1;0.0000;1;None;None;53600.0000
26532;2023-01-10 10:14:08.770000;7;1213;1;1;0.0000;1;None;None;53600.0000
26532;2023-01-10 10:14:08.770000;7;1213;1;1;0.0000;1;None;None;53600.0000
26535;2023-01-10 10:33:03.753000;7;1213;1;1;None;1;4278.0000;None;46200.0000
26542;2023-01-10 11:17:17.570000;7;1213;1;1;0.0000;1;5574.0000;None;60200.0000
26547;2023-01-10 11:38:55.630000;7;1213;1;1;0.0000;1;11000.0000;None;118800.0000
26545;2023-01-10 11:27:35.490000;7;1213;1;1;0.0000;1;7074.0000;None;76400.0000
26539;2023-01-10 11:01:18.650000;7;1213;1;1;0.0000;1;8037.0000;None;86800.0000
26539;2023-01-10 11:01:18.650000;7;1213;1;1;0.0000;1;8037.0000;None;86800.0000
26557;2023-01-10 12:40:59.550000;7;1213;1;1;0.0000;1;None;None;50600.0000
7585;2023-01-10 13:43:09.303000;7;1213;1;1;0.0000;1;7982.0000;None;86200.0000
26559;2023-01-10 12:58:03.677000;7;1213;1;1;0.0000;1;6778.0000;None;73200.0000
26560;2023-01-10 13:00:31.200000;7;1213;1;1;0.0000;1;14148.0000;None;152800.0000
26561;2023-01-10 13:05:36.510000;7;1213;1;1;0.0000;1;9074.0000;None;98000.0000
26549;2023-01-10 12:02:28.697000;7;1213;1;1;0.0000;1;10074.0000;None;108800.0000
26547;2023-01-10 11:38:55.630000;7;1213;1;1;0.0000;1;11000.0000;None;118800.0000
26547;2023-01-10 11:52:52.710000;7;1213;1;1;0.0000;1;11000.0000;None;118800.0000
26551;2023-01-10 12:08:18.063000;7;1213;1;1;0.0000;1;3111.0000;None;33600.0000
26552;2023-01-10 12:10:03.433000;7;1213;1;1;0.0000;1;None;None;39600.0000
26553;2023-01-10 12:12:43.663000;7;1213;1;1;0.0000;1;8963.0000;None;96800.0000
26554;2023-01-10 12:15:42.163000;7;1213;1;1;0.0000;1;7222.0000;None;78000.0000
26554;2023-01-10 12:15:42.163000;7;1213;1;1;0.0000;1;7222.0000;None;78000.0000
26570;2023-01-10 14:02:46.017000;7;1213;1;1;0.0000;1;10167.0000;None;109800.0000
26570;2023-01-10 14:02:46.017000;7;1213;1;1;0.0000;1;10167.0000;None;109800.0000
26570;2023-01-10 14:02:46.017000;7;1213;1;1;0.0000;1;10167.0000;None;109800.0000
7595;2023-01-10 14:02:16.987000;7;1213;1;1;0.0000;1;13648.0000;None;147400.0000
26571;2023-01-10 14:09:30.203000;7;1213;1;1;0.0000;1;12278.0000;None;132600.0000
26571;2023-01-10 14:09:30.203000;7;1213;1;1;0.0000;1;12278.0000;None;132600.0000
7601;2023-01-10 14:19:29.293000;7;1213;1;1;0.0000;1;None;None;32600.0000
7603;2023-01-10 14:45:03.623000;7;1213;1;1;0.0000;1;None;None;126800.0000
26571;2023-01-10 14:09:30.203000;7;1213;1;1;0.0000;1;12278.0000;None;132600.0000
26563;2023-01-10 13:16:55.223000;7;1213;1;1;0.0000;1;12685.0000;None;137000.0000
7594;2023-01-10 13:46:15.623000;7;1213;1;1;0.0000;1;15685.0000;None;169400.0000
26569;2023-01-10 14:01:30.523000;7;1213;1;1;0.0000;1;8722.0000;None;94200.0000
26569;2023-01-10 14:01:30.523000;7;1213;1;1;0.0000;1;8722.0000;None;94200.0000
26565;2023-01-10 13:51:11.133000;7;1213;1;1;0.0000;1;18741.0000;None;202400.0000
26582;2023-01-10 16:02:54.317000;7;1213;1;1;0.0000;1;9556.0000;None;103200.0000
26582;2023-01-10 16:02:54.317000;7;1213;1;1;0.0000;1;9556.0000;None;103200.0000
26585;2023-01-10 16:27:44.577000;7;1213;1;1;0.0000;1;19685.0000;None;212600.0000
26585;2023-01-10 16:27:44.577000;7;1213;1;1;0.0000;1;19685.0000;None;212600.0000
26591;2023-01-10 17:06:29.250000;7;1213;1;1;None;1;4500.0000;None;48600.0000
26591;2023-01-10 17:06:29.250000;7;1213;1;1;None;1;4500.0000;None;48600.0000
26591;2023-01-10 17:20:46.567000;7;1213;1;-1;0.0000;1;4500.0000;None;48600.0000
26591;2023-01-10 17:14:53.377000;7;1213;1;1;0.0000;1;4500.0000;None;48600.0000
26591;2023-01-10 17:14:53.377000;7;1213;1;1;0.0000;1;4500.0000;None;48600.0000
17769;2023-01-10 17:14:41.037000;7;1213;1;1;0.0000;1;None;None;17800.0000
26591;2023-01-10 17:20:46.567000;7;1213;1;-1;0.0000;1;4500.0000;None;48600.0000
7605;2023-01-10 14:56:58.610000;7;1213;1;1;0.0000;1;5685.0000;None;61400.0000
26575;2023-01-10 15:24:02.217000;7;1213;1;1;0.0000;1;12741.0000;None;137600.0000
26576;2023-01-10 15:29:57.093000;7;1213;1;1;0.0000;1;3111.0000;None;33600.0000
7605;2023-01-10 14:56:58.610000;7;1213;1;1;0.0000;1;5685.0000;None;61400.0000
26573;2023-01-10 15:06:37.103000;7;1213;1;1;0.0000;1;None;None;71600.0000
26580;2023-01-10 15:45:37.177000;7;1213;1;1;0.0000;1;8722.0000;None;94200.0000
26579;2023-01-10 15:38:45.283000;7;1213;1;1;0.0000;1;12759.0000;None;137800.0000
26577;2023-01-10 15:30:41.957000;7;1213;1;1;None;1;15241.0000;None;164600.0000
26576;2023-01-10 15:29:57.093000;7;1213;1;1;0.0000;1;3111.0000;None;33600.0000
26576;2023-01-10 15:29:57.093000;7;1213;1;1;0.0000;1;3111.0000;None;33600.0000
26598;2023-01-10 18:08:28.503000;7;1213;1;1;0.0000;1;2611.0000;None;28200.0000
17770;2023-01-10 18:56:34.160000;7;1213;1;1;0.0000;1;10019.0000;None;108200.0000
17770;2023-01-10 18:56:34.160000;7;1213;1;1;0.0000;1;10019.0000;None;108200.0000
26600;2023-01-10 18:25:46.607000;7;1223;1;1;0.0000;1;4185.0000;None;45200.0000
26600;2023-01-10 18:25:46.607000;7;1223;1;1;0.0000;1;4185.0000;None;45200.0000
26594;2023-01-10 17:51:12.527000;7;2006;1;1;0.0000;1;11167.0000;None;120600.0000
26586;2023-01-10 16:34:01.633000;7;2009;1;1;0.0000;1;2778.0000;None;30000.0000
26586;2023-01-10 17:30:16.023000;7;2009;1;1;0.0000;1;2778.0000;None;30000.0000
26586;2023-01-10 17:30:16.023000;7;2009;1;1;0.0000;1;2778.0000;None;30000.0000
26584;2023-01-10 16:28:55.147000;7;2009;1;1;0.0000;1;2796.0000;None;30200.0000
26544;2023-01-10 11:20:42.593000;7;2009;1;1;0.0000;1;6482.0000;None;70000.0000
26531;2023-01-10 10:08:59.967000;7;2009;1;1;0.0000;1;7037.0000;None;76000.0000
26532;2023-01-10 10:11:26.413000;7;2009;1;1;0.0000;1;None;None;53600.0000
26532;2023-01-10 10:11:26.413000;7;2009;1;1;0.0000;1;None;None;53600.0000
26529;2023-01-10 10:05:34.517000;7;2011;1;1;0.0000;1;981.0000;None;10600.0000
26540;2023-01-10 11:03:00.197000;7;2011;1;1;0.0000;1;9241.0000;None;99800.0000
26540;2023-01-10 11:03:00.197000;7;2011;1;1;0.0000;1;9241.0000;None;99800.0000
26540;2023-01-10 11:03:00.197000;7;2011;1;1;0.0000;1;9241.0000;None;99800.0000
26540;2023-01-10 11:03:00.197000;7;2011;1;1;0.0000;1;9241.0000;None;99800.0000
26595;2023-01-10 17:53:46.873000;7;2011;1;1;0.0000;1;4870.0000;None;52600.0000
26600;2023-01-10 18:25:46.607000;7;2011;1;1;0.0000;1;4185.0000;None;45200.0000
17757;2023-01-10 10:47:18.787000;7;2034;1;1;0.0000;1;None;None;17400.0000
17757;2023-01-10 10:47:18.787000;7;2034;1;1;0.0000;1;None;None;17400.0000
26570;2023-01-10 14:28:28.747000;7;2041;1;1;0.0000;1;10167.0000;None;109800.0000
26570;2023-01-10 14:02:46.017000;7;2042;1;1;0.0000;1;10167.0000;None;109800.0000
26566;2023-01-10 13:50:39.877000;7;2042;1;1;0.0000;1;16148.0000;None;174400.0000
26566;2023-01-10 13:50:39.877000;7;2042;1;1;0.0000;1;16148.0000;None;174400.0000
26568;2023-01-10 13:57:12.580000;7;2042;1;1;0.0000;1;6037.0000;None;65200.0000
26552;2023-01-10 12:10:03.433000;7;2042;1;1;0.0000;1;None;None;39600.0000
7585;2023-01-10 12:44:01.087000;7;2042;1;1;0.0000;1;7982.0000;None;86200.0000
26547;2023-01-10 12:00:26.470000;7;2042;1;1;0.0000;1;11000.0000;None;118800.0000
26547;2023-01-10 12:00:26.470000;7;2042;1;1;0.0000;1;11000.0000;None;118800.0000
26547;2023-01-10 12:00:26.470000;7;2042;1;1;0.0000;1;11000.0000;None;118800.0000
26561;2023-01-10 13:20:19.060000;7;2042;1;-1;0.0000;1;9074.0000;None;98000.0000
26561;2023-01-10 13:01:37.077000;7;2042;1;1;0.0000;1;9074.0000;None;98000.0000
26561;2023-01-10 13:01:37.077000;7;2042;1;1;None;1;9074.0000;None;98000.0000
7589;2023-01-10 12:57:47.230000;7;2042;1;1;0.0000;1;3852.0000;None;41600.0000
7585;2023-01-10 12:39:04.740000;7;2042;1;1;0.0000;1;7982.0000;None;86200.0000
7586;2023-01-10 12:39:52.947000;7;2042;1;1;0.0000;1;7352.0000;None;79400.0000
7587;2023-01-10 12:43:42.780000;7;2042;1;1;0.0000;1;7056.0000;None;76200.0000
26601;2023-01-10 18:29:10.620000;7;2042;1;1;0.0000;1;10130.0000;None;109400.0000
26601;2023-01-10 18:29:10.620000;7;2042;1;1;0.0000;1;10130.0000;None;109400.0000
26582;2023-01-10 16:02:54.317000;7;2042;1;1;0.0000;1;9556.0000;None;103200.0000
26593;2023-01-10 17:12:44.240000;7;2042;1;1;0.0000;1;1963.0000;None;21200.0000
26576;2023-01-10 15:29:57.093000;7;2042;1;1;0.0000;1;3111.0000;None;33600.0000
26580;2023-01-10 15:45:37.193000;7;2042;1;1;0.0000;1;8722.0000;None;94200.0000
26580;2023-01-10 15:45:37.193000;7;2042;1;1;0.0000;1;8722.0000;None;94200.0000
7605;2023-01-10 15:13:01.767000;7;2042;1;-1;0.0000;1;5685.0000;None;61400.0000
7605;2023-01-10 14:56:58.610000;7;2042;1;1;None;1;5685.0000;None;61400.0000
26540;2023-01-10 11:03:00.197000;7;2042;1;1;0.0000;1;9241.0000;None;99800.0000
26540;2023-01-10 11:03:00.197000;7;2042;1;1;0.0000;1;9241.0000;None;99800.0000
26534;2023-01-10 10:26:48.300000;7;2042;1;1;0.0000;1;2963.0000;None;32000.0000
26534;2023-01-10 10:26:48.300000;7;2046;1;1;0.0000;1;2963.0000;None;32000.0000
7598;2023-01-10 14:09:29.537000;7;2049;1;1;0.0000;1;4944.0000;None;53400.0000
7598;2023-01-10 14:09:29.537000;7;2049;1;1;0.0000;1;4944.0000;None;53400.0000
7598;2023-01-10 14:09:29.537000;7;2049;1;1;0.0000;1;4944.0000;None;53400.0000
7598;2023-01-10 14:09:29.537000;7;2049;1;1;0.0000;1;4944.0000;None;53400.0000
26570;2023-01-10 14:02:46.017000;7;2050;1;1;0.0000;1;10167.0000;None;109800.0000
26558;2023-01-10 12:52:32.517000;7;2050;1;1;0.0000;1;7907.0000;None;85400.0000
26604;2023-01-10 19:01:41.063000;7;2050;1;1;0.0000;1;4278.0000;None;46200.0000
26604;2023-01-10 19:01:41.063000;7;2050;1;1;0.0000;1;4278.0000;None;46200.0000
7585;2023-01-10 13:40:26.397000;7;2070;1;1;0.0000;1;7982.0000;None;86200.0000
7585;2023-01-10 13:40:26.397000;7;2070;1;1;0.0000;1;7982.0000;None;86200.0000
26561;2023-01-10 13:01:37.077000;7;2072;1;1;0.0000;1;9074.0000;None;98000.0000
26556;2023-01-10 12:31:11.907000;7;2072;1;1;0.0000;1;6519.0000;None;70400.0000
7595;2023-01-10 14:04:59.463000;7;2072;1;-1;0.0000;1;13648.0000;None;147400.0000
7595;2023-01-10 14:02:16.987000;7;2072;1;1;None;1;13648.0000;None;147400.0000
7595;2023-01-10 14:02:16.987000;7;2072;1;1;0.0000;1;13648.0000;None;147400.0000
7594;2023-01-10 13:46:15.623000;7;2072;1;1;0.0000;1;15685.0000;None;169400.0000
26575;2023-01-10 15:24:02.217000;7;2072;1;1;0.0000;1;12741.0000;None;137600.0000
26576;2023-01-10 15:29:57.093000;7;2072;1;1;0.0000;1;3111.0000;None;33600.0000
26593;2023-01-10 17:12:44.240000;7;2072;1;1;0.0000;1;1963.0000;None;21200.0000
26593;2023-01-10 17:12:44.240000;7;2072;1;1;0.0000;1;1963.0000;None;21200.0000
26530;2023-01-10 10:06:14.530000;7;2072;1;1;None;1;8111.0000;None;87600.0000
26530;2023-01-10 10:22:08.893000;7;2072;1;-1;0.0000;1;8111.0000;None;87600.0000
26530;2023-01-10 10:07:01.947000;7;2072;1;1;0.0000;1;8111.0000;None;87600.0000
26530;2023-01-10 10:07:01.947000;7;2072;1;1;0.0000;1;8111.0000;None;87600.0000
26541;2023-01-10 12:45:58.220000;7;2072;1;1;0.0000;1;18778.0000;None;202800.0000
26541;2023-01-10 12:45:58.220000;7;2072;1;1;0.0000;1;18778.0000;None;202800.0000
26589;2023-01-10 16:42:12.257000;3;100596;1;1;5800.0000;1;2519.0000;None;27200.0000
26563;2023-01-10 13:53:44.327000;3;100596;1;1;5800.0000;1;12685.0000;None;137000.0000
17757;2023-01-10 10:47:18.787000;3;100596;1;3;17400.0000;1;None;None;17400.0000
26532;2023-01-10 10:11:26.413000;3;100606;1;1;6800.0000;1;None;None;53600.0000
26535;2023-01-10 10:33:03.753000;3;100606;1;1;6800.0000;1;4278.0000;None;46200.0000
26562;2023-01-10 13:07:31.610000;3;100606;1;1;6800.0000;1;3926.0000;None;42400.0000
7585;2023-01-10 13:40:26.397000;3;100606;1;2;13600.0000;1;7982.0000;None;86200.0000
26584;2023-01-10 16:28:55.147000;3;100606;1;1;6800.0000;1;2796.0000;None;30200.0000
26584;2023-01-10 16:17:52.083000;3;100606;1;1;6800.0000;1;2796.0000;None;30200.0000
26583;2023-01-10 16:14:15.500000;3;100606;1;1;6800.0000;1;4574.0000;None;49400.0000
26586;2023-01-10 17:30:16.023000;3;100606;1;2;13600.0000;1;2778.0000;None;30000.0000
26578;2023-01-10 15:36:52.237000;3;100606;1;1;6800.0000;1;None;None;23200.0000
26581;2023-01-10 15:49:52.823000;3;100606;1;2;13600.0000;1;2148.0000;None;23200.0000
26574;2023-01-10 15:26:13.527000;3;100606;1;1;6800.0000;1;1167.0000;None;12600.0000
26604;2023-01-10 18:51:15.960000;3;100606;1;1;6800.0000;1;4278.0000;None;46200.0000
26600;2023-01-10 18:25:46.607000;3;100606;1;1;6800.0000;1;4185.0000;None;45200.0000
26599;2023-01-10 18:30:10.180000;3;100606;1;1;6800.0000;1;None;None;54600.0000
26599;2023-01-10 18:30:10.180000;3;100607;1;1;6800.0000;1;None;None;54600.0000
26595;2023-01-10 17:53:46.873000;3;100607;1;1;6800.0000;1;4870.0000;None;52600.0000
26586;2023-01-10 16:34:01.633000;3;100607;1;1;6800.0000;1;2778.0000;None;30000.0000
26554;2023-01-10 13:01:08.763000;3;100607;1;1;6800.0000;1;7222.0000;None;78000.0000
26532;2023-01-10 10:11:26.413000;3;100607;1;1;6800.0000;1;None;None;53600.0000
26537;2023-01-10 10:36:11.247000;3;100607;1;2;13600.0000;1;4463.0000;None;48200.0000
26539;2023-01-10 11:01:18.650000;3;100607;1;2;13600.0000;1;8037.0000;None;86800.0000
26540;2023-01-10 11:03:00.197000;3;100607;1;1;6800.0000;1;9241.0000;None;99800.0000
7599;2023-01-10 14:15:10.303000;3;100614;1;1;5800.0000;1;537.0000;None;5800.0000
26587;2023-01-10 16:37:53.320000;3;100614;1;1;5800.0000;1;2981.0000;None;32200.0000
26585;2023-01-10 17:13:48.567000;3;100614;1;1;5800.0000;1;19685.0000;None;212600.0000
26584;2023-01-10 16:18:40.483000;3;100614;1;1;5800.0000;1;2796.0000;None;30200.0000
26589;2023-01-10 16:42:12.257000;3;100614;1;1;5800.0000;1;2519.0000;None;27200.0000
26590;2023-01-10 16:54:41.427000;3;100614;1;1;5800.0000;1;1444.0000;None;15600.0000
26593;2023-01-10 17:12:44.240000;3;100614;1;2;11600.0000;1;1963.0000;None;21200.0000
26592;2023-01-10 17:08:49.987000;3;100614;1;1;5800.0000;1;4000.0000;None;43200.0000
26596;2023-01-10 17:55:40.497000;3;100614;1;2;11600.0000;1;1963.0000;None;21200.0000
26598;2023-01-10 18:08:28.503000;3;100614;1;1;5800.0000;1;2611.0000;None;28200.0000
26599;2023-01-10 18:30:10.180000;3;100614;1;1;5800.0000;1;None;None;54600.0000
26603;2023-01-10 19:08:02.990000;3;100614;1;1;5800.0000;1;4815.0000;None;52000.0000
26541;2023-01-10 11:11:02.393000;3;100614;1;1;5800.0000;1;18778.0000;None;202800.0000
26541;2023-01-10 12:13:11.323000;3;100614;1;1;5800.0000;1;18778.0000;None;202800.0000
26542;2023-01-10 11:17:17.570000;3;100614;1;2;11600.0000;1;5574.0000;None;60200.0000
26529;2023-01-10 10:05:34.517000;3;100614;1;1;5800.0000;1;981.0000;None;10600.0000
26534;2023-01-10 10:26:48.300000;3;100614;1;2;11600.0000;1;2963.0000;None;32000.0000
26533;2023-01-10 10:37:39.310000;3;100614;1;1;5800.0000;1;3611.0000;None;39000.0000
26533;2023-01-10 10:20:05.647000;3;100614;1;2;11600.0000;1;3611.0000;None;39000.0000
7591;2023-01-10 13:24:57.580000;1;100842;1;1;24800.0000;1;7426.0000;None;80200.0000
7588;2023-01-10 12:55:20.867000;1;100844;1;1;27800.0000;1;13407.0000;None;144800.0000
26564;2023-01-10 13:17:15.940000;1;100845;1;1;27800.0000;1;6407.0000;None;69200.0000
26567;2023-01-10 13:57:45.180000;1;100845;1;1;27800.0000;1;6593.0000;None;71200.0000
26567;2023-01-10 13:57:45.180000;1;100845;1;1;27800.0000;1;6593.0000;None;71200.0000
26570;2023-01-10 14:02:46.017000;1;100845;1;1;27800.0000;1;10167.0000;None;109800.0000
7597;2023-01-10 14:05:51.667000;1;100846;1;1;29800.0000;1;9352.0000;None;101000.0000
7602;2023-01-10 14:25:16.910000;1;100846;1;1;29800.0000;1;6315.0000;None;68200.0000
26564;2023-01-10 13:17:15.940000;1;100846;1;1;29800.0000;1;6407.0000;None;69200.0000
26591;2023-01-10 17:20:46.567000;1;100846;1;-1;-29800.0000;1;4500.0000;None;48600.0000
26591;2023-01-10 17:06:29.250000;1;100846;1;1;29800.0000;1;4500.0000;None;48600.0000
17765;2023-01-10 15:34:02.693000;1;100846;1;1;31300.0000;1;None;None;31300.0000
26530;2023-01-10 10:09:44.557000;1;100846;1;2;59600.0000;1;8111.0000;None;87600.0000
26557;2023-01-10 12:40:59.550000;1;100847;1;1;25800.0000;1;None;None;50600.0000
26557;2023-01-10 12:40:59.550000;1;100850;1;1;21800.0000;1;None;None;50600.0000
26568;2023-01-10 13:57:30.480000;1;100850;1;1;21800.0000;1;6037.0000;None;65200.0000
26592;2023-01-10 17:08:49.987000;1;100851;1;1;22800.0000;1;4000.0000;None;43200.0000
7596;2023-01-10 14:04:35.133000;1;100851;1;1;22800.0000;1;2648.0000;None;28600.0000
7595;2023-01-10 14:02:16.987000;1;100852;1;1;25800.0000;1;13648.0000;None;147400.0000
26572;2023-01-10 14:57:59.683000;1;100852;1;1;25800.0000;1;9444.0000;None;102000.0000
7595;2023-01-10 14:02:16.987000;1;100853;1;1;27800.0000;1;13648.0000;None;147400.0000
26568;2023-01-10 13:57:30.480000;1;100853;1;1;27800.0000;1;6037.0000;None;65200.0000
26561;2023-01-10 13:05:36.510000;1;100853;1;1;27800.0000;1;9074.0000;None;98000.0000
26556;2023-01-10 12:31:11.907000;1;100854;1;1;25800.0000;1;6519.0000;None;70400.0000
26549;2023-01-10 12:02:28.697000;1;100855;1;1;27800.0000;1;10074.0000;None;108800.0000
26551;2023-01-10 12:08:18.063000;1;100855;1;1;27800.0000;1;3111.0000;None;33600.0000
26562;2023-01-10 13:07:20.123000;1;100855;1;1;27800.0000;1;3926.0000;None;42400.0000
7605;2023-01-10 14:56:58.610000;1;100855;1;1;27800.0000;1;5685.0000;None;61400.0000
7605;2023-01-10 14:56:58.610000;1;100855;1;1;27800.0000;1;5685.0000;None;61400.0000
26582;2023-01-10 16:02:54.317000;1;100855;1;1;27800.0000;1;9556.0000;None;103200.0000
26544;2023-01-10 11:20:42.593000;1;100855;1;1;27800.0000;1;6482.0000;None;70000.0000
7602;2023-01-10 14:25:16.910000;1;100862;1;1;26800.0000;1;6315.0000;None;68200.0000
7601;2023-01-10 14:19:29.293000;1;100862;1;1;26800.0000;1;None;None;32600.0000
7588;2023-01-10 12:54:47.693000;1;100968;1;1;29800.0000;1;13407.0000;None;144800.0000
26561;2023-01-10 13:05:36.510000;1;100974;1;1;17800.0000;1;9074.0000;None;98000.0000
7585;2023-01-10 13:06:07.237000;1;100974;1;1;17800.0000;1;7982.0000;None;86200.0000
7584;2023-01-10 12:32:00.623000;1;100974;1;1;17800.0000;1;5796.0000;None;62600.0000
26585;2023-01-10 16:27:44.577000;1;100974;1;1;17800.0000;1;19685.0000;None;212600.0000
17769;2023-01-10 17:14:41.037000;1;100974;1;1;17800.0000;1;None;None;17800.0000
26530;2023-01-10 10:56:53.877000;1;100995;1;1;10800.0000;1;8111.0000;None;87600.0000
26531;2023-01-10 10:08:59.967000;1;100995;1;1;10800.0000;1;7037.0000;None;76000.0000
26533;2023-01-10 10:20:05.647000;1;100995;1;2;21600.0000;1;3611.0000;None;39000.0000
26535;2023-01-10 10:33:03.753000;1;100995;1;1;10800.0000;1;4278.0000;None;46200.0000
26544;2023-01-10 11:20:42.593000;1;100995;1;1;10800.0000;1;6482.0000;None;70000.0000
26542;2023-01-10 11:17:17.570000;1;100995;1;1;10800.0000;1;5574.0000;None;60200.0000
26545;2023-01-10 11:27:35.490000;1;100995;1;1;10800.0000;1;7074.0000;None;76400.0000
26541;2023-01-10 11:37:59.847000;1;100995;1;2;21600.0000;1;18778.0000;None;202800.0000
26541;2023-01-10 11:11:02.393000;1;100995;1;1;10800.0000;1;18778.0000;None;202800.0000
26540;2023-01-10 11:23:31.767000;1;100995;1;1;10800.0000;1;9241.0000;None;99800.0000
26587;2023-01-10 16:37:53.320000;1;100995;1;1;10800.0000;1;2981.0000;None;32200.0000
26584;2023-01-10 16:18:40.483000;1;100995;1;1;10800.0000;1;2796.0000;None;30200.0000
26603;2023-01-10 18:59:56.767000;3;100999;1;1;5800.0000;1;4815.0000;None;52000.0000
26600;2023-01-10 18:25:46.607000;3;100999;1;1;5800.0000;1;4185.0000;None;45200.0000
26595;2023-01-10 17:53:46.873000;3;100999;1;1;5800.0000;1;4870.0000;None;52600.0000
26574;2023-01-10 15:07:14.573000;3;100999;1;1;5800.0000;1;1167.0000;None;12600.0000
26537;2023-01-10 10:36:11.247000;3;100999;1;1;5800.0000;1;4463.0000;None;48200.0000
26545;2023-01-10 11:23:17.550000;3;100999;1;1;5800.0000;1;7074.0000;None;76400.0000
26545;2023-01-10 11:46:20.950000;3;100999;1;1;5800.0000;1;7074.0000;None;76400.0000
26545;2023-01-10 12:00:13.030000;3;100999;1;1;5800.0000;1;7074.0000;None;76400.0000
26532;2023-01-10 10:36:56.777000;1;101029;1;1;9800.0000;1;None;None;53600.0000
26545;2023-01-10 11:27:35.490000;1;101029;1;1;9800.0000;1;7074.0000;None;76400.0000
26575;2023-01-10 15:24:02.217000;6;101061;1;1;0.0000;1;12741.0000;None;137600.0000
26577;2023-01-10 15:30:41.957000;6;101061;1;1;None;1;15241.0000;None;164600.0000
26579;2023-01-10 15:38:45.283000;6;101061;1;1;0.0000;1;12759.0000;None;137800.0000
26582;2023-01-10 16:02:54.317000;6;101061;1;1;0.0000;1;9556.0000;None;103200.0000
26591;2023-01-10 17:06:29.250000;6;101061;1;1;0.0000;1;4500.0000;None;48600.0000
7584;2023-01-10 12:32:00.623000;6;101061;1;1;0.0000;1;5796.0000;None;62600.0000
7585;2023-01-10 12:39:04.740000;6;101061;1;1;0.0000;1;7982.0000;None;86200.0000
26556;2023-01-10 12:31:11.907000;6;101061;1;1;0.0000;1;6519.0000;None;70400.0000
26561;2023-01-10 13:01:37.077000;6;101061;1;1;0.0000;1;9074.0000;None;98000.0000
7590;2023-01-10 12:58:59.483000;6;101061;1;1;0.0000;1;6824.0000;None;73700.0000
7590;2023-01-10 12:58:59.483000;6;101061;1;1;0.0000;1;6824.0000;None;73700.0000
7589;2023-01-10 12:57:47.230000;6;101061;1;1;0.0000;1;3852.0000;None;41600.0000
26560;2023-01-10 13:00:31.200000;6;101061;1;1;0.0000;1;14148.0000;None;152800.0000
26559;2023-01-10 12:58:03.677000;6;101061;1;1;0.0000;1;6778.0000;None;73200.0000
7587;2023-01-10 12:43:42.780000;6;101061;1;1;0.0000;1;7056.0000;None;76200.0000
7587;2023-01-10 12:43:42.780000;6;101061;1;1;0.0000;1;7056.0000;None;76200.0000
7586;2023-01-10 12:39:52.947000;6;101061;1;1;0.0000;1;7352.0000;None;79400.0000
7600;2023-01-10 14:18:59.307000;6;101061;1;1;0.0000;1;8352.0000;None;90200.0000
7601;2023-01-10 14:19:29.293000;6;101061;1;1;0.0000;1;None;None;32600.0000
7602;2023-01-10 14:25:16.910000;6;101061;1;1;0.0000;1;6315.0000;None;68200.0000
26571;2023-01-10 14:09:30.203000;6;101061;1;1;0.0000;1;12278.0000;None;132600.0000
7596;2023-01-10 14:04:35.133000;6;101061;1;1;0.0000;1;2648.0000;None;28600.0000
7597;2023-01-10 14:05:51.667000;6;101061;1;1;0.0000;1;9352.0000;None;101000.0000
26570;2023-01-10 14:02:46.017000;6;101061;1;1;0.0000;1;10167.0000;None;109800.0000
26568;2023-01-10 13:57:30.480000;6;101061;1;1;0.0000;1;6037.0000;None;65200.0000
26567;2023-01-10 13:57:45.180000;6;101061;1;1;0.0000;1;6593.0000;None;71200.0000
26566;2023-01-10 13:50:39.877000;6;101061;1;1;0.0000;1;16148.0000;None;174400.0000
26565;2023-01-10 13:51:11.133000;6;101061;1;1;0.0000;1;18741.0000;None;202400.0000
26565;2023-01-10 13:51:11.133000;6;101061;1;1;0.0000;1;18741.0000;None;202400.0000
7594;2023-01-10 13:46:15.623000;6;101061;1;1;0.0000;1;15685.0000;None;169400.0000
7594;2023-01-10 13:46:15.623000;6;101061;1;1;0.0000;1;15685.0000;None;169400.0000
26564;2023-01-10 13:17:15.940000;6;101061;1;1;0.0000;1;6407.0000;None;69200.0000
7591;2023-01-10 13:24:57.580000;6;101061;1;1;0.0000;1;7426.0000;None;80200.0000
7591;2023-01-10 13:24:57.580000;6;101061;1;1;0.0000;1;7426.0000;None;80200.0000
26563;2023-01-10 13:16:55.223000;6;101061;1;1;0.0000;1;12685.0000;None;137000.0000
7592;2023-01-10 13:31:09.733000;6;101061;1;1;0.0000;1;6278.0000;None;67800.0000
7593;2023-01-10 13:36:22.870000;6;101061;1;1;0.0000;1;5852.0000;None;63200.0000
7588;2023-01-10 12:55:20.867000;1;101073;1;1;69800.0000;1;13407.0000;None;144800.0000
26560;2023-01-10 13:00:31.200000;1;101073;1;1;69800.0000;1;14148.0000;None;152800.0000
7585;2023-01-10 13:43:09.303000;1;101114;1;1;11800.0000;1;7982.0000;None;86200.0000
26602;2023-01-10 18:43:22.407000;1;101114;1;1;11800.0000;1;5370.0000;None;58000.0000
26561;2023-01-10 13:01:01.360000;1;101176;1;1;39800.0000;1;9074.0000;None;98000.0000
26565;2023-01-10 13:51:11.133000;1;101176;1;1;39800.0000;1;18741.0000;None;202400.0000
26531;2023-01-10 10:08:59.967000;1;101181;1;1;26800.0000;1;7037.0000;None;76000.0000
26547;2023-01-10 11:36:38.860000;1;101181;1;1;26800.0000;1;11000.0000;None;118800.0000
26547;2023-01-10 11:37:33.263000;1;101181;1;-1;-26800.0000;1;11000.0000;None;118800.0000
26541;2023-01-10 12:45:58.220000;1;101242;1;1;28800.0000;1;18778.0000;None;202800.0000
17770;2023-01-10 18:56:34.160000;1;101244;1;1;29800.0000;1;10019.0000;None;108200.0000
26577;2023-01-10 15:31:06.560000;1;101244;1;1;29800.0000;1;15241.0000;None;164600.0000
7597;2023-01-10 14:05:51.667000;1;101245;1;1;24800.0000;1;9352.0000;None;101000.0000
7597;2023-01-10 14:05:51.667000;1;101270;1;1;0.0000;1;9352.0000;None;101000.0000
7602;2023-01-10 14:25:16.910000;1;101270;1;1;0.0000;1;6315.0000;None;68200.0000
26566;2023-01-10 13:50:39.877000;1;101270;2;1;0.0000;1;16148.0000;None;174400.0000
26566;2023-01-10 13:50:39.877000;1;101270;2;1;0.0000;1;16148.0000;None;174400.0000
7590;2023-01-10 12:58:59.437000;1;101270;1;1;0.0000;1;6824.0000;None;73700.0000
26560;2023-01-10 13:00:31.200000;1;101270;1;1;0.0000;1;14148.0000;None;152800.0000
26559;2023-01-10 12:58:03.677000;1;101270;2;1;0.0000;1;6778.0000;None;73200.0000
26559;2023-01-10 12:58:03.677000;1;101270;2;1;0.0000;1;6778.0000;None;73200.0000
26558;2023-01-10 12:52:32.517000;1;101270;1;1;0.0000;1;7907.0000;None;85400.0000
26553;2023-01-10 12:12:43.663000;1;101270;1;1;0.0000;1;8963.0000;None;96800.0000
26551;2023-01-10 12:08:18.063000;1;101270;1;1;0.0000;1;3111.0000;None;33600.0000
26579;2023-01-10 15:58:30.687000;1;101270;2;1;0.0000;1;12759.0000;None;137800.0000
7605;2023-01-10 15:13:01.767000;1;101270;1;-1;0.0000;1;5685.0000;None;61400.0000
7605;2023-01-10 14:56:58.597000;1;101270;1;1;None;1;5685.0000;None;61400.0000
7605;2023-01-10 14:56:58.610000;1;101270;1;1;0.0000;1;5685.0000;None;61400.0000
26541;2023-01-10 12:45:58.220000;1;101270;2;1;0.0000;1;18778.0000;None;202800.0000
7604;2023-01-10 15:19:05.137000;1;101293;1;1;41800.0000;1;7537.0000;None;81400.0000
26583;2023-01-10 16:14:15.500000;1;101330;1;1;23800.0000;1;4574.0000;None;49400.0000
26544;2023-01-10 11:20:42.593000;3;101332;1;1;10800.0000;1;6482.0000;None;70000.0000
26544;2023-01-10 11:20:42.593000;3;101332;1;1;10800.0000;1;6482.0000;None;70000.0000
26531;2023-01-10 10:08:59.967000;3;101332;1;1;10800.0000;1;7037.0000;None;76000.0000
26587;2023-01-10 16:37:53.320000;3;101332;1;1;10800.0000;1;2981.0000;None;32200.0000
26572;2023-01-10 14:57:59.683000;1;101433;1;1;0.0000;1;9444.0000;None;102000.0000
26580;2023-01-10 15:45:37.177000;1;101433;1;1;0.0000;1;8722.0000;None;94200.0000
26550;2023-01-10 12:06:17.463000;1;101433;1;1;0.0000;1;9074.0000;None;98000.0000
26549;2023-01-10 12:02:28.697000;1;101433;1;1;0.0000;1;10074.0000;None;108800.0000
26556;2023-01-10 12:31:11.907000;1;101433;1;1;0.0000;1;6519.0000;None;70400.0000
26558;2023-01-10 12:52:32.517000;1;101433;1;1;0.0000;1;7907.0000;None;85400.0000
26558;2023-01-10 12:52:32.517000;1;101433;1;1;0.0000;1;7907.0000;None;85400.0000
7587;2023-01-10 12:43:42.780000;1;101433;1;1;0.0000;1;7056.0000;None;76200.0000
7586;2023-01-10 12:39:52.947000;1;101433;1;1;0.0000;1;7352.0000;None;79400.0000
26560;2023-01-10 13:00:31.200000;1;101433;1;1;0.0000;1;14148.0000;None;152800.0000
26560;2023-01-10 13:00:31.200000;1;101433;1;1;0.0000;1;14148.0000;None;152800.0000
7590;2023-01-10 12:58:59.437000;1;101433;1;1;0.0000;1;6824.0000;None;73700.0000
26566;2023-01-10 13:50:39.877000;1;101433;1;1;0.0000;1;16148.0000;None;174400.0000
7603;2023-01-10 14:45:03.623000;1;101433;1;1;0.0000;1;None;None;126800.0000
7600;2023-01-10 14:18:59.307000;1;101433;1;1;0.0000;1;8352.0000;None;90200.0000
26580;2023-01-10 15:45:37.177000;1;101520;1;1;0.0000;1;8722.0000;None;94200.0000
26576;2023-01-10 15:29:57.093000;1;101520;1;1;0.0000;1;3111.0000;None;33600.0000
26571;2023-01-10 14:09:30.203000;1;101520;1;1;0.0000;1;12278.0000;None;132600.0000
26570;2023-01-10 14:02:46.017000;1;101520;1;1;0.0000;1;10167.0000;None;109800.0000
7586;2023-01-10 12:39:52.947000;1;101520;1;1;0.0000;1;7352.0000;None;79400.0000
7586;2023-01-10 12:39:52.947000;1;101522;1;1;0.0000;1;7352.0000;None;79400.0000
7588;2023-01-10 12:55:20.867000;1;101522;1;1;0.0000;1;13407.0000;None;144800.0000
7590;2023-01-10 12:58:59.437000;1;101522;1;1;0.0000;1;6824.0000;None;73700.0000
26554;2023-01-10 12:15:42.163000;1;101522;1;1;0.0000;1;7222.0000;None;78000.0000
26549;2023-01-10 12:02:28.697000;1;101522;1;1;0.0000;1;10074.0000;None;108800.0000
26550;2023-01-10 12:06:17.463000;1;101522;2;1;0.0000;1;9074.0000;None;98000.0000
26552;2023-01-10 12:10:03.433000;1;101522;1;1;0.0000;1;None;None;39600.0000
7595;2023-01-10 14:12:29.603000;1;101522;2;1;0.0000;1;13648.0000;None;147400.0000
7597;2023-01-10 14:05:51.667000;1;101522;2;1;0.0000;1;9352.0000;None;101000.0000
26571;2023-01-10 14:09:30.203000;1;101522;1;1;0.0000;1;12278.0000;None;132600.0000
7600;2023-01-10 14:18:59.307000;1;101522;1;1;0.0000;1;8352.0000;None;90200.0000
26569;2023-01-10 14:01:30.523000;1;101522;1;1;0.0000;1;8722.0000;None;94200.0000
26569;2023-01-10 14:01:30.523000;1;101522;2;1;0.0000;1;8722.0000;None;94200.0000
7592;2023-01-10 13:31:09.733000;1;101522;2;1;0.0000;1;6278.0000;None;67800.0000
7594;2023-01-10 13:46:15.623000;1;101522;2;1;0.0000;1;15685.0000;None;169400.0000
26579;2023-01-10 15:38:45.283000;1;101522;2;1;0.0000;1;12759.0000;None;137800.0000
26580;2023-01-10 15:45:37.193000;1;101522;2;1;0.0000;1;8722.0000;None;94200.0000
26585;2023-01-10 16:27:44.577000;1;101522;2;1;0.0000;1;19685.0000;None;212600.0000
26585;2023-01-10 17:12:26.723000;1;101522;2;1;None;1;19685.0000;None;212600.0000
26585;2023-01-10 16:27:44.577000;1;101522;2;1;0.0000;1;19685.0000;None;212600.0000
26594;2023-01-10 17:51:12.527000;1;101522;2;1;0.0000;1;11167.0000;None;120600.0000
26604;2023-01-10 18:51:15.960000;1;101522;2;1;0.0000;1;4278.0000;None;46200.0000
17770;2023-01-10 18:56:34.160000;1;101522;2;1;0.0000;1;10019.0000;None;108200.0000
26577;2023-01-10 15:30:41.957000;1;101552;1;1;None;1;15241.0000;None;164600.0000
7603;2023-01-10 14:45:03.623000;1;101552;1;1;0.0000;1;None;None;126800.0000
7595;2023-01-10 14:02:16.987000;1;101552;1;1;0.0000;1;13648.0000;None;147400.0000
26556;2023-01-10 12:31:11.907000;1;101552;1;1;0.0000;1;6519.0000;None;70400.0000
7587;2023-01-10 12:43:42.780000;1;101552;1;1;0.0000;1;7056.0000;None;76200.0000
26558;2023-01-10 12:52:32.517000;1;101552;1;1;0.0000;1;7907.0000;None;85400.0000
7597;2023-01-10 14:05:51.667000;6;101561;1;1;0.0000;1;9352.0000;None;101000.0000
26569;2023-01-10 14:01:30.523000;6;101561;1;1;0.0000;1;8722.0000;None;94200.0000
26585;2023-01-10 17:12:26.723000;6;101561;1;1;None;1;19685.0000;None;212600.0000
26601;2023-01-10 18:40:49.697000;6;101561;1;1;0.0000;1;10130.0000;None;109400.0000
26601;2023-01-10 18:30:34.807000;1;101954;1;1;18800.0000;1;10130.0000;None;109400.0000
26600;2023-01-10 18:25:46.607000;1;101954;1;1;18800.0000;1;4185.0000;None;45200.0000
26595;2023-01-10 17:53:46.873000;1;101954;1;1;18800.0000;1;4870.0000;None;52600.0000
26597;2023-01-10 18:07:50.130000;1;101954;1;1;18800.0000;1;5463.0000;None;59000.0000
26583;2023-01-10 16:14:15.500000;1;101954;1;1;18800.0000;1;4574.0000;None;49400.0000
26569;2023-01-10 14:01:30.523000;1;101954;1;1;18800.0000;1;8722.0000;None;94200.0000
26549;2023-01-10 11:34:48.377000;1;101954;1;1;18800.0000;1;10074.0000;None;108800.0000
26543;2023-01-10 11:18:29.133000;1;102003;1;4;19200.0000;1;4315.0000;None;46600.0000
26537;2023-01-10 10:39:01.240000;1;102003;1;3;14400.0000;1;4463.0000;None;48200.0000
26534;2023-01-10 10:29:28.257000;1;102003;1;1;4800.0000;1;2963.0000;None;32000.0000
26581;2023-01-10 15:49:52.823000;1;102003;1;1;4800.0000;1;2148.0000;None;23200.0000
26599;2023-01-10 18:22:23.393000;1;102003;1;1;4800.0000;1;None;None;54600.0000
26596;2023-01-10 17:56:20.907000;1;102003;1;2;9600.0000;1;1963.0000;None;21200.0000
17770;2023-01-10 18:44:35.400000;1;102003;1;1;4800.0000;1;10019.0000;None;108200.0000
17770;2023-01-10 18:44:35.400000;1;102003;1;1;4800.0000;1;10019.0000;None;108200.0000
26572;2023-01-10 14:57:59.683000;1;102016;1;1;0.0000;1;9444.0000;None;102000.0000
26541;2023-01-10 12:45:58.220000;1;102042;1;1;36800.0000;1;18778.0000;None;202800.0000
26547;2023-01-10 11:37:33.263000;1;102141;1;-1;-3800.0000;1;11000.0000;None;118800.0000
26547;2023-01-10 11:36:38.860000;1;102141;1;1;3800.0000;1;11000.0000;None;118800.0000
7584;2023-01-10 12:32:00.623000;1;102141;1;2;7600.0000;1;5796.0000;None;62600.0000
26566;2023-01-10 13:50:39.877000;1;102141;1;1;3800.0000;1;16148.0000;None;174400.0000
26571;2023-01-10 14:09:30.203000;1;102163;1;1;4800.0000;1;12278.0000;None;132600.0000
26572;2023-01-10 14:57:59.683000;1;102172;1;1;4800.0000;1;9444.0000;None;102000.0000
26547;2023-01-10 11:52:52.710000;1;102173;1;1;5800.0000;1;11000.0000;None;118800.0000
26547;2023-01-10 11:38:55.630000;1;102173;1;1;5800.0000;1;11000.0000;None;118800.0000
26547;2023-01-10 11:38:55.630000;1;102191;1;1;5800.0000;1;11000.0000;None;118800.0000
26547;2023-01-10 11:52:52.710000;1;102191;1;1;5800.0000;1;11000.0000;None;118800.0000
26532;2023-01-10 10:14:08.770000;1;102191;1;1;5800.0000;1;None;None;53600.0000
26547;2023-01-10 11:52:52.710000;1;102228;1;1;10800.0000;1;11000.0000;None;118800.0000
26553;2023-01-10 12:12:43.663000;1;102228;1;1;10800.0000;1;8963.0000;None;96800.0000
7594;2023-01-10 14:19:48.940000;1;102228;1;1;10800.0000;1;15685.0000;None;169400.0000
7594;2023-01-10 13:46:15.623000;1;102228;1;2;21600.0000;1;15685.0000;None;169400.0000
26563;2023-01-10 13:16:55.223000;1;102228;1;1;10800.0000;1;12685.0000;None;137000.0000
26563;2023-01-10 13:16:55.223000;1;102228;1;1;10800.0000;1;12685.0000;None;137000.0000
26597;2023-01-10 18:07:50.130000;1;102228;1;1;10800.0000;1;5463.0000;None;59000.0000
7604;2023-01-10 15:19:05.137000;1;102228;1;1;10800.0000;1;7537.0000;None;81400.0000
7604;2023-01-10 14:45:29.217000;1;102228;1;1;10800.0000;1;7537.0000;None;81400.0000
26547;2023-01-10 11:38:55.630000;1;102228;1;1;10800.0000;1;11000.0000;None;118800.0000
26563;2023-01-10 13:16:55.223000;1;102249;1;1;5800.0000;1;12685.0000;None;137000.0000
26598;2023-01-10 18:08:28.503000;1;102284;1;1;3800.0000;1;2611.0000;None;28200.0000
26557;2023-01-10 12:40:59.550000;1;102286;1;1;1500.0000;1;None;None;50600.0000
26557;2023-01-10 12:40:59.550000;1;102286;1;1;1500.0000;1;None;None;50600.0000
7590;2023-01-10 12:58:59.437000;1;102286;1;1;1500.0000;1;6824.0000;None;73700.0000
26547;2023-01-10 11:38:55.630000;1;102314;1;1;8800.0000;1;11000.0000;None;118800.0000
26538;2023-01-10 10:51:32.757000;1;102314;1;1;8800.0000;1;3444.0000;None;37200.0000
26547;2023-01-10 11:52:52.710000;1;102314;1;1;8800.0000;1;11000.0000;None;118800.0000
26539;2023-01-10 11:01:18.650000;1;102315;1;1;1500.0000;1;8037.0000;None;86800.0000
26539;2023-01-10 11:01:18.650000;1;102315;1;1;1500.0000;1;8037.0000;None;86800.0000
26536;2023-01-10 10:33:57.233000;1;102317;1;1;2800.0000;1;2907.0000;None;31400.0000
26540;2023-01-10 11:03:00.197000;1;102317;1;2;5600.0000;1;9241.0000;None;99800.0000
26554;2023-01-10 12:15:42.163000;3;102402;1;1;7800.0000;1;7222.0000;None;78000.0000
7594;2023-01-10 13:46:15.623000;3;102402;1;1;7800.0000;1;15685.0000;None;169400.0000
26604;2023-01-10 18:51:15.960000;1;102474;1;1;28800.0000;1;4278.0000;None;46200.0000
7595;2023-01-10 14:12:29.603000;1;102487;1;1;32800.0000;1;13648.0000;None;147400.0000
26550;2023-01-10 12:06:17.463000;1;102487;1;1;32800.0000;1;9074.0000;None;98000.0000
26580;2023-01-10 15:45:37.177000;1;102491;1;1;34800.0000;1;8722.0000;None;94200.0000
26540;2023-01-10 11:03:00.197000;1;102522;1;1;9800.0000;1;9241.0000;None;99800.0000
26532;2023-01-10 10:10:52.033000;1;102522;1;1;9800.0000;1;None;None;53600.0000
26589;2023-01-10 16:45:26.057000;1;102522;1;1;9800.0000;1;2519.0000;None;27200.0000
26553;2023-01-10 12:12:43.663000;1;102522;1;1;9800.0000;1;8963.0000;None;96800.0000
26532;2023-01-10 10:14:08.770000;1;102554;1;1;8800.0000;1;None;None;53600.0000
26535;2023-01-10 10:33:03.753000;1;102554;1;1;8800.0000;1;4278.0000;None;46200.0000
26528;2023-01-10 10:05:15.593000;1;102554;1;1;8800.0000;1;1259.0000;None;13600.0000
26547;2023-01-10 11:52:52.710000;1;102554;1;1;8800.0000;1;11000.0000;None;118800.0000
26547;2023-01-10 11:38:55.630000;1;102554;1;1;8800.0000;1;11000.0000;None;118800.0000
26536;2023-01-10 10:33:57.233000;1;102555;1;1;20800.0000;1;2907.0000;None;31400.0000
26544;2023-01-10 11:20:42.593000;1;102561;1;1;9800.0000;1;6482.0000;None;70000.0000
26545;2023-01-10 11:27:35.490000;1;102567;1;1;14800.0000;1;7074.0000;None;76400.0000
26595;2023-01-10 17:53:46.873000;3;102619;1;1;6800.0000;1;4870.0000;None;52600.0000
26561;2023-01-10 13:01:37.077000;3;102619;1;1;6800.0000;1;9074.0000;None;98000.0000
7594;2023-01-10 13:46:15.623000;3;102619;1;1;6800.0000;1;15685.0000;None;169400.0000
26541;2023-01-10 12:45:58.220000;3;102619;1;1;6800.0000;1;18778.0000;None;202800.0000
26597;2023-01-10 18:07:50.130000;3;102620;1;1;7800.0000;1;5463.0000;None;59000.0000
26578;2023-01-10 15:36:52.237000;3;102623;1;1;6800.0000;1;None;None;23200.0000
7603;2023-01-10 14:45:03.623000;3;102623;1;1;6800.0000;1;None;None;126800.0000
26530;2023-01-10 10:07:01.947000;3;102623;1;2;13600.0000;1;8111.0000;None;87600.0000
7594;2023-01-10 13:46:15.623000;3;102631;1;2;15600.0000;1;15685.0000;None;169400.0000
26568;2023-01-10 13:57:12.580000;3;102631;1;1;7800.0000;1;6037.0000;None;65200.0000
26568;2023-01-10 13:57:12.580000;3;102635;1;1;7800.0000;1;6037.0000;None;65200.0000
7593;2023-01-10 13:36:22.870000;3;102635;1;1;7800.0000;1;5852.0000;None;63200.0000
26562;2023-01-10 13:07:31.610000;3;102635;1;1;7800.0000;1;3926.0000;None;42400.0000
17764;2023-01-10 14:16:32.630000;3;102635;1;-1;-7800.0000;1;-5852.0000;None;-63200.0000
7598;2023-01-10 14:09:29.537000;3;102635;1;1;7800.0000;1;4944.0000;None;53400.0000
7590;2023-01-10 12:58:59.483000;3;102635;1;1;7800.0000;1;6824.0000;None;73700.0000
7586;2023-01-10 12:39:52.947000;3;102635;1;1;7800.0000;1;7352.0000;None;79400.0000
7585;2023-01-10 12:39:04.740000;3;102635;1;1;7800.0000;1;7982.0000;None;86200.0000
7585;2023-01-10 12:44:01.087000;3;102635;1;1;7800.0000;1;7982.0000;None;86200.0000
26549;2023-01-10 12:02:28.697000;3;102635;1;1;7800.0000;1;10074.0000;None;108800.0000
26580;2023-01-10 15:45:37.193000;3;102635;1;2;15600.0000;1;8722.0000;None;94200.0000
26543;2023-01-10 11:18:29.133000;3;102635;1;1;7800.0000;1;4315.0000;None;46600.0000
26536;2023-01-10 10:33:57.233000;3;102635;1;1;7800.0000;1;2907.0000;None;31400.0000
26538;2023-01-10 11:03:54.957000;3;102635;1;1;7800.0000;1;3444.0000;None;37200.0000
26540;2023-01-10 11:03:00.197000;3;102635;1;2;15600.0000;1;9241.0000;None;99800.0000
26561;2023-01-10 13:01:37.077000;3;102637;1;1;9800.0000;1;9074.0000;None;98000.0000
26561;2023-01-10 13:20:19.060000;3;102637;1;-1;-9800.0000;1;9074.0000;None;98000.0000
7595;2023-01-10 14:04:59.463000;3;102637;1;-1;-9800.0000;1;13648.0000;None;147400.0000
7595;2023-01-10 14:02:16.987000;3;102637;1;1;9800.0000;1;13648.0000;None;147400.0000
26563;2023-01-10 13:16:55.223000;3;102637;1;3;29400.0000;1;12685.0000;None;137000.0000
26534;2023-01-10 10:26:48.300000;3;102641;1;1;10800.0000;1;2963.0000;None;32000.0000
7595;2023-01-10 14:02:16.987000;3;102644;1;1;5800.0000;1;13648.0000;None;147400.0000
26539;2023-01-10 11:43:52.727000;3;102644;1;1;5800.0000;1;8037.0000;None;86800.0000
26541;2023-01-10 12:45:58.220000;3;102644;1;1;5800.0000;1;18778.0000;None;202800.0000
26547;2023-01-10 11:59:49.600000;3;102645;1;1;6800.0000;1;11000.0000;None;118800.0000
26547;2023-01-10 12:00:26.470000;3;102645;1;1;6800.0000;1;11000.0000;None;118800.0000
26576;2023-01-10 15:29:57.093000;3;102649;1;1;4800.0000;1;3111.0000;None;33600.0000
26530;2023-01-10 10:06:14.530000;3;102649;1;1;4800.0000;1;8111.0000;None;87600.0000
26530;2023-01-10 10:22:08.893000;3;102649;1;-1;-4800.0000;1;8111.0000;None;87600.0000
26559;2023-01-10 12:58:03.677000;1;102666;1;1;31800.0000;1;6778.0000;None;73200.0000
17764;2023-01-10 14:16:32.630000;1;102668;1;-1;-35800.0000;1;-5852.0000;None;-63200.0000
7598;2023-01-10 14:09:29.537000;1;102668;1;1;35800.0000;1;4944.0000;None;53400.0000
7593;2023-01-10 13:36:22.870000;1;102668;1;1;35800.0000;1;5852.0000;None;63200.0000
26575;2023-01-10 15:24:02.217000;1;102670;1;1;34800.0000;1;12741.0000;None;137600.0000
26591;2023-01-10 17:14:53.377000;1;102671;1;1;37800.0000;1;4500.0000;None;48600.0000
7594;2023-01-10 13:46:15.623000;1;102671;1;1;37800.0000;1;15685.0000;None;169400.0000
26542;2023-01-10 11:17:17.570000;1;102671;1;1;37800.0000;1;5574.0000;None;60200.0000
26539;2023-01-10 11:01:18.650000;1;102671;1;1;37800.0000;1;8037.0000;None;86800.0000
17768;2023-01-10 15:55:25.377000;1;102673;1;-1;-35800.0000;1;-6630.0000;None;-71600.0000
26573;2023-01-10 15:06:37.103000;1;102673;1;1;35800.0000;1;None;None;71600.0000
17762;2023-01-10 13:18:06.587000;1;102675;1;1;29200.0000;1;None;None;29200.0000
26570;2023-01-10 14:02:46.017000;1;102675;1;1;27800.0000;1;10167.0000;None;109800.0000
26548;2023-01-10 11:41:24.547000;1;102675;1;1;27800.0000;1;None;None;27800.0000
26555;2023-01-10 12:20:17.017000;1;102676;1;1;29800.0000;1;3296.0000;None;35600.0000
26553;2023-01-10 12:12:43.663000;1;102676;1;1;29800.0000;1;8963.0000;None;96800.0000
7590;2023-01-10 12:58:59.437000;1;102676;1;1;29800.0000;1;6824.0000;None;73700.0000
26577;2023-01-10 15:30:41.957000;1;102678;1;1;35800.0000;1;15241.0000;None;164600.0000
7589;2023-01-10 12:57:47.230000;1;102678;1;1;35800.0000;1;3852.0000;None;41600.0000
7603;2023-01-10 14:45:03.623000;1;102678;1;2;71600.0000;1;None;None;126800.0000
7591;2023-01-10 13:24:57.580000;1;102678;1;1;35800.0000;1;7426.0000;None;80200.0000
17763;2023-01-10 13:48:14.083000;1;102680;1;1;37600.0000;1;None;None;37600.0000
26565;2023-01-10 13:51:11.133000;1;102680;1;3;107400.0000;1;18741.0000;None;202400.0000
7587;2023-01-10 12:43:42.780000;1;102680;1;1;35800.0000;1;7056.0000;None;76200.0000
26573;2023-01-10 15:06:37.103000;1;102680;1;1;35800.0000;1;None;None;71600.0000
17768;2023-01-10 15:55:25.377000;1;102680;1;-1;-35800.0000;1;-6630.0000;None;-71600.0000
7600;2023-01-10 14:18:59.307000;1;102725;1;1;34800.0000;1;8352.0000;None;90200.0000
26538;2023-01-10 11:03:54.957000;3;102747;1;-1;-4800.0000;1;3444.0000;None;37200.0000
26538;2023-01-10 10:51:32.757000;3;102747;1;1;4800.0000;1;3444.0000;None;37200.0000
7595;2023-01-10 14:02:16.987000;3;102747;1;1;4800.0000;1;13648.0000;None;147400.0000
26552;2023-01-10 12:10:03.433000;3;102747;1;1;4800.0000;1;None;None;39600.0000
26556;2023-01-10 12:31:11.907000;3;102747;1;1;4800.0000;1;6519.0000;None;70400.0000
26549;2023-01-10 11:32:58.910000;3;102747;1;1;4800.0000;1;10074.0000;None;108800.0000
26602;2023-01-10 18:43:22.407000;3;102747;1;1;4800.0000;1;5370.0000;None;58000.0000
26582;2023-01-10 16:02:54.317000;3;102747;1;1;4800.0000;1;9556.0000;None;103200.0000
26594;2023-01-10 17:51:12.527000;3;102747;1;1;4800.0000;1;11167.0000;None;120600.0000
26593;2023-01-10 17:12:44.240000;3;102747;1;1;4800.0000;1;1963.0000;None;21200.0000
26593;2023-01-10 17:12:44.240000;3;102747;1;1;4800.0000;1;1963.0000;None;21200.0000
26592;2023-01-10 17:08:49.987000;3;102747;1;1;4800.0000;1;4000.0000;None;43200.0000
26575;2023-01-10 15:24:02.217000;3;102747;1;1;4800.0000;1;12741.0000;None;137600.0000
26575;2023-01-10 15:24:02.217000;3;102747;1;1;4800.0000;1;12741.0000;None;137600.0000
7595;2023-01-10 14:04:59.463000;3;102748;1;1;14800.0000;1;13648.0000;None;147400.0000
26543;2023-01-10 11:18:29.133000;3;102748;1;1;14800.0000;1;4315.0000;None;46600.0000
26579;2023-01-10 15:38:45.283000;1;102835;1;2;21600.0000;1;12759.0000;None;137800.0000
26591;2023-01-10 17:06:29.250000;1;102835;1;1;10800.0000;1;4500.0000;None;48600.0000
26588;2023-01-10 16:39:35.923000;1;102835;1;1;10800.0000;1;1444.0000;None;15600.0000
26597;2023-01-10 18:07:50.130000;1;102835;1;1;10800.0000;1;5463.0000;None;59000.0000
26541;2023-01-10 11:11:02.393000;3;102886;1;1;5800.0000;1;18778.0000;None;202800.0000
26585;2023-01-10 16:27:44.577000;3;102886;1;1;5800.0000;1;19685.0000;None;212600.0000
26531;2023-01-10 10:08:59.967000;3;102887;1;1;10800.0000;1;7037.0000;None;76000.0000
7597;2023-01-10 14:05:51.667000;1;102903;1;1;34800.0000;1;9352.0000;None;101000.0000
26569;2023-01-10 14:01:30.523000;1;102903;1;1;34800.0000;1;8722.0000;None;94200.0000
26599;2023-01-10 18:22:23.393000;1;102912;1;1;19800.0000;1;None;None;54600.0000
26601;2023-01-10 18:40:49.697000;1;102913;1;1;24800.0000;1;10130.0000;None;109400.0000
26594;2023-01-10 17:51:12.527000;1;102913;1;1;24800.0000;1;11167.0000;None;120600.0000
26563;2023-01-10 13:16:55.223000;1;102913;1;3;74400.0000;1;12685.0000;None;137000.0000
26541;2023-01-10 12:45:58.220000;1;102951;1;1;39800.0000;1;18778.0000;None;202800.0000
26575;2023-01-10 15:24:02.217000;1;102952;1;1;22800.0000;1;12741.0000;None;137600.0000
26547;2023-01-10 11:52:52.710000;1;102960;1;1;5800.0000;1;11000.0000;None;118800.0000
26547;2023-01-10 11:38:55.630000;1;102960;1;1;5800.0000;1;11000.0000;None;118800.0000
26532;2023-01-10 10:14:08.770000;1;102960;1;1;5800.0000;1;None;None;53600.0000
26552;2023-01-10 12:10:03.433000;1;102981;1;1;34800.0000;1;None;None;39600.0000
7586;2023-01-10 12:39:52.947000;1;102981;1;1;34800.0000;1;7352.0000;None;79400.0000
26569;2023-01-10 14:01:30.523000;1;102981;1;1;34800.0000;1;8722.0000;None;94200.0000
26577;2023-01-10 15:30:41.957000;1;102982;1;1;59800.0000;1;15241.0000;None;164600.0000
26545;2023-01-10 11:27:35.490000;1;103032;1;1;9800.0000;1;7074.0000;None;76400.0000
26540;2023-01-10 11:03:00.197000;1;103032;1;1;9800.0000;1;9241.0000;None;99800.0000
26539;2023-01-10 11:01:18.650000;1;103034;1;1;16800.0000;1;8037.0000;None;86800.0000
26531;2023-01-10 10:08:59.967000;1;103034;1;1;16800.0000;1;7037.0000;None;76000.0000
26539;2023-01-10 11:01:18.650000;1;103035;1;1;9800.0000;1;8037.0000;None;86800.0000
26535;2023-01-10 10:33:03.753000;1;103039;1;1;19800.0000;1;4278.0000;None;46200.0000
26540;2023-01-10 11:03:00.197000;1;103040;1;1;16800.0000;1;9241.0000;None;99800.0000
26598;2023-01-10 18:08:28.503000;1;103128;1;1;12800.0000;1;2611.0000;None;28200.0000
26597;2023-01-10 18:07:50.130000;1;103131;1;1;10800.0000;1;5463.0000;None;59000.0000
7585;2023-01-10 13:40:26.397000;1;103166;1;1;18800.0000;1;7982.0000;None;86200.0000
7585;2023-01-10 13:46:49.070000;1;103166;1;-1;-18800.0000;1;7982.0000;None;86200.0000
7587;2023-01-10 12:43:42.780000;1;103171;1;1;28800.0000;1;7056.0000;None;76200.0000
26560;2023-01-10 13:00:31.200000;1;103171;1;1;28800.0000;1;14148.0000;None;152800.0000
26560;2023-01-10 13:00:31.200000;1;103171;1;1;28800.0000;1;14148.0000;None;152800.0000
7590;2023-01-10 12:58:59.437000;1;103171;1;1;28800.0000;1;6824.0000;None;73700.0000
26554;2023-01-10 12:15:42.163000;1;103171;1;1;28800.0000;1;7222.0000;None;78000.0000
26554;2023-01-10 12:15:42.163000;1;103171;1;1;28800.0000;1;7222.0000;None;78000.0000
26576;2023-01-10 15:29:57.093000;1;103171;1;1;28800.0000;1;3111.0000;None;33600.0000
26594;2023-01-10 17:51:12.527000;1;103207;1;1;33800.0000;1;11167.0000;None;120600.0000
7595;2023-01-10 14:02:16.987000;1;103340;1;1;29800.0000;1;13648.0000;None;147400.0000
26556;2023-01-10 12:31:11.907000;1;103342;1;1;39800.0000;1;6519.0000;None;70400.0000
26558;2023-01-10 12:52:32.517000;1;103342;1;2;79600.0000;1;7907.0000;None;85400.0000
26541;2023-01-10 11:11:02.393000;1;103366;1;1;7800.0000;1;18778.0000;None;202800.0000
26585;2023-01-10 17:13:48.567000;1;103372;1;1;15800.0000;1;19685.0000;None;212600.0000
26566;2023-01-10 13:50:39.877000;1;103400;1;1;7800.0000;1;16148.0000;None;174400.0000
26563;2023-01-10 13:16:55.223000;6;103488;1;1;0.0000;1;12685.0000;None;137000.0000
26594;2023-01-10 17:51:12.527000;6;103488;1;1;0.0000;1;11167.0000;None;120600.0000
26600;2023-01-10 18:25:46.607000;1;103641;1;1;13800.0000;1;4185.0000;None;45200.0000
26603;2023-01-10 18:46:23.117000;1;103642;1;1;25800.0000;1;4815.0000;None;52000.0000
26566;2023-01-10 13:50:39.877000;1;103700;1;1;32800.0000;1;16148.0000;None;174400.0000
7592;2023-01-10 13:31:09.733000;1;103750;1;1;13800.0000;1;6278.0000;None;67800.0000
26560;2023-01-10 13:00:31.200000;1;103750;1;1;13800.0000;1;14148.0000;None;152800.0000
7584;2023-01-10 12:32:00.623000;1;103750;1;1;13800.0000;1;5796.0000;None;62600.0000
7585;2023-01-10 12:39:04.740000;1;103759;1;2;21600.0000;1;7982.0000;None;86200.0000
7594;2023-01-10 13:46:15.623000;1;103759;1;2;21600.0000;1;15685.0000;None;169400.0000
26579;2023-01-10 15:40:04.467000;1;103759;1;1;10800.0000;1;12759.0000;None;137800.0000
26541;2023-01-10 12:45:58.220000;1;103759;1;1;10800.0000;1;18778.0000;None;202800.0000
7594;2023-01-10 13:46:15.623000;1;103772;1;1;17800.0000;1;15685.0000;None;169400.0000
26550;2023-01-10 12:06:17.463000;1;103773;1;1;9800.0000;1;9074.0000;None;98000.0000
26603;2023-01-10 18:46:23.117000;1;103773;1;1;9800.0000;1;4815.0000;None;52000.0000
26559;2023-01-10 12:58:03.677000;1;103784;1;1;29800.0000;1;6778.0000;None;73200.0000
26571;2023-01-10 14:09:30.203000;1;103784;1;1;29800.0000;1;12278.0000;None;132600.0000
26553;2023-01-10 12:12:43.663000;1;103828;1;1;34800.0000;1;8963.0000;None;96800.0000
7604;2023-01-10 15:19:05.137000;3;103904;1;1;4800.0000;1;7537.0000;None;81400.0000
26528;2023-01-10 10:05:15.593000;3;103904;1;1;4800.0000;1;1259.0000;None;13600.0000
26540;2023-01-10 11:03:00.197000;3;103904;1;1;4800.0000;1;9241.0000;None;99800.0000
7586;2023-01-10 12:39:52.947000;1;103955;1;1;36800.0000;1;7352.0000;None;79400.0000
26570;2023-01-10 14:02:46.017000;1;103955;1;1;36800.0000;1;10167.0000;None;109800.0000
26571;2023-01-10 14:09:30.203000;1;103955;1;1;36800.0000;1;12278.0000;None;132600.0000
7603;2023-01-10 14:45:03.623000;1;103955;1;1;36800.0000;1;None;None;126800.0000
7585;2023-01-10 13:06:07.237000;1;104208;1;1;5800.0000;1;7982.0000;None;86200.0000
26538;2023-01-10 10:51:32.757000;1;104221;1;1;14800.0000;1;3444.0000;None;37200.0000
26550;2023-01-10 12:06:17.463000;1;104293;1;1;43800.0000;1;9074.0000;None;98000.0000
26549;2023-01-10 12:02:28.697000;1;104293;1;1;43800.0000;1;10074.0000;None;108800.0000
7600;2023-01-10 14:18:59.307000;1;104293;1;1;43800.0000;1;8352.0000;None;90200.0000
26571;2023-01-10 14:09:30.203000;1;104293;1;1;43800.0000;1;12278.0000;None;132600.0000
26566;2023-01-10 13:50:39.877000;1;104293;1;1;43800.0000;1;16148.0000;None;174400.0000
26580;2023-01-10 15:45:37.177000;1;104293;1;1;43800.0000;1;8722.0000;None;94200.0000
26572;2023-01-10 14:57:59.683000;1;104294;1;1;59800.0000;1;9444.0000;None;102000.0000
26585;2023-01-10 16:27:44.577000;3;104554;1;1;4800.0000;1;19685.0000;None;212600.0000
26587;2023-01-10 16:37:53.320000;3;104554;1;1;4800.0000;1;2981.0000;None;32200.0000
26541;2023-01-10 11:11:02.393000;3;104554;1;1;4800.0000;1;18778.0000;None;202800.0000
26543;2023-01-10 11:18:29.133000;3;104554;1;1;4800.0000;1;4315.0000;None;46600.0000
26530;2023-01-10 10:09:44.557000;1;104569;1;2;3600.0000;1;8111.0000;None;87600.0000
26532;2023-01-10 10:14:08.770000;1;104660;1;1;19800.0000;1;None;None;53600.0000
26532;2023-01-10 10:36:56.777000;1;104660;1;-1;-19800.0000;1;None;None;53600.0000
26594;2023-01-10 17:51:12.527000;6;104683;1;1;0.0000;1;11167.0000;None;120600.0000
26566;2023-01-10 13:50:39.877000;6;104684;1;1;0.0000;1;16148.0000;None;174400.0000
26566;2023-01-10 13:50:39.877000;6;104684;1;1;0.0000;1;16148.0000;None;174400.0000
26560;2023-01-10 13:00:31.200000;6;104684;1;1;0.0000;1;14148.0000;None;152800.0000
26560;2023-01-10 13:00:31.200000;6;104684;1;1;0.0000;1;14148.0000;None;152800.0000
26534;2023-01-10 10:26:48.300000;1;104690;1;1;4800.0000;1;2963.0000;None;32000.0000
26529;2023-01-10 10:05:34.517000;1;104690;1;1;4800.0000;1;981.0000;None;10600.0000
26537;2023-01-10 10:39:01.240000;1;104690;1;1;4800.0000;1;4463.0000;None;48200.0000
26537;2023-01-10 10:39:01.240000;1;104690;1;2;9600.0000;1;4463.0000;None;48200.0000
26588;2023-01-10 16:39:35.923000;1;104690;1;1;4800.0000;1;1444.0000;None;15600.0000
26586;2023-01-10 16:34:01.633000;1;104690;1;2;9600.0000;1;2778.0000;None;30000.0000
26581;2023-01-10 15:49:52.823000;1;104690;1;1;4800.0000;1;2148.0000;None;23200.0000
26578;2023-01-10 15:42:40.087000;1;104690;1;2;9600.0000;1;None;None;23200.0000
17770;2023-01-10 18:45:29.637000;1;104690;1;-4;-19200.0000;1;10019.0000;None;108200.0000
17770;2023-01-10 18:39:52.153000;1;104690;1;4;19200.0000;1;10019.0000;None;108200.0000
17770;2023-01-10 18:45:29.637000;1;104690;1;2;9600.0000;1;10019.0000;None;108200.0000
26603;2023-01-10 19:08:02.990000;1;104690;1;1;4800.0000;1;4815.0000;None;52000.0000
26604;2023-01-10 18:51:15.960000;1;104690;1;1;4800.0000;1;4278.0000;None;46200.0000
26599;2023-01-10 18:22:23.393000;1;104690;1;1;4800.0000;1;None;None;54600.0000
26595;2023-01-10 17:53:46.873000;1;104690;1;3;14400.0000;1;4870.0000;None;52600.0000
7584;2023-01-10 12:51:59.657000;1;104696;1;1;3800.0000;1;5796.0000;None;62600.0000
7592;2023-01-10 13:51:00.150000;1;104698;1;1;1600.0000;1;6278.0000;None;67800.0000
7604;2023-01-10 15:36:03.070000;1;104698;1;1;1600.0000;1;7537.0000;None;81400.0000
26547;2023-01-10 11:52:52.710000;1;104708;1;1;6800.0000;1;11000.0000;None;118800.0000
26547;2023-01-10 11:38:55.630000;1;104708;1;1;6800.0000;1;11000.0000;None;118800.0000
26550;2023-01-10 12:06:17.463000;1;105065;1;1;0.0000;1;9074.0000;None;98000.0000
26554;2023-01-10 12:15:42.163000;1;105065;1;1;0.0000;1;7222.0000;None;78000.0000
26560;2023-01-10 13:00:31.200000;1;105065;1;1;0.0000;1;14148.0000;None;152800.0000
26558;2023-01-10 12:52:32.517000;1;105065;1;1;0.0000;1;7907.0000;None;85400.0000
26582;2023-01-10 16:02:54.317000;1;105065;1;1;0.0000;1;9556.0000;None;103200.0000
26585;2023-01-10 17:24:26.300000;1;105421;1;1;17800.0000;1;19685.0000;None;212600.0000
26575;2023-01-10 15:54:21.447000;1;105421;1;1;17800.0000;1;12741.0000;None;137600.0000
26602;2023-01-10 18:43:22.407000;1;105421;1;2;35600.0000;1;5370.0000;None;58000.0000
26582;2023-01-10 16:02:54.317000;1;105647;1;1;64800.0000;1;9556.0000;None;103200.0000
26566;2023-01-10 13:50:39.877000;1;105647;1;1;64800.0000;1;16148.0000;None;174400.0000
7591;2023-01-10 13:24:57.580000;3;107198;1;2;19600.0000;1;7426.0000;None;80200.0000
26590;2023-01-10 16:54:41.427000;3;107198;1;1;9800.0000;1;1444.0000;None;15600.0000
26601;2023-01-10 18:29:10.620000;3;108191;1;1;0.0000;1;10130.0000;None;109400.0000
26601;2023-01-10 18:29:10.620000;3;108191;1;1;0.0000;1;10130.0000;None;109400.0000
26540;2023-01-10 11:03:00.197000;1;108351;1;1;19800.0000;1;9241.0000;None;99800.0000
26594;2023-01-10 17:51:12.527000;1;108424;1;1;39800.0000;1;11167.0000;None;120600.0000
26575;2023-01-10 15:24:02.217000;1;108794;1;1;46800.0000;1;12741.0000;None;137600.0000
26579;2023-01-10 15:38:45.283000;1;108794;1;1;46800.0000;1;12759.0000;None;137800.0000
26601;2023-01-10 18:29:10.620000;2;109275;1;1;13800.0000;1;10130.0000;None;109400.0000
26601;2023-01-10 18:36:56.697000;2;109275;1;1;13800.0000;1;10130.0000;None;109400.0000
26579;2023-01-10 15:38:45.283000;1;109323;1;1;52800.0000;1;12759.0000;None;137800.0000
17770;2023-01-10 18:56:34.160000;1;109390;1;2;47600.0000;1;10019.0000;None;108200.0000
7594;2023-01-10 13:46:15.623000;1;109390;1;1;23800.0000;1;15685.0000;None;169400.0000
26585;2023-01-10 17:12:26.723000;1;109391;1;3;80400.0000;1;19685.0000;None;212600.0000
26585;2023-01-10 16:27:44.577000;1;109402;1;1;28800.0000;1;19685.0000;None;212600.0000
26585;2023-01-10 16:27:44.577000;1;109403;1;1;29800.0000;1;19685.0000;None;212600.0000
7592;2023-01-10 13:31:09.733000;1;109404;1;1;40800.0000;1;6278.0000;None;67800.0000
26601;2023-01-10 18:29:10.620000;2;200480;1;1;12800.0000;1;10130.0000;None;109400.0000
7605;2023-01-10 15:13:01.767000;3;200644;1;-1;-5800.0000;1;5685.0000;None;61400.0000
7605;2023-01-10 14:56:58.610000;3;200644;1;1;5800.0000;1;5685.0000;None;61400.0000
7605;2023-01-10 14:56:58.597000;3;200644;1;1;5800.0000;1;5685.0000;None;61400.0000
7592;2023-01-10 13:31:09.733000;3;200644;1;1;5800.0000;1;6278.0000;None;67800.0000
26566;2023-01-10 13:50:39.877000;3;200644;1;1;5800.0000;1;16148.0000;None;174400.0000
26559;2023-01-10 12:58:03.677000;3;200644;1;1;5800.0000;1;6778.0000;None;73200.0000
26559;2023-01-10 12:58:03.677000;3;200644;1;1;5800.0000;1;6778.0000;None;73200.0000
7590;2023-01-10 12:58:59.437000;3;200644;1;1;5800.0000;1;6824.0000;None;73700.0000
26551;2023-01-10 12:08:18.063000;3;200644;1;1;5800.0000;1;3111.0000;None;33600.0000
26553;2023-01-10 12:12:43.663000;3;201146;1;1;5800.0000;1;8963.0000;None;96800.0000
26555;2023-01-10 12:20:17.017000;3;201146;1;1;5800.0000;1;3296.0000;None;35600.0000
26558;2023-01-10 12:52:32.517000;3;201146;1;1;5800.0000;1;7907.0000;None;85400.0000
7588;2023-01-10 12:55:20.867000;3;201146;1;1;5800.0000;1;13407.0000;None;144800.0000
26569;2023-01-10 14:01:30.523000;3;201146;1;1;5800.0000;1;8722.0000;None;94200.0000
26571;2023-01-10 14:09:30.203000;3;201146;1;1;5800.0000;1;12278.0000;None;132600.0000
7597;2023-01-10 14:05:51.667000;3;201146;1;1;5800.0000;1;9352.0000;None;101000.0000
26570;2023-01-10 14:02:46.017000;3;201146;1;1;5800.0000;1;10167.0000;None;109800.0000
7603;2023-01-10 14:45:03.623000;3;201146;1;1;5800.0000;1;None;None;126800.0000
26572;2023-01-10 14:57:59.683000;3;201146;1;1;5800.0000;1;9444.0000;None;102000.0000
26579;2023-01-10 15:58:30.687000;3;201146;1;1;5800.0000;1;12759.0000;None;137800.0000
26599;2023-01-10 18:30:10.180000;3;201146;1;1;5800.0000;1;None;None;54600.0000
26602;2023-01-10 18:43:22.407000;3;201146;1;1;5800.0000;1;5370.0000;None;58000.0000
26604;2023-01-10 19:01:41.063000;3;201146;1;1;5800.0000;1;4278.0000;None;46200.0000
26538;2023-01-10 11:11:49.320000;3;201146;1;1;5800.0000;1;3444.0000;None;37200.0000
26541;2023-01-10 12:45:58.220000;3;201146;1;1;5800.0000;1;18778.0000;None;202800.0000
26601;2023-01-10 19:12:26.470000;2;201187;1;1;9800.0000;1;10130.0000;None;109400.0000
26601;2023-01-10 18:29:10.620000;2;201187;1;1;9800.0000;1;10130.0000;None;109400.0000
26577;2023-01-10 15:47:02.677000;2;201187;1;2;19600.0000;1;15241.0000;None;164600.0000
26577;2023-01-10 15:30:41.957000;2;201187;1;2;19600.0000;1;15241.0000;None;164600.0000
26592;2023-01-10 17:08:49.987000;2;201187;1;1;9800.0000;1;4000.0000;None;43200.0000
17764;2023-01-10 14:16:32.630000;2;201187;1;-1;-9800.0000;1;-5852.0000;None;-63200.0000
17764;2023-01-10 14:16:32.630000;2;201187;1;-1;-9800.0000;1;-5852.0000;None;-63200.0000
7598;2023-01-10 14:09:29.537000;2;201187;1;1;9800.0000;1;4944.0000;None;53400.0000
26566;2023-01-10 13:50:39.877000;2;201187;1;1;9800.0000;1;16148.0000;None;174400.0000
7593;2023-01-10 13:36:50.140000;2;201187;1;1;9800.0000;1;5852.0000;None;63200.0000
7593;2023-01-10 14:03:25.483000;2;201187;1;1;9800.0000;1;5852.0000;None;63200.0000
7592;2023-01-10 13:31:09.733000;3;201207;1;1;5800.0000;1;6278.0000;None;67800.0000
7600;2023-01-10 14:18:59.307000;3;201207;1;1;5800.0000;1;8352.0000;None;90200.0000
7601;2023-01-10 14:19:29.293000;3;201207;1;1;5800.0000;1;None;None;32600.0000
7587;2023-01-10 12:43:42.780000;3;201207;1;1;5800.0000;1;7056.0000;None;76200.0000
7587;2023-01-10 12:43:42.780000;3;201207;1;1;5800.0000;1;7056.0000;None;76200.0000
26560;2023-01-10 13:00:31.200000;3;201207;1;1;5800.0000;1;14148.0000;None;152800.0000
7589;2023-01-10 12:57:47.230000;3;201207;1;1;5800.0000;1;3852.0000;None;41600.0000
26549;2023-01-10 12:02:28.697000;3;201207;1;1;5800.0000;1;10074.0000;None;108800.0000
26585;2023-01-10 16:27:44.577000;3;201207;1;1;5800.0000;1;19685.0000;None;212600.0000
26582;2023-01-10 16:02:54.317000;3;201207;1;1;5800.0000;1;9556.0000;None;103200.0000
26598;2023-01-10 18:08:28.503000;3;201207;1;1;5800.0000;1;2611.0000;None;28200.0000
26589;2023-01-10 17:00:54.877000;3;201237;1;1;5800.0000;1;2519.0000;None;27200.0000
26550;2023-01-10 12:06:17.463000;3;201237;1;1;5800.0000;1;9074.0000;None;98000.0000
26550;2023-01-10 12:06:17.463000;3;201237;1;1;5800.0000;1;9074.0000;None;98000.0000
26553;2023-01-10 12:12:43.663000;3;201237;1;1;5800.0000;1;8963.0000;None;96800.0000
7602;2023-01-10 14:25:16.910000;3;201237;1;1;5800.0000;1;6315.0000;None;68200.0000
26541;2023-01-10 12:45:58.220000;3;201269;1;1;5800.0000;1;18778.0000;None;202800.0000
7597;2023-01-10 14:05:51.667000;3;201269;1;1;5800.0000;1;9352.0000;None;101000.0000
26564;2023-01-10 13:17:15.940000;3;201269;1;1;5800.0000;1;6407.0000;None;69200.0000
26566;2023-01-10 13:50:39.877000;3;201269;1;1;5800.0000;1;16148.0000;None;174400.0000
26560;2023-01-10 13:00:31.200000;3;201269;1;1;5800.0000;1;14148.0000;None;152800.0000
26572;2023-01-10 14:57:59.683000;3;201269;1;1;5800.0000;1;9444.0000;None;102000.0000
26601;2023-01-10 18:36:56.697000;3;201269;1;1;5800.0000;1;10130.0000;None;109400.0000
26561;2023-01-10 13:20:19.060000;3;201277;1;1;5800.0000;1;9074.0000;None;98000.0000
7600;2023-01-10 14:18:59.307000;3;201277;1;1;5800.0000;1;8352.0000;None;90200.0000
17761;2023-01-10 11:16:55.667000;4;201604;1;130;481000.0000;1;None;None;481000.0000
17760;2023-01-10 11:11:32.803000;4;201604;1;140;518000.0000;1;None;None;518000.0000
7603;2023-01-10 14:45:03.623000;3;201609;1;1;5800.0000;1;None;None;126800.0000
7602;2023-01-10 14:25:16.910000;3;201609;1;1;5800.0000;1;6315.0000;None;68200.0000
7596;2023-01-10 14:04:35.133000;3;201609;1;1;5800.0000;1;2648.0000;None;28600.0000
26570;2023-01-10 14:28:28.747000;3;201609;1;1;5800.0000;1;10167.0000;None;109800.0000
26571;2023-01-10 14:09:30.203000;3;201609;1;2;11600.0000;1;12278.0000;None;132600.0000
26570;2023-01-10 14:02:46.017000;3;201609;1;1;5800.0000;1;10167.0000;None;109800.0000
7595;2023-01-10 14:12:29.603000;3;201609;1;1;5800.0000;1;13648.0000;None;147400.0000
26567;2023-01-10 13:56:59.227000;3;201609;1;1;5800.0000;1;6593.0000;None;71200.0000
26564;2023-01-10 13:17:15.940000;3;201609;1;1;5800.0000;1;6407.0000;None;69200.0000
7594;2023-01-10 13:46:15.623000;3;201609;1;1;5800.0000;1;15685.0000;None;169400.0000
7588;2023-01-10 12:47:08.837000;3;201609;1;1;5800.0000;1;13407.0000;None;144800.0000
7588;2023-01-10 12:56:53.497000;3;201609;1;1;5800.0000;1;13407.0000;None;144800.0000
26554;2023-01-10 12:15:42.163000;3;201609;1;1;5800.0000;1;7222.0000;None;78000.0000
17770;2023-01-10 19:11:05.007000;3;201609;1;1;5800.0000;1;10019.0000;None;108200.0000
17770;2023-01-10 18:44:59.703000;3;201609;1;1;5800.0000;1;10019.0000;None;108200.0000
7604;2023-01-10 15:19:05.137000;3;201609;1;1;5800.0000;1;7537.0000;None;81400.0000
7604;2023-01-10 14:45:29.217000;3;201609;1;1;5800.0000;1;7537.0000;None;81400.0000
26575;2023-01-10 15:24:02.217000;3;201609;1;1;5800.0000;1;12741.0000;None;137600.0000
26594;2023-01-10 17:51:12.527000;3;201609;1;3;17400.0000;1;11167.0000;None;120600.0000
26565;2023-01-10 14:12:00.140000;2;201615;1;1;13800.0000;1;18741.0000;None;202400.0000
26565;2023-01-10 13:48:36.923000;2;201615;1;3;41400.0000;1;18741.0000;None;202400.0000
26545;2023-01-10 11:23:17.550000;2;201615;1;1;13800.0000;1;7074.0000;None;76400.0000
26567;2023-01-10 13:56:59.227000;3;202133;1;1;9800.0000;1;6593.0000;None;71200.0000
7584;2023-01-10 12:32:00.623000;3;202134;1;2;19600.0000;1;5796.0000;None;62600.0000
