17875;2023-01-18 08:35:51.163000;7;1000;1;1;0.0000;1;1074.0000;None;11600.0000
27137;2023-01-18 11:05:48.577000;7;1001;1;1;0.0000;1;1704.0000;None;18400.0000
27137;2023-01-18 11:05:48.577000;7;1001;1;1;0.0000;1;1704.0000;None;18400.0000
27146;2023-01-18 11:46:46.667000;7;1001;1;1;0.0000;1;4463.0000;None;48200.0000
27146;2023-01-18 11:46:46.667000;7;1001;1;1;0.0000;1;4463.0000;None;48200.0000
27152;2023-01-18 12:25:56.463000;7;1001;1;1;0.0000;1;13352.0000;None;144200.0000
27152;2023-01-18 12:25:56.463000;7;1001;1;1;0.0000;1;13352.0000;None;144200.0000
27152;2023-01-18 12:25:56.463000;7;1001;1;1;0.0000;1;13352.0000;None;144200.0000
27152;2023-01-18 12:25:56.463000;7;1001;1;1;0.0000;1;13352.0000;None;144200.0000
27153;2023-01-18 12:26:35.380000;7;1001;1;1;0.0000;1;1870.0000;None;20200.0000
27153;2023-01-18 12:26:35.380000;7;1001;1;1;0.0000;1;1870.0000;None;20200.0000
27154;2023-01-18 12:46:50.307000;7;1001;1;1;0.0000;1;16796.0000;None;181400.0000
27154;2023-01-18 12:46:50.307000;7;1001;1;1;0.0000;1;16796.0000;None;181400.0000
27154;2023-01-18 12:46:50.307000;7;1001;1;1;0.0000;1;16796.0000;None;181400.0000
27156;2023-01-18 12:53:57.863000;7;1001;1;1;0.0000;1;24130.0000;None;260600.0000
27156;2023-01-18 12:53:57.863000;7;1001;1;1;0.0000;1;24130.0000;None;260600.0000
27161;2023-01-18 13:08:30.953000;7;1001;1;1;0.0000;1;8926.0000;None;96400.0000
27161;2023-01-18 13:08:30.953000;7;1001;1;1;0.0000;1;8926.0000;None;96400.0000
27161;2023-01-18 13:08:30.953000;7;1001;1;1;0.0000;1;8926.0000;None;96400.0000
7834;2023-01-18 13:09:05.987000;7;1001;1;1;0.0000;1;8204.0000;None;88600.0000
7834;2023-01-18 13:09:05.987000;7;1001;1;1;0.0000;1;8204.0000;None;88600.0000
27163;2023-01-18 13:30:04.960000;7;1001;1;1;0.0000;1;13278.0000;None;143400.0000
27163;2023-01-18 13:30:04.960000;7;1001;1;1;0.0000;1;13278.0000;None;143400.0000
27168;2023-01-18 14:05:41.980000;7;1001;1;1;None;1;21908.0000;None;236600.0000
27168;2023-01-18 14:05:41.980000;7;1001;1;1;None;1;21908.0000;None;236600.0000
27168;2023-01-18 14:09:15.553000;7;1001;1;-1;0.0000;1;21908.0000;None;236600.0000
27168;2023-01-18 14:09:15.553000;7;1001;1;-1;0.0000;1;21908.0000;None;236600.0000
27168;2023-01-18 14:11:24.753000;7;1001;1;1;0.0000;1;21908.0000;None;236600.0000
27168;2023-01-18 14:11:24.753000;7;1001;1;1;0.0000;1;21908.0000;None;236600.0000
7840;2023-01-18 14:12:49.427000;7;1001;1;1;None;1;None;None;184400.0000
7840;2023-01-18 14:12:49.427000;7;1001;1;1;None;1;None;None;184400.0000
7840;2023-01-18 14:34:11.387000;7;1001;1;-1;0.0000;1;None;None;184400.0000
7840;2023-01-18 14:34:11.387000;7;1001;1;-1;0.0000;1;None;None;184400.0000
27169;2023-01-18 14:21:25.390000;7;1001;1;1;0.0000;1;21593.0000;None;233200.0000
27169;2023-01-18 14:21:25.390000;7;1001;1;1;0.0000;1;21593.0000;None;233200.0000
27170;2023-01-18 14:27:40.927000;7;1001;1;1;0.0000;1;14046.0000;None;151700.0000
27170;2023-01-18 14:27:40.927000;7;1001;1;1;0.0000;1;14046.0000;None;151700.0000
27169;2023-01-18 14:37:39.317000;7;1001;1;1;0.0000;1;21593.0000;None;233200.0000
27169;2023-01-18 14:37:39.317000;7;1001;1;1;0.0000;1;21593.0000;None;233200.0000
27170;2023-01-18 15:04:08.823000;7;1001;1;1;0.0000;1;14046.0000;None;151700.0000
27170;2023-01-18 15:04:08.823000;7;1001;1;1;0.0000;1;14046.0000;None;151700.0000
7845;2023-01-18 14:44:06.607000;7;1001;1;1;0.0000;1;6982.0000;None;75400.0000
7845;2023-01-18 14:44:06.607000;7;1001;1;1;0.0000;1;6982.0000;None;75400.0000
27178;2023-01-18 15:44:59.357000;7;1001;1;1;0.0000;1;3685.0000;None;39800.0000
27178;2023-01-18 15:44:59.357000;7;1001;1;1;0.0000;1;3685.0000;None;39800.0000
27185;2023-01-18 16:15:56.477000;7;1001;1;1;0.0000;1;3130.0000;None;33800.0000
27185;2023-01-18 16:15:56.477000;7;1001;1;1;0.0000;1;3130.0000;None;33800.0000
27195;2023-01-18 18:25:28.800000;7;1001;1;1;0.0000;1;3130.0000;None;33800.0000
27195;2023-01-18 18:25:28.800000;7;1001;1;1;0.0000;1;3130.0000;None;33800.0000
7845;2023-01-18 14:44:06.607000;7;1002;1;1;0.0000;1;6982.0000;None;75400.0000
27170;2023-01-18 14:27:40.927000;7;1002;1;1;0.0000;1;14046.0000;None;151700.0000
7844;2023-01-18 14:30:21.830000;7;1002;1;1;0.0000;1;22833.0000;None;246600.0000
27168;2023-01-18 14:05:41.980000;7;1002;1;1;0.0000;1;21908.0000;None;236600.0000
27154;2023-01-18 12:46:50.307000;7;1002;1;1;0.0000;1;16796.0000;None;181400.0000
27154;2023-01-18 12:46:50.307000;7;1002;1;1;0.0000;1;16796.0000;None;181400.0000
27147;2023-01-18 12:01:45.843000;7;1002;1;1;0.0000;1;15111.0000;None;163200.0000
27147;2023-01-18 12:01:45.843000;7;1003;2;1;0.0000;1;15111.0000;None;163200.0000
27154;2023-01-18 12:46:50.307000;7;1006;1;1;0.0000;1;16796.0000;None;181400.0000
7835;2023-01-18 13:15:41;7;1006;1;1;0.0000;1;10370.0000;None;112000.0000
7829;2023-01-18 13:00:08.443000;7;1006;1;1;0.0000;1;7796.0000;None;84200.0000
27164;2023-01-18 13:41:48.473000;7;1006;1;1;0.0000;1;9370.0000;None;101200.0000
27171;2023-01-18 14:39:43.457000;7;1006;1;1;0.0000;1;10713.0000;None;115700.0000
27169;2023-01-18 14:37:39.317000;7;1006;1;1;0.0000;1;21593.0000;None;233200.0000
27169;2023-01-18 14:37:39.317000;7;1006;1;1;0.0000;1;21593.0000;None;233200.0000
7843;2023-01-18 14:21:47.980000;7;1006;1;1;0.0000;1;5222.0000;None;56400.0000
27188;2023-01-18 16:51:53.060000;7;1006;1;1;0.0000;1;10907.0000;None;117800.0000
27182;2023-01-18 15:47:43.557000;7;1006;1;1;0.0000;1;16241.0000;None;175400.0000
27182;2023-01-18 15:47:43.557000;7;1006;1;1;0.0000;1;16241.0000;None;175400.0000
27177;2023-01-18 15:22:28.387000;7;1006;1;1;0.0000;1;12204.0000;None;131800.0000
27198;2023-01-18 18:04:30.553000;7;1007;1;1;0.0000;1;12759.0000;None;137800.0000
27198;2023-01-18 18:04:30.553000;7;1007;1;1;0.0000;1;12759.0000;None;137800.0000
27169;2023-01-18 14:37:39.317000;7;1008;3;1;0.0000;1;21593.0000;None;233200.0000
27169;2023-01-18 14:37:39.317000;7;1008;3;1;0.0000;1;21593.0000;None;233200.0000
27169;2023-01-18 14:37:39.317000;7;1008;3;1;0.0000;1;21593.0000;None;233200.0000
7837;2023-01-18 13:49:23.440000;7;1038;1;1;0.0000;1;3204.0000;None;34600.0000
7837;2023-01-18 13:49:23.440000;7;1054;1;1;0.0000;1;3204.0000;None;34600.0000
27166;2023-01-18 14:03:01.003000;7;1138;1;1;0.0000;1;22759.0000;None;245800.0000
27189;2023-01-18 16:53:07.793000;7;1157;1;1;0.0000;1;None;None;14400.0000
27189;2023-01-18 16:53:07.793000;7;1157;1;1;0.0000;1;None;None;14400.0000
27194;2023-01-18 17:35:51.190000;7;1205;1;1;0.0000;1;10889.0000;None;117600.0000
27182;2023-01-18 15:47:43.557000;7;1205;1;1;0.0000;1;16241.0000;None;175400.0000
27170;2023-01-18 14:27:40.927000;7;1205;1;1;0.0000;1;14046.0000;None;151700.0000
27172;2023-01-18 14:44:23.893000;7;1205;1;1;None;1;16093.0000;None;173800.0000
7832;2023-01-18 13:02:19.363000;7;1205;1;1;0.0000;1;3481.0000;None;37600.0000
7834;2023-01-18 13:09:05.987000;7;1205;1;1;0.0000;1;8204.0000;None;88600.0000
7825;2023-01-18 12:38:37.060000;7;1205;1;1;0.0000;1;13833.0000;None;149400.0000
27153;2023-01-18 12:26:35.380000;7;1207;1;1;0.0000;1;1870.0000;None;20200.0000
7833;2023-01-18 13:07:59.803000;7;1207;1;1;0.0000;1;9333.0000;None;100800.0000
7829;2023-01-18 13:00:08.443000;7;1207;1;1;0.0000;1;7796.0000;None;84200.0000
7829;2023-01-18 13:00:08.443000;7;1207;1;1;0.0000;1;7796.0000;None;84200.0000
27140;2023-01-18 11:19:07.190000;7;1207;1;1;0.0000;1;5241.0000;None;56600.0000
27140;2023-01-18 12:07:15.580000;7;1207;1;1;0.0000;1;5241.0000;None;56600.0000
7835;2023-01-18 13:15:41;7;1207;1;1;0.0000;1;10370.0000;None;112000.0000
27180;2023-01-18 15:34:36.147000;7;1207;1;1;0.0000;1;3463.0000;None;37400.0000
27180;2023-01-18 15:53:13.673000;7;1207;1;1;0.0000;1;3463.0000;None;37400.0000
27175;2023-01-18 15:07:37.010000;7;1207;1;1;0.0000;1;None;None;43600.0000
27173;2023-01-18 15:18:32.630000;7;1207;1;1;0.0000;1;1259.0000;None;13600.0000
27199;2023-01-18 18:12:12.307000;7;1207;1;1;0.0000;1;3130.0000;None;33800.0000
27196;2023-01-18 17:52:41.590000;7;1207;1;1;0.0000;1;3278.0000;None;35400.0000
27201;2023-01-18 18:48:45.977000;7;1207;1;1;0.0000;1;7889.0000;None;85200.0000
27201;2023-01-18 18:48:45.977000;7;1213;1;1;0.0000;1;7889.0000;None;85200.0000
27198;2023-01-18 18:04:30.553000;7;1213;1;1;0.0000;1;12759.0000;None;137800.0000
27194;2023-01-18 17:35:51.190000;7;1213;1;1;0.0000;1;10889.0000;None;117600.0000
27188;2023-01-18 16:51:53.060000;7;1213;1;1;0.0000;1;10907.0000;None;117800.0000
27190;2023-01-18 17:04:53.393000;7;1213;1;1;0.0000;1;None;None;23800.0000
27190;2023-01-18 17:04:53.393000;7;1213;1;1;0.0000;1;None;None;23800.0000
27186;2023-01-18 16:24:17.557000;7;1213;1;1;0.0000;1;5852.0000;None;63200.0000
27184;2023-01-18 15:57:49.923000;7;1213;1;1;0.0000;1;None;None;26800.0000
27186;2023-01-18 16:24:17.557000;7;1213;1;1;0.0000;1;5852.0000;None;63200.0000
27186;2023-01-18 16:24:17.557000;7;1213;1;1;0.0000;1;5852.0000;None;63200.0000
27186;2023-01-18 16:24:17.557000;7;1213;1;1;0.0000;1;5852.0000;None;63200.0000
7846;2023-01-18 14:46:15.217000;7;1213;1;1;0.0000;1;3204.0000;None;34600.0000
27175;2023-01-18 15:07:37.010000;7;1213;1;1;0.0000;1;None;None;43600.0000
27162;2023-01-18 13:16:17.007000;7;1213;1;1;0.0000;1;3759.0000;None;40600.0000
7835;2023-01-18 13:15:41;7;1213;1;1;0.0000;1;10370.0000;None;112000.0000
27166;2023-01-18 14:03:01.003000;7;1213;1;1;0.0000;1;22759.0000;None;245800.0000
27166;2023-01-18 14:03:01.003000;7;1213;1;1;0.0000;1;22759.0000;None;245800.0000
27164;2023-01-18 13:41:48.473000;7;1213;1;1;0.0000;1;9370.0000;None;101200.0000
7838;2023-01-18 14:06:19.297000;7;1213;1;1;0.0000;1;4574.0000;None;49400.0000
27172;2023-01-18 14:44:23.893000;7;1213;1;1;None;1;16093.0000;None;173800.0000
27172;2023-01-18 14:44:23.893000;7;1213;1;1;None;1;16093.0000;None;173800.0000
27171;2023-01-18 14:39:43.457000;7;1213;1;1;0.0000;1;10713.0000;None;115700.0000
27172;2023-01-18 14:44:23.893000;7;1213;1;1;None;1;16093.0000;None;173800.0000
7844;2023-01-18 14:30:21.830000;7;1213;1;1;0.0000;1;22833.0000;None;246600.0000
7844;2023-01-18 15:28:40.173000;7;1213;1;1;None;1;22833.0000;None;246600.0000
7844;2023-01-18 14:30:21.830000;7;1213;1;1;0.0000;1;22833.0000;None;246600.0000
7841;2023-01-18 14:04:40.733000;7;1213;1;1;0.0000;1;3481.0000;None;37600.0000
7841;2023-01-18 14:04:40.733000;7;1213;1;1;0.0000;1;3481.0000;None;37600.0000
27141;2023-01-18 11:20:14.653000;7;1213;1;1;0.0000;1;2741.0000;None;29600.0000
27139;2023-01-18 11:12:19.023000;7;1213;1;1;0.0000;1;7907.0000;None;85400.0000
27143;2023-01-18 11:30:09.370000;7;1213;1;1;0.0000;1;3241.0000;None;35000.0000
7831;2023-01-18 13:01:18.987000;7;1213;1;1;0.0000;1;7333.0000;None;79200.0000
27156;2023-01-18 13:20:59.440000;7;1213;1;1;0.0000;1;24130.0000;None;260600.0000
27156;2023-01-18 12:53:57.863000;7;1213;1;1;0.0000;1;24130.0000;None;260600.0000
27156;2023-01-18 12:53:57.863000;7;1213;1;1;0.0000;1;24130.0000;None;260600.0000
27156;2023-01-18 12:53:57.863000;7;1213;1;1;0.0000;1;24130.0000;None;260600.0000
7834;2023-01-18 13:09:05.987000;7;1213;1;1;0.0000;1;8204.0000;None;88600.0000
27152;2023-01-18 12:25:56.463000;7;1213;1;1;0.0000;1;13352.0000;None;144200.0000
27151;2023-01-18 12:17:03.337000;7;1213;1;1;0.0000;1;None;None;19200.0000
27147;2023-01-18 12:01:45.843000;7;1213;1;1;0.0000;1;15111.0000;None;163200.0000
27147;2023-01-18 12:01:45.843000;7;1213;1;1;0.0000;1;15111.0000;None;163200.0000
27147;2023-01-18 12:29:15.577000;7;1213;1;1;0.0000;1;15111.0000;None;163200.0000
27149;2023-01-18 12:05:31.923000;7;1213;1;1;0.0000;1;None;None;41800.0000
27149;2023-01-18 12:05:31.923000;7;1213;1;1;0.0000;1;None;None;41800.0000
27148;2023-01-18 11:59:07.243000;7;1213;1;1;0.0000;1;4574.0000;None;49400.0000
7827;2023-01-18 12:43:44.337000;7;1213;1;1;0.0000;1;6407.0000;None;69200.0000
27154;2023-01-18 12:46:50.307000;7;1213;1;1;0.0000;1;16796.0000;None;181400.0000
27156;2023-01-18 12:53:57.863000;7;1213;1;1;0.0000;1;24130.0000;None;260600.0000
27156;2023-01-18 12:53:57.863000;7;1213;1;1;0.0000;1;24130.0000;None;260600.0000
27156;2023-01-18 12:53:57.863000;7;1213;1;1;0.0000;1;24130.0000;None;260600.0000
27135;2023-01-18 10:57:31.857000;7;2009;1;1;0.0000;1;1259.0000;None;13600.0000
27135;2023-01-18 10:57:31.857000;7;2009;1;1;0.0000;1;1259.0000;None;13600.0000
27144;2023-01-18 11:30:41.707000;7;2009;1;1;0.0000;1;1259.0000;None;13600.0000
27144;2023-01-18 11:30:41.707000;7;2009;1;1;0.0000;1;1259.0000;None;13600.0000
27142;2023-01-18 11:26:21.337000;7;2009;1;1;0.0000;1;2148.0000;None;23200.0000
27142;2023-01-18 11:26:21.337000;7;2009;1;1;0.0000;1;2148.0000;None;23200.0000
27172;2023-01-18 16:16:36.600000;7;2011;1;1;0.0000;1;16093.0000;None;173800.0000
27178;2023-01-18 15:27:33.387000;7;2011;1;1;0.0000;1;3685.0000;None;39800.0000
27178;2023-01-18 15:27:33.387000;7;2011;1;1;0.0000;1;3685.0000;None;39800.0000
27183;2023-01-18 15:53:53.753000;7;2011;1;1;0.0000;1;4704.0000;None;50800.0000
27183;2023-01-18 15:53:53.753000;7;2011;1;1;0.0000;1;4704.0000;None;50800.0000
27185;2023-01-18 16:15:56.477000;7;2011;1;1;0.0000;1;3130.0000;None;33800.0000
27185;2023-01-18 16:15:56.477000;7;2011;1;1;0.0000;1;3130.0000;None;33800.0000
27196;2023-01-18 17:52:41.590000;7;2011;1;1;0.0000;1;3278.0000;None;35400.0000
27201;2023-01-18 18:48:45.977000;7;2011;1;1;0.0000;1;7889.0000;None;85200.0000
27201;2023-01-18 18:48:45.977000;7;2011;1;1;0.0000;1;7889.0000;None;85200.0000
27201;2023-01-18 18:48:45.977000;7;2011;1;1;0.0000;1;7889.0000;None;85200.0000
27170;2023-01-18 14:27:40.927000;7;2012;1;1;0.0000;1;14046.0000;None;151700.0000
27170;2023-01-18 14:27:40.927000;7;2012;1;1;0.0000;1;14046.0000;None;151700.0000
7841;2023-01-18 14:04:40.733000;7;2042;1;1;0.0000;1;3481.0000;None;37600.0000
7840;2023-01-18 14:12:49.427000;7;2042;1;1;0.0000;1;None;None;184400.0000
7840;2023-01-18 14:12:49.427000;7;2042;1;1;0.0000;1;None;None;184400.0000
7837;2023-01-18 13:49:23.440000;7;2042;1;1;0.0000;1;3204.0000;None;34600.0000
27162;2023-01-18 13:16:17.007000;7;2042;1;1;0.0000;1;3759.0000;None;40600.0000
27163;2023-01-18 13:30:04.960000;7;2042;1;1;0.0000;1;13278.0000;None;143400.0000
27163;2023-01-18 13:30:04.960000;7;2042;1;1;0.0000;1;13278.0000;None;143400.0000
27187;2023-01-18 16:52:26.347000;7;2042;1;1;0.0000;1;9982.0000;None;107800.0000
27183;2023-01-18 16:27:48.447000;7;2042;1;1;0.0000;1;4704.0000;None;50800.0000
27180;2023-01-18 15:53:13.673000;7;2042;1;1;0.0000;1;3463.0000;None;37400.0000
27180;2023-01-18 15:53:13.673000;7;2042;1;1;0.0000;1;3463.0000;None;37400.0000
27182;2023-01-18 15:47:43.557000;7;2042;1;1;0.0000;1;16241.0000;None;175400.0000
27180;2023-01-18 15:34:36.147000;7;2042;1;1;0.0000;1;3463.0000;None;37400.0000
27180;2023-01-18 15:34:36.147000;7;2042;1;1;0.0000;1;3463.0000;None;37400.0000
27177;2023-01-18 15:30:46.907000;7;2042;1;1;0.0000;1;12204.0000;None;131800.0000
7847;2023-01-18 14:47:43.363000;7;2042;1;1;0.0000;1;7667.0000;None;82800.0000
27146;2023-01-18 11:46:46.667000;7;2042;1;1;0.0000;1;4463.0000;None;48200.0000
7825;2023-01-18 12:38:37.060000;7;2042;1;1;0.0000;1;13833.0000;None;149400.0000
7825;2023-01-18 12:38:37.060000;7;2042;1;1;0.0000;1;13833.0000;None;149400.0000
7834;2023-01-18 13:09:05.987000;7;2042;1;1;0.0000;1;8204.0000;None;88600.0000
7833;2023-01-18 13:07:59.803000;7;2042;1;1;0.0000;1;9333.0000;None;100800.0000
7833;2023-01-18 13:07:59.803000;7;2042;1;1;0.0000;1;9333.0000;None;100800.0000
7833;2023-01-18 13:09:26.370000;7;2042;1;-1;0.0000;1;9333.0000;None;100800.0000
7833;2023-01-18 13:55:52.647000;7;2042;1;1;0.0000;1;9333.0000;None;100800.0000
7833;2023-01-18 13:09:26.370000;7;2042;1;-1;0.0000;1;9333.0000;None;100800.0000
27161;2023-01-18 13:08:30.953000;7;2042;1;1;0.0000;1;8926.0000;None;96400.0000
7833;2023-01-18 13:05:39.280000;7;2042;1;1;None;1;9333.0000;None;100800.0000
7833;2023-01-18 13:05:39.280000;7;2042;1;1;None;1;9333.0000;None;100800.0000
27156;2023-01-18 12:53:57.863000;7;2042;1;1;0.0000;1;24130.0000;None;260600.0000
27156;2023-01-18 12:53:57.863000;7;2042;1;1;0.0000;1;24130.0000;None;260600.0000
27156;2023-01-18 12:40:04.953000;7;2042;1;1;0.0000;1;24130.0000;None;260600.0000
27157;2023-01-18 12:54:58.687000;7;2042;1;1;0.0000;1;3481.0000;None;37600.0000
27174;2023-01-18 14:58:38.997000;7;2052;1;1;0.0000;1;1259.0000;None;13600.0000
7844;2023-01-18 15:28:40.173000;7;2070;1;1;None;1;22833.0000;None;246600.0000
27160;2023-01-18 13:57:49.463000;7;2070;1;1;0.0000;1;9315.0000;None;100600.0000
27160;2023-01-18 13:57:49.463000;7;2070;1;1;0.0000;1;9315.0000;None;100600.0000
27160;2023-01-18 13:57:49.463000;7;2070;1;1;0.0000;1;9315.0000;None;100600.0000
7831;2023-01-18 13:01:18.987000;7;2072;1;1;0.0000;1;7333.0000;None;79200.0000
7827;2023-01-18 12:43:17.927000;7;2072;1;1;0.0000;1;6407.0000;None;69200.0000
27154;2023-01-18 12:46:50.307000;7;2072;1;1;0.0000;1;16796.0000;None;181400.0000
27154;2023-01-18 12:46:50.307000;7;2072;1;1;0.0000;1;16796.0000;None;181400.0000
27169;2023-01-18 14:21:25.390000;7;2072;1;1;0.0000;1;21593.0000;None;233200.0000
27169;2023-01-18 14:21:25.390000;7;2072;1;1;0.0000;1;21593.0000;None;233200.0000
27163;2023-01-18 13:30:04.960000;7;2072;1;1;0.0000;1;13278.0000;None;143400.0000
27164;2023-01-18 13:41:48.473000;7;2072;1;1;0.0000;1;9370.0000;None;101200.0000
27180;2023-01-18 15:34:36.147000;7;2072;1;1;0.0000;1;3463.0000;None;37400.0000
27180;2023-01-18 15:34:36.147000;7;2072;1;1;0.0000;1;3463.0000;None;37400.0000
27180;2023-01-18 15:53:13.673000;7;2072;1;1;0.0000;1;3463.0000;None;37400.0000
27182;2023-01-18 15:47:43.557000;7;2072;1;1;0.0000;1;16241.0000;None;175400.0000
7840;2023-01-18 14:12:49.427000;7;2077;1;1;0.0000;1;None;None;184400.0000
27166;2023-01-18 14:37:52.533000;3;100596;1;2;11600.0000;1;22759.0000;None;245800.0000
27176;2023-01-18 15:15:38.470000;3;100596;1;1;5800.0000;1;537.0000;None;5800.0000
27174;2023-01-18 14:58:38.997000;3;100606;1;2;13600.0000;1;1259.0000;None;13600.0000
27173;2023-01-18 14:58:07.423000;3;100606;1;1;6800.0000;1;1259.0000;None;13600.0000
27173;2023-01-18 15:18:32.630000;3;100606;1;1;6800.0000;1;1259.0000;None;13600.0000
27199;2023-01-18 18:14:47.740000;3;100606;1;1;6800.0000;1;3130.0000;None;33800.0000
27196;2023-01-18 17:52:41.590000;3;100606;1;1;6800.0000;1;3278.0000;None;35400.0000
7844;2023-01-18 15:28:40.173000;3;100606;1;1;6800.0000;1;22833.0000;None;246600.0000
27150;2023-01-18 12:13:43.463000;3;100606;1;1;6800.0000;1;630.0000;None;6800.0000
27144;2023-01-18 11:30:41.707000;3;100606;1;2;13600.0000;1;1259.0000;None;13600.0000
27142;2023-01-18 11:26:21.337000;3;100606;1;1;6800.0000;1;2148.0000;None;23200.0000
27140;2023-01-18 12:07:15.580000;3;100606;1;1;6800.0000;1;5241.0000;None;56600.0000
27140;2023-01-18 11:19:07.190000;3;100606;1;2;13600.0000;1;5241.0000;None;56600.0000
27138;2023-01-18 11:07:03.387000;3;100606;1;2;13600.0000;1;1889.0000;None;20400.0000
27138;2023-01-18 11:38:43.563000;3;100606;1;1;6800.0000;1;1889.0000;None;20400.0000
27137;2023-01-18 11:03:06.253000;3;100607;1;2;13600.0000;1;1704.0000;None;18400.0000
27135;2023-01-18 10:57:31.857000;3;100607;1;2;13600.0000;1;1259.0000;None;13600.0000
27139;2023-01-18 11:12:19.023000;3;100607;1;2;13600.0000;1;7907.0000;None;85400.0000
27142;2023-01-18 11:26:21.337000;3;100607;1;1;6800.0000;1;2148.0000;None;23200.0000
27195;2023-01-18 17:38:56.500000;3;100607;1;1;6800.0000;1;3130.0000;None;33800.0000
27197;2023-01-18 17:54:53.197000;3;100607;1;1;6800.0000;1;630.0000;None;6800.0000
7848;2023-01-18 15:47:33.410000;3;100607;1;1;6800.0000;1;5037.0000;None;54400.0000
27178;2023-01-18 15:27:33.387000;3;100607;1;1;6800.0000;1;3685.0000;None;39800.0000
27183;2023-01-18 15:53:53.753000;3;100607;1;2;13600.0000;1;4704.0000;None;50800.0000
27194;2023-01-18 18:15:29.137000;3;100613;1;2;11600.0000;1;10889.0000;None;117600.0000
27156;2023-01-18 13:37:00.597000;3;100613;1;1;5800.0000;1;24130.0000;None;260600.0000
27160;2023-01-18 13:57:49.463000;3;100614;1;2;11600.0000;1;9315.0000;None;100600.0000
27148;2023-01-18 11:59:07.243000;3;100614;1;1;5800.0000;1;4574.0000;None;49400.0000
27152;2023-01-18 13:09:59.873000;3;100614;1;1;5800.0000;1;13352.0000;None;144200.0000
27139;2023-01-18 11:12:19.023000;3;100614;1;1;5800.0000;1;7907.0000;None;85400.0000
27145;2023-01-18 11:35:12.353000;3;100614;1;1;5800.0000;1;537.0000;None;5800.0000
27143;2023-01-18 11:47:47.903000;3;100614;1;2;11600.0000;1;3241.0000;None;35000.0000
27146;2023-01-18 12:27:53.020000;3;100614;1;1;5800.0000;1;4463.0000;None;48200.0000
17875;2023-01-18 11:01:58.107000;3;100614;1;2;11600.0000;1;1074.0000;None;11600.0000
27195;2023-01-18 18:25:28.800000;3;100614;1;1;5800.0000;1;3130.0000;None;33800.0000
27195;2023-01-18 17:38:56.500000;3;100614;1;1;5800.0000;1;3130.0000;None;33800.0000
27195;2023-01-18 18:29:56.963000;3;100614;1;1;5800.0000;1;3130.0000;None;33800.0000
27185;2023-01-18 16:15:56.477000;3;100614;1;1;5800.0000;1;3130.0000;None;33800.0000
27178;2023-01-18 15:27:33.387000;3;100614;1;1;5800.0000;1;3685.0000;None;39800.0000
7847;2023-01-18 15:23:31.200000;3;100614;1;1;5800.0000;1;7667.0000;None;82800.0000
7847;2023-01-18 16:32:33.293000;3;100614;1;1;5800.0000;1;7667.0000;None;82800.0000
27172;2023-01-18 16:16:36.600000;3;100614;1;3;17400.0000;1;16093.0000;None;173800.0000
7842;2023-01-18 15:33:00.703000;3;100614;1;2;11600.0000;1;11519.0000;None;124400.0000
27166;2023-01-18 14:37:52.533000;3;100614;1;2;11600.0000;1;22759.0000;None;245800.0000
27168;2023-01-18 15:12:05.160000;3;100614;1;2;11600.0000;1;21908.0000;None;236600.0000
27162;2023-01-18 13:16:17.007000;1;100624;1;1;1000.0000;1;3759.0000;None;40600.0000
27186;2023-01-18 16:24:17.557000;1;100624;1;1;1000.0000;1;5852.0000;None;63200.0000
27186;2023-01-18 16:24:17.557000;1;100624;1;1;1000.0000;1;5852.0000;None;63200.0000
7828;2023-01-18 12:51:58.430000;1;100844;1;1;28800.0000;1;3296.0000;None;35600.0000
27159;2023-01-18 13:01:16.697000;1;100844;1;1;28800.0000;1;6500.0000;None;70200.0000
27146;2023-01-18 11:46:46.667000;1;100845;1;1;28800.0000;1;4463.0000;None;48200.0000
7835;2023-01-18 13:15:41;1;100846;1;1;30800.0000;1;10370.0000;None;112000.0000
27186;2023-01-18 16:24:17.557000;1;100846;1;1;30800.0000;1;5852.0000;None;63200.0000
27198;2023-01-18 18:04:30.553000;1;100846;1;1;30800.0000;1;12759.0000;None;137800.0000
27162;2023-01-18 13:16:17.007000;1;100846;1;1;30800.0000;1;3759.0000;None;40600.0000
7847;2023-01-18 14:47:43.363000;1;100847;1;1;26800.0000;1;7667.0000;None;82800.0000
7833;2023-01-18 13:55:52.647000;1;100847;1;1;26800.0000;1;9333.0000;None;100800.0000
7833;2023-01-18 13:05:39.280000;1;100848;1;1;28800.0000;1;9333.0000;None;100800.0000
7825;2023-01-18 12:38:37.060000;1;100848;1;3;86400.0000;1;13833.0000;None;149400.0000
7827;2023-01-18 12:43:44.337000;1;100848;1;1;28800.0000;1;6407.0000;None;69200.0000
7839;2023-01-18 14:11:35.450000;1;100848;1;1;28800.0000;1;7426.0000;None;80200.0000
27172;2023-01-18 14:44:23.893000;1;100848;1;1;28800.0000;1;16093.0000;None;173800.0000
27188;2023-01-18 16:51:53.060000;1;100850;1;1;22800.0000;1;10907.0000;None;117800.0000
27190;2023-01-18 17:04:53.393000;1;100851;1;1;23800.0000;1;None;None;23800.0000
27166;2023-01-18 14:03:01.003000;1;100851;1;3;71400.0000;1;22759.0000;None;245800.0000
27141;2023-01-18 11:20:14.653000;1;100851;1;1;23800.0000;1;2741.0000;None;29600.0000
27184;2023-01-18 15:57:49.923000;1;100852;1;1;26800.0000;1;None;None;26800.0000
27172;2023-01-18 14:44:23.893000;1;100853;1;1;28800.0000;1;16093.0000;None;173800.0000
7827;2023-01-18 12:43:44.337000;1;100853;1;1;28800.0000;1;6407.0000;None;69200.0000
27155;2023-01-18 12:49:48.913000;1;100853;1;1;28800.0000;1;7333.0000;None;79200.0000
27147;2023-01-18 12:29:15.577000;1;100853;1;1;28800.0000;1;15111.0000;None;163200.0000
7833;2023-01-18 13:05:39.280000;1;100853;1;1;28800.0000;1;9333.0000;None;100800.0000
7829;2023-01-18 13:00:08.443000;1;100853;1;1;28800.0000;1;7796.0000;None;84200.0000
27159;2023-01-18 13:01:16.697000;1;100855;1;1;28800.0000;1;6500.0000;None;70200.0000
27157;2023-01-18 12:54:58.687000;1;100855;1;1;28800.0000;1;3481.0000;None;37600.0000
27152;2023-01-18 12:25:56.463000;1;100855;1;2;57600.0000;1;13352.0000;None;144200.0000
7841;2023-01-18 14:04:40.733000;1;100855;1;1;28800.0000;1;3481.0000;None;37600.0000
27166;2023-01-18 14:03:01.003000;1;100857;1;1;14800.0000;1;22759.0000;None;245800.0000
27186;2023-01-18 16:24:17.557000;1;100857;1;1;14800.0000;1;5852.0000;None;63200.0000
27194;2023-01-18 17:35:51.190000;2;100971;1;1;18800.0000;1;10889.0000;None;117600.0000
27140;2023-01-18 12:07:15.580000;2;100980;1;1;9800.0000;1;5241.0000;None;56600.0000
27140;2023-01-18 11:19:07.190000;2;100980;1;2;19600.0000;1;5241.0000;None;56600.0000
27139;2023-01-18 11:12:19.023000;1;100995;1;2;21600.0000;1;7907.0000;None;85400.0000
27183;2023-01-18 15:53:53.753000;1;100995;1;1;10800.0000;1;4704.0000;None;50800.0000
27183;2023-01-18 15:53:53.753000;1;100995;1;1;10800.0000;1;4704.0000;None;50800.0000
27172;2023-01-18 16:16:36.600000;1;100995;1;1;10800.0000;1;16093.0000;None;173800.0000
27201;2023-01-18 18:48:45.977000;1;100995;1;1;10800.0000;1;7889.0000;None;85200.0000
7843;2023-01-18 14:21:47.980000;3;100999;1;1;5800.0000;1;5222.0000;None;56400.0000
27165;2023-01-18 13:47:40.740000;3;100999;1;1;5800.0000;1;1074.0000;None;11600.0000
27165;2023-01-18 13:47:40.740000;3;100999;1;1;5800.0000;1;1074.0000;None;11600.0000
27168;2023-01-18 15:12:05.160000;1;101114;1;1;12800.0000;1;21908.0000;None;236600.0000
7844;2023-01-18 15:28:40.173000;1;101114;1;1;12800.0000;1;22833.0000;None;246600.0000
27181;2023-01-18 15:43:56.110000;1;101114;1;1;12800.0000;1;1185.0000;None;12800.0000
7831;2023-01-18 13:01:18.987000;1;101127;1;1;36800.0000;1;7333.0000;None;79200.0000
27201;2023-01-18 18:48:45.977000;1;101212;1;1;25800.0000;1;7889.0000;None;85200.0000
27201;2023-01-18 18:48:45.977000;3;101216;1;1;6800.0000;1;7889.0000;None;85200.0000
27169;2023-01-18 14:37:39.317000;1;101244;1;1;29800.0000;1;21593.0000;None;233200.0000
27156;2023-01-18 12:40:04.953000;1;101257;1;1;26800.0000;1;24130.0000;None;260600.0000
27148;2023-01-18 11:59:07.243000;1;101270;1;1;0.0000;1;4574.0000;None;49400.0000
27156;2023-01-18 12:53:57.863000;1;101270;2;1;0.0000;1;24130.0000;None;260600.0000
27156;2023-01-18 12:53:57.863000;1;101270;2;1;0.0000;1;24130.0000;None;260600.0000
27156;2023-01-18 12:40:04.953000;1;101270;2;1;0.0000;1;24130.0000;None;260600.0000
27159;2023-01-18 13:01:16.697000;1;101270;1;1;0.0000;1;6500.0000;None;70200.0000
7834;2023-01-18 13:09:05.987000;1;101270;2;1;0.0000;1;8204.0000;None;88600.0000
27136;2023-01-18 10:58:43.170000;1;101270;1;1;0.0000;1;1444.0000;None;15600.0000
7839;2023-01-18 14:11:35.450000;1;101270;1;1;0.0000;1;7426.0000;None;80200.0000
7837;2023-01-18 13:49:23.440000;1;101270;1;1;0.0000;1;3204.0000;None;34600.0000
7836;2023-01-18 13:27:14.340000;1;101270;2;1;0.0000;1;8537.0000;None;92200.0000
7836;2023-01-18 13:27:14.340000;1;101270;2;1;0.0000;1;8537.0000;None;92200.0000
27182;2023-01-18 15:47:43.557000;1;101270;1;1;0.0000;1;16241.0000;None;175400.0000
27182;2023-01-18 15:47:43.557000;1;101270;1;1;0.0000;1;16241.0000;None;175400.0000
27191;2023-01-18 17:28:30.683000;1;101270;1;1;0.0000;1;4870.0000;None;52600.0000
27201;2023-01-18 18:48:45.977000;3;101332;1;1;10800.0000;1;7889.0000;None;85200.0000
27201;2023-01-18 18:48:45.977000;3;101332;1;1;10800.0000;1;7889.0000;None;85200.0000
7829;2023-01-18 13:00:08.443000;1;101433;1;1;0.0000;1;7796.0000;None;84200.0000
27149;2023-01-18 12:05:31.923000;1;101433;1;1;0.0000;1;None;None;41800.0000
27154;2023-01-18 12:46:50.307000;1;101433;1;1;0.0000;1;16796.0000;None;181400.0000
27154;2023-01-18 12:46:50.307000;1;101433;1;1;0.0000;1;16796.0000;None;181400.0000
27154;2023-01-18 12:46:50.307000;1;101433;1;1;0.0000;1;16796.0000;None;181400.0000
27154;2023-01-18 12:46:50.307000;1;101433;1;1;0.0000;1;16796.0000;None;181400.0000
27154;2023-01-18 12:46:50.307000;1;101433;1;1;0.0000;1;16796.0000;None;181400.0000
27156;2023-01-18 12:53:57.863000;1;101433;1;1;0.0000;1;24130.0000;None;260600.0000
27156;2023-01-18 12:53:57.863000;1;101433;1;1;0.0000;1;24130.0000;None;260600.0000
27179;2023-01-18 15:30:26.170000;1;101433;1;1;0.0000;1;4482.0000;None;48400.0000
7837;2023-01-18 13:49:23.440000;1;101433;1;1;0.0000;1;3204.0000;None;34600.0000
27166;2023-01-18 14:03:01.003000;1;101433;1;1;0.0000;1;22759.0000;None;245800.0000
27168;2023-01-18 14:05:41.980000;1;101433;1;1;0.0000;1;21908.0000;None;236600.0000
7846;2023-01-18 14:46:15.217000;1;101520;1;1;0.0000;1;3204.0000;None;34600.0000
7825;2023-01-18 12:38:37.060000;1;101522;2;1;0.0000;1;13833.0000;None;149400.0000
27147;2023-01-18 12:01:45.843000;1;101522;2;1;0.0000;1;15111.0000;None;163200.0000
7832;2023-01-18 13:02:19.363000;1;101522;2;1;0.0000;1;3481.0000;None;37600.0000
27161;2023-01-18 13:08:30.953000;1;101522;1;1;0.0000;1;8926.0000;None;96400.0000
7835;2023-01-18 13:15:41;1;101522;1;1;0.0000;1;10370.0000;None;112000.0000
7834;2023-01-18 13:09:05.987000;1;101522;2;1;0.0000;1;8204.0000;None;88600.0000
27177;2023-01-18 15:22:28.387000;1;101522;2;1;0.0000;1;12204.0000;None;131800.0000
27179;2023-01-18 15:30:26.170000;1;101522;1;1;0.0000;1;4482.0000;None;48400.0000
27182;2023-01-18 15:47:43.557000;1;101522;2;1;0.0000;1;16241.0000;None;175400.0000
27182;2023-01-18 15:47:43.557000;1;101522;2;1;0.0000;1;16241.0000;None;175400.0000
27182;2023-01-18 15:47:43.557000;1;101522;2;1;0.0000;1;16241.0000;None;175400.0000
27182;2023-01-18 15:47:43.557000;1;101522;2;1;0.0000;1;16241.0000;None;175400.0000
27188;2023-01-18 16:51:53.060000;1;101522;2;1;0.0000;1;10907.0000;None;117800.0000
27193;2023-01-18 17:44:08.333000;1;101522;1;1;0.0000;1;6574.0000;None;71000.0000
27198;2023-01-18 18:04:30.553000;1;101522;2;1;0.0000;1;12759.0000;None;137800.0000
27198;2023-01-18 18:04:30.553000;1;101522;2;1;0.0000;1;12759.0000;None;137800.0000
27168;2023-01-18 14:05:41.980000;1;101522;1;1;0.0000;1;21908.0000;None;236600.0000
27168;2023-01-18 14:05:41.980000;1;101522;1;1;0.0000;1;21908.0000;None;236600.0000
27166;2023-01-18 14:03:01.003000;1;101522;1;1;0.0000;1;22759.0000;None;245800.0000
27164;2023-01-18 13:41:48.473000;1;101522;2;1;0.0000;1;9370.0000;None;101200.0000
27164;2023-01-18 13:41:48.473000;1;101522;2;1;0.0000;1;9370.0000;None;101200.0000
27169;2023-01-18 14:37:39.317000;1;101522;1;1;0.0000;1;21593.0000;None;233200.0000
27169;2023-01-18 14:37:39.317000;1;101522;2;1;0.0000;1;21593.0000;None;233200.0000
7843;2023-01-18 14:21:47.980000;1;101522;2;1;0.0000;1;5222.0000;None;56400.0000
7844;2023-01-18 14:30:21.830000;1;101522;1;1;0.0000;1;22833.0000;None;246600.0000
27170;2023-01-18 14:27:40.927000;1;101522;2;1;0.0000;1;14046.0000;None;151700.0000
27172;2023-01-18 14:44:23.893000;1;101522;2;1;None;1;16093.0000;None;173800.0000
7837;2023-01-18 13:49:23.440000;1;101552;1;1;0.0000;1;3204.0000;None;34600.0000
7840;2023-01-18 14:12:49.427000;1;101552;1;1;0.0000;1;None;None;184400.0000
7840;2023-01-18 14:12:49.427000;1;101552;1;1;0.0000;1;None;None;184400.0000
7840;2023-01-18 14:12:49.427000;1;101552;1;1;0.0000;1;None;None;184400.0000
27194;2023-01-18 17:35:51.190000;1;101552;1;1;0.0000;1;10889.0000;None;117600.0000
27154;2023-01-18 12:46:50.307000;1;101552;1;1;0.0000;1;16796.0000;None;181400.0000
27147;2023-01-18 12:01:45.843000;6;101561;1;1;0.0000;1;15111.0000;None;163200.0000
27164;2023-01-18 13:41:48.473000;6;101561;1;1;0.0000;1;9370.0000;None;101200.0000
27172;2023-01-18 14:44:23.893000;6;101561;1;1;None;1;16093.0000;None;173800.0000
27170;2023-01-18 14:27:40.927000;6;101561;1;1;0.0000;1;14046.0000;None;151700.0000
27169;2023-01-18 14:37:39.317000;6;101589;1;1;0.0000;1;21593.0000;None;233200.0000
7842;2023-01-18 15:08:26.287000;1;101647;1;2;21600.0000;1;11519.0000;None;124400.0000
27169;2023-01-18 14:37:39.317000;1;101954;1;1;19800.0000;1;21593.0000;None;233200.0000
27170;2023-01-18 14:27:40.927000;1;101954;1;1;19800.0000;1;14046.0000;None;151700.0000
27170;2023-01-18 15:04:08.823000;1;101954;1;1;19800.0000;1;14046.0000;None;151700.0000
7845;2023-01-18 14:44:06.607000;1;101954;1;1;19800.0000;1;6982.0000;None;75400.0000
27168;2023-01-18 14:11:24.753000;1;101954;1;1;19800.0000;1;21908.0000;None;236600.0000
7835;2023-01-18 13:15:41;1;101958;1;1;67800.0000;1;10370.0000;None;112000.0000
27154;2023-01-18 12:46:50.307000;1;101959;1;1;43800.0000;1;16796.0000;None;181400.0000
27151;2023-01-18 12:17:03.337000;1;102003;1;4;19200.0000;1;None;None;19200.0000
27137;2023-01-18 11:05:48.577000;1;102003;1;1;4800.0000;1;1704.0000;None;18400.0000
7840;2023-01-18 14:12:49.427000;1;102003;1;1;4800.0000;1;None;None;184400.0000
7840;2023-01-18 14:34:11.387000;1;102003;1;-1;-4800.0000;1;None;None;184400.0000
27189;2023-01-18 16:53:07.793000;1;102003;1;2;9600.0000;1;None;None;14400.0000
27191;2023-01-18 17:28:30.683000;1;102003;1;2;9600.0000;1;4870.0000;None;52600.0000
27201;2023-01-18 18:48:45.977000;1;102003;1;2;9600.0000;1;7889.0000;None;85200.0000
7848;2023-01-18 14:51:11.787000;1;102042;1;1;37800.0000;1;5037.0000;None;54400.0000
27172;2023-01-18 14:44:23.893000;1;102072;1;1;25800.0000;1;16093.0000;None;173800.0000
27179;2023-01-18 15:30:26.170000;1;102132;1;1;6800.0000;1;4482.0000;None;48400.0000
27156;2023-01-18 12:53:57.863000;1;102132;1;1;6800.0000;1;24130.0000;None;260600.0000
27156;2023-01-18 12:53:57.863000;1;102132;1;1;6800.0000;1;24130.0000;None;260600.0000
7835;2023-01-18 13:15:41;1;102141;1;1;3800.0000;1;10370.0000;None;112000.0000
27193;2023-01-18 17:44:08.333000;1;102172;1;1;4800.0000;1;6574.0000;None;71000.0000
7840;2023-01-18 14:50:36.097000;1;102172;1;1;4800.0000;1;None;None;184400.0000
7840;2023-01-18 14:12:49.427000;1;102172;1;1;4800.0000;1;None;None;184400.0000
7838;2023-01-18 14:06:19.297000;1;102228;1;1;10800.0000;1;4574.0000;None;49400.0000
7844;2023-01-18 14:30:21.830000;1;102228;1;1;10800.0000;1;22833.0000;None;246600.0000
27187;2023-01-18 16:52:26.347000;1;102228;1;1;10800.0000;1;9982.0000;None;107800.0000
27152;2023-01-18 12:25:56.463000;1;102228;1;1;10800.0000;1;13352.0000;None;144200.0000
27171;2023-01-18 14:39:43.457000;1;102238;1;1;2500.0000;1;10713.0000;None;115700.0000
7834;2023-01-18 13:09:05.987000;1;102255;1;1;5800.0000;1;8204.0000;None;88600.0000
27170;2023-01-18 15:02:36.567000;1;102286;1;1;1500.0000;1;14046.0000;None;151700.0000
27170;2023-01-18 14:27:40.927000;1;102296;1;1;2800.0000;1;14046.0000;None;151700.0000
27147;2023-01-18 11:49:02.037000;1;102317;1;1;2800.0000;1;15111.0000;None;163200.0000
7832;2023-01-18 13:02:19.363000;1;102474;1;1;30800.0000;1;3481.0000;None;37600.0000
7843;2023-01-18 14:21:47.980000;1;102487;1;1;34800.0000;1;5222.0000;None;56400.0000
27169;2023-01-18 14:37:39.317000;1;102493;1;1;44800.0000;1;21593.0000;None;233200.0000
27164;2023-01-18 13:41:48.473000;1;102498;1;1;34800.0000;1;9370.0000;None;101200.0000
27182;2023-01-18 15:47:43.557000;1;102498;1;1;34800.0000;1;16241.0000;None;175400.0000
27182;2023-01-18 15:47:43.557000;1;102501;1;1;39800.0000;1;16241.0000;None;175400.0000
27182;2023-01-18 15:47:43.557000;1;102501;1;1;39800.0000;1;16241.0000;None;175400.0000
27198;2023-01-18 18:04:30.553000;1;102501;1;1;39800.0000;1;12759.0000;None;137800.0000
27182;2023-01-18 15:47:43.557000;1;102506;1;1;39800.0000;1;16241.0000;None;175400.0000
27143;2023-01-18 11:30:09.370000;1;102561;1;1;9800.0000;1;3241.0000;None;35000.0000
27139;2023-01-18 11:12:19.023000;1;102567;1;3;44400.0000;1;7907.0000;None;85400.0000
7831;2023-01-18 13:01:18.987000;3;102616;1;1;6800.0000;1;7333.0000;None;79200.0000
7840;2023-01-18 14:12:49.427000;3;102616;1;1;6800.0000;1;None;None;184400.0000
7840;2023-01-18 14:12:49.427000;3;102616;1;1;6800.0000;1;None;None;184400.0000
27171;2023-01-18 14:39:43.457000;3;102616;1;1;6800.0000;1;10713.0000;None;115700.0000
7840;2023-01-18 14:12:49.427000;3;102617;1;1;7800.0000;1;None;None;184400.0000
27180;2023-01-18 15:34:36.147000;3;102617;1;1;7800.0000;1;3463.0000;None;37400.0000
27180;2023-01-18 15:53:13.673000;3;102617;1;1;7800.0000;1;3463.0000;None;37400.0000
27177;2023-01-18 15:22:28.387000;3;102617;1;1;7800.0000;1;12204.0000;None;131800.0000
27177;2023-01-18 15:22:28.387000;3;102619;1;1;7800.0000;1;12204.0000;None;131800.0000
27177;2023-01-18 15:30:46.907000;3;102619;1;-1;-7800.0000;1;12204.0000;None;131800.0000
7847;2023-01-18 14:47:43.363000;3;102619;1;1;7800.0000;1;7667.0000;None;82800.0000
27199;2023-01-18 18:12:12.307000;3;102619;1;1;7800.0000;1;3130.0000;None;33800.0000
27187;2023-01-18 16:52:26.347000;3;102619;1;1;7800.0000;1;9982.0000;None;107800.0000
27136;2023-01-18 10:58:43.170000;3;102635;1;1;8800.0000;1;1444.0000;None;15600.0000
27143;2023-01-18 11:30:09.370000;3;102635;1;1;8800.0000;1;3241.0000;None;35000.0000
27147;2023-01-18 11:49:02.037000;3;102635;1;1;8800.0000;1;15111.0000;None;163200.0000
27146;2023-01-18 11:46:46.667000;3;102635;1;1;8800.0000;1;4463.0000;None;48200.0000
27157;2023-01-18 12:54:58.687000;3;102635;1;1;8800.0000;1;3481.0000;None;37600.0000
7834;2023-01-18 13:09:05.987000;3;102635;1;1;8800.0000;1;8204.0000;None;88600.0000
27160;2023-01-18 13:05:07.007000;3;102635;1;1;8800.0000;1;9315.0000;None;100600.0000
27147;2023-01-18 12:01:45.843000;3;102635;1;1;8800.0000;1;15111.0000;None;163200.0000
7825;2023-01-18 12:38:37.060000;3;102635;1;1;8800.0000;1;13833.0000;None;149400.0000
27186;2023-01-18 16:24:17.557000;3;102635;1;1;8800.0000;1;5852.0000;None;63200.0000
27188;2023-01-18 16:51:53.060000;3;102635;1;1;8800.0000;1;10907.0000;None;117800.0000
27183;2023-01-18 16:27:48.447000;3;102635;1;1;8800.0000;1;4704.0000;None;50800.0000
27185;2023-01-18 16:15:56.477000;3;102635;1;1;8800.0000;1;3130.0000;None;33800.0000
7841;2023-01-18 14:04:40.733000;3;102635;1;1;8800.0000;1;3481.0000;None;37600.0000
7842;2023-01-18 14:22:39.483000;3;102635;1;2;17600.0000;1;11519.0000;None;124400.0000
27170;2023-01-18 14:27:40.927000;3;102635;1;1;8800.0000;1;14046.0000;None;151700.0000
27170;2023-01-18 14:27:40.927000;3;102635;1;1;8800.0000;1;14046.0000;None;151700.0000
7838;2023-01-18 14:06:19.297000;3;102635;1;1;8800.0000;1;4574.0000;None;49400.0000
27162;2023-01-18 13:16:17.007000;3;102635;1;1;8800.0000;1;3759.0000;None;40600.0000
27163;2023-01-18 13:30:04.960000;3;102635;1;1;8800.0000;1;13278.0000;None;143400.0000
27154;2023-01-18 12:46:50.307000;3;102637;1;1;9800.0000;1;16796.0000;None;181400.0000
27154;2023-01-18 13:13:28.260000;3;102637;1;1;9800.0000;1;16796.0000;None;181400.0000
7833;2023-01-18 13:05:39.280000;3;102637;1;1;9800.0000;1;9333.0000;None;100800.0000
7833;2023-01-18 13:09:26.370000;3;102637;1;-1;-9800.0000;1;9333.0000;None;100800.0000
7833;2023-01-18 13:09:26.370000;3;102639;1;-1;-9800.0000;1;9333.0000;None;100800.0000
7833;2023-01-18 13:05:39.280000;3;102639;1;1;9800.0000;1;9333.0000;None;100800.0000
27166;2023-01-18 14:03:01.003000;3;102639;1;2;19600.0000;1;22759.0000;None;245800.0000
27169;2023-01-18 14:21:25.390000;3;102639;1;1;9800.0000;1;21593.0000;None;233200.0000
27161;2023-01-18 13:08:30.953000;3;102641;1;1;10800.0000;1;8926.0000;None;96400.0000
27161;2023-01-18 13:08:30.953000;3;102641;1;1;10800.0000;1;8926.0000;None;96400.0000
27143;2023-01-18 11:30:09.370000;3;102649;1;1;4800.0000;1;3241.0000;None;35000.0000
27166;2023-01-18 14:03:01.003000;3;102649;1;1;4800.0000;1;22759.0000;None;245800.0000
27171;2023-01-18 14:39:43.457000;1;102668;1;1;36800.0000;1;10713.0000;None;115700.0000
27158;2023-01-18 13:03:22.930000;1;102670;1;1;35800.0000;1;3759.0000;None;40600.0000
27147;2023-01-18 12:01:45.843000;1;102671;1;1;38800.0000;1;15111.0000;None;163200.0000
7839;2023-01-18 14:11:35.450000;1;102671;1;1;38800.0000;1;7426.0000;None;80200.0000
27177;2023-01-18 15:22:28.387000;1;102671;1;1;38800.0000;1;12204.0000;None;131800.0000
27175;2023-01-18 15:07:37.010000;1;102673;1;1;36800.0000;1;None;None;43600.0000
27188;2023-01-18 16:51:53.060000;1;102676;1;1;30800.0000;1;10907.0000;None;117800.0000
7831;2023-01-18 13:01:18.987000;1;102676;1;1;30800.0000;1;7333.0000;None;79200.0000
27148;2023-01-18 11:59:07.243000;1;102678;1;1;36800.0000;1;4574.0000;None;49400.0000
27155;2023-01-18 12:49:48.913000;1;102678;1;1;36800.0000;1;7333.0000;None;79200.0000
27177;2023-01-18 15:22:28.387000;1;102678;1;1;36800.0000;1;12204.0000;None;131800.0000
7836;2023-01-18 13:27:14.340000;1;102678;1;1;36800.0000;1;8537.0000;None;92200.0000
7842;2023-01-18 14:19:01.740000;1;102678;1;1;36800.0000;1;11519.0000;None;124400.0000
7842;2023-01-18 14:19:01.740000;1;102680;1;1;36800.0000;1;11519.0000;None;124400.0000
7844;2023-01-18 14:30:21.830000;1;102725;1;1;36800.0000;1;22833.0000;None;246600.0000
27196;2023-01-18 18:05:31.633000;3;102737;1;1;2800.0000;1;3278.0000;None;35400.0000
7847;2023-01-18 14:47:43.363000;3;102747;1;1;4800.0000;1;7667.0000;None;82800.0000
27182;2023-01-18 15:47:43.557000;3;102747;1;1;4800.0000;1;16241.0000;None;175400.0000
27182;2023-01-18 15:47:43.557000;3;102747;1;1;4800.0000;1;16241.0000;None;175400.0000
27179;2023-01-18 15:30:26.170000;3;102747;1;1;4800.0000;1;4482.0000;None;48400.0000
27169;2023-01-18 14:21:25.390000;3;102747;1;1;4800.0000;1;21593.0000;None;233200.0000
27163;2023-01-18 13:30:04.960000;3;102747;1;1;4800.0000;1;13278.0000;None;143400.0000
27163;2023-01-18 14:03:16.677000;3;102747;1;1;4800.0000;1;13278.0000;None;143400.0000
27164;2023-01-18 13:41:48.473000;3;102747;1;1;4800.0000;1;9370.0000;None;101200.0000
27166;2023-01-18 14:03:01.003000;3;102747;1;1;4800.0000;1;22759.0000;None;245800.0000
27154;2023-01-18 12:46:50.307000;3;102747;1;2;9600.0000;1;16796.0000;None;181400.0000
7827;2023-01-18 12:43:17.927000;3;102747;1;1;4800.0000;1;6407.0000;None;69200.0000
7831;2023-01-18 13:01:18.987000;3;102747;1;1;4800.0000;1;7333.0000;None;79200.0000
7829;2023-01-18 13:00:08.443000;3;102747;1;1;4800.0000;1;7796.0000;None;84200.0000
27158;2023-01-18 13:03:22.930000;3;102747;1;1;4800.0000;1;3759.0000;None;40600.0000
7833;2023-01-18 13:07:59.803000;3;102747;1;2;9600.0000;1;9333.0000;None;100800.0000
27160;2023-01-18 13:05:07.007000;3;102747;1;1;4800.0000;1;9315.0000;None;100600.0000
27161;2023-01-18 13:44:01.477000;3;102747;1;1;4800.0000;1;8926.0000;None;96400.0000
7835;2023-01-18 13:15:41;3;102747;1;1;4800.0000;1;10370.0000;None;112000.0000
7835;2023-01-18 13:15:41;3;102747;1;1;4800.0000;1;10370.0000;None;112000.0000
27152;2023-01-18 12:25:56.463000;3;102748;1;2;31600.0000;1;13352.0000;None;144200.0000
27168;2023-01-18 14:05:41.980000;3;102748;1;1;15800.0000;1;21908.0000;None;236600.0000
27169;2023-01-18 14:21:25.390000;3;102748;1;1;15800.0000;1;21593.0000;None;233200.0000
7843;2023-01-18 14:21:47.980000;3;102748;1;1;15800.0000;1;5222.0000;None;56400.0000
27192;2023-01-18 17:33:58.147000;2;102763;1;1;23800.0000;1;5685.0000;None;61400.0000
27198;2023-01-18 18:04:30.553000;1;102835;1;1;11800.0000;1;12759.0000;None;137800.0000
27147;2023-01-18 11:49:02.037000;3;102886;1;1;5800.0000;1;15111.0000;None;163200.0000
27201;2023-01-18 18:48:45.977000;3;102886;1;1;5800.0000;1;7889.0000;None;85200.0000
27147;2023-01-18 11:49:02.037000;3;102887;1;1;10800.0000;1;15111.0000;None;163200.0000
27147;2023-01-18 12:01:45.843000;1;102903;1;1;36800.0000;1;15111.0000;None;163200.0000
27177;2023-01-18 15:22:28.387000;1;102903;1;1;36800.0000;1;12204.0000;None;131800.0000
7834;2023-01-18 13:09:05.987000;1;102904;1;1;39800.0000;1;8204.0000;None;88600.0000
27147;2023-01-18 12:01:45.843000;1;102912;1;1;21800.0000;1;15111.0000;None;163200.0000
27194;2023-01-18 17:35:51.190000;1;102912;1;1;21800.0000;1;10889.0000;None;117600.0000
27163;2023-01-18 13:30:04.960000;1;102975;1;1;37800.0000;1;13278.0000;None;143400.0000
27179;2023-01-18 15:30:26.170000;1;102981;1;1;36800.0000;1;4482.0000;None;48400.0000
27154;2023-01-18 12:46:50.307000;1;102981;1;1;36800.0000;1;16796.0000;None;181400.0000
27168;2023-01-18 14:05:41.980000;1;102982;1;1;59800.0000;1;21908.0000;None;236600.0000
27166;2023-01-18 14:03:01.003000;1;102982;1;1;59800.0000;1;22759.0000;None;245800.0000
27171;2023-01-18 14:39:43.457000;1;102982;1;1;59800.0000;1;10713.0000;None;115700.0000
7834;2023-01-18 13:09:05.987000;1;103128;1;1;12800.0000;1;8204.0000;None;88600.0000
27161;2023-01-18 13:08:30.953000;1;103130;1;1;9800.0000;1;8926.0000;None;96400.0000
7848;2023-01-18 14:51:11.787000;1;103130;1;1;9800.0000;1;5037.0000;None;54400.0000
27156;2023-01-18 13:20:59.440000;1;103132;1;1;8800.0000;1;24130.0000;None;260600.0000
27160;2023-01-18 13:57:49.463000;1;103166;1;1;19800.0000;1;9315.0000;None;100600.0000
7846;2023-01-18 14:46:15.217000;1;103171;1;1;28800.0000;1;3204.0000;None;34600.0000
27169;2023-01-18 14:37:39.317000;1;103171;1;1;28800.0000;1;21593.0000;None;233200.0000
7837;2023-01-18 13:49:23.440000;1;103171;1;1;28800.0000;1;3204.0000;None;34600.0000
27156;2023-01-18 12:53:57.863000;1;103207;1;1;35800.0000;1;24130.0000;None;260600.0000
27161;2023-01-18 13:08:30.953000;1;103340;1;1;30800.0000;1;8926.0000;None;96400.0000
27193;2023-01-18 17:44:08.333000;1;103400;1;1;7800.0000;1;6574.0000;None;71000.0000
27177;2023-01-18 15:22:28.387000;6;103488;1;1;0.0000;1;12204.0000;None;131800.0000
27182;2023-01-18 15:47:43.557000;6;103488;1;1;0.0000;1;16241.0000;None;175400.0000
27182;2023-01-18 15:47:43.557000;6;103488;1;1;0.0000;1;16241.0000;None;175400.0000
27182;2023-01-18 15:47:43.557000;6;103488;1;1;0.0000;1;16241.0000;None;175400.0000
7825;2023-01-18 12:38:37.060000;6;103488;1;1;0.0000;1;13833.0000;None;149400.0000
27168;2023-01-18 14:05:41.980000;1;103551;1;1;49800.0000;1;21908.0000;None;236600.0000
7844;2023-01-18 14:30:21.830000;1;103624;1;1;43800.0000;1;22833.0000;None;246600.0000
27196;2023-01-18 17:52:41.590000;1;103642;1;1;25800.0000;1;3278.0000;None;35400.0000
7836;2023-01-18 13:27:14.340000;1;103651;1;1;43800.0000;1;8537.0000;None;92200.0000
27160;2023-01-18 13:05:07.007000;1;103669;1;1;23800.0000;1;9315.0000;None;100600.0000
27161;2023-01-18 13:08:30.953000;1;103759;1;2;21600.0000;1;8926.0000;None;96400.0000
27156;2023-01-18 12:53:57.863000;1;103771;1;1;12800.0000;1;24130.0000;None;260600.0000
27163;2023-01-18 13:30:04.960000;1;103772;1;1;17800.0000;1;13278.0000;None;143400.0000
27169;2023-01-18 14:21:25.390000;1;103773;1;1;9800.0000;1;21593.0000;None;233200.0000
7834;2023-01-18 13:09:05.987000;1;103773;1;1;9800.0000;1;8204.0000;None;88600.0000
7838;2023-01-18 14:06:19.297000;1;103784;1;1;29800.0000;1;4574.0000;None;49400.0000
27200;2023-01-18 18:24:59.130000;1;103784;1;1;29800.0000;1;7704.0000;None;83200.0000
27200;2023-01-18 18:24:59.130000;1;103790;1;1;39800.0000;1;7704.0000;None;83200.0000
27193;2023-01-18 17:44:08.333000;1;103955;1;1;41800.0000;1;6574.0000;None;71000.0000
7840;2023-01-18 14:12:49.427000;1;103955;1;2;83600.0000;1;None;None;184400.0000
27149;2023-01-18 12:05:31.923000;1;103955;1;1;41800.0000;1;None;None;41800.0000
7844;2023-01-18 15:28:40.173000;1;103995;1;1;24800.0000;1;22833.0000;None;246600.0000
27187;2023-01-18 16:52:26.347000;1;103995;1;1;24800.0000;1;9982.0000;None;107800.0000
27161;2023-01-18 13:08:30.953000;1;104207;1;1;7800.0000;1;8926.0000;None;96400.0000
7829;2023-01-18 13:00:08.443000;1;104293;1;1;44800.0000;1;7796.0000;None;84200.0000
27154;2023-01-18 12:46:50.307000;1;104293;1;1;44800.0000;1;16796.0000;None;181400.0000
27194;2023-01-18 17:35:51.190000;1;104293;1;1;44800.0000;1;10889.0000;None;117600.0000
7844;2023-01-18 14:30:21.830000;1;104294;1;1;65800.0000;1;22833.0000;None;246600.0000
7829;2023-01-18 13:00:08.443000;3;104446;1;1;5800.0000;1;7796.0000;None;84200.0000
7834;2023-01-18 13:45:08.680000;3;104554;1;1;4800.0000;1;8204.0000;None;88600.0000
27198;2023-01-18 18:04:30.553000;6;104683;1;1;0.0000;1;12759.0000;None;137800.0000
27198;2023-01-18 18:04:30.553000;6;104683;1;1;0.0000;1;12759.0000;None;137800.0000
27188;2023-01-18 16:51:53.060000;6;104683;1;1;0.0000;1;10907.0000;None;117800.0000
27171;2023-01-18 14:39:43.457000;6;104684;1;1;0.0000;1;10713.0000;None;115700.0000
27169;2023-01-18 14:37:39.317000;6;104684;1;1;0.0000;1;21593.0000;None;233200.0000
27149;2023-01-18 12:05:31.923000;6;104684;1;1;0.0000;1;None;None;41800.0000
27153;2023-01-18 12:26:35.380000;1;104690;1;3;14400.0000;1;1870.0000;None;20200.0000
27146;2023-01-18 11:46:46.667000;1;104690;1;1;4800.0000;1;4463.0000;None;48200.0000
27142;2023-01-18 11:26:21.337000;1;104690;1;2;9600.0000;1;2148.0000;None;23200.0000
7840;2023-01-18 14:34:11.387000;1;104690;1;-1;-4800.0000;1;None;None;184400.0000
7840;2023-01-18 14:12:49.427000;1;104690;1;1;4800.0000;1;None;None;184400.0000
27189;2023-01-18 16:53:07.793000;1;104690;1;1;4800.0000;1;None;None;14400.0000
27191;2023-01-18 17:28:30.683000;1;104690;1;2;9600.0000;1;4870.0000;None;52600.0000
27199;2023-01-18 18:12:12.307000;1;104690;1;4;19200.0000;1;3130.0000;None;33800.0000
27195;2023-01-18 18:25:28.800000;1;104690;1;2;9600.0000;1;3130.0000;None;33800.0000
27185;2023-01-18 16:15:56.477000;1;104690;1;4;19200.0000;1;3130.0000;None;33800.0000
27178;2023-01-18 15:44:59.357000;1;104690;1;1;4800.0000;1;3685.0000;None;39800.0000
27178;2023-01-18 15:27:33.387000;1;104690;1;1;4800.0000;1;3685.0000;None;39800.0000
27178;2023-01-18 15:27:33.387000;1;104690;1;1;4800.0000;1;3685.0000;None;39800.0000
27201;2023-01-18 18:48:45.977000;1;104690;1;1;4800.0000;1;7889.0000;None;85200.0000
27168;2023-01-18 14:05:41.980000;1;104719;1;1;39800.0000;1;21908.0000;None;236600.0000
27169;2023-01-18 14:37:39.317000;1;104727;1;1;69800.0000;1;21593.0000;None;233200.0000
7847;2023-01-18 14:47:43.363000;1;105188;1;1;31800.0000;1;7667.0000;None;82800.0000
27192;2023-01-18 17:44:19.430000;1;105188;1;1;31800.0000;1;5685.0000;None;61400.0000
27160;2023-01-18 13:05:07.007000;1;105188;1;1;31800.0000;1;9315.0000;None;100600.0000
27166;2023-01-18 14:03:01.003000;1;105406;1;1;27800.0000;1;22759.0000;None;245800.0000
27152;2023-01-18 13:09:05.857000;1;105421;1;1;19800.0000;1;13352.0000;None;144200.0000
27163;2023-01-18 13:30:04.960000;1;105511;1;1;43800.0000;1;13278.0000;None;143400.0000
27187;2023-01-18 16:52:26.347000;1;105511;1;1;43800.0000;1;9982.0000;None;107800.0000
7840;2023-01-18 14:12:49.427000;1;105647;1;1;69800.0000;1;None;None;184400.0000
27156;2023-01-18 12:53:57.863000;1;105647;1;1;69800.0000;1;24130.0000;None;260600.0000
27156;2023-01-18 12:53:57.863000;1;105647;1;1;69800.0000;1;24130.0000;None;260600.0000
27180;2023-01-18 15:34:36.147000;1;108352;1;1;21800.0000;1;3463.0000;None;37400.0000
27188;2023-01-18 16:51:53.060000;1;108424;1;1;41800.0000;1;10907.0000;None;117800.0000
27198;2023-01-18 18:04:30.553000;1;108424;1;1;41800.0000;1;12759.0000;None;137800.0000
27172;2023-01-18 14:44:23.893000;1;108424;1;1;41800.0000;1;16093.0000;None;173800.0000
7845;2023-01-18 14:44:06.607000;1;108794;1;1;48800.0000;1;6982.0000;None;75400.0000
27170;2023-01-18 14:27:40.927000;1;108796;1;1;49800.0000;1;14046.0000;None;151700.0000
7840;2023-01-18 14:34:11.387000;1;109248;1;-1;-12800.0000;1;None;None;184400.0000
7840;2023-01-18 14:12:49.427000;1;109248;1;1;12800.0000;1;None;None;184400.0000
27168;2023-01-18 14:05:41.963000;1;109248;1;3;38400.0000;1;21908.0000;None;236600.0000
27168;2023-01-18 14:09:15.553000;1;109248;1;-3;-38400.0000;1;21908.0000;None;236600.0000
27163;2023-01-18 13:30:04.960000;1;109248;1;1;12800.0000;1;13278.0000;None;143400.0000
27163;2023-01-18 13:30:04.960000;1;109248;1;1;12800.0000;1;13278.0000;None;143400.0000
27178;2023-01-18 15:27:33.387000;1;109248;1;1;12800.0000;1;3685.0000;None;39800.0000
27152;2023-01-18 12:25:56.463000;1;109248;1;1;12800.0000;1;13352.0000;None;144200.0000
27187;2023-01-18 17:06:27.817000;2;109275;1;1;13800.0000;1;9982.0000;None;107800.0000
27191;2023-01-18 18:05:10.187000;2;109275;1;1;13800.0000;1;4870.0000;None;52600.0000
27191;2023-01-18 17:28:30.683000;2;109275;1;1;13800.0000;1;4870.0000;None;52600.0000
27164;2023-01-18 13:41:48.473000;1;109323;1;1;54800.0000;1;9370.0000;None;101200.0000
27170;2023-01-18 14:27:40.927000;1;109391;1;1;28800.0000;1;14046.0000;None;151700.0000
7825;2023-01-18 12:38:37.060000;1;109396;1;1;34800.0000;1;13833.0000;None;149400.0000
27154;2023-01-18 12:46:50.307000;1;109458;1;1;26800.0000;1;16796.0000;None;181400.0000
27159;2023-01-18 13:01:16.697000;3;200644;1;1;5800.0000;1;6500.0000;None;70200.0000
7837;2023-01-18 13:49:23.440000;3;200644;1;1;5800.0000;1;3204.0000;None;34600.0000
7836;2023-01-18 13:27:14.340000;3;200644;1;1;5800.0000;1;8537.0000;None;92200.0000
27182;2023-01-18 15:47:43.557000;3;200644;1;2;11600.0000;1;16241.0000;None;175400.0000
27177;2023-01-18 15:30:46.907000;3;201146;1;1;5800.0000;1;12204.0000;None;131800.0000
27177;2023-01-18 15:22:28.387000;3;201146;1;1;5800.0000;1;12204.0000;None;131800.0000
7846;2023-01-18 14:50:51.643000;3;201146;1;1;5800.0000;1;3204.0000;None;34600.0000
27191;2023-01-18 17:28:30.683000;3;201146;1;1;5800.0000;1;4870.0000;None;52600.0000
27192;2023-01-18 17:33:58.147000;3;201146;1;1;5800.0000;1;5685.0000;None;61400.0000
27198;2023-01-18 18:04:30.553000;3;201146;1;1;6800.0000;1;12759.0000;None;137800.0000
27200;2023-01-18 18:26:44.780000;3;201146;1;1;6800.0000;1;7704.0000;None;83200.0000
27194;2023-01-18 17:47:27.237000;3;201146;1;1;5800.0000;1;10889.0000;None;117600.0000
7836;2023-01-18 13:27:14.340000;3;201146;1;1;5800.0000;1;8537.0000;None;92200.0000
7839;2023-01-18 14:11:35.450000;3;201146;1;1;5800.0000;1;7426.0000;None;80200.0000
27170;2023-01-18 14:27:40.927000;3;201146;1;2;11600.0000;1;14046.0000;None;151700.0000
7844;2023-01-18 15:53:26.503000;3;201146;1;1;5800.0000;1;22833.0000;None;246600.0000
27156;2023-01-18 12:40:04.953000;3;201146;1;1;5800.0000;1;24130.0000;None;260600.0000
27156;2023-01-18 12:53:57.863000;3;201146;1;1;5800.0000;1;24130.0000;None;260600.0000
27156;2023-01-18 12:53:57.863000;3;201146;1;1;5800.0000;1;24130.0000;None;260600.0000
7825;2023-01-18 12:38:37.060000;3;201146;1;1;5800.0000;1;13833.0000;None;149400.0000
27153;2023-01-18 12:26:35.380000;3;201146;1;1;5800.0000;1;1870.0000;None;20200.0000
27152;2023-01-18 13:09:59.873000;3;201146;1;1;5800.0000;1;13352.0000;None;144200.0000
27141;2023-01-18 11:20:14.653000;3;201146;1;1;5800.0000;1;2741.0000;None;29600.0000
7844;2023-01-18 14:30:21.830000;2;201187;1;3;29400.0000;1;22833.0000;None;246600.0000
7844;2023-01-18 15:04:08.137000;2;201187;1;1;9800.0000;1;22833.0000;None;246600.0000
27171;2023-01-18 14:39:43.457000;2;201187;1;1;9800.0000;1;10713.0000;None;115700.0000
27166;2023-01-18 14:03:01.003000;2;201187;1;2;19600.0000;1;22759.0000;None;245800.0000
27193;2023-01-18 17:34:39.797000;2;201187;1;1;9800.0000;1;6574.0000;None;71000.0000
27200;2023-01-18 18:26:44.780000;3;201207;1;1;6800.0000;1;7704.0000;None;83200.0000
27198;2023-01-18 18:04:30.553000;3;201207;1;1;6800.0000;1;12759.0000;None;137800.0000
27188;2023-01-18 16:51:53.060000;3;201207;1;1;6800.0000;1;10907.0000;None;117800.0000
27187;2023-01-18 16:45:39.390000;3;201207;1;1;6800.0000;1;9982.0000;None;107800.0000
27175;2023-01-18 15:07:37.010000;3;201207;1;1;6800.0000;1;None;None;43600.0000
27168;2023-01-18 14:05:41.980000;3;201207;1;2;13600.0000;1;21908.0000;None;236600.0000
27168;2023-01-18 14:48:25.863000;3;201207;1;2;13600.0000;1;21908.0000;None;236600.0000
7839;2023-01-18 14:11:35.450000;3;201207;1;1;6800.0000;1;7426.0000;None;80200.0000
27164;2023-01-18 13:41:48.473000;3;201207;1;1;6800.0000;1;9370.0000;None;101200.0000
27172;2023-01-18 14:44:23.893000;3;201207;1;3;20400.0000;1;16093.0000;None;173800.0000
7825;2023-01-18 12:38:37.060000;3;201207;1;1;6800.0000;1;13833.0000;None;149400.0000
7825;2023-01-18 12:38:37.060000;3;201207;1;1;6800.0000;1;13833.0000;None;149400.0000
27155;2023-01-18 12:49:48.913000;3;201207;1;1;6800.0000;1;7333.0000;None;79200.0000
27183;2023-01-18 16:27:48.447000;3;201261;1;1;6800.0000;1;4704.0000;None;50800.0000
27148;2023-01-18 11:59:07.243000;3;201269;1;1;6800.0000;1;4574.0000;None;49400.0000
7834;2023-01-18 13:09:05.987000;3;201269;1;1;6800.0000;1;8204.0000;None;88600.0000
27136;2023-01-18 10:58:43.170000;3;201269;1;1;6800.0000;1;1444.0000;None;15600.0000
27155;2023-01-18 12:49:48.913000;3;201277;1;1;6800.0000;1;7333.0000;None;79200.0000
27193;2023-01-18 17:34:39.797000;3;201277;1;1;6800.0000;1;6574.0000;None;71000.0000
27186;2023-01-18 16:24:17.557000;3;201609;1;1;6800.0000;1;5852.0000;None;63200.0000
27188;2023-01-18 16:51:53.060000;3;201609;1;1;6800.0000;1;10907.0000;None;117800.0000
7845;2023-01-18 14:44:06.607000;3;201609;1;1;6800.0000;1;6982.0000;None;75400.0000
7827;2023-01-18 12:43:17.927000;3;201609;1;1;6800.0000;1;6407.0000;None;69200.0000
7833;2023-01-18 13:55:52.647000;3;201609;1;1;6800.0000;1;9333.0000;None;100800.0000
7828;2023-01-18 12:51:58.430000;3;201609;1;1;6800.0000;1;3296.0000;None;35600.0000
7832;2023-01-18 13:02:19.363000;3;201609;1;1;6800.0000;1;3481.0000;None;37600.0000
27159;2023-01-18 13:01:16.697000;3;201609;1;1;6800.0000;1;6500.0000;None;70200.0000
27140;2023-01-18 11:19:07.190000;3;201609;1;1;6800.0000;1;5241.0000;None;56600.0000
27194;2023-01-18 17:35:51.190000;2;201615;1;1;14800.0000;1;10889.0000;None;117600.0000
7849;2023-01-18 15:16:48.217000;2;201615;1;1;14800.0000;1;5482.0000;None;59200.0000
7849;2023-01-18 15:16:48.217000;2;201615;1;1;14800.0000;1;5482.0000;None;59200.0000
7849;2023-01-18 15:51:27.430000;2;201615;1;1;14800.0000;1;5482.0000;None;59200.0000
7849;2023-01-18 15:51:27.430000;2;201615;1;1;14800.0000;1;5482.0000;None;59200.0000
7846;2023-01-18 14:50:51.643000;3;202133;1;-1;-9800.0000;1;3204.0000;None;34600.0000
7846;2023-01-18 14:46:15.217000;3;202133;1;1;9800.0000;1;3204.0000;None;34600.0000
