10974;2023-01-12 14:44:27.473000;1;101051;1;1;41800.0000;1;7907.0000;None;85400.0000
10973;2023-01-12 14:37:48.547000;1;101051;1;1;41800.0000;1;7519.0000;None;81200.0000
10972;2023-01-12 14:33:06.143000;1;101323;1;1;28800.0000;1;12019.0000;None;129800.0000
10972;2023-01-12 14:33:06.143000;1;101323;1;1;28800.0000;1;12019.0000;None;129800.0000
10941;2023-01-12 12:15:19.970000;1;101323;1;1;28800.0000;1;19648.0000;None;212200.0000
10941;2023-01-12 12:15:19.970000;1;101323;1;1;28800.0000;1;19648.0000;None;212200.0000
10950;2023-01-12 13:07:36.157000;1;101323;1;1;28800.0000;1;3389.0000;None;36600.0000
10941;2023-01-12 12:15:19.970000;6;101546;1;1;0.0000;1;19648.0000;None;212200.0000
10975;2023-01-12 15:08:52.967000;6;101546;1;1;0.0000;1;8815.0000;None;95200.0000
10994;2023-01-12 19:39:44.077000;8;101883;1;1;52800.0000;1;10204.0000;None;110200.0000
10961;2023-01-12 13:53:33.507000;8;101996;1;1;15800.0000;1;None;None;159600.0000
11001;2023-01-12 19:50:55.343000;8;102052;1;1;59800.0000;1;12685.0000;None;137000.0000
10989;2023-01-12 18:51:29.170000;3;102635;1;1;7800.0000;1;4963.0000;None;53600.0000
10961;2023-01-12 13:53:33.507000;3;102635;1;1;7800.0000;1;None;None;159600.0000
10957;2023-01-12 13:30:58.507000;3;102635;1;1;7800.0000;1;4852.0000;None;52400.0000
10977;2023-01-12 15:28:45.240000;3;102635;1;1;7800.0000;1;4407.0000;None;47600.0000
10941;2023-01-12 12:15:19.970000;3;102635;1;1;7800.0000;1;19648.0000;None;212200.0000
10941;2023-01-12 12:15:19.970000;3;102635;1;1;7800.0000;1;19648.0000;None;212200.0000
10950;2023-01-12 13:07:36.157000;3;102635;1;1;7800.0000;1;3389.0000;None;36600.0000
10944;2023-01-12 12:30:48.097000;3;102635;1;1;7800.0000;1;7759.0000;None;83800.0000
10945;2023-01-12 12:44:30.883000;3;102635;1;1;7800.0000;1;4185.0000;None;45200.0000
10945;2023-01-12 12:44:30.883000;3;102635;1;1;7800.0000;1;4185.0000;None;45200.0000
10980;2023-01-12 17:12:51.953000;8;102692;1;1;33800.0000;1;None;None;71400.0000
10975;2023-01-12 15:08:52.967000;3;102747;1;1;4800.0000;1;8815.0000;None;95200.0000
10975;2023-01-12 15:08:52.967000;3;102747;1;1;4800.0000;1;8815.0000;None;95200.0000
10970;2023-01-12 14:28:39.187000;3;102747;1;1;4800.0000;1;7982.0000;None;86200.0000
10972;2023-01-12 14:33:06.143000;3;102747;1;1;4800.0000;1;12019.0000;None;129800.0000
10972;2023-01-12 14:33:06.143000;3;102747;1;1;4800.0000;1;12019.0000;None;129800.0000
10968;2023-01-12 14:17:36.833000;3;102747;1;1;4800.0000;1;5222.0000;None;56400.0000
10957;2023-01-12 13:30:58.507000;3;102747;1;1;4800.0000;1;4852.0000;None;52400.0000
10961;2023-01-12 13:53:33.507000;3;102747;1;1;4800.0000;1;None;None;159600.0000
10964;2023-01-12 14:02:28.840000;3;102747;1;1;4800.0000;1;3019.0000;None;32600.0000
10993;2023-01-12 19:34:33.797000;3;102747;1;1;4800.0000;1;5037.0000;None;54400.0000
10992;2023-01-12 19:27:28.950000;3;102747;1;1;4800.0000;1;12759.0000;None;137800.0000
10982;2023-01-12 17:26:35.527000;3;102747;1;1;4800.0000;1;9093.0000;None;98200.0000
11000;2023-01-12 19:49:08.360000;3;102747;1;1;4800.0000;1;5722.0000;None;61800.0000
11007;2023-01-12 20:20:57.433000;3;102747;1;1;4800.0000;1;5204.0000;None;56200.0000
11007;2023-01-12 20:20:57.433000;3;102747;1;1;4800.0000;1;5204.0000;None;56200.0000
11004;2023-01-12 20:01:48.847000;3;102747;1;1;4800.0000;1;None;None;21600.0000
10946;2023-01-12 12:51:36.613000;3;102747;1;1;4800.0000;1;7759.0000;None;83800.0000
10952;2023-01-12 13:16:25.243000;3;102749;1;1;5800.0000;1;7611.0000;None;82200.0000
10986;2023-01-12 18:37:15.663000;3;102749;1;1;5800.0000;1;3556.0000;None;38400.0000
10963;2023-01-12 14:00:27.843000;3;102749;1;1;5800.0000;1;12741.0000;None;137600.0000
10963;2023-01-12 14:00:27.843000;3;102749;1;1;5800.0000;1;12741.0000;None;137600.0000
10975;2023-01-12 15:08:52.967000;1;102927;1;1;57800.0000;1;8815.0000;None;95200.0000
10941;2023-01-12 12:15:19.940000;1;102927;1;1;57800.0000;1;19648.0000;None;212200.0000
10961;2023-01-12 13:53:33.507000;8;103028;1;1;49800.0000;1;None;None;159600.0000
10982;2023-01-12 17:26:35.527000;8;103028;1;1;49800.0000;1;9093.0000;None;98200.0000
11002;2023-01-12 19:59:03.213000;8;103028;1;1;49800.0000;1;9463.0000;None;102200.0000
11002;2023-01-12 19:59:03.213000;8;103539;1;1;32800.0000;1;9463.0000;None;102200.0000
10996;2023-01-12 19:41:53.870000;8;103539;1;1;32800.0000;1;7074.0000;None;76400.0000
10965;2023-01-12 14:03:07.730000;8;103539;1;1;32800.0000;1;None;None;32800.0000
10966;2023-01-12 14:10:58.803000;8;103539;1;1;32800.0000;1;None;None;32800.0000
10970;2023-01-12 14:28:39.187000;8;103615;1;1;37800.0000;1;7982.0000;None;86200.0000
10996;2023-01-12 19:41:53.870000;8;103615;1;1;37800.0000;1;7074.0000;None;76400.0000
10982;2023-01-12 17:26:35.527000;8;103615;1;1;37800.0000;1;9093.0000;None;98200.0000
10994;2023-01-12 19:39:44.077000;8;103615;1;1;37800.0000;1;10204.0000;None;110200.0000
11010;2023-01-12 20:32:35.367000;8;103615;1;1;37800.0000;1;None;None;37800.0000
10972;2023-01-12 14:33:06.143000;1;103714;1;1;56800.0000;1;12019.0000;None;129800.0000
10952;2023-01-12 13:16:25.243000;1;103714;1;1;56800.0000;1;7611.0000;None;82200.0000
10974;2023-01-12 14:44:27.473000;8;103746;1;1;37800.0000;1;7907.0000;None;85400.0000
10973;2023-01-12 14:37:48.547000;8;103867;1;1;27800.0000;1;7519.0000;None;81200.0000
10975;2023-01-12 15:08:52.967000;8;103867;1;1;27800.0000;1;8815.0000;None;95200.0000
10976;2023-01-12 15:11:29.923000;8;103867;1;1;27800.0000;1;10722.0000;None;115800.0000
10980;2023-01-12 17:12:51.953000;8;103867;1;1;27800.0000;1;None;None;71400.0000
10988;2023-01-12 18:40:24.920000;8;103867;1;1;27800.0000;1;None;None;27800.0000
11001;2023-01-12 19:50:55.343000;8;103867;1;1;27800.0000;1;12685.0000;None;137000.0000
10941;2023-01-12 12:15:19.970000;8;103867;1;1;27800.0000;1;19648.0000;None;212200.0000
11001;2023-01-12 19:50:55.343000;8;104655;1;1;37800.0000;1;12685.0000;None;137000.0000
10992;2023-01-12 19:27:28.950000;8;104655;1;1;37800.0000;1;12759.0000;None;137800.0000
10970;2023-01-12 14:28:39.187000;8;104655;1;1;37800.0000;1;7982.0000;None;86200.0000
10961;2023-01-12 13:53:33.507000;8;104655;1;1;37800.0000;1;None;None;159600.0000
10975;2023-01-12 15:08:52.967000;6;105090;1;1;0.0000;1;8815.0000;None;95200.0000
10941;2023-01-12 12:15:19.970000;6;105090;1;1;0.0000;1;19648.0000;None;212200.0000
10975;2023-01-12 15:08:52.967000;6;105509;1;1;0.0000;1;8815.0000;None;95200.0000
10941;2023-01-12 12:15:19.970000;6;105509;1;1;0.0000;1;19648.0000;None;212200.0000
10941;2023-01-12 12:15:19.970000;8;105668;1;1;41800.0000;1;19648.0000;None;212200.0000
11008;2023-01-12 20:26:00.180000;8;106077;1;1;32800.0000;1;None;None;38600.0000
10943;2023-01-12 12:18:40.803000;8;107228;1;1;0.0000;1;None;None;43800.0000
10992;2023-01-12 19:27:28.950000;8;107228;1;1;0.0000;1;12759.0000;None;137800.0000
10992;2023-01-12 19:27:28.950000;8;107228;1;1;0.0000;1;12759.0000;None;137800.0000
10983;2023-01-12 18:18:06.313000;8;107228;1;1;0.0000;1;None;None;81400.0000
10976;2023-01-12 15:11:29.923000;8;107228;1;1;0.0000;1;10722.0000;None;115800.0000
10979;2023-01-12 16:59:01.007000;8;107228;1;1;0.0000;1;None;None;39800.0000
10977;2023-01-12 15:28:45.240000;8;107228;1;1;0.0000;1;4407.0000;None;47600.0000
10969;2023-01-12 14:21:14.287000;8;107228;1;1;0.0000;1;4222.0000;None;45600.0000
10957;2023-01-12 13:30:58.507000;8;107228;1;1;0.0000;1;4852.0000;None;52400.0000
10976;2023-01-12 15:11:29.923000;8;107298;1;1;43800.0000;1;10722.0000;None;115800.0000
10983;2023-01-12 18:18:06.313000;8;107298;1;1;43800.0000;1;None;None;81400.0000
10992;2023-01-12 19:27:28.950000;8;107298;1;1;43800.0000;1;12759.0000;None;137800.0000
10943;2023-01-12 12:18:40.803000;8;107298;1;1;43800.0000;1;None;None;43800.0000
10992;2023-01-12 19:27:28.950000;8;107926;1;1;39800.0000;1;12759.0000;None;137800.0000
10977;2023-01-12 15:28:45.240000;8;107926;1;1;39800.0000;1;4407.0000;None;47600.0000
10979;2023-01-12 16:59:01.007000;8;107926;1;1;39800.0000;1;None;None;39800.0000
10969;2023-01-12 14:21:14.287000;8;107926;1;1;39800.0000;1;4222.0000;None;45600.0000
10957;2023-01-12 13:30:58.507000;8;107926;1;1;39800.0000;1;4852.0000;None;52400.0000
10948;2023-01-12 12:59:43.427000;1;109069;1;1;26800.0000;1;6407.0000;None;69200.0000
10990;2023-01-12 19:09:13.433000;1;109078;1;1;14800.0000;1;None;None;42600.0000
11003;2023-01-12 20:00:10.623000;1;109078;1;1;14800.0000;1;4278.0000;None;46200.0000
10949;2023-01-12 13:03:32.670000;1;109078;1;1;14800.0000;1;None;None;14800.0000
10944;2023-01-12 12:30:48.067000;1;109078;1;1;14800.0000;1;7759.0000;None;83800.0000
10944;2023-01-12 12:30:48.097000;1;109079;1;1;27800.0000;1;7759.0000;None;83800.0000
10951;2023-01-12 13:12:20.690000;1;109079;1;1;27800.0000;1;3111.0000;None;33600.0000
10990;2023-01-12 19:09:13.433000;1;109079;1;1;27800.0000;1;None;None;42600.0000
10964;2023-01-12 14:02:28.840000;1;109079;1;1;27800.0000;1;3019.0000;None;32600.0000
10963;2023-01-12 14:00:27.843000;1;109079;1;1;27800.0000;1;12741.0000;None;137600.0000
10963;2023-01-12 14:00:27.843000;1;109079;1;1;27800.0000;1;12741.0000;None;137600.0000
11013;2023-01-12 20:43:03.723000;1;109079;1;1;27800.0000;1;None;None;27800.0000
10984;2023-01-12 18:27:05.343000;1;109082;1;1;16800.0000;1;None;None;21600.0000
11004;2023-01-12 20:01:48.847000;1;109082;1;1;16800.0000;1;None;None;21600.0000
10986;2023-01-12 18:37:15.663000;1;109095;1;1;5800.0000;1;3556.0000;None;38400.0000
10963;2023-01-12 14:00:27.843000;1;109095;1;1;5800.0000;1;12741.0000;None;137600.0000
10963;2023-01-12 14:00:27.843000;1;109095;1;1;5800.0000;1;12741.0000;None;137600.0000
10971;2023-01-12 14:29:56.553000;1;109096;1;1;2800.0000;1;None;None;5600.0000
10971;2023-01-12 14:29:56.553000;1;109096;1;1;2800.0000;1;None;None;5600.0000
10978;2023-01-12 15:53:51.987000;1;109097;1;1;4800.0000;1;None;None;4800.0000
10984;2023-01-12 18:27:05.343000;1;109097;1;1;4800.0000;1;None;None;21600.0000
11000;2023-01-12 19:49:08.360000;1;109097;1;1;4800.0000;1;5722.0000;None;61800.0000
10946;2023-01-12 12:51:36.613000;1;109126;1;1;9800.0000;1;7759.0000;None;83800.0000
11000;2023-01-12 19:49:08.360000;1;109131;1;3;29400.0000;1;5722.0000;None;61800.0000
10983;2023-01-12 18:18:06.313000;1;109131;1;1;9800.0000;1;None;None;81400.0000
10963;2023-01-12 14:00:27.843000;1;109131;1;1;9800.0000;1;12741.0000;None;137600.0000
10963;2023-01-12 14:00:27.843000;1;109131;1;1;9800.0000;1;12741.0000;None;137600.0000
10963;2023-01-12 14:00:27.843000;1;109131;1;1;9800.0000;1;12741.0000;None;137600.0000
10963;2023-01-12 14:00:27.843000;1;109131;1;1;9800.0000;1;12741.0000;None;137600.0000
10963;2023-01-12 14:00:27.843000;1;109131;1;1;9800.0000;1;12741.0000;None;137600.0000
10963;2023-01-12 14:00:27.843000;1;109131;1;1;9800.0000;1;12741.0000;None;137600.0000
10967;2023-01-12 14:14:56.343000;1;109131;1;1;9800.0000;1;None;None;30400.0000
10967;2023-01-12 14:14:56.343000;1;109131;1;1;9800.0000;1;None;None;30400.0000
10958;2023-01-12 13:35:57.150000;1;109131;1;1;9800.0000;1;None;None;29400.0000
10958;2023-01-12 13:35:57.150000;1;109131;1;1;9800.0000;1;None;None;29400.0000
10958;2023-01-12 13:35:57.150000;1;109131;1;1;9800.0000;1;None;None;29400.0000
10946;2023-01-12 12:51:36.613000;1;109131;1;1;9800.0000;1;7759.0000;None;83800.0000
10944;2023-01-12 12:30:48.097000;1;109131;1;1;9800.0000;1;7759.0000;None;83800.0000
10944;2023-01-12 12:30:48.097000;1;109131;1;1;9800.0000;1;7759.0000;None;83800.0000
11009;2023-01-12 20:29:00.677000;1;109144;1;1;14800.0000;1;4926.0000;None;53200.0000
10995;2023-01-12 19:40:29.923000;1;109144;1;1;14800.0000;1;None;None;14800.0000
11007;2023-01-12 20:20:57.433000;1;109144;1;1;14800.0000;1;5204.0000;None;56200.0000
10945;2023-01-12 12:44:30.883000;1;109144;1;1;14800.0000;1;4185.0000;None;45200.0000
10945;2023-01-12 12:44:30.883000;1;109144;1;1;14800.0000;1;4185.0000;None;45200.0000
10946;2023-01-12 12:51:36.613000;1;109145;1;1;26800.0000;1;7759.0000;None;83800.0000
10998;2023-01-12 19:46:28.203000;1;109145;1;1;26800.0000;1;3759.0000;None;40600.0000
10997;2023-01-12 19:43:33.297000;1;109145;1;1;26800.0000;1;3019.0000;None;32600.0000
10985;2023-01-12 18:30:00.303000;1;109145;1;1;26800.0000;1;None;None;26800.0000
10986;2023-01-12 18:37:15.663000;1;109145;1;1;26800.0000;1;3556.0000;None;38400.0000
10987;2023-01-12 18:39:39.960000;1;109145;1;1;26800.0000;1;None;None;32600.0000
10993;2023-01-12 19:34:33.797000;1;109145;1;1;26800.0000;1;5037.0000;None;54400.0000
10960;2023-01-12 13:50:46.427000;1;109145;1;1;26800.0000;1;None;None;26800.0000
10962;2023-01-12 13:54:53.533000;1;109145;1;1;26800.0000;1;None;None;26800.0000
10976;2023-01-12 15:11:29.923000;1;109145;1;1;26800.0000;1;10722.0000;None;115800.0000
11009;2023-01-12 20:29:00.677000;1;109145;1;1;26800.0000;1;4926.0000;None;53200.0000
11011;2023-01-12 20:38:18.373000;1;109145;1;1;26800.0000;1;10259.0000;None;110800.0000
11011;2023-01-12 20:38:18.373000;1;109145;1;1;26800.0000;1;10259.0000;None;110800.0000
10961;2023-01-12 13:53:33.507000;8;109312;1;1;21800.0000;1;None;None;159600.0000
10961;2023-01-12 13:53:33.507000;8;109312;1;1;21800.0000;1;None;None;159600.0000
10952;2023-01-12 13:16:25.243000;8;109330;1;1;13800.0000;1;7611.0000;None;82200.0000
10981;2023-01-12 17:15:55.280000;1;109373;1;1;21800.0000;1;None;None;21800.0000
11006;2023-01-12 20:10:44.797000;1;109373;1;1;21800.0000;1;None;None;21800.0000
11005;2023-01-12 20:04:44.820000;1;109373;1;1;21800.0000;1;None;None;21800.0000
10946;2023-01-12 12:51:36.613000;1;109374;1;1;22800.0000;1;7759.0000;None;83800.0000
11011;2023-01-12 20:38:18.373000;1;109382;1;1;31800.0000;1;10259.0000;None;110800.0000
11007;2023-01-12 20:20:57.433000;1;109382;1;1;31800.0000;1;5204.0000;None;56200.0000
10954;2023-01-12 13:27:20.483000;1;109382;1;1;31800.0000;1;None;None;31800.0000
10989;2023-01-12 18:51:29.170000;1;109384;1;1;45800.0000;1;4963.0000;None;53600.0000
10968;2023-01-12 14:17:36.833000;1;109384;1;1;45800.0000;1;5222.0000;None;56400.0000
11003;2023-01-12 20:00:10.623000;1;109439;1;1;19800.0000;1;4278.0000;None;46200.0000
10948;2023-01-12 12:59:43.427000;1;109441;1;1;22800.0000;1;6407.0000;None;69200.0000
10947;2023-01-12 12:53:58.090000;1;109441;1;1;22800.0000;1;4759.0000;None;51400.0000
10947;2023-01-12 12:53:58.090000;1;109441;1;1;22800.0000;1;4759.0000;None;51400.0000
10993;2023-01-12 19:34:33.797000;1;109441;1;1;22800.0000;1;5037.0000;None;54400.0000
11000;2023-01-12 19:49:08.360000;1;109443;1;1;22800.0000;1;5722.0000;None;61800.0000
10953;2023-01-12 13:21:06.767000;1;109444;1;1;38800.0000;1;4130.0000;None;44600.0000
10983;2023-01-12 18:18:06.313000;1;109445;1;1;27800.0000;1;None;None;81400.0000
10967;2023-01-12 14:14:56.343000;1;109448;1;1;10800.0000;1;None;None;30400.0000
11011;2023-01-12 20:38:18.373000;3;200009;1;1;9800.0000;1;10259.0000;None;110800.0000
11011;2023-01-12 20:38:18.373000;3;200009;1;1;9800.0000;1;10259.0000;None;110800.0000
10980;2023-01-12 17:12:51.953000;3;200012;1;1;9800.0000;1;None;None;71400.0000
11002;2023-01-12 19:59:03.213000;3;200012;1;1;9800.0000;1;9463.0000;None;102200.0000
10948;2023-01-12 12:59:43.427000;3;200012;1;1;9800.0000;1;6407.0000;None;69200.0000
10969;2023-01-12 14:21:14.287000;3;200644;1;1;5800.0000;1;4222.0000;None;45600.0000
10941;2023-01-12 12:15:19.970000;3;201146;1;1;5800.0000;1;19648.0000;None;212200.0000
10952;2023-01-12 13:16:25.243000;3;201146;1;1;5800.0000;1;7611.0000;None;82200.0000
11009;2023-01-12 20:29:00.677000;3;201146;1;1;5800.0000;1;4926.0000;None;53200.0000
11009;2023-01-12 20:29:00.677000;3;201146;1;1;5800.0000;1;4926.0000;None;53200.0000
10968;2023-01-12 14:17:36.833000;3;201146;1;1;5800.0000;1;5222.0000;None;56400.0000
11001;2023-01-12 19:50:55.343000;3;201146;1;1;5800.0000;1;12685.0000;None;137000.0000
11001;2023-01-12 19:50:55.343000;3;201146;1;1;5800.0000;1;12685.0000;None;137000.0000
10997;2023-01-12 19:43:33.297000;3;201146;1;1;5800.0000;1;3019.0000;None;32600.0000
10941;2023-01-12 12:15:19.970000;3;201221;1;1;5800.0000;1;19648.0000;None;212200.0000
10942;2023-01-12 12:16:17.800000;3;201221;1;1;5800.0000;1;None;None;5800.0000
10953;2023-01-12 13:21:06.767000;3;201221;1;1;5800.0000;1;4130.0000;None;44600.0000
10996;2023-01-12 19:41:53.870000;3;201221;1;1;5800.0000;1;7074.0000;None;76400.0000
11003;2023-01-12 20:00:10.623000;3;201221;1;1;5800.0000;1;4278.0000;None;46200.0000
11003;2023-01-12 20:00:10.623000;3;201221;1;1;5800.0000;1;4278.0000;None;46200.0000
10987;2023-01-12 18:39:39.960000;3;201221;1;1;5800.0000;1;None;None;32600.0000
10972;2023-01-12 14:33:06.143000;3;201221;1;1;5800.0000;1;12019.0000;None;129800.0000
10976;2023-01-12 15:11:29.923000;3;201221;1;3;17400.0000;1;10722.0000;None;115800.0000
10974;2023-01-12 14:44:27.473000;3;201237;1;1;5800.0000;1;7907.0000;None;85400.0000
10992;2023-01-12 19:27:28.950000;3;201237;1;1;5800.0000;1;12759.0000;None;137800.0000
10982;2023-01-12 17:26:35.527000;3;201269;1;1;5800.0000;1;9093.0000;None;98200.0000
10992;2023-01-12 19:27:28.950000;3;201304;1;1;5800.0000;1;12759.0000;None;137800.0000
10994;2023-01-12 19:39:44.077000;3;201304;1;1;5800.0000;1;10204.0000;None;110200.0000
10973;2023-01-12 14:37:48.547000;3;201304;1;1;5800.0000;1;7519.0000;None;81200.0000
10973;2023-01-12 14:37:48.547000;3;201304;1;1;5800.0000;1;7519.0000;None;81200.0000
10970;2023-01-12 14:28:39.187000;3;201304;1;1;5800.0000;1;7982.0000;None;86200.0000
11011;2023-01-12 20:38:18.373000;3;201304;1;1;5800.0000;1;10259.0000;None;110800.0000
10951;2023-01-12 13:12:20.690000;3;201304;1;1;5800.0000;1;3111.0000;None;33600.0000
10947;2023-01-12 12:53:58.090000;3;201304;1;1;5800.0000;1;4759.0000;None;51400.0000
11008;2023-01-12 20:26:00.180000;3;201422;1;1;5800.0000;1;None;None;38600.0000
10944;2023-01-12 12:30:48.097000;2;201615;1;1;13800.0000;1;7759.0000;None;83800.0000
10998;2023-01-12 19:46:28.203000;2;201615;1;1;13800.0000;1;3759.0000;None;40600.0000
10994;2023-01-12 19:39:44.077000;2;201615;1;1;13800.0000;1;10204.0000;None;110200.0000
10948;2023-01-12 12:59:43.427000;3;202112;1;1;9800.0000;1;6407.0000;None;69200.0000
10946;2023-01-12 12:51:36.613000;3;202133;1;1;9800.0000;1;7759.0000;None;83800.0000
11002;2023-01-12 19:59:03.213000;3;202133;1;1;9800.0000;1;9463.0000;None;102200.0000
