11272;2023-01-14 20:39:14.973000;7;1054;1;1;0.0000;1;6815.0000;None;73600.0000
11240;2023-01-14 16:41:37.163000;1;100624;1;1;1000.0000;1;4389.0000;None;47400.0000
11155;2023-01-14 12:51:53.537000;8;100953;1;1;42800.0000;1;20426.0000;None;220600.0000
11257;2023-01-14 19:38:22.127000;8;100954;1;1;37800.0000;1;9537.0000;None;103000.0000
11225;2023-01-14 15:42:09.100000;8;100954;1;1;37800.0000;1;7074.0000;None;76400.0000
11174;2023-01-14 13:39:52.370000;8;100954;1;1;37800.0000;1;None;None;43600.0000
11277;2023-01-14 21:05:45.313000;8;100954;1;1;37800.0000;1;14648.0000;None;158200.0000
11278;2023-01-14 21:07:02.230000;8;101026;1;1;29800.0000;1;6407.0000;None;69200.0000
11272;2023-01-14 20:39:14.973000;8;101026;1;1;29800.0000;1;6815.0000;None;73600.0000
11268;2023-01-14 20:25:25.013000;8;101026;1;1;29800.0000;1;None;None;29800.0000
11162;2023-01-14 13:18:37.357000;8;101026;1;1;29800.0000;1;9426.0000;None;101800.0000
11252;2023-01-14 18:55:15.610000;8;101026;1;1;29800.0000;1;None;None;97400.0000
11252;2023-01-14 18:55:15.610000;8;101026;1;1;29800.0000;1;None;None;97400.0000
11247;2023-01-14 17:33:09.947000;8;101026;1;1;29800.0000;1;6333.0000;None;68400.0000
11243;2023-01-14 17:03:52.277000;8;101026;1;1;29800.0000;1;6426.0000;None;69400.0000
11155;2023-01-14 12:51:53.537000;8;101026;1;1;29800.0000;1;20426.0000;None;220600.0000
11167;2023-01-14 13:28:50.390000;1;101051;1;1;41800.0000;1;None;None;47600.0000
11165;2023-01-14 13:23:49.463000;1;101323;1;1;28800.0000;1;5611.0000;None;60600.0000
11204;2023-01-14 14:47:54.820000;1;101323;1;1;28800.0000;1;None;None;36600.0000
11247;2023-01-14 17:33:09.947000;1;101323;1;1;28800.0000;1;6333.0000;None;68400.0000
11241;2023-01-14 16:58:09.927000;1;101323;1;1;28800.0000;1;None;None;61400.0000
11242;2023-01-14 17:01:42.057000;1;101323;1;1;28800.0000;1;13500.0000;None;145800.0000
11225;2023-01-14 15:42:09.100000;1;101323;1;1;28800.0000;1;7074.0000;None;76400.0000
11161;2023-01-14 13:16:09.497000;6;101546;1;1;0.0000;1;9000.0000;None;97200.0000
11198;2023-01-14 14:34:08.197000;6;101546;1;1;0.0000;1;12037.0000;None;130000.0000
11188;2023-01-14 14:17:57.287000;6;101546;1;1;0.0000;1;6611.0000;None;71400.0000
11183;2023-01-14 14:01:49.977000;6;101546;1;1;0.0000;1;6259.0000;None;67600.0000
11242;2023-01-14 17:01:42.057000;8;101883;1;1;52800.0000;1;13500.0000;None;145800.0000
11261;2023-01-14 19:54:41.683000;8;101883;1;1;52800.0000;1;18796.0000;None;203000.0000
11163;2023-01-14 13:20:23.657000;8;101971;1;1;46800.0000;1;None;None;67400.0000
11163;2023-01-14 13:20:23.657000;8;101996;1;1;15800.0000;1;None;None;67400.0000
11160;2023-01-14 13:14:41.887000;3;102635;1;1;7800.0000;1;14426.0000;None;155800.0000
11159;2023-01-14 13:11:22.570000;3;102635;1;1;7800.0000;1;None;None;70400.0000
11155;2023-01-14 12:51:53.537000;3;102635;1;1;7800.0000;1;20426.0000;None;220600.0000
11154;2023-01-14 12:49:37.347000;3;102635;1;1;7800.0000;1;None;None;43400.0000
11149;2023-01-14 12:12:39.930000;3;102635;1;1;7800.0000;1;17074.0000;None;184400.0000
11166;2023-01-14 13:26:11.333000;3;102635;1;3;23400.0000;1;15685.0000;None;169400.0000
11186;2023-01-14 14:11:21.407000;3;102635;1;1;7800.0000;1;5796.0000;None;62600.0000
11176;2023-01-14 13:42:31.317000;3;102635;1;1;7800.0000;1;8370.0000;None;90400.0000
11187;2023-01-14 14:16:40.077000;3;102635;1;1;7800.0000;1;None;None;145000.0000
11188;2023-01-14 14:17:57.287000;3;102635;1;1;7800.0000;1;6611.0000;None;71400.0000
11192;2023-01-14 14:24:17.807000;3;102635;1;1;7800.0000;1;None;None;18400.0000
11204;2023-01-14 14:47:54.820000;3;102635;1;1;7800.0000;1;None;None;36600.0000
11209;2023-01-14 14:59:45.287000;3;102635;1;2;15600.0000;1;18852.0000;None;203600.0000
11242;2023-01-14 17:01:42.057000;3;102635;1;1;7800.0000;1;13500.0000;None;145800.0000
11242;2023-01-14 17:01:42.057000;3;102635;1;1;7800.0000;1;13500.0000;None;145800.0000
11256;2023-01-14 19:33:21.220000;3;102635;1;1;7800.0000;1;None;None;19400.0000
11270;2023-01-14 20:36:26.637000;3;102635;1;1;7800.0000;1;6222.0000;None;67200.0000
11277;2023-01-14 21:05:45.313000;8;102691;1;1;59800.0000;1;14648.0000;None;158200.0000
11149;2023-01-14 12:12:39.930000;8;102691;1;1;59800.0000;1;17074.0000;None;184400.0000
11149;2023-01-14 12:12:39.917000;8;102692;1;1;33800.0000;1;17074.0000;None;184400.0000
11149;2023-01-14 12:12:39.930000;8;102692;1;1;33800.0000;1;17074.0000;None;184400.0000
11243;2023-01-14 17:03:52.277000;8;102692;1;1;33800.0000;1;6426.0000;None;69400.0000
11261;2023-01-14 19:54:41.683000;8;102692;1;1;33800.0000;1;18796.0000;None;203000.0000
11156;2023-01-14 13:01:07.083000;3;102747;1;1;4800.0000;1;3019.0000;None;32600.0000
11160;2023-01-14 13:14:41.887000;3;102747;1;1;4800.0000;1;14426.0000;None;155800.0000
11242;2023-01-14 17:01:42.057000;3;102747;1;1;4800.0000;1;13500.0000;None;145800.0000
11241;2023-01-14 16:58:09.927000;3;102747;1;1;4800.0000;1;None;None;61400.0000
11238;2023-01-14 16:36:18.323000;3;102747;1;1;4800.0000;1;2185.0000;None;23600.0000
11224;2023-01-14 15:40:27.167000;3;102747;1;1;4800.0000;1;None;None;45000.0000
11234;2023-01-14 16:27:45.567000;3;102747;1;1;4800.0000;1;None;None;77400.0000
11221;2023-01-14 15:27:17.867000;3;102747;1;1;4800.0000;1;None;None;4800.0000
11215;2023-01-14 15:14:24.607000;3;102747;1;1;4800.0000;1;3481.0000;None;37600.0000
11205;2023-01-14 14:50:32.910000;3;102747;1;1;4800.0000;1;11741.0000;None;126800.0000
11205;2023-01-14 14:50:32.910000;3;102747;1;1;4800.0000;1;11741.0000;None;126800.0000
11192;2023-01-14 14:24:17.807000;3;102747;1;1;4800.0000;1;None;None;18400.0000
11190;2023-01-14 14:21:29.187000;3;102747;1;1;4800.0000;1;10556.0000;None;114000.0000
11190;2023-01-14 14:21:29.187000;3;102747;1;1;4800.0000;1;10556.0000;None;114000.0000
11187;2023-01-14 14:16:40.077000;3;102747;1;1;4800.0000;1;None;None;145000.0000
11175;2023-01-14 13:41:18.063000;3;102747;1;1;4800.0000;1;None;None;102200.0000
11175;2023-01-14 13:41:18.063000;3;102747;1;1;4800.0000;1;None;None;102200.0000
11166;2023-01-14 13:26:11.333000;3;102747;1;1;4800.0000;1;15685.0000;None;169400.0000
11166;2023-01-14 13:26:11.333000;3;102747;1;1;4800.0000;1;15685.0000;None;169400.0000
11163;2023-01-14 13:20:23.657000;3;102747;1;1;4800.0000;1;None;None;67400.0000
11260;2023-01-14 19:52:03.087000;3;102747;1;1;4800.0000;1;14982.0000;None;161800.0000
11187;2023-01-14 14:16:40.077000;3;102749;1;1;5800.0000;1;None;None;145000.0000
11194;2023-01-14 14:28:35.143000;3;102749;1;1;5800.0000;1;11648.0000;None;125800.0000
11256;2023-01-14 19:33:21.220000;3;102749;1;1;5800.0000;1;None;None;19400.0000
11253;2023-01-14 19:04:53.167000;3;102749;1;1;5800.0000;1;8333.0000;None;90000.0000
11253;2023-01-14 19:04:53.167000;3;102749;1;1;5800.0000;1;8333.0000;None;90000.0000
11248;2023-01-14 17:34:48.703000;3;102749;1;1;5800.0000;1;5685.0000;None;61400.0000
11160;2023-01-14 13:14:41.887000;3;102749;1;1;5800.0000;1;14426.0000;None;155800.0000
11160;2023-01-14 13:14:41.887000;3;102749;1;1;5800.0000;1;14426.0000;None;155800.0000
11277;2023-01-14 21:05:45.313000;8;102797;1;1;54800.0000;1;14648.0000;None;158200.0000
11186;2023-01-14 14:11:21.407000;8;102797;1;1;54800.0000;1;5796.0000;None;62600.0000
11161;2023-01-14 13:16:09.497000;1;102927;1;1;57800.0000;1;9000.0000;None;97200.0000
11183;2023-01-14 14:01:49.977000;1;102927;1;1;57800.0000;1;6259.0000;None;67600.0000
11188;2023-01-14 14:17:57.287000;1;102927;1;1;57800.0000;1;6611.0000;None;71400.0000
11198;2023-01-14 14:34:08.197000;1;102927;1;1;57800.0000;1;12037.0000;None;130000.0000
11257;2023-01-14 19:38:22.127000;8;103002;1;1;16800.0000;1;9537.0000;None;103000.0000
11273;2023-01-14 20:40:50.807000;8;103539;1;1;32800.0000;1;12093.0000;None;130600.0000
11261;2023-01-14 19:54:41.683000;8;103539;1;1;32800.0000;1;18796.0000;None;203000.0000
11264;2023-01-14 20:00:42.977000;8;103539;1;1;32800.0000;1;3574.0000;None;38600.0000
11267;2023-01-14 20:20:30.950000;8;103539;1;2;65600.0000;1;None;None;98400.0000
11257;2023-01-14 19:38:22.127000;8;103539;1;1;32800.0000;1;9537.0000;None;103000.0000
11215;2023-01-14 15:14:24.607000;8;103539;1;1;32800.0000;1;3481.0000;None;37600.0000
11213;2023-01-14 15:09:53.460000;8;103539;1;1;32800.0000;1;None;None;32800.0000
11198;2023-01-14 14:34:08.197000;8;103539;1;1;32800.0000;1;12037.0000;None;130000.0000
11206;2023-01-14 14:52:44.377000;8;103539;1;1;32800.0000;1;6685.0000;None;72200.0000
11194;2023-01-14 14:28:35.143000;8;103539;1;1;32800.0000;1;11648.0000;None;125800.0000
11193;2023-01-14 14:25:33.260000;8;103539;1;1;32800.0000;1;3574.0000;None;38600.0000
11162;2023-01-14 13:18:37.357000;8;103539;1;1;32800.0000;1;9426.0000;None;101800.0000
11185;2023-01-14 14:09:22.340000;8;103615;1;1;37800.0000;1;None;None;37800.0000
11194;2023-01-14 14:28:35.143000;8;103615;1;1;37800.0000;1;11648.0000;None;125800.0000
11189;2023-01-14 14:19:29.983000;8;103615;1;1;37800.0000;1;7537.0000;None;81400.0000
11189;2023-01-14 14:19:29.983000;8;103615;1;1;37800.0000;1;7537.0000;None;81400.0000
11217;2023-01-14 15:16:13.607000;8;103615;1;1;37800.0000;1;6611.0000;None;71400.0000
11252;2023-01-14 18:55:15.610000;8;103615;1;1;37800.0000;1;None;None;97400.0000
11237;2023-01-14 16:35:16.577000;8;103615;1;1;37800.0000;1;4407.0000;None;47600.0000
11159;2023-01-14 13:11:22.570000;1;103714;1;1;56800.0000;1;None;None;70400.0000
11176;2023-01-14 13:42:31.317000;1;103714;1;1;56800.0000;1;8370.0000;None;90400.0000
11156;2023-01-14 13:01:07.083000;8;103867;1;1;27800.0000;1;3019.0000;None;32600.0000
11161;2023-01-14 13:16:09.497000;8;103867;1;1;27800.0000;1;9000.0000;None;97200.0000
11206;2023-01-14 14:52:44.377000;8;103867;1;1;27800.0000;1;6685.0000;None;72200.0000
11198;2023-01-14 14:34:08.197000;8;103867;1;1;27800.0000;1;12037.0000;None;130000.0000
11241;2023-01-14 16:58:09.927000;8;103867;1;1;27800.0000;1;None;None;61400.0000
11258;2023-01-14 19:40:12.797000;8;103867;1;1;27800.0000;1;3648.0000;None;39400.0000
11222;2023-01-14 15:29:56.143000;8;103867;1;1;27800.0000;1;None;None;27800.0000
11278;2023-01-14 21:07:02.230000;8;103867;1;1;27800.0000;1;6407.0000;None;69200.0000
11201;2023-01-14 14:40:22.457000;8;104655;1;1;37800.0000;1;None;None;37800.0000
11194;2023-01-14 14:28:35.143000;8;104655;1;1;37800.0000;1;11648.0000;None;125800.0000
11161;2023-01-14 13:16:09.497000;6;105090;1;1;0.0000;1;9000.0000;None;97200.0000
11188;2023-01-14 14:17:57.287000;6;105090;1;1;0.0000;1;6611.0000;None;71400.0000
11198;2023-01-14 14:34:08.197000;6;105090;1;1;0.0000;1;12037.0000;None;130000.0000
11183;2023-01-14 14:01:49.977000;6;105090;1;1;0.0000;1;6259.0000;None;67600.0000
11155;2023-01-14 12:51:53.537000;8;105424;1;1;58800.0000;1;20426.0000;None;220600.0000
11273;2023-01-14 20:40:50.823000;8;105424;1;1;58800.0000;1;12093.0000;None;130600.0000
11161;2023-01-14 13:16:09.497000;6;105509;1;1;0.0000;1;9000.0000;None;97200.0000
11183;2023-01-14 14:01:49.977000;6;105509;1;1;0.0000;1;6259.0000;None;67600.0000
11198;2023-01-14 14:34:08.197000;6;105509;1;1;0.0000;1;12037.0000;None;130000.0000
11188;2023-01-14 14:17:57.287000;6;105509;1;1;0.0000;1;6611.0000;None;71400.0000
11202;2023-01-14 14:43:02.767000;8;106077;1;1;32800.0000;1;None;None;32800.0000
11173;2023-01-14 13:38:23.037000;8;106077;1;1;32800.0000;1;None;None;38600.0000
11150;2023-01-14 12:14:28.060000;8;106077;1;1;32800.0000;1;6056.0000;None;65400.0000
11267;2023-01-14 20:20:30.950000;8;106077;1;1;32800.0000;1;None;None;98400.0000
11261;2023-01-14 19:54:41.683000;8;106077;1;1;32800.0000;1;18796.0000;None;203000.0000
11271;2023-01-14 20:37:49.823000;8;107225;1;1;31800.0000;1;None;None;37600.0000
11157;2023-01-14 13:07:37.797000;8;107225;1;1;31800.0000;1;3481.0000;None;37600.0000
11149;2023-01-14 12:12:39.930000;8;107225;1;1;31800.0000;1;17074.0000;None;184400.0000
11165;2023-01-14 13:23:49.463000;8;107225;1;1;31800.0000;1;5611.0000;None;60600.0000
11207;2023-01-14 14:54:04.140000;8;107225;1;1;31800.0000;1;None;None;37600.0000
11207;2023-01-14 14:54:04.140000;8;107228;1;1;0.0000;1;None;None;37600.0000
11165;2023-01-14 13:23:49.463000;8;107228;1;1;0.0000;1;5611.0000;None;60600.0000
11178;2023-01-14 13:46:32.800000;8;107228;1;1;0.0000;1;4593.0000;None;49600.0000
11236;2023-01-14 16:33:19.773000;8;107228;1;1;0.0000;1;5148.0000;None;55600.0000
11231;2023-01-14 16:13:22.277000;8;107228;1;1;0.0000;1;None;None;43800.0000
11260;2023-01-14 19:52:03.087000;8;107228;1;1;0.0000;1;14982.0000;None;161800.0000
11242;2023-01-14 17:01:42.057000;8;107228;1;1;0.0000;1;13500.0000;None;145800.0000
11149;2023-01-14 12:12:39.930000;8;107228;1;1;0.0000;1;17074.0000;None;184400.0000
11157;2023-01-14 13:07:37.797000;8;107228;1;1;0.0000;1;3481.0000;None;37600.0000
11271;2023-01-14 20:37:49.823000;8;107228;1;1;0.0000;1;None;None;37600.0000
11272;2023-01-14 20:39:14.973000;8;107228;1;1;0.0000;1;6815.0000;None;73600.0000
11260;2023-01-14 19:52:03.087000;8;107228;1;1;0.0000;1;14982.0000;None;161800.0000
11260;2023-01-14 19:52:03.087000;8;107228;1;1;0.0000;1;14982.0000;None;161800.0000
11260;2023-01-14 19:52:03.087000;8;107298;1;1;43800.0000;1;14982.0000;None;161800.0000
11272;2023-01-14 20:39:14.973000;8;107298;1;1;43800.0000;1;6815.0000;None;73600.0000
11242;2023-01-14 17:01:42.057000;8;107298;1;1;43800.0000;1;13500.0000;None;145800.0000
11260;2023-01-14 19:52:03.087000;8;107298;1;1;43800.0000;1;14982.0000;None;161800.0000
11260;2023-01-14 19:52:03.087000;8;107298;1;1;43800.0000;1;14982.0000;None;161800.0000
11231;2023-01-14 16:13:22.277000;8;107298;1;1;43800.0000;1;None;None;43800.0000
11178;2023-01-14 13:46:32.800000;8;107298;1;1;43800.0000;1;4593.0000;None;49600.0000
11224;2023-01-14 15:40:27.167000;1;107733;1;1;14800.0000;1;None;None;45000.0000
11236;2023-01-14 16:33:19.773000;8;107928;1;1;49800.0000;1;5148.0000;None;55600.0000
11265;2023-01-14 20:04:44.687000;1;109069;1;1;26800.0000;1;9796.0000;None;105800.0000
11273;2023-01-14 20:40:50.807000;1;109073;1;1;6800.0000;1;12093.0000;None;130600.0000
11238;2023-01-14 16:36:18.323000;1;109075;1;1;18800.0000;1;2185.0000;None;23600.0000
11166;2023-01-14 13:26:11.333000;1;109075;1;1;18800.0000;1;15685.0000;None;169400.0000
11166;2023-01-14 13:26:11.333000;1;109075;1;1;18800.0000;1;15685.0000;None;169400.0000
11275;2023-01-14 20:43:49.843000;1;109075;1;1;18800.0000;1;None;None;47400.0000
11276;2023-01-14 20:46:47.507000;1;109075;1;1;18800.0000;1;None;None;24400.0000
11166;2023-01-14 13:26:11.333000;1;109078;1;1;14800.0000;1;15685.0000;None;169400.0000
11205;2023-01-14 14:50:32.910000;1;109078;1;1;14800.0000;1;11741.0000;None;126800.0000
11199;2023-01-14 14:36:53.620000;1;109078;1;1;14800.0000;1;None;None;49200.0000
11197;2023-01-14 14:31:44.387000;1;109078;1;1;14800.0000;1;None;None;42400.0000
11212;2023-01-14 15:08:38.820000;1;109078;1;1;14800.0000;1;None;None;70400.0000
11160;2023-01-14 13:14:41.887000;1;109078;1;1;14800.0000;1;14426.0000;None;155800.0000
11160;2023-01-14 13:14:41.887000;1;109079;1;2;55600.0000;1;14426.0000;None;155800.0000
11153;2023-01-14 12:45:45.527000;1;109079;1;1;27800.0000;1;11593.0000;None;125200.0000
11212;2023-01-14 15:08:38.820000;1;109079;1;2;55600.0000;1;None;None;70400.0000
11209;2023-01-14 14:59:45.287000;1;109079;1;5;139000.0000;1;18852.0000;None;203600.0000
11210;2023-01-14 15:02:13.717000;1;109079;1;1;27800.0000;1;5685.0000;None;61400.0000
11210;2023-01-14 15:02:13.717000;1;109079;1;1;27800.0000;1;5685.0000;None;61400.0000
11235;2023-01-14 16:32:21.227000;1;109079;1;1;27800.0000;1;4685.0000;None;50600.0000
11245;2023-01-14 17:23:19.137000;1;109079;1;1;27800.0000;1;None;None;33600.0000
11246;2023-01-14 17:24:51.150000;1;109079;1;1;27800.0000;1;None;None;40600.0000
11251;2023-01-14 18:51:51.350000;1;109079;1;1;27800.0000;1;6222.0000;None;67200.0000
11251;2023-01-14 18:51:51.350000;1;109079;1;1;27800.0000;1;6222.0000;None;67200.0000
11249;2023-01-14 18:07:19.213000;1;109079;1;1;27800.0000;1;6500.0000;None;70200.0000
11168;2023-01-14 13:30:17.587000;1;109082;1;1;16800.0000;1;None;None;73400.0000
11175;2023-01-14 13:41:18.063000;1;109082;1;2;33600.0000;1;None;None;102200.0000
11177;2023-01-14 13:43:40.007000;1;109083;1;1;32800.0000;1;3574.0000;None;38600.0000
11168;2023-01-14 13:30:17.587000;1;109083;1;1;32800.0000;1;None;None;73400.0000
11154;2023-01-14 12:49:37.347000;1;109083;1;1;32800.0000;1;None;None;43400.0000
11160;2023-01-14 13:14:41.887000;1;109084;1;2;45600.0000;1;14426.0000;None;155800.0000
11166;2023-01-14 13:26:11.333000;1;109084;1;1;22800.0000;1;15685.0000;None;169400.0000
11166;2023-01-14 13:26:11.333000;1;109084;1;1;22800.0000;1;15685.0000;None;169400.0000
11199;2023-01-14 14:36:53.620000;1;109084;1;1;22800.0000;1;None;None;49200.0000
11166;2023-01-14 13:26:11.333000;1;109085;1;1;2800.0000;1;15685.0000;None;169400.0000
11154;2023-01-14 12:49:37.347000;1;109085;1;1;2800.0000;1;None;None;43400.0000
11273;2023-01-14 20:40:50.807000;1;109085;1;1;2800.0000;1;12093.0000;None;130600.0000
11171;2023-01-14 13:35:20.997000;1;109087;1;2;5600.0000;1;9796.0000;None;105800.0000
11169;2023-01-14 13:30:57.253000;1;109095;1;1;5800.0000;1;None;None;5800.0000
11205;2023-01-14 14:50:32.910000;1;109095;1;3;17400.0000;1;11741.0000;None;126800.0000
11208;2023-01-14 14:57:21.587000;1;109095;1;1;5800.0000;1;None;None;31400.0000
11187;2023-01-14 14:16:40.077000;1;109095;1;1;5800.0000;1;None;None;145000.0000
11187;2023-01-14 14:16:40.077000;1;109095;1;1;5800.0000;1;None;None;145000.0000
11190;2023-01-14 14:21:29.187000;1;109095;1;1;5800.0000;1;10556.0000;None;114000.0000
11190;2023-01-14 14:21:29.187000;1;109095;1;1;5800.0000;1;10556.0000;None;114000.0000
11232;2023-01-14 16:18:42.973000;1;109095;1;1;5800.0000;1;4556.0000;None;49200.0000
11232;2023-01-14 16:18:42.973000;1;109095;1;1;5800.0000;1;4556.0000;None;49200.0000
11226;2023-01-14 15:47:03.507000;1;109095;1;1;5800.0000;1;8315.0000;None;89800.0000
11226;2023-01-14 15:47:03.507000;1;109095;1;1;5800.0000;1;8315.0000;None;89800.0000
11229;2023-01-14 16:07:35.397000;1;109095;1;1;5800.0000;1;None;None;52200.0000
11227;2023-01-14 15:56:41.107000;1;109095;1;1;5800.0000;1;None;None;5800.0000
11160;2023-01-14 13:14:41.887000;1;109095;1;1;5800.0000;1;14426.0000;None;155800.0000
11276;2023-01-14 20:46:47.507000;1;109096;1;1;2800.0000;1;None;None;24400.0000
11276;2023-01-14 20:46:47.507000;1;109096;1;1;2800.0000;1;None;None;24400.0000
11171;2023-01-14 13:35:20.997000;1;109096;1;1;2800.0000;1;9796.0000;None;105800.0000
11171;2023-01-14 13:35:20.997000;1;109096;1;1;2800.0000;1;9796.0000;None;105800.0000
11166;2023-01-14 13:26:11.333000;1;109096;1;1;2800.0000;1;15685.0000;None;169400.0000
11172;2023-01-14 13:37:13.637000;1;109096;1;1;2800.0000;1;None;None;25600.0000
11180;2023-01-14 13:55:09.953000;1;109097;1;1;4800.0000;1;10093.0000;None;109000.0000
11171;2023-01-14 13:35:20.997000;1;109097;1;1;4800.0000;1;9796.0000;None;105800.0000
11230;2023-01-14 16:10:54.987000;1;109097;1;1;4800.0000;1;5574.0000;None;60200.0000
11223;2023-01-14 15:37:35.953000;1;109097;1;1;4800.0000;1;None;None;19200.0000
11223;2023-01-14 15:37:35.953000;1;109097;1;1;4800.0000;1;None;None;19200.0000
11223;2023-01-14 15:37:35.953000;1;109097;1;1;4800.0000;1;None;None;19200.0000
11223;2023-01-14 15:37:35.953000;1;109097;1;1;4800.0000;1;None;None;19200.0000
11220;2023-01-14 15:25:24.627000;1;109097;1;1;4800.0000;1;None;None;4800.0000
11219;2023-01-14 15:21:52.587000;1;109097;1;1;4800.0000;1;7222.0000;None;78000.0000
11155;2023-01-14 12:51:53.537000;1;109097;1;1;4800.0000;1;20426.0000;None;220600.0000
11273;2023-01-14 20:40:50.807000;1;109119;1;1;13800.0000;1;12093.0000;None;130600.0000
11249;2023-01-14 18:07:19.213000;1;109119;1;1;13800.0000;1;6500.0000;None;70200.0000
11250;2023-01-14 18:29:46.777000;1;109119;1;1;13800.0000;1;None;None;13800.0000
11195;2023-01-14 14:29:31.557000;1;109119;1;1;13800.0000;1;None;None;55400.0000
11240;2023-01-14 16:41:37.163000;1;109126;1;1;9800.0000;1;4389.0000;None;47400.0000
11197;2023-01-14 14:31:44.387000;1;109128;1;1;2200.0000;1;None;None;42400.0000
11200;2023-01-14 14:39:23.410000;1;109128;1;1;2200.0000;1;None;None;54800.0000
11155;2023-01-14 12:51:53.537000;1;109131;1;4;39200.0000;1;20426.0000;None;220600.0000
11153;2023-01-14 12:45:45.527000;1;109131;1;3;29400.0000;1;11593.0000;None;125200.0000
11197;2023-01-14 14:31:44.387000;1;109131;1;1;9800.0000;1;None;None;42400.0000
11197;2023-01-14 14:31:44.387000;1;109131;1;1;9800.0000;1;None;None;42400.0000
11190;2023-01-14 14:21:29.187000;1;109131;1;3;29400.0000;1;10556.0000;None;114000.0000
11180;2023-01-14 13:55:09.953000;1;109131;1;1;9800.0000;1;10093.0000;None;109000.0000
11181;2023-01-14 13:56:17.333000;1;109131;1;3;29400.0000;1;None;None;29400.0000
11175;2023-01-14 13:41:18.063000;1;109131;1;4;39200.0000;1;None;None;102200.0000
11244;2023-01-14 17:09:05.330000;1;109131;1;1;9800.0000;1;4093.0000;None;44200.0000
11248;2023-01-14 17:34:48.703000;1;109131;1;1;9800.0000;1;5685.0000;None;61400.0000
11253;2023-01-14 19:04:53.167000;1;109131;1;1;9800.0000;1;8333.0000;None;90000.0000
11224;2023-01-14 15:40:27.167000;1;109131;1;1;9800.0000;1;None;None;45000.0000
11224;2023-01-14 15:40:27.167000;1;109131;1;1;9800.0000;1;None;None;45000.0000
11230;2023-01-14 16:10:54.987000;1;109131;1;1;9800.0000;1;5574.0000;None;60200.0000
11229;2023-01-14 16:07:35.397000;1;109131;1;1;9800.0000;1;None;None;52200.0000
11229;2023-01-14 16:07:35.397000;1;109131;1;1;9800.0000;1;None;None;52200.0000
11265;2023-01-14 20:04:44.687000;1;109131;1;1;9800.0000;1;9796.0000;None;105800.0000
11265;2023-01-14 20:04:44.687000;1;109131;1;1;9800.0000;1;9796.0000;None;105800.0000
11232;2023-01-14 16:18:42.973000;1;109144;1;1;14800.0000;1;4556.0000;None;49200.0000
11218;2023-01-14 15:17:06.513000;1;109144;1;1;14800.0000;1;None;None;14800.0000
11195;2023-01-14 14:29:31.557000;1;109144;1;1;14800.0000;1;None;None;55400.0000
11266;2023-01-14 20:15:58.003000;1;109144;1;1;14800.0000;1;4926.0000;None;53200.0000
11266;2023-01-14 20:15:58.003000;1;109145;1;1;26800.0000;1;4926.0000;None;53200.0000
11269;2023-01-14 20:26:56.133000;1;109145;1;1;26800.0000;1;3019.0000;None;32600.0000
11270;2023-01-14 20:36:26.637000;1;109145;1;1;26800.0000;1;6222.0000;None;67200.0000
11270;2023-01-14 20:36:26.637000;1;109145;1;1;26800.0000;1;6222.0000;None;67200.0000
11265;2023-01-14 20:04:44.687000;1;109145;1;1;26800.0000;1;9796.0000;None;105800.0000
11265;2023-01-14 20:04:44.687000;1;109145;1;1;26800.0000;1;9796.0000;None;105800.0000
11262;2023-01-14 19:55:52.553000;1;109145;1;1;26800.0000;1;3019.0000;None;32600.0000
11263;2023-01-14 19:56:45.697000;1;109145;1;1;26800.0000;1;None;None;32600.0000
11150;2023-01-14 12:14:28.060000;1;109145;1;1;26800.0000;1;6056.0000;None;65400.0000
11195;2023-01-14 14:29:31.557000;1;109145;1;1;26800.0000;1;None;None;55400.0000
11190;2023-01-14 14:21:29.187000;1;109145;1;2;53600.0000;1;10556.0000;None;114000.0000
11187;2023-01-14 14:16:40.077000;1;109145;1;2;53600.0000;1;None;None;145000.0000
11200;2023-01-14 14:39:23.410000;1;109145;1;1;26800.0000;1;None;None;54800.0000
11205;2023-01-14 14:50:32.910000;1;109145;1;1;26800.0000;1;11741.0000;None;126800.0000
11205;2023-01-14 14:50:32.910000;1;109145;1;1;26800.0000;1;11741.0000;None;126800.0000
11184;2023-01-14 14:05:56.150000;1;109145;1;1;26800.0000;1;None;None;26800.0000
11219;2023-01-14 15:21:52.587000;1;109145;1;1;26800.0000;1;7222.0000;None;78000.0000
11219;2023-01-14 15:21:52.587000;1;109145;1;1;26800.0000;1;7222.0000;None;78000.0000
11234;2023-01-14 16:27:45.567000;1;109145;1;1;26800.0000;1;None;None;77400.0000
11229;2023-01-14 16:07:35.397000;1;109145;1;1;26800.0000;1;None;None;52200.0000
11226;2023-01-14 15:47:03.507000;1;109145;1;1;26800.0000;1;8315.0000;None;89800.0000
11255;2023-01-14 19:31:59.043000;1;109145;1;1;26800.0000;1;None;None;26800.0000
11240;2023-01-14 16:41:37.163000;1;109145;1;1;26800.0000;1;4389.0000;None;47400.0000
11230;2023-01-14 16:10:54.987000;1;109147;1;1;22800.0000;1;5574.0000;None;60200.0000
11230;2023-01-14 16:10:54.987000;1;109147;1;1;22800.0000;1;5574.0000;None;60200.0000
11232;2023-01-14 16:18:42.973000;1;109147;1;1;22800.0000;1;4556.0000;None;49200.0000
11162;2023-01-14 13:18:37.357000;8;109330;1;1;13800.0000;1;9426.0000;None;101800.0000
11162;2023-01-14 13:18:37.357000;8;109330;1;1;13800.0000;1;9426.0000;None;101800.0000
11254;2023-01-14 19:28:32.360000;1;109373;1;1;21800.0000;1;None;None;21800.0000
11216;2023-01-14 15:15:10.433000;1;109374;1;1;22800.0000;1;4500.0000;None;48600.0000
11187;2023-01-14 14:16:40.077000;1;109374;1;1;22800.0000;1;None;None;145000.0000
11191;2023-01-14 14:23:06.847000;1;109375;1;1;25800.0000;1;6519.0000;None;70400.0000
11200;2023-01-14 14:39:23.410000;1;109375;1;1;25800.0000;1;None;None;54800.0000
11180;2023-01-14 13:55:09.953000;1;109375;1;1;25800.0000;1;10093.0000;None;109000.0000
11176;2023-01-14 13:42:31.317000;1;109375;1;1;25800.0000;1;8370.0000;None;90400.0000
11216;2023-01-14 15:15:10.433000;1;109375;1;1;25800.0000;1;4500.0000;None;48600.0000
11155;2023-01-14 12:51:53.537000;1;109375;1;1;25800.0000;1;20426.0000;None;220600.0000
11226;2023-01-14 15:47:03.507000;1;109382;1;1;31800.0000;1;8315.0000;None;89800.0000
11166;2023-01-14 13:26:11.333000;1;109383;1;1;32800.0000;1;15685.0000;None;169400.0000
11187;2023-01-14 14:16:40.077000;1;109383;1;1;32800.0000;1;None;None;145000.0000
11180;2023-01-14 13:55:09.953000;1;109384;1;1;45800.0000;1;10093.0000;None;109000.0000
11234;2023-01-14 16:27:45.567000;1;109384;1;1;45800.0000;1;None;None;77400.0000
11253;2023-01-14 19:04:53.167000;1;109384;1;1;45800.0000;1;8333.0000;None;90000.0000
11248;2023-01-14 17:34:48.703000;1;109384;1;1;45800.0000;1;5685.0000;None;61400.0000
11239;2023-01-14 16:38:19.137000;1;109439;1;1;19800.0000;1;None;None;29600.0000
11175;2023-01-14 13:41:18.063000;1;109439;1;1;19800.0000;1;None;None;102200.0000
11205;2023-01-14 14:50:32.910000;1;109439;1;1;19800.0000;1;11741.0000;None;126800.0000
11153;2023-01-14 12:45:45.527000;1;109439;1;1;19800.0000;1;11593.0000;None;125200.0000
11260;2023-01-14 19:52:03.087000;1;109439;1;1;19800.0000;1;14982.0000;None;161800.0000
11153;2023-01-14 12:45:45.527000;1;109441;1;1;22800.0000;1;11593.0000;None;125200.0000
11172;2023-01-14 13:37:13.637000;1;109441;1;1;22800.0000;1;None;None;25600.0000
11180;2023-01-14 13:55:09.953000;1;109441;1;1;22800.0000;1;10093.0000;None;109000.0000
11171;2023-01-14 13:35:20.997000;1;109441;1;3;68400.0000;1;9796.0000;None;105800.0000
11244;2023-01-14 17:09:05.330000;1;109441;1;1;22800.0000;1;4093.0000;None;44200.0000
11235;2023-01-14 16:32:21.227000;1;109441;1;1;22800.0000;1;4685.0000;None;50600.0000
11208;2023-01-14 14:57:21.587000;1;109442;1;1;19800.0000;1;None;None;31400.0000
11249;2023-01-14 18:07:19.213000;1;109443;1;1;22800.0000;1;6500.0000;None;70200.0000
11253;2023-01-14 19:04:53.167000;1;109443;1;1;22800.0000;1;8333.0000;None;90000.0000
11275;2023-01-14 20:43:49.843000;1;109443;1;1;22800.0000;1;None;None;47400.0000
11191;2023-01-14 14:23:06.847000;1;109444;1;1;38800.0000;1;6519.0000;None;70400.0000
11217;2023-01-14 15:16:13.607000;1;109445;1;1;27800.0000;1;6611.0000;None;71400.0000
11168;2023-01-14 13:30:17.587000;1;109468;1;1;0.0000;1;None;None;73400.0000
11168;2023-01-14 13:30:17.587000;1;109470;1;1;0.0000;1;None;None;73400.0000
11168;2023-01-14 13:30:17.587000;1;109472;1;1;0.0000;1;None;None;73400.0000
11168;2023-01-14 13:30:17.587000;1;109473;1;1;0.0000;1;None;None;73400.0000
11168;2023-01-14 13:30:17.587000;1;109476;1;1;0.0000;1;None;None;73400.0000
11168;2023-01-14 13:30:17.587000;1;109477;1;1;0.0000;1;None;None;73400.0000
11168;2023-01-14 13:30:17.587000;1;109482;1;1;23800.0000;1;None;None;73400.0000
11209;2023-01-14 14:59:45.287000;3;200004;1;1;9800.0000;1;18852.0000;None;203600.0000
11226;2023-01-14 15:47:03.507000;3;200004;1;1;9800.0000;1;8315.0000;None;89800.0000
11225;2023-01-14 15:42:09.100000;3;200004;1;1;9800.0000;1;7074.0000;None;76400.0000
11257;2023-01-14 19:38:22.127000;3;200004;1;1;9800.0000;1;9537.0000;None;103000.0000
11247;2023-01-14 17:33:09.947000;3;200004;1;1;9800.0000;1;6333.0000;None;68400.0000
11274;2023-01-14 20:42:42.237000;3;200004;1;1;9800.0000;1;None;None;39200.0000
11274;2023-01-14 20:42:42.237000;3;200004;1;1;9800.0000;1;None;None;39200.0000
11274;2023-01-14 20:42:42.237000;3;200012;1;1;9800.0000;1;None;None;39200.0000
11274;2023-01-14 20:42:42.237000;3;200012;1;1;9800.0000;1;None;None;39200.0000
11273;2023-01-14 20:40:50.807000;3;200012;1;1;9800.0000;1;12093.0000;None;130600.0000
11261;2023-01-14 19:54:41.683000;3;200012;1;1;9800.0000;1;18796.0000;None;203000.0000
11261;2023-01-14 19:54:41.683000;3;200012;1;1;9800.0000;1;18796.0000;None;203000.0000
11246;2023-01-14 17:24:51.150000;2;200480;1;1;12800.0000;1;None;None;40600.0000
11244;2023-01-14 17:09:05.330000;3;200644;1;1;5800.0000;1;4093.0000;None;44200.0000
11243;2023-01-14 17:03:52.277000;3;200644;1;1;5800.0000;1;6426.0000;None;69400.0000
11233;2023-01-14 16:23:41.247000;3;200644;1;1;5800.0000;1;None;None;5800.0000
11207;2023-01-14 14:54:04.140000;3;200644;1;1;5800.0000;1;None;None;37600.0000
11188;2023-01-14 14:17:57.287000;3;200644;1;1;5800.0000;1;6611.0000;None;71400.0000
11150;2023-01-14 12:14:28.060000;3;200644;1;1;5800.0000;1;6056.0000;None;65400.0000
11262;2023-01-14 19:55:52.553000;3;200644;1;1;5800.0000;1;3019.0000;None;32600.0000
11265;2023-01-14 20:04:44.687000;3;200644;1;1;5800.0000;1;9796.0000;None;105800.0000
11266;2023-01-14 20:15:58.003000;3;200644;1;1;5800.0000;1;4926.0000;None;53200.0000
11266;2023-01-14 20:15:58.003000;3;200644;1;1;5800.0000;1;4926.0000;None;53200.0000
11269;2023-01-14 20:26:56.133000;3;201146;1;1;5800.0000;1;3019.0000;None;32600.0000
11271;2023-01-14 20:37:49.823000;3;201146;1;1;5800.0000;1;None;None;37600.0000
11263;2023-01-14 19:56:45.697000;3;201146;1;1;5800.0000;1;None;None;32600.0000
11261;2023-01-14 19:54:41.683000;3;201146;1;1;5800.0000;1;18796.0000;None;203000.0000
11261;2023-01-14 19:54:41.683000;3;201146;1;1;5800.0000;1;18796.0000;None;203000.0000
11260;2023-01-14 19:52:03.087000;3;201146;1;1;5800.0000;1;14982.0000;None;161800.0000
11155;2023-01-14 12:51:53.537000;3;201146;1;1;5800.0000;1;20426.0000;None;220600.0000
11149;2023-01-14 12:12:39.930000;3;201146;1;1;5800.0000;1;17074.0000;None;184400.0000
11189;2023-01-14 14:19:29.983000;3;201146;1;1;5800.0000;1;7537.0000;None;81400.0000
11192;2023-01-14 14:24:17.807000;3;201146;1;1;5800.0000;1;None;None;18400.0000
11193;2023-01-14 14:25:33.260000;3;201146;1;1;5800.0000;1;3574.0000;None;38600.0000
11194;2023-01-14 14:28:35.143000;3;201146;1;1;5800.0000;1;11648.0000;None;125800.0000
11197;2023-01-14 14:31:44.387000;3;201146;1;1;5800.0000;1;None;None;42400.0000
11209;2023-01-14 14:59:45.287000;3;201146;1;1;5800.0000;1;18852.0000;None;203600.0000
11208;2023-01-14 14:57:21.587000;3;201146;1;1;5800.0000;1;None;None;31400.0000
11206;2023-01-14 14:52:44.377000;3;201146;1;1;5800.0000;1;6685.0000;None;72200.0000
11199;2023-01-14 14:36:53.620000;3;201146;1;1;5800.0000;1;None;None;49200.0000
11173;2023-01-14 13:38:23.037000;3;201146;1;1;5800.0000;1;None;None;38600.0000
11228;2023-01-14 16:03:53.933000;3;201146;1;1;5800.0000;1;None;None;5800.0000
11214;2023-01-14 15:12:02.277000;3;201146;1;1;5800.0000;1;None;None;15600.0000
11210;2023-01-14 15:02:13.717000;3;201146;1;1;5800.0000;1;5685.0000;None;61400.0000
11209;2023-01-14 14:59:45.287000;3;201146;1;1;5800.0000;1;18852.0000;None;203600.0000
11224;2023-01-14 15:40:27.167000;3;201146;1;1;5800.0000;1;None;None;45000.0000
11245;2023-01-14 17:23:19.137000;3;201146;1;1;5800.0000;1;None;None;33600.0000
11259;2023-01-14 19:43:51.773000;3;201146;1;1;5800.0000;1;None;None;5800.0000
11239;2023-01-14 16:38:19.137000;2;201187;1;1;9800.0000;1;None;None;29600.0000
11237;2023-01-14 16:35:16.577000;2;201187;1;1;9800.0000;1;4407.0000;None;47600.0000
11190;2023-01-14 14:21:29.187000;2;201187;1;1;9800.0000;1;10556.0000;None;114000.0000
11153;2023-01-14 12:45:45.527000;2;201187;1;1;9800.0000;1;11593.0000;None;125200.0000
11153;2023-01-14 12:45:45.527000;2;201187;1;1;9800.0000;1;11593.0000;None;125200.0000
11261;2023-01-14 19:54:41.683000;3;201221;1;1;5800.0000;1;18796.0000;None;203000.0000
11270;2023-01-14 20:36:26.637000;3;201221;1;1;5800.0000;1;6222.0000;None;67200.0000
11161;2023-01-14 13:16:09.497000;3;201221;1;1;5800.0000;1;9000.0000;None;97200.0000
11161;2023-01-14 13:16:09.497000;3;201221;1;1;5800.0000;1;9000.0000;None;97200.0000
11159;2023-01-14 13:11:22.570000;3;201221;1;1;5800.0000;1;None;None;70400.0000
11187;2023-01-14 14:16:40.077000;3;201221;1;1;5800.0000;1;None;None;145000.0000
11191;2023-01-14 14:23:06.847000;3;201221;1;1;5800.0000;1;6519.0000;None;70400.0000
11205;2023-01-14 14:50:32.910000;3;201221;1;2;11600.0000;1;11741.0000;None;126800.0000
11178;2023-01-14 13:46:32.800000;3;201221;1;1;5800.0000;1;4593.0000;None;49600.0000
11249;2023-01-14 18:07:19.213000;3;201221;1;1;5800.0000;1;6500.0000;None;70200.0000
11217;2023-01-14 15:16:13.607000;3;201221;1;1;5800.0000;1;6611.0000;None;71400.0000
11236;2023-01-14 16:33:19.773000;3;201237;1;1;5800.0000;1;5148.0000;None;55600.0000
11179;2023-01-14 13:53:41.153000;3;201237;1;1;5800.0000;1;None;None;5800.0000
11171;2023-01-14 13:35:20.997000;3;201237;1;1;5800.0000;1;9796.0000;None;105800.0000
11171;2023-01-14 13:35:20.997000;3;201237;1;1;5800.0000;1;9796.0000;None;105800.0000
11278;2023-01-14 21:07:02.230000;3;201237;1;1;5800.0000;1;6407.0000;None;69200.0000
11278;2023-01-14 21:07:02.230000;3;201237;1;1;5800.0000;1;6407.0000;None;69200.0000
11206;2023-01-14 14:52:44.377000;3;201261;1;1;5800.0000;1;6685.0000;None;72200.0000
11194;2023-01-14 14:28:35.143000;3;201269;1;1;5800.0000;1;11648.0000;None;125800.0000
11258;2023-01-14 19:40:12.797000;3;201269;1;1;5800.0000;1;3648.0000;None;39400.0000
11256;2023-01-14 19:33:21.220000;3;201269;1;1;5800.0000;1;None;None;19400.0000
11244;2023-01-14 17:09:05.330000;3;201269;1;1;5800.0000;1;4093.0000;None;44200.0000
11149;2023-01-14 12:12:39.930000;3;201269;1;1;5800.0000;1;17074.0000;None;184400.0000
11149;2023-01-14 12:12:39.930000;3;201269;1;1;5800.0000;1;17074.0000;None;184400.0000
11273;2023-01-14 20:40:50.807000;3;201304;1;1;5800.0000;1;12093.0000;None;130600.0000
11275;2023-01-14 20:43:49.843000;3;201304;1;1;5800.0000;1;None;None;47400.0000
11277;2023-01-14 21:05:45.313000;3;201304;1;1;5800.0000;1;14648.0000;None;158200.0000
11157;2023-01-14 13:07:37.797000;3;201304;1;1;5800.0000;1;3481.0000;None;37600.0000
11155;2023-01-14 12:51:53.537000;3;201304;1;1;5800.0000;1;20426.0000;None;220600.0000
11153;2023-01-14 12:45:45.527000;3;201304;1;1;5800.0000;1;11593.0000;None;125200.0000
11258;2023-01-14 19:40:12.797000;3;201304;1;1;5800.0000;1;3648.0000;None;39400.0000
11257;2023-01-14 19:38:22.127000;3;201304;1;1;5800.0000;1;9537.0000;None;103000.0000
11251;2023-01-14 18:51:51.350000;3;201304;1;1;5800.0000;1;6222.0000;None;67200.0000
11251;2023-01-14 18:51:51.350000;3;201304;1;1;5800.0000;1;6222.0000;None;67200.0000
11199;2023-01-14 14:36:53.620000;3;201304;1;1;5800.0000;1;None;None;49200.0000
11198;2023-01-14 14:34:08.197000;3;201304;1;1;5800.0000;1;12037.0000;None;130000.0000
11198;2023-01-14 14:34:08.197000;3;201304;1;1;5800.0000;1;12037.0000;None;130000.0000
11162;2023-01-14 13:18:37.357000;3;201304;1;1;5800.0000;1;9426.0000;None;101800.0000
11177;2023-01-14 13:43:40.007000;3;201304;1;1;5800.0000;1;3574.0000;None;38600.0000
11174;2023-01-14 13:39:52.370000;3;201304;1;1;5800.0000;1;None;None;43600.0000
11162;2023-01-14 13:18:37.357000;3;201422;1;1;5800.0000;1;9426.0000;None;101800.0000
11167;2023-01-14 13:28:50.390000;3;201422;1;1;5800.0000;1;None;None;47600.0000
11264;2023-01-14 20:00:42.977000;3;201422;1;1;5800.0000;1;3574.0000;None;38600.0000
11261;2023-01-14 19:54:41.683000;2;201615;1;1;13800.0000;1;18796.0000;None;203000.0000
11182;2023-01-14 14:00:25.873000;2;201615;1;1;13800.0000;1;None;None;27600.0000
11182;2023-01-14 14:00:25.873000;2;201615;1;1;13800.0000;1;None;None;27600.0000
11196;2023-01-14 14:30:21.377000;2;201615;1;1;13800.0000;1;None;None;27600.0000
11196;2023-01-14 14:30:21.377000;2;201615;1;1;13800.0000;1;None;None;27600.0000
11209;2023-01-14 14:59:45.287000;2;201615;1;1;13800.0000;1;18852.0000;None;203600.0000
11209;2023-01-14 14:59:45.287000;2;201615;1;1;13800.0000;1;18852.0000;None;203600.0000
11160;2023-01-14 13:14:41.887000;3;202112;1;1;9800.0000;1;14426.0000;None;155800.0000
11183;2023-01-14 14:01:49.977000;3;202112;1;1;9800.0000;1;6259.0000;None;67600.0000
11171;2023-01-14 13:35:20.997000;3;202112;1;1;9800.0000;1;9796.0000;None;105800.0000
11240;2023-01-14 16:41:37.163000;3;202112;1;1;9800.0000;1;4389.0000;None;47400.0000
11226;2023-01-14 15:47:03.507000;3;202112;1;1;9800.0000;1;8315.0000;None;89800.0000
11214;2023-01-14 15:12:02.277000;3;202112;1;1;9800.0000;1;None;None;15600.0000
11219;2023-01-14 15:21:52.587000;3;202133;1;1;9800.0000;1;7222.0000;None;78000.0000
11219;2023-01-14 15:21:52.587000;3;202133;1;1;9800.0000;1;7222.0000;None;78000.0000
