11383;2023-01-16 12:39:39.930000;8;100954;1;1;37800.0000;1;4222.0000;None;45600.0000
11380;2023-01-16 12:30:35.550000;8;101026;1;1;29800.0000;1;14945.0000;None;161400.0000
11390;2023-01-16 13:17:13.900000;1;101323;1;1;28800.0000;1;None;None;210000.0000
11413;2023-01-16 18:01:42.290000;1;101323;1;1;28800.0000;1;None;None;112200.0000
11412;2023-01-16 17:51:57.167000;1;101323;1;1;28800.0000;1;None;None;82800.0000
11390;2023-01-16 13:17:13.900000;6;101546;1;1;0.0000;1;None;None;210000.0000
11390;2023-01-16 13:17:13.900000;6;101546;1;1;0.0000;1;None;None;210000.0000
11374;2023-01-16 12:07:48.757000;3;102635;1;1;7800.0000;1;None;None;54200.0000
11378;2023-01-16 12:20:46.220000;3;102635;1;1;7800.0000;1;None;None;7800.0000
11379;2023-01-16 12:25:55.787000;3;102635;1;1;7800.0000;1;None;None;13600.0000
11383;2023-01-16 12:39:39.930000;3;102635;1;1;7800.0000;1;4222.0000;None;45600.0000
11401;2023-01-16 14:22:16.120000;3;102635;1;1;7800.0000;1;None;None;17400.0000
11400;2023-01-16 14:07:34.647000;3;102635;1;1;7800.0000;1;None;None;22600.0000
11396;2023-01-16 13:49:12.300000;3;102635;1;1;7800.0000;1;5759.0000;None;62200.0000
11409;2023-01-16 16:17:47.607000;3;102635;1;1;7800.0000;1;3093.0000;None;33400.0000
11412;2023-01-16 17:51:57.167000;3;102747;1;1;4800.0000;1;None;None;82800.0000
11396;2023-01-16 13:49:12.300000;3;102747;1;1;4800.0000;1;5759.0000;None;62200.0000
11401;2023-01-16 14:22:16.120000;3;102747;1;1;4800.0000;1;None;None;17400.0000
11401;2023-01-16 14:22:16.120000;3;102747;1;1;4800.0000;1;None;None;17400.0000
11402;2023-01-16 14:23:43.007000;3;102747;1;1;4800.0000;1;16037.0000;None;173200.0000
11380;2023-01-16 12:30:35.550000;3;102747;1;1;4800.0000;1;14945.0000;None;161400.0000
11402;2023-01-16 14:23:43.007000;3;102749;1;3;17400.0000;1;16037.0000;None;173200.0000
11380;2023-01-16 12:30:35.550000;3;102749;1;1;5800.0000;1;14945.0000;None;161400.0000
11381;2023-01-16 12:37:23.517000;8;102797;1;1;54800.0000;1;11296.0000;None;122000.0000
11390;2023-01-16 13:17:13.900000;1;102927;1;1;57800.0000;1;None;None;210000.0000
11390;2023-01-16 13:17:13.900000;1;102927;1;1;57800.0000;1;None;None;210000.0000
11412;2023-01-16 17:51:57.167000;8;102995;1;1;16800.0000;1;None;None;82800.0000
11412;2023-01-16 17:51:57.167000;8;103002;1;1;16800.0000;1;None;None;82800.0000
11381;2023-01-16 12:37:23.517000;8;103002;1;1;16800.0000;1;11296.0000;None;122000.0000
11381;2023-01-16 12:37:23.517000;8;103002;1;1;16800.0000;1;11296.0000;None;122000.0000
11395;2023-01-16 13:46:07.167000;8;103028;1;1;49800.0000;1;6704.0000;None;72400.0000
11413;2023-01-16 18:01:42.290000;8;103028;1;1;49800.0000;1;None;None;112200.0000
11380;2023-01-16 12:30:35.550000;8;103539;1;1;32800.0000;1;14945.0000;None;161400.0000
11408;2023-01-16 16:11:13.457000;8;103615;1;1;37800.0000;1;None;None;37800.0000
11391;2023-01-16 13:18:39.070000;8;103615;1;1;37800.0000;1;7667.0000;None;82800.0000
11381;2023-01-16 12:37:23.517000;8;103867;1;1;27800.0000;1;11296.0000;None;122000.0000
11413;2023-01-16 18:01:42.290000;8;103867;1;1;27800.0000;1;None;None;112200.0000
11416;2023-01-16 18:34:16.400000;8;103867;1;1;27800.0000;1;None;None;27800.0000
11415;2023-01-16 18:25:02.410000;8;104655;1;1;37800.0000;1;None;None;37800.0000
11390;2023-01-16 13:17:13.900000;6;105090;1;1;0.0000;1;None;None;210000.0000
11390;2023-01-16 13:17:13.900000;6;105090;1;1;0.0000;1;None;None;210000.0000
11390;2023-01-16 13:17:13.900000;6;105509;1;1;0.0000;1;None;None;210000.0000
11390;2023-01-16 13:17:13.900000;6;105509;1;1;0.0000;1;None;None;210000.0000
11390;2023-01-16 13:17:13.900000;8;106077;1;1;32800.0000;1;None;None;210000.0000
11390;2023-01-16 13:17:13.900000;8;106077;1;1;32800.0000;1;None;None;210000.0000
11375;2023-01-16 12:11:46.047000;8;107225;1;1;31800.0000;1;7500.0000;None;81000.0000
11375;2023-01-16 12:11:46.047000;8;107225;1;1;31800.0000;1;7500.0000;None;81000.0000
11388;2023-01-16 13:07:27.567000;8;107225;1;1;31800.0000;1;None;None;37600.0000
11387;2023-01-16 13:03:16.670000;8;107225;1;1;31800.0000;1;3481.0000;None;37600.0000
11405;2023-01-16 15:24:45.377000;8;107225;1;1;31800.0000;1;7204.0000;None;77800.0000
11405;2023-01-16 15:24:45.377000;8;107228;1;1;0.0000;1;7204.0000;None;77800.0000
11387;2023-01-16 13:03:16.670000;8;107228;1;1;0.0000;1;3481.0000;None;37600.0000
11388;2023-01-16 13:07:27.567000;8;107228;1;1;0.0000;1;None;None;37600.0000
11389;2023-01-16 13:09:54.500000;8;107228;1;1;0.0000;1;None;None;49800.0000
11375;2023-01-16 12:11:46.047000;8;107228;1;1;0.0000;1;7500.0000;None;81000.0000
11380;2023-01-16 12:30:35.550000;8;107228;1;1;0.0000;1;14945.0000;None;161400.0000
11375;2023-01-16 12:11:46.047000;8;107228;1;1;0.0000;1;7500.0000;None;81000.0000
11380;2023-01-16 12:30:35.550000;8;107298;1;1;43800.0000;1;14945.0000;None;161400.0000
11414;2023-01-16 18:05:26.487000;1;107733;1;1;14800.0000;1;None;None;14800.0000
11389;2023-01-16 13:09:54.500000;8;107928;1;1;49800.0000;1;None;None;49800.0000
11385;2023-01-16 12:48:20.220000;1;109078;1;1;14800.0000;1;1907.0000;None;20600.0000
11397;2023-01-16 13:50:50.417000;1;109078;1;1;14800.0000;1;None;None;14800.0000
11404;2023-01-16 14:44:02.743000;1;109078;1;1;14800.0000;1;None;None;14800.0000
11405;2023-01-16 15:24:45.377000;1;109078;1;1;14800.0000;1;7204.0000;None;77800.0000
11392;2023-01-16 13:26:03.210000;1;109079;1;1;27800.0000;1;3481.0000;None;37600.0000
11380;2023-01-16 12:30:35.550000;1;109083;1;1;32800.0000;1;14945.0000;None;161400.0000
11386;2023-01-16 12:53:30.897000;1;109083;1;1;32800.0000;1;7167.0000;None;77400.0000
11377;2023-01-16 12:14:38.527000;1;109084;1;1;22800.0000;1;5296.0000;None;57200.0000
11377;2023-01-16 12:14:38.527000;1;109084;1;1;22800.0000;1;5296.0000;None;57200.0000
11398;2023-01-16 13:58:49.233000;1;109085;1;1;2800.0000;1;None;None;28400.0000
11402;2023-01-16 14:23:43.007000;1;109095;1;3;17400.0000;1;16037.0000;None;173200.0000
11379;2023-01-16 12:25:55.787000;1;109095;1;1;5800.0000;1;None;None;13600.0000
11399;2023-01-16 14:05:26.087000;1;109096;1;1;2800.0000;1;None;None;8600.0000
11398;2023-01-16 13:58:49.233000;1;109096;1;1;2800.0000;1;None;None;28400.0000
11409;2023-01-16 16:17:47.607000;1;109096;1;1;2800.0000;1;3093.0000;None;33400.0000
11407;2023-01-16 16:02:31.700000;1;109097;1;1;4800.0000;1;None;None;4800.0000
11402;2023-01-16 14:23:43.007000;1;109097;1;1;4800.0000;1;16037.0000;None;173200.0000
11411;2023-01-16 16:41:15.663000;1;109119;1;1;13800.0000;1;None;None;13800.0000
11405;2023-01-16 15:24:45.377000;1;109131;1;1;9800.0000;1;7204.0000;None;77800.0000
11405;2023-01-16 15:24:45.377000;1;109131;1;1;9800.0000;1;7204.0000;None;77800.0000
11412;2023-01-16 17:51:57.167000;1;109131;1;1;9800.0000;1;None;None;82800.0000
11384;2023-01-16 12:44:10.230000;1;109131;1;1;9800.0000;1;6667.0000;None;72000.0000
11391;2023-01-16 13:18:39.070000;1;109131;1;4;39200.0000;1;7667.0000;None;82800.0000
11374;2023-01-16 12:07:48.757000;1;109131;1;1;9800.0000;1;None;None;54200.0000
11374;2023-01-16 12:07:48.757000;1;109131;1;1;9800.0000;1;None;None;54200.0000
11382;2023-01-16 12:38:25.353000;1;109144;1;1;14800.0000;1;1907.0000;None;20600.0000
11403;2023-01-16 14:24:30.910000;1;109144;1;1;14800.0000;1;None;None;14800.0000
11400;2023-01-16 14:07:34.647000;1;109144;1;1;14800.0000;1;None;None;22600.0000
11396;2023-01-16 13:49:12.300000;1;109145;1;1;26800.0000;1;5759.0000;None;62200.0000
11393;2023-01-16 13:34:27.493000;1;109145;1;1;26800.0000;1;6778.0000;None;73200.0000
11393;2023-01-16 13:34:27.493000;1;109145;1;1;26800.0000;1;6778.0000;None;73200.0000
11394;2023-01-16 13:41:40.547000;1;109145;1;1;26800.0000;1;None;None;26800.0000
11374;2023-01-16 12:07:48.757000;1;109145;1;1;26800.0000;1;None;None;54200.0000
11396;2023-01-16 13:49:12.300000;1;109147;1;1;22800.0000;1;5759.0000;None;62200.0000
11402;2023-01-16 14:23:43.007000;1;109147;1;4;91200.0000;1;16037.0000;None;173200.0000
11395;2023-01-16 13:46:07.167000;8;109310;1;1;12800.0000;1;6704.0000;None;72400.0000
11376;2023-01-16 12:13:25.823000;1;109373;1;1;21800.0000;1;2556.0000;None;27600.0000
11410;2023-01-16 16:28:06.200000;1;109375;1;1;25800.0000;1;2389.0000;None;25800.0000
11402;2023-01-16 14:23:43.007000;1;109382;1;1;31800.0000;1;16037.0000;None;173200.0000
11384;2023-01-16 12:44:10.230000;1;109439;1;1;19800.0000;1;6667.0000;None;72000.0000
11384;2023-01-16 12:44:10.230000;1;109441;1;1;22800.0000;1;6667.0000;None;72000.0000
11398;2023-01-16 13:58:49.233000;1;109441;1;1;22800.0000;1;None;None;28400.0000
11409;2023-01-16 16:17:47.607000;1;109441;1;1;22800.0000;1;3093.0000;None;33400.0000
11386;2023-01-16 12:53:30.897000;1;109444;1;1;38800.0000;1;7167.0000;None;77400.0000
11393;2023-01-16 13:34:27.493000;3;200004;1;1;9800.0000;1;6778.0000;None;73200.0000
11393;2023-01-16 13:34:27.493000;3;200004;1;1;9800.0000;1;6778.0000;None;73200.0000
11377;2023-01-16 12:14:38.527000;3;200644;1;1;5800.0000;1;5296.0000;None;57200.0000
11384;2023-01-16 12:44:10.230000;3;200644;1;1;5800.0000;1;6667.0000;None;72000.0000
11380;2023-01-16 12:30:35.550000;3;200644;1;1;5800.0000;1;14945.0000;None;161400.0000
11380;2023-01-16 12:30:35.550000;3;200644;1;1;5800.0000;1;14945.0000;None;161400.0000
11405;2023-01-16 15:24:45.377000;3;200644;1;1;5800.0000;1;7204.0000;None;77800.0000
11405;2023-01-16 15:24:45.377000;3;201146;1;1;5800.0000;1;7204.0000;None;77800.0000
11412;2023-01-16 17:51:57.167000;3;201146;1;1;5800.0000;1;None;None;82800.0000
11381;2023-01-16 12:37:23.517000;3;201146;1;1;5800.0000;1;11296.0000;None;122000.0000
11386;2023-01-16 12:53:30.897000;3;201146;1;1;5800.0000;1;7167.0000;None;77400.0000
11385;2023-01-16 12:48:20.220000;3;201146;1;1;5800.0000;1;1907.0000;None;20600.0000
11388;2023-01-16 13:07:27.567000;3;201146;1;1;5800.0000;1;None;None;37600.0000
11387;2023-01-16 13:03:16.670000;3;201146;1;1;5800.0000;1;3481.0000;None;37600.0000
11402;2023-01-16 14:23:43.007000;3;201221;1;1;5800.0000;1;16037.0000;None;173200.0000
11391;2023-01-16 13:18:39.070000;3;201237;1;1;5800.0000;1;7667.0000;None;82800.0000
11377;2023-01-16 12:14:38.527000;3;201304;1;1;5800.0000;1;5296.0000;None;57200.0000
11376;2023-01-16 12:13:25.823000;3;201304;1;1;5800.0000;1;2556.0000;None;27600.0000
11375;2023-01-16 12:11:46.047000;3;201304;1;3;17400.0000;1;7500.0000;None;81000.0000
11382;2023-01-16 12:38:25.353000;3;201304;1;1;5800.0000;1;1907.0000;None;20600.0000
11399;2023-01-16 14:05:26.087000;3;201304;1;1;5800.0000;1;None;None;8600.0000
11413;2023-01-16 18:01:42.290000;3;201304;1;1;5800.0000;1;None;None;112200.0000
11384;2023-01-16 12:44:10.230000;2;201615;1;1;13800.0000;1;6667.0000;None;72000.0000
11392;2023-01-16 13:26:03.210000;3;202112;1;1;9800.0000;1;3481.0000;None;37600.0000
11395;2023-01-16 13:46:07.167000;3;202133;1;1;9800.0000;1;6704.0000;None;72400.0000
