11706;2023-01-21 14:01:40.153000;1;100892;1;1;35800.0000;1;None;None;102000.0000
11708;2023-01-21 14:04:48.077000;1;100892;1;1;35800.0000;1;None;None;67200.0000
11697;2023-01-21 13:36:52.693000;1;100892;1;1;35800.0000;1;5333.0000;None;57600.0000
11688;2023-01-21 13:10:30.837000;1;100894;1;1;35800.0000;1;None;None;35800.0000
11686;2023-01-21 13:05:01.387000;1;100894;1;1;35800.0000;1;None;None;68400.0000
11679;2023-01-21 12:55:41.800000;1;100894;1;1;35800.0000;1;None;None;42600.0000
11676;2023-01-21 12:22:28.777000;1;100894;1;1;35800.0000;1;3315.0000;None;35800.0000
11707;2023-01-21 14:03:10.407000;1;100894;1;1;35800.0000;1;None;None;42600.0000
11706;2023-01-21 14:01:40.153000;8;100953;1;1;44800.0000;1;None;None;102000.0000
11703;2023-01-21 13:54:51.127000;8;100953;1;1;44800.0000;1;16185.0000;None;174800.0000
11792;2023-01-21 19:53:08.700000;8;100954;1;1;39800.0000;1;None;None;39800.0000
11786;2023-01-21 19:26:37.750000;8;100954;1;1;39800.0000;1;7519.0000;None;81200.0000
11748;2023-01-21 15:40:02.573000;8;100954;1;1;39800.0000;1;6352.0000;None;68600.0000
11729;2023-01-21 14:39:26.577000;8;100954;1;1;39800.0000;1;11093.0000;None;119800.0000
11736;2023-01-21 14:53:18.460000;8;101026;1;1;33800.0000;1;None;None;78400.0000
11703;2023-01-21 13:54:51.127000;8;101026;1;1;33800.0000;1;16185.0000;None;174800.0000
11718;2023-01-21 14:18:45.277000;8;101026;1;1;33800.0000;1;11463.0000;None;123800.0000
11681;2023-01-21 12:57:43.963000;8;101026;1;1;33800.0000;1;None;None;38600.0000
11682;2023-01-21 12:59:51.187000;8;101026;1;1;33800.0000;1;7074.0000;None;76400.0000
11682;2023-01-21 12:59:51.187000;8;101026;1;1;33800.0000;1;7074.0000;None;76400.0000
11703;2023-01-21 13:54:51.127000;1;101051;1;1;49800.0000;1;16185.0000;None;174800.0000
11782;2023-01-21 19:03:43.460000;1;101051;1;1;49800.0000;1;5148.0000;None;55600.0000
11753;2023-01-21 16:18:07.213000;1;101051;1;1;49800.0000;1;7278.0000;None;78600.0000
11758;2023-01-21 16:59:06.617000;1;101323;1;1;28800.0000;1;3204.0000;None;34600.0000
11778;2023-01-21 18:58:23.270000;1;101323;1;1;28800.0000;1;3481.0000;None;37600.0000
11734;2023-01-21 14:48:09.730000;1;101323;1;1;28800.0000;1;7333.0000;None;79200.0000
11786;2023-01-21 19:26:37.750000;1;101323;1;1;28800.0000;1;7519.0000;None;81200.0000
11713;2023-01-21 14:10:15.463000;1;101323;1;1;28800.0000;1;None;None;28800.0000
11717;2023-01-21 14:16:39.657000;1;101323;1;1;28800.0000;1;3296.0000;None;35600.0000
11684;2023-01-21 13:02:23.110000;8;101971;1;1;48800.0000;1;4963.0000;None;53600.0000
11735;2023-01-21 14:52:08.160000;8;101971;1;1;48800.0000;1;14315.0000;None;154600.0000
11735;2023-01-21 14:52:08.160000;8;101996;1;1;15800.0000;1;14315.0000;None;154600.0000
11729;2023-01-21 14:39:26.577000;8;101996;1;1;15800.0000;1;11093.0000;None;119800.0000
11741;2023-01-21 15:17:30.633000;8;101996;1;1;15800.0000;1;19185.0000;None;207200.0000
11741;2023-01-21 15:17:30.633000;8;101996;1;1;15800.0000;1;19185.0000;None;207200.0000
11682;2023-01-21 12:59:51.187000;3;102635;1;1;8800.0000;1;7074.0000;None;76400.0000
11723;2023-01-21 14:24:57.940000;3;102635;1;1;8800.0000;1;7407.0000;None;80000.0000
11726;2023-01-21 14:29:53.157000;3;102635;1;1;8800.0000;1;8889.0000;None;96000.0000
11726;2023-01-21 14:29:53.157000;3;102635;1;1;8800.0000;1;8889.0000;None;96000.0000
11749;2023-01-21 15:43:01.757000;3;102635;1;1;8800.0000;1;None;None;36600.0000
11752;2023-01-21 16:14:05.840000;3;102635;1;1;8800.0000;1;None;None;36600.0000
11729;2023-01-21 14:39:26.577000;3;102635;1;1;8800.0000;1;11093.0000;None;119800.0000
11728;2023-01-21 14:37:21.393000;3;102635;1;1;8800.0000;1;None;None;14600.0000
11778;2023-01-21 18:58:23.270000;3;102635;1;1;8800.0000;1;3481.0000;None;37600.0000
11777;2023-01-21 18:56:37.300000;3;102635;1;1;8800.0000;1;3944.0000;None;42600.0000
11780;2023-01-21 19:02:01.567000;3;102635;1;1;8800.0000;1;10093.0000;None;109000.0000
11780;2023-01-21 19:02:01.567000;3;102635;1;1;8800.0000;1;10093.0000;None;109000.0000
11765;2023-01-21 17:26:31.063000;3;102635;1;1;8800.0000;1;None;None;88600.0000
11765;2023-01-21 17:26:31.063000;3;102635;1;1;8800.0000;1;None;None;88600.0000
11763;2023-01-21 17:13:17.677000;3;102635;1;1;8800.0000;1;3852.0000;None;41600.0000
11798;2023-01-21 20:38:58.400000;3;102635;1;1;8800.0000;1;None;None;26400.0000
11798;2023-01-21 20:38:58.400000;3;102635;1;1;8800.0000;1;None;None;26400.0000
11798;2023-01-21 20:38:58.400000;3;102635;1;1;8800.0000;1;None;None;26400.0000
11801;2023-01-21 21:07:32.947000;3;102635;1;3;26400.0000;1;None;None;26400.0000
11799;2023-01-21 20:51:35.150000;8;102691;1;1;64800.0000;1;13241.0000;None;143000.0000
11790;2023-01-21 19:51:42.243000;8;102691;1;1;64800.0000;1;11963.0000;None;129200.0000
11729;2023-01-21 14:39:26.577000;8;102692;1;1;33800.0000;1;11093.0000;None;119800.0000
11735;2023-01-21 14:52:08.160000;8;102692;1;1;33800.0000;1;14315.0000;None;154600.0000
11710;2023-01-21 14:06:34.057000;8;102692;1;1;33800.0000;1;None;None;79400.0000
11683;2023-01-21 13:01:06.367000;8;102692;1;1;33800.0000;1;6148.0000;None;66400.0000
11685;2023-01-21 13:03:26.770000;8;102692;1;1;33800.0000;1;None;None;40600.0000
11693;2023-01-21 13:29:15.137000;8;102692;1;1;33800.0000;1;7796.0000;None;84200.0000
11692;2023-01-21 13:27:11.553000;3;102747;1;1;4800.0000;1;7315.0000;None;79000.0000
11692;2023-01-21 13:27:11.553000;3;102747;1;1;4800.0000;1;7315.0000;None;79000.0000
11692;2023-01-21 13:27:11.553000;3;102747;1;1;4800.0000;1;7315.0000;None;79000.0000
11692;2023-01-21 13:27:11.553000;3;102747;1;1;4800.0000;1;7315.0000;None;79000.0000
11698;2023-01-21 13:39:16.887000;3;102747;1;1;4800.0000;1;None;None;34400.0000
11683;2023-01-21 13:01:06.367000;3;102747;1;1;4800.0000;1;6148.0000;None;66400.0000
11686;2023-01-21 13:05:01.387000;3;102747;1;1;4800.0000;1;None;None;68400.0000
11684;2023-01-21 13:02:23.110000;3;102747;1;1;4800.0000;1;4963.0000;None;53600.0000
11681;2023-01-21 12:57:43.963000;3;102747;1;1;4800.0000;1;None;None;38600.0000
11680;2023-01-21 12:56:42.087000;3;102747;1;1;4800.0000;1;1907.0000;None;20600.0000
11711;2023-01-21 14:07:35.413000;3;102747;1;1;4800.0000;1;2000.0000;None;21600.0000
11724;2023-01-21 14:27:04.587000;3;102747;1;1;4800.0000;1;6778.0000;None;73200.0000
11721;2023-01-21 14:23:16.323000;3;102747;1;1;4800.0000;1;8722.0000;None;94200.0000
11718;2023-01-21 14:18:45.277000;3;102747;1;1;4800.0000;1;11463.0000;None;123800.0000
11735;2023-01-21 14:52:08.160000;3;102747;1;1;4800.0000;1;14315.0000;None;154600.0000
11727;2023-01-21 14:32:22.960000;3;102747;1;1;4800.0000;1;3019.0000;None;32600.0000
11731;2023-01-21 14:42:35.797000;3;102747;1;1;4800.0000;1;None;None;33600.0000
11779;2023-01-21 18:59:36.997000;3;102747;1;1;4800.0000;1;4130.0000;None;44600.0000
11771;2023-01-21 18:29:33.940000;3;102747;1;1;4800.0000;1;None;None;14400.0000
11771;2023-01-21 18:29:33.940000;3;102747;1;1;4800.0000;1;None;None;14400.0000
11771;2023-01-21 18:29:33.940000;3;102747;1;1;4800.0000;1;None;None;14400.0000
11772;2023-01-21 18:43:17.877000;3;102747;1;1;4800.0000;1;12370.0000;None;133600.0000
11780;2023-01-21 19:02:01.567000;3;102749;1;1;5800.0000;1;10093.0000;None;109000.0000
11782;2023-01-21 19:03:43.460000;3;102749;1;1;5800.0000;1;5148.0000;None;55600.0000
11734;2023-01-21 14:48:09.730000;3;102749;1;1;5800.0000;1;7333.0000;None;79200.0000
11719;2023-01-21 14:19:51.427000;3;102749;1;1;5800.0000;1;10148.0000;None;109600.0000
11714;2023-01-21 14:12:01.730000;3;102749;1;1;5800.0000;1;8407.0000;None;90800.0000
11720;2023-01-21 14:21:37.260000;3;102749;1;1;5800.0000;1;4037.0000;None;43600.0000
11704;2023-01-21 13:57:22.673000;3;102749;1;1;5800.0000;1;6222.0000;None;67200.0000
11705;2023-01-21 14:00:00.310000;3;102749;1;1;5800.0000;1;None;None;53200.0000
11691;2023-01-21 13:19:59.530000;8;102797;1;1;56800.0000;1;None;None;63600.0000
11746;2023-01-21 15:34:33.807000;8;102797;1;1;56800.0000;1;8759.0000;None;94600.0000
11741;2023-01-21 15:17:30.633000;8;102797;1;1;56800.0000;1;19185.0000;None;207200.0000
11790;2023-01-21 19:51:42.243000;8;103028;1;1;52800.0000;1;11963.0000;None;129200.0000
11732;2023-01-21 14:44:00.573000;8;103028;1;1;52800.0000;1;None;None;58600.0000
11730;2023-01-21 14:41:31.563000;8;103028;1;1;52800.0000;1;None;None;94200.0000
11780;2023-01-21 19:02:01.567000;8;103028;1;1;52800.0000;1;10093.0000;None;109000.0000
11692;2023-01-21 13:27:11.553000;1;103347;1;1;59800.0000;1;7315.0000;None;79000.0000
11721;2023-01-21 14:23:16.323000;1;103350;1;1;59800.0000;1;8722.0000;None;94200.0000
11802;2023-01-21 21:08:33.523000;8;103539;1;1;32800.0000;1;8074.0000;None;87200.0000
11780;2023-01-21 19:02:01.567000;8;103539;1;1;32800.0000;1;10093.0000;None;109000.0000
11772;2023-01-21 18:43:17.877000;8;103539;1;1;32800.0000;1;12370.0000;None;133600.0000
11763;2023-01-21 17:13:17.677000;8;103539;1;1;32800.0000;1;3852.0000;None;41600.0000
11769;2023-01-21 18:12:16.357000;8;103539;1;1;32800.0000;1;None;None;32800.0000
11724;2023-01-21 14:27:04.587000;8;103539;1;1;32800.0000;1;6778.0000;None;73200.0000
11715;2023-01-21 14:13:55.230000;8;103539;1;1;32800.0000;1;3574.0000;None;38600.0000
11710;2023-01-21 14:06:34.057000;8;103539;1;1;32800.0000;1;None;None;79400.0000
11690;2023-01-21 13:13:46.367000;8;103539;1;1;32800.0000;1;None;None;39600.0000
11675;2023-01-21 12:19:38.223000;8;103539;1;1;32800.0000;1;7870.0000;None;85000.0000
11687;2023-01-21 13:08:47.810000;8;103615;1;1;37800.0000;1;None;None;37800.0000
11695;2023-01-21 13:32:18.567000;8;103615;1;1;37800.0000;1;5204.0000;None;56200.0000
11720;2023-01-21 14:21:37.260000;8;103615;1;1;37800.0000;1;4037.0000;None;43600.0000
11735;2023-01-21 14:52:08.160000;8;103615;1;1;37800.0000;1;14315.0000;None;154600.0000
11734;2023-01-21 14:48:09.730000;8;103615;1;1;37800.0000;1;7333.0000;None;79200.0000
11738;2023-01-21 15:07:31.667000;8;103615;1;1;37800.0000;1;4130.0000;None;44600.0000
11741;2023-01-21 15:17:30.633000;8;103615;1;1;37800.0000;1;19185.0000;None;207200.0000
11746;2023-01-21 15:34:33.807000;8;103615;1;1;37800.0000;1;8759.0000;None;94600.0000
11799;2023-01-21 20:51:35.150000;8;103746;1;1;37800.0000;1;13241.0000;None;143000.0000
11736;2023-01-21 14:53:18.460000;8;103746;1;1;37800.0000;1;None;None;78400.0000
11730;2023-01-21 14:41:31.563000;8;103867;1;1;28800.0000;1;None;None;94200.0000
11731;2023-01-21 14:42:35.797000;8;103867;1;1;28800.0000;1;None;None;33600.0000
11748;2023-01-21 15:40:02.573000;8;103867;1;1;28800.0000;1;6352.0000;None;68600.0000
11751;2023-01-21 15:56:25.307000;8;103867;1;1;28800.0000;1;3204.0000;None;34600.0000
11741;2023-01-21 15:17:30.633000;8;103867;1;1;28800.0000;1;19185.0000;None;207200.0000
11741;2023-01-21 15:17:30.633000;8;103867;1;1;28800.0000;1;19185.0000;None;207200.0000
11753;2023-01-21 16:18:07.213000;8;103867;1;1;28800.0000;1;7278.0000;None;78600.0000
11772;2023-01-21 18:43:17.877000;8;103867;1;1;28800.0000;1;12370.0000;None;133600.0000
11774;2023-01-21 18:47:16.037000;8;103867;1;3;86400.0000;1;9537.0000;None;103000.0000
11783;2023-01-21 19:08:11.300000;8;103867;1;1;28800.0000;1;5333.0000;None;57600.0000
11783;2023-01-21 19:08:11.300000;8;103867;1;1;28800.0000;1;5333.0000;None;57600.0000
11799;2023-01-21 20:51:35.150000;8;103867;1;1;28800.0000;1;13241.0000;None;143000.0000
11797;2023-01-21 20:23:46.670000;8;103867;1;1;28800.0000;1;None;None;28800.0000
11791;2023-01-21 19:52:35.957000;8;103867;1;1;28800.0000;1;None;None;28800.0000
11794;2023-01-21 20:16:15.707000;8;103867;1;1;28800.0000;1;None;None;62800.0000
11716;2023-01-21 14:15:07.517000;8;103867;1;1;28800.0000;1;3204.0000;None;34600.0000
11724;2023-01-21 14:27:04.587000;8;103867;1;1;28800.0000;1;6778.0000;None;73200.0000
11677;2023-01-21 12:26:05.350000;8;103867;1;1;28800.0000;1;3852.0000;None;41600.0000
11704;2023-01-21 13:57:22.673000;8;104259;1;1;13800.0000;1;6222.0000;None;67200.0000
11793;2023-01-21 19:53:53.630000;8;104655;1;1;38800.0000;1;None;None;38800.0000
11795;2023-01-21 20:18:32.810000;8;104655;1;1;38800.0000;1;None;None;38800.0000
11800;2023-01-21 21:06:14.397000;8;106077;1;1;32800.0000;1;None;None;32800.0000
11802;2023-01-21 21:08:33.523000;8;106077;1;1;32800.0000;1;8074.0000;None;87200.0000
11704;2023-01-21 13:57:22.673000;8;106077;1;1;32800.0000;1;6222.0000;None;67200.0000
11722;2023-01-21 14:24:06.723000;8;106077;1;1;32800.0000;1;None;None;39600.0000
11693;2023-01-21 13:29:15.137000;8;106077;1;1;32800.0000;1;7796.0000;None;84200.0000
11701;2023-01-21 13:49:00.217000;8;106077;1;1;32800.0000;1;None;None;32800.0000
11702;2023-01-21 13:50:07.587000;8;107225;1;1;33800.0000;1;8333.0000;None;90000.0000
11777;2023-01-21 18:56:37.300000;8;107225;1;1;33800.0000;1;3944.0000;None;42600.0000
11777;2023-01-21 18:56:37.300000;8;107228;1;1;0.0000;1;3944.0000;None;42600.0000
11773;2023-01-21 18:45:53.620000;8;107228;1;1;0.0000;1;9185.0000;None;99200.0000
11773;2023-01-21 18:45:53.620000;8;107228;1;1;0.0000;1;9185.0000;None;99200.0000
11754;2023-01-21 16:20:31.130000;8;107228;1;1;0.0000;1;None;None;41800.0000
11733;2023-01-21 14:46:49.753000;8;107228;1;1;0.0000;1;9352.0000;None;101000.0000
11796;2023-01-21 20:20:33.167000;8;107228;1;1;0.0000;1;8093.0000;None;87400.0000
11702;2023-01-21 13:50:07.587000;8;107228;1;1;0.0000;1;8333.0000;None;90000.0000
11718;2023-01-21 14:18:45.277000;8;107228;1;1;0.0000;1;11463.0000;None;123800.0000
11718;2023-01-21 14:18:45.277000;8;107298;1;1;45800.0000;1;11463.0000;None;123800.0000
11733;2023-01-21 14:46:49.753000;8;107298;1;1;45800.0000;1;9352.0000;None;101000.0000
11773;2023-01-21 18:45:53.620000;8;107298;1;1;45800.0000;1;9185.0000;None;99200.0000
11784;2023-01-21 19:19:28.263000;1;107733;1;1;14800.0000;1;None;None;14800.0000
11767;2023-01-21 17:43:19.317000;1;107733;1;1;14800.0000;1;None;None;14800.0000
11765;2023-01-21 17:26:31.063000;1;107733;1;1;14800.0000;1;None;None;88600.0000
11719;2023-01-21 14:19:51.417000;1;107733;1;1;14800.0000;1;10148.0000;None;109600.0000
11704;2023-01-21 13:57:22.673000;1;107733;1;1;14800.0000;1;6222.0000;None;67200.0000
11699;2023-01-21 13:45:37.940000;1;107733;1;1;14800.0000;1;None;None;54200.0000
11697;2023-01-21 13:36:52.693000;1;107733;1;1;14800.0000;1;5333.0000;None;57600.0000
11754;2023-01-21 16:20:31.130000;8;107926;1;1;41800.0000;1;None;None;41800.0000
11773;2023-01-21 18:45:53.620000;8;107926;1;1;41800.0000;1;9185.0000;None;99200.0000
11796;2023-01-21 20:20:33.167000;8;107928;1;1;52800.0000;1;8093.0000;None;87400.0000
11703;2023-01-21 13:54:51.127000;1;109069;1;1;26800.0000;1;16185.0000;None;174800.0000
11723;2023-01-21 14:24:57.940000;1;109069;1;1;26800.0000;1;7407.0000;None;80000.0000
11698;2023-01-21 13:39:16.887000;1;109073;1;1;6800.0000;1;None;None;34400.0000
11680;2023-01-21 12:56:42.087000;1;109078;1;1;15800.0000;1;1907.0000;None;20600.0000
11674;2023-01-21 12:16:16.157000;1;109078;1;1;15800.0000;1;3019.0000;None;32600.0000
11714;2023-01-21 14:12:01.730000;1;109078;1;1;15800.0000;1;8407.0000;None;90800.0000
11718;2023-01-21 14:18:45.277000;1;109079;1;1;27800.0000;1;11463.0000;None;123800.0000
11683;2023-01-21 13:01:06.367000;1;109079;1;1;27800.0000;1;6148.0000;None;66400.0000
11755;2023-01-21 16:46:58.550000;1;109079;1;1;27800.0000;1;7870.0000;None;85000.0000
11755;2023-01-21 16:46:58.550000;1;109079;1;1;27800.0000;1;7870.0000;None;85000.0000
11764;2023-01-21 17:17:49.297000;1;109079;1;1;27800.0000;1;6778.0000;None;73200.0000
11733;2023-01-21 14:46:49.753000;1;109079;1;1;27800.0000;1;9352.0000;None;101000.0000
11674;2023-01-21 12:16:16.157000;1;109082;1;1;16800.0000;1;3019.0000;None;32600.0000
11711;2023-01-21 14:07:35.413000;1;109082;1;1;16800.0000;1;2000.0000;None;21600.0000
11764;2023-01-21 17:17:49.297000;1;109083;1;1;32800.0000;1;6778.0000;None;73200.0000
11695;2023-01-21 13:32:18.567000;1;109085;1;1;2800.0000;1;5204.0000;None;56200.0000
11740;2023-01-21 15:12:28.363000;1;109085;1;1;2800.0000;1;None;None;7600.0000
11675;2023-01-21 12:19:38.223000;1;109095;1;1;5800.0000;1;7870.0000;None;85000.0000
11733;2023-01-21 14:46:49.753000;1;109095;1;1;5800.0000;1;9352.0000;None;101000.0000
11764;2023-01-21 17:17:49.297000;1;109095;1;1;5800.0000;1;6778.0000;None;73200.0000
11765;2023-01-21 17:26:31.063000;1;109096;1;1;2800.0000;1;None;None;88600.0000
11765;2023-01-21 17:26:31.063000;1;109096;1;1;2800.0000;1;None;None;88600.0000
11678;2023-01-21 12:28:40.553000;1;109096;1;1;2800.0000;1;2370.0000;None;25600.0000
11719;2023-01-21 14:19:51.417000;1;109096;1;1;2800.0000;1;10148.0000;None;109600.0000
11709;2023-01-21 14:05:31.663000;1;109097;1;1;4800.0000;1;None;None;4800.0000
11705;2023-01-21 14:00:00.310000;1;109097;1;1;4800.0000;1;None;None;53200.0000
11699;2023-01-21 13:45:37.940000;1;109097;1;1;4800.0000;1;None;None;54200.0000
11697;2023-01-21 13:36:52.693000;1;109097;1;1;4800.0000;1;5333.0000;None;57600.0000
11695;2023-01-21 13:32:18.567000;1;109097;1;1;4800.0000;1;5204.0000;None;56200.0000
11766;2023-01-21 17:40:49.340000;1;109097;1;1;4800.0000;1;3556.0000;None;38400.0000
11740;2023-01-21 15:12:28.363000;1;109097;1;1;4800.0000;1;None;None;7600.0000
11694;2023-01-21 13:30:15.217000;1;109119;1;1;13800.0000;1;None;None;97200.0000
11712;2023-01-21 14:08:59.503000;1;109119;1;1;13800.0000;1;None;None;27600.0000
11712;2023-01-21 14:08:59.503000;1;109119;1;1;13800.0000;1;None;None;27600.0000
11756;2023-01-21 16:48:38.890000;1;109126;1;1;9800.0000;1;None;None;9800.0000
11697;2023-01-21 13:36:52.693000;1;109128;1;1;2200.0000;1;5333.0000;None;57600.0000
11781;2023-01-21 19:02:36.880000;1;109144;1;1;15800.0000;1;None;None;43600.0000
11742;2023-01-21 15:18:54.387000;1;109144;1;1;15800.0000;1;None;None;21600.0000
11743;2023-01-21 15:24:00.493000;1;109144;1;1;15800.0000;1;4944.0000;None;53400.0000
11689;2023-01-21 13:11:24.143000;1;109144;1;1;15800.0000;1;3574.0000;None;38600.0000
11708;2023-01-21 14:04:48.077000;1;109144;1;1;15800.0000;1;None;None;67200.0000
11714;2023-01-21 14:12:01.730000;1;109145;1;1;27800.0000;1;8407.0000;None;90800.0000
11714;2023-01-21 14:12:01.730000;1;109145;1;1;27800.0000;1;8407.0000;None;90800.0000
11705;2023-01-21 14:00:00.310000;1;109145;1;1;27800.0000;1;None;None;53200.0000
11723;2023-01-21 14:24:57.940000;1;109145;1;1;27800.0000;1;7407.0000;None;80000.0000
11725;2023-01-21 14:28:34.933000;1;109145;1;1;27800.0000;1;None;None;55600.0000
11725;2023-01-21 14:28:34.933000;1;109145;1;1;27800.0000;1;None;None;55600.0000
11726;2023-01-21 14:29:53.157000;1;109145;1;1;27800.0000;1;8889.0000;None;96000.0000
11726;2023-01-21 14:29:53.157000;1;109145;1;1;27800.0000;1;8889.0000;None;96000.0000
11694;2023-01-21 13:30:15.217000;1;109145;1;3;83400.0000;1;None;None;97200.0000
11699;2023-01-21 13:45:37.940000;1;109145;1;1;27800.0000;1;None;None;54200.0000
11686;2023-01-21 13:05:01.387000;1;109145;1;1;27800.0000;1;None;None;68400.0000
11743;2023-01-21 15:24:00.483000;1;109145;1;1;27800.0000;1;4944.0000;None;53400.0000
11744;2023-01-21 15:28:23.003000;1;109145;1;1;27800.0000;1;7352.0000;None;79400.0000
11744;2023-01-21 15:28:23.003000;1;109145;1;1;27800.0000;1;7352.0000;None;79400.0000
11752;2023-01-21 16:14:05.840000;1;109145;1;1;27800.0000;1;None;None;36600.0000
11749;2023-01-21 15:43:01.757000;1;109145;1;1;27800.0000;1;None;None;36600.0000
11750;2023-01-21 15:55:38.797000;1;109145;1;1;27800.0000;1;5148.0000;None;55600.0000
11750;2023-01-21 15:55:38.797000;1;109145;1;1;27800.0000;1;5148.0000;None;55600.0000
11747;2023-01-21 15:38:19.827000;1;109145;1;1;27800.0000;1;7056.0000;None;76200.0000
11747;2023-01-21 15:38:19.827000;1;109145;1;1;27800.0000;1;7056.0000;None;76200.0000
11737;2023-01-21 15:00:20.887000;1;109145;1;1;27800.0000;1;3204.0000;None;34600.0000
11727;2023-01-21 14:32:22.960000;1;109145;1;1;27800.0000;1;3019.0000;None;32600.0000
11781;2023-01-21 19:02:36.880000;1;109145;1;1;27800.0000;1;None;None;43600.0000
11785;2023-01-21 19:23:11.027000;1;109145;1;3;83400.0000;1;None;None;106200.0000
11775;2023-01-21 18:48:27.580000;1;109145;1;1;27800.0000;1;None;None;27800.0000
11772;2023-01-21 18:43:17.877000;1;109145;1;1;27800.0000;1;12370.0000;None;133600.0000
11772;2023-01-21 18:43:17.877000;1;109145;1;1;27800.0000;1;12370.0000;None;133600.0000
11770;2023-01-21 18:27:05.107000;1;109145;1;1;27800.0000;1;None;None;27800.0000
11766;2023-01-21 17:40:49.340000;1;109145;1;1;27800.0000;1;3556.0000;None;38400.0000
11768;2023-01-21 17:44:09.150000;1;109145;1;1;27800.0000;1;3111.0000;None;33600.0000
11765;2023-01-21 17:26:31.063000;1;109145;1;1;27800.0000;1;None;None;88600.0000
11796;2023-01-21 20:20:33.167000;1;109145;1;1;27800.0000;1;8093.0000;None;87400.0000
11789;2023-01-21 19:46:33.577000;1;109145;1;1;27800.0000;1;3204.0000;None;34600.0000
11788;2023-01-21 19:33:23.840000;1;109147;1;1;23800.0000;1;None;None;23800.0000
11744;2023-01-21 15:28:23.003000;1;109147;1;1;23800.0000;1;7352.0000;None;79400.0000
11739;2023-01-21 15:11:01.710000;1;109147;1;1;23800.0000;1;None;None;54400.0000
11739;2023-01-21 15:11:01.710000;1;109147;1;1;23800.0000;1;None;None;54400.0000
11710;2023-01-21 14:06:34.057000;8;109310;1;1;12800.0000;1;None;None;79400.0000
11785;2023-01-21 19:23:11.027000;1;109373;1;1;22800.0000;1;None;None;106200.0000
11726;2023-01-21 14:29:53.157000;1;109374;1;1;22800.0000;1;8889.0000;None;96000.0000
11698;2023-01-21 13:39:16.887000;1;109374;1;1;22800.0000;1;None;None;34400.0000
11689;2023-01-21 13:11:24.143000;1;109374;1;1;22800.0000;1;3574.0000;None;38600.0000
11719;2023-01-21 14:19:51.417000;1;109375;1;1;25800.0000;1;10148.0000;None;109600.0000
11696;2023-01-21 13:33:09.127000;1;109382;1;1;32800.0000;1;None;None;39600.0000
11675;2023-01-21 12:19:38.223000;1;109382;1;1;32800.0000;1;7870.0000;None;85000.0000
11719;2023-01-21 14:19:51.417000;1;109384;1;1;47800.0000;1;10148.0000;None;109600.0000
11702;2023-01-21 13:50:07.587000;1;109439;1;1;19800.0000;1;8333.0000;None;90000.0000
11762;2023-01-21 17:09:12.077000;1;109439;1;1;19800.0000;1;None;None;19800.0000
11765;2023-01-21 17:26:31.063000;1;109441;1;1;22800.0000;1;None;None;88600.0000
11721;2023-01-21 14:23:16.323000;1;109441;1;1;22800.0000;1;8722.0000;None;94200.0000
11678;2023-01-21 12:28:40.553000;1;109441;1;1;22800.0000;1;2370.0000;None;25600.0000
11702;2023-01-21 13:50:07.587000;1;109443;1;1;22800.0000;1;8333.0000;None;90000.0000
11779;2023-01-21 18:59:36.997000;1;109444;1;1;39800.0000;1;4130.0000;None;44600.0000
11729;2023-01-21 14:39:26.577000;1;109448;1;1;10800.0000;1;11093.0000;None;119800.0000
11778;2023-01-21 18:58:23.270000;1;109479;1;1;0.0000;1;3481.0000;None;37600.0000
11758;2023-01-21 16:59:06.617000;1;109479;1;1;0.0000;1;3204.0000;None;34600.0000
11786;2023-01-21 19:26:37.750000;1;109479;1;1;0.0000;1;7519.0000;None;81200.0000
11708;2023-01-21 14:04:48.077000;3;200004;1;1;9800.0000;1;None;None;67200.0000
11723;2023-01-21 14:24:57.940000;3;200009;1;1;9800.0000;1;7407.0000;None;80000.0000
11741;2023-01-21 15:17:30.633000;3;200009;1;1;9800.0000;1;19185.0000;None;207200.0000
11747;2023-01-21 15:38:19.837000;3;200009;1;1;9800.0000;1;7056.0000;None;76200.0000
11774;2023-01-21 18:47:16.037000;3;200012;1;1;9800.0000;1;9537.0000;None;103000.0000
11703;2023-01-21 13:54:51.127000;2;200480;1;1;12800.0000;1;16185.0000;None;174800.0000
11677;2023-01-21 12:26:05.350000;2;200480;1;1;12800.0000;1;3852.0000;None;41600.0000
11794;2023-01-21 20:16:15.707000;3;200644;1;1;6800.0000;1;None;None;62800.0000
11794;2023-01-21 20:16:15.707000;3;200644;1;1;6800.0000;1;None;None;62800.0000
11796;2023-01-21 20:20:33.167000;3;200644;1;1;6800.0000;1;8093.0000;None;87400.0000
11774;2023-01-21 18:47:16.037000;3;200644;1;1;6800.0000;1;9537.0000;None;103000.0000
11738;2023-01-21 15:07:31.667000;3;200644;1;1;6800.0000;1;4130.0000;None;44600.0000
11734;2023-01-21 14:48:09.730000;3;200644;1;1;6800.0000;1;7333.0000;None;79200.0000
11675;2023-01-21 12:19:38.223000;3;200644;1;1;6800.0000;1;7870.0000;None;85000.0000
11690;2023-01-21 13:13:46.367000;3;200644;1;1;6800.0000;1;None;None;39600.0000
11703;2023-01-21 13:54:51.127000;3;200644;1;1;6800.0000;1;16185.0000;None;174800.0000
11723;2023-01-21 14:24:57.940000;3;200644;1;1;6800.0000;1;7407.0000;None;80000.0000
11721;2023-01-21 14:23:16.323000;3;200644;1;1;6800.0000;1;8722.0000;None;94200.0000
11714;2023-01-21 14:12:01.730000;3;200644;1;1;6800.0000;1;8407.0000;None;90800.0000
11717;2023-01-21 14:16:39.657000;3;200644;1;1;6800.0000;1;3296.0000;None;35600.0000
11719;2023-01-21 14:19:51.417000;3;201146;1;1;6800.0000;1;10148.0000;None;109600.0000
11722;2023-01-21 14:24:06.723000;3;201146;1;1;6800.0000;1;None;None;39600.0000
11702;2023-01-21 13:50:07.587000;3;201146;1;1;6800.0000;1;8333.0000;None;90000.0000
11702;2023-01-21 13:50:07.587000;3;201146;1;1;6800.0000;1;8333.0000;None;90000.0000
11691;2023-01-21 13:19:59.530000;3;201146;1;1;6800.0000;1;None;None;63600.0000
11699;2023-01-21 13:45:37.940000;3;201146;1;1;6800.0000;1;None;None;54200.0000
11685;2023-01-21 13:03:26.770000;3;201146;1;1;6800.0000;1;None;None;40600.0000
11736;2023-01-21 14:53:18.460000;3;201146;1;1;6800.0000;1;None;None;78400.0000
11735;2023-01-21 14:52:08.160000;3;201146;1;1;6800.0000;1;14315.0000;None;154600.0000
11735;2023-01-21 14:52:08.160000;3;201146;1;1;6800.0000;1;14315.0000;None;154600.0000
11745;2023-01-21 15:33:06.917000;3;201146;1;1;6800.0000;1;None;None;6800.0000
11739;2023-01-21 15:11:01.710000;3;201146;1;1;6800.0000;1;None;None;54400.0000
11741;2023-01-21 15:17:30.633000;3;201146;1;1;6800.0000;1;19185.0000;None;207200.0000
11741;2023-01-21 15:17:30.633000;3;201146;1;1;6800.0000;1;19185.0000;None;207200.0000
11776;2023-01-21 18:49:09.990000;3;201146;1;1;6800.0000;1;None;None;6800.0000
11787;2023-01-21 19:32:30.447000;3;201146;1;1;6800.0000;1;None;None;6800.0000
11789;2023-01-21 19:46:33.577000;3;201146;1;1;6800.0000;1;3204.0000;None;34600.0000
11802;2023-01-21 21:08:33.523000;2;201187;1;1;10800.0000;1;8074.0000;None;87200.0000
11802;2023-01-21 21:08:33.523000;2;201187;1;1;10800.0000;1;8074.0000;None;87200.0000
11747;2023-01-21 15:38:19.837000;2;201187;1;1;10800.0000;1;7056.0000;None;76200.0000
11733;2023-01-21 14:46:49.753000;2;201187;1;1;10800.0000;1;9352.0000;None;101000.0000
11733;2023-01-21 14:46:49.753000;2;201187;1;1;10800.0000;1;9352.0000;None;101000.0000
11729;2023-01-21 14:39:26.577000;2;201187;1;1;10800.0000;1;11093.0000;None;119800.0000
11693;2023-01-21 13:29:15.137000;2;201187;1;1;10800.0000;1;7796.0000;None;84200.0000
11695;2023-01-21 13:32:18.567000;2;201187;1;1;10800.0000;1;5204.0000;None;56200.0000
11696;2023-01-21 13:33:09.127000;3;201221;1;1;6800.0000;1;None;None;39600.0000
11675;2023-01-21 12:19:38.223000;3;201221;1;1;6800.0000;1;7870.0000;None;85000.0000
11679;2023-01-21 12:55:41.800000;3;201221;1;1;6800.0000;1;None;None;42600.0000
11707;2023-01-21 14:03:10.407000;3;201221;1;1;6800.0000;1;None;None;42600.0000
11714;2023-01-21 14:12:01.730000;3;201221;1;1;6800.0000;1;8407.0000;None;90800.0000
11737;2023-01-21 15:00:20.887000;3;201221;1;1;6800.0000;1;3204.0000;None;34600.0000
11764;2023-01-21 17:17:49.297000;3;201221;1;1;6800.0000;1;6778.0000;None;73200.0000
11786;2023-01-21 19:26:37.750000;3;201221;1;1;6800.0000;1;7519.0000;None;81200.0000
11794;2023-01-21 20:16:15.707000;3;201221;1;3;20400.0000;1;None;None;62800.0000
11790;2023-01-21 19:51:42.243000;3;201237;1;1;5800.0000;1;11963.0000;None;129200.0000
11786;2023-01-21 19:26:37.750000;3;201237;1;1;5800.0000;1;7519.0000;None;81200.0000
11728;2023-01-21 14:37:21.393000;3;201237;1;1;5800.0000;1;None;None;14600.0000
11715;2023-01-21 14:13:55.230000;3;201237;1;1;5800.0000;1;3574.0000;None;38600.0000
11718;2023-01-21 14:18:45.277000;3;201237;1;1;5800.0000;1;11463.0000;None;123800.0000
11718;2023-01-21 14:18:45.277000;3;201237;1;1;5800.0000;1;11463.0000;None;123800.0000
11724;2023-01-21 14:27:04.587000;3;201261;1;1;6800.0000;1;6778.0000;None;73200.0000
11693;2023-01-21 13:29:15.137000;3;201261;1;1;6800.0000;1;7796.0000;None;84200.0000
11730;2023-01-21 14:41:31.563000;3;201261;1;1;6800.0000;1;None;None;94200.0000
11719;2023-01-21 14:19:51.427000;3;201304;1;1;5800.0000;1;10148.0000;None;109600.0000
11716;2023-01-21 14:15:07.517000;3;201304;1;1;5800.0000;1;3204.0000;None;34600.0000
11708;2023-01-21 14:04:48.077000;3;201304;1;1;5800.0000;1;None;None;67200.0000
11706;2023-01-21 14:01:40.153000;3;201304;1;2;11600.0000;1;None;None;102000.0000
11751;2023-01-21 15:56:25.307000;3;201304;1;1;5800.0000;1;3204.0000;None;34600.0000
11742;2023-01-21 15:18:54.387000;3;201304;1;1;5800.0000;1;None;None;21600.0000
11768;2023-01-21 17:44:09.150000;3;201304;1;1;5800.0000;1;3111.0000;None;33600.0000
11766;2023-01-21 17:40:49.340000;3;201304;1;1;5800.0000;1;3556.0000;None;38400.0000
11758;2023-01-21 16:59:06.617000;3;201304;1;1;5800.0000;1;3204.0000;None;34600.0000
11773;2023-01-21 18:45:53.620000;3;201304;1;1;5800.0000;1;9185.0000;None;99200.0000
11773;2023-01-21 18:45:53.620000;3;201304;1;1;5800.0000;1;9185.0000;None;99200.0000
11772;2023-01-21 18:43:17.877000;3;201304;1;1;5800.0000;1;12370.0000;None;133600.0000
11772;2023-01-21 18:43:17.877000;3;201304;1;1;5800.0000;1;12370.0000;None;133600.0000
11790;2023-01-21 19:51:42.243000;3;201304;1;1;5800.0000;1;11963.0000;None;129200.0000
11799;2023-01-21 20:51:35.150000;3;201304;1;1;5800.0000;1;13241.0000;None;143000.0000
11799;2023-01-21 20:51:35.150000;3;201304;1;1;5800.0000;1;13241.0000;None;143000.0000
11730;2023-01-21 14:41:31.563000;3;201422;1;1;5800.0000;1;None;None;94200.0000
11732;2023-01-21 14:44:00.573000;3;201422;1;1;5800.0000;1;None;None;58600.0000
11705;2023-01-21 14:00:00.310000;2;201615;1;1;14800.0000;1;None;None;53200.0000
11743;2023-01-21 15:24:00.493000;3;202112;1;1;9800.0000;1;4944.0000;None;53400.0000
11706;2023-01-21 14:01:40.153000;3;202112;1;1;9800.0000;1;None;None;102000.0000
11755;2023-01-21 16:46:58.550000;3;202133;1;1;9800.0000;1;7870.0000;None;85000.0000
11755;2023-01-21 16:46:58.550000;3;202133;1;1;9800.0000;1;7870.0000;None;85000.0000
11755;2023-01-21 16:46:58.550000;3;202133;1;1;9800.0000;1;7870.0000;None;85000.0000
