11921;2023-01-23 18:30:33.213000;8;101026;1;1;33800.0000;1;None;None;33800.0000
11908;2023-01-23 13:44:00.673000;6;101546;1;1;0.0000;1;None;None;73600.0000
11908;2023-01-23 13:44:00.673000;3;102635;1;1;8800.0000;1;None;None;73600.0000
11906;2023-01-23 13:23:38.807000;3;102635;1;1;8800.0000;1;None;None;133000.0000
11915;2023-01-23 16:11:58.490000;3;102635;1;1;8800.0000;1;2278.0000;None;24600.0000
11912;2023-01-23 15:36:11.067000;8;102692;1;1;33800.0000;1;None;None;165200.0000
11906;2023-01-23 13:23:38.807000;8;102692;1;1;33800.0000;1;None;None;133000.0000
11906;2023-01-23 13:23:38.807000;3;102747;1;1;4800.0000;1;None;None;133000.0000
11904;2023-01-23 13:17:54.610000;3;102747;1;1;4800.0000;1;2537.0000;None;27400.0000
11899;2023-01-23 12:37:34.453000;3;102747;1;1;4800.0000;1;6926.0000;None;74800.0000
11899;2023-01-23 12:37:34.453000;3;102749;1;1;5800.0000;1;6926.0000;None;74800.0000
11908;2023-01-23 13:44:00.673000;1;102927;1;1;64800.0000;1;None;None;73600.0000
11897;2023-01-23 12:31:26.627000;8;103028;1;1;52800.0000;1;None;None;93200.0000
11918;2023-01-23 18:03:05.487000;8;103539;1;1;32800.0000;1;None;None;42600.0000
11907;2023-01-23 13:40:01.047000;8;103615;1;1;37800.0000;1;None;None;37800.0000
11905;2023-01-23 13:20:50.457000;1;103714;1;1;56800.0000;1;12778.0000;None;138000.0000
11905;2023-01-23 13:20:50.457000;1;103714;1;1;56800.0000;1;12778.0000;None;138000.0000
11906;2023-01-23 13:23:38.807000;1;103714;1;1;56800.0000;1;None;None;133000.0000
11903;2023-01-23 13:15:15.477000;1;103714;1;1;56800.0000;1;12241.0000;None;132200.0000
11897;2023-01-23 12:31:26.627000;8;103867;1;1;28800.0000;1;None;None;93200.0000
11906;2023-01-23 13:23:38.807000;8;103867;1;1;28800.0000;1;None;None;133000.0000
11917;2023-01-23 17:41:37.653000;8;103867;1;3;86400.0000;1;None;None;86400.0000
11912;2023-01-23 15:36:11.067000;8;103867;1;1;28800.0000;1;None;None;165200.0000
11908;2023-01-23 13:44:00.673000;6;105090;1;1;0.0000;1;None;None;73600.0000
11908;2023-01-23 13:44:00.673000;6;105509;1;1;0.0000;1;None;None;73600.0000
11912;2023-01-23 15:36:11.067000;8;106077;1;1;32800.0000;1;None;None;165200.0000
11903;2023-01-23 13:15:15.477000;8;107228;1;1;0.0000;1;12241.0000;None;132200.0000
11903;2023-01-23 13:15:15.477000;8;107298;1;1;45800.0000;1;12241.0000;None;132200.0000
11899;2023-01-23 12:37:34.453000;1;107733;1;1;14800.0000;1;6926.0000;None;74800.0000
11909;2023-01-23 13:54:35.493000;1;107733;1;1;14800.0000;1;None;None;14800.0000
11915;2023-01-23 16:11:58.490000;1;109078;1;1;15800.0000;1;2278.0000;None;24600.0000
11899;2023-01-23 12:37:34.453000;1;109078;1;1;15800.0000;1;6926.0000;None;74800.0000
11899;2023-01-23 12:37:34.453000;1;109079;1;1;27800.0000;1;6926.0000;None;74800.0000
11919;2023-01-23 18:17:24.173000;1;109082;1;1;16800.0000;1;7519.0000;None;81200.0000
11920;2023-01-23 18:29:53.727000;1;109083;1;1;32800.0000;1;None;None;39600.0000
11899;2023-01-23 12:37:34.453000;1;109095;1;1;5800.0000;1;6926.0000;None;74800.0000
11910;2023-01-23 14:00:30.100000;1;109096;1;1;2800.0000;1;None;None;2800.0000
11914;2023-01-23 15:38:43.893000;1;109119;1;1;13800.0000;1;None;None;13800.0000
11912;2023-01-23 15:36:11.067000;1;109131;1;1;10800.0000;1;None;None;165200.0000
11912;2023-01-23 15:36:11.067000;1;109131;1;1;10800.0000;1;None;None;165200.0000
11905;2023-01-23 13:20:50.457000;1;109131;1;1;10800.0000;1;12778.0000;None;138000.0000
11904;2023-01-23 13:17:54.610000;1;109144;1;1;15800.0000;1;2537.0000;None;27400.0000
11902;2023-01-23 13:08:17.167000;1;109144;1;3;47400.0000;1;8222.0000;None;88800.0000
11902;2023-01-23 13:08:17.167000;1;109145;1;1;27800.0000;1;8222.0000;None;88800.0000
11912;2023-01-23 15:36:11.067000;1;109145;1;1;27800.0000;1;None;None;165200.0000
11913;2023-01-23 15:37:36.887000;1;109375;1;1;25800.0000;1;2389.0000;None;25800.0000
11911;2023-01-23 14:25:57.683000;1;109382;1;1;32800.0000;1;None;None;32800.0000
11919;2023-01-23 18:17:24.173000;1;109384;1;1;47800.0000;1;7519.0000;None;81200.0000
11919;2023-01-23 18:17:24.173000;3;200004;1;1;9800.0000;1;7519.0000;None;81200.0000
11918;2023-01-23 18:03:05.487000;3;200012;1;1;9800.0000;1;None;None;42600.0000
11919;2023-01-23 18:17:24.173000;3;201146;1;1;6800.0000;1;7519.0000;None;81200.0000
11912;2023-01-23 15:36:11.067000;3;201146;1;1;6800.0000;1;None;None;165200.0000
11902;2023-01-23 13:08:17.167000;3;201146;1;1;6800.0000;1;8222.0000;None;88800.0000
11902;2023-01-23 13:08:17.167000;3;201146;1;1;6800.0000;1;8222.0000;None;88800.0000
11904;2023-01-23 13:17:54.610000;3;201221;1;1;6800.0000;1;2537.0000;None;27400.0000
11912;2023-01-23 15:36:11.067000;3;201237;1;1;6800.0000;1;None;None;165200.0000
11912;2023-01-23 15:36:11.067000;3;201237;1;1;6800.0000;1;None;None;165200.0000
11905;2023-01-23 13:20:50.457000;3;201269;1;1;6800.0000;1;12778.0000;None;138000.0000
11905;2023-01-23 13:20:50.457000;3;201269;1;1;6800.0000;1;12778.0000;None;138000.0000
11920;2023-01-23 18:29:53.727000;3;201304;1;1;6800.0000;1;None;None;39600.0000
11897;2023-01-23 12:31:26.627000;3;201304;1;1;5800.0000;1;None;None;93200.0000
11897;2023-01-23 12:31:26.627000;3;201304;1;1;5800.0000;1;None;None;93200.0000
11894;2023-01-23 10:26:15;13;201604;1;28;112000.0000;1;None;None;112000.0000
11903;2023-01-23 13:15:15.477000;2;201615;1;1;14800.0000;1;12241.0000;None;132200.0000
11903;2023-01-23 13:15:15.477000;2;201615;1;1;14800.0000;1;12241.0000;None;132200.0000
