5238;2023-01-05 17:19:37.047000;7;1001;1;1;None;1;21019.0000;None;227000.0000
5238;2023-01-05 17:19:37.047000;7;1001;1;1;None;1;21019.0000;None;227000.0000
5236;2023-01-05 16:07:43.027000;7;1006;1;1;0.0000;1;33111.0000;None;357600.0000
14019;2023-01-05 21:13:33.217000;7;1020;1;1;0.0000;1;38648.0000;None;417400.0000
14017;2023-01-05 21:11:30.027000;7;1020;1;3;0.0000;1;53426.0000;None;577000.0000
14017;2023-01-05 20:23:30.557000;7;1020;1;1;0.0000;1;53426.0000;None;577000.0000
14018;2023-01-05 20:24:13.607000;7;1020;1;1;0.0000;1;8259.0000;None;89200.0000
5240;2023-01-05 20:35:26.203000;7;1020;1;1;0.0000;1;15333.0000;None;165600.0000
5236;2023-01-05 16:07:43.027000;7;1020;1;1;0.0000;1;33111.0000;None;357600.0000
5234;2023-01-05 14:00:42.323000;7;1020;1;1;0.0000;1;24556.0000;None;265200.0000
5238;2023-01-05 17:19:37.047000;7;1020;1;1;None;1;21019.0000;None;227000.0000
14014;2023-01-05 18:30:57.003000;7;1020;1;1;0.0000;1;11407.0000;None;123200.0000
14015;2023-01-05 18:57:25.043000;7;1020;1;1;0.0000;1;12593.0000;None;136000.0000
5230;2023-01-05 12:39:05.690000;7;1020;1;1;0.0000;1;16593.0000;None;179200.0000
14011;2023-01-05 13:29:55.307000;7;1020;1;1;0.0000;1;53167.0000;None;574200.0000
5233;2023-01-05 13:35:49.690000;7;1020;1;1;0.0000;1;17833.0000;None;192600.0000
5238;2023-01-05 17:19:37.047000;7;1029;1;1;None;1;21019.0000;None;227000.0000
5236;2023-01-05 16:05:57.737000;7;1029;1;1;0.0000;1;33111.0000;None;357600.0000
5236;2023-01-05 16:07:43.027000;7;1030;1;1;0.0000;1;33111.0000;None;357600.0000
5238;2023-01-05 17:19:37.047000;7;1030;1;1;None;1;21019.0000;None;227000.0000
5240;2023-01-05 20:35:26.203000;7;1030;1;1;0.0000;1;15333.0000;None;165600.0000
5233;2023-01-05 13:35:49.690000;7;1030;1;1;0.0000;1;17833.0000;None;192600.0000
14011;2023-01-05 13:29:55.307000;7;1030;1;1;0.0000;1;53167.0000;None;574200.0000
5230;2023-01-05 12:39:05.690000;7;1030;1;1;0.0000;1;16593.0000;None;179200.0000
14017;2023-01-05 20:23:30.557000;7;1040;1;1;0.0000;1;53426.0000;None;577000.0000
14011;2023-01-05 13:29:02.470000;7;1135;1;1;0.0000;1;53167.0000;None;574200.0000
14011;2023-01-05 13:29:55.307000;7;1135;1;1;0.0000;1;53167.0000;None;574200.0000
14017;2023-01-05 20:23:30.557000;7;1135;1;1;0.0000;1;53426.0000;None;577000.0000
5240;2023-01-05 20:35:26.203000;7;1135;1;1;0.0000;1;15333.0000;None;165600.0000
14013;2023-01-05 18:37:17.597000;7;1135;1;1;0.0000;1;23463.0000;None;253400.0000
5237;2023-01-05 17:05:17.267000;7;1135;1;1;0.0000;1;23019.0000;None;248600.0000
5237;2023-01-05 15:42:17.220000;7;1207;1;1;0.0000;1;23019.0000;None;248600.0000
5237;2023-01-05 15:42:17.220000;7;1207;1;1;0.0000;1;23019.0000;None;248600.0000
5236;2023-01-05 16:05:05.120000;7;1207;1;1;0.0000;1;33111.0000;None;357600.0000
5240;2023-01-05 20:34:51.570000;7;1207;1;1;0.0000;1;15333.0000;None;165600.0000
14017;2023-01-05 19:45:27.787000;7;1207;1;1;0.0000;1;53426.0000;None;577000.0000
5233;2023-01-05 13:34:46.753000;7;2039;1;1;None;1;17833.0000;None;192600.0000
14011;2023-01-05 13:29:17.920000;7;2039;1;1;0.0000;1;53167.0000;None;574200.0000
5238;2023-01-05 17:18:45.020000;7;2039;1;1;0.0000;1;21019.0000;None;227000.0000
14016;2023-01-05 19:35:15.147000;7;2042;1;1;0.0000;1;28796.0000;None;311000.0000
14011;2023-01-05 13:29:17.920000;7;2042;1;1;0.0000;1;53167.0000;None;574200.0000
14011;2023-01-05 13:29:17.920000;7;2072;1;1;0.0000;1;53167.0000;None;574200.0000
5238;2023-01-05 17:18:45.020000;7;2077;1;1;0.0000;1;21019.0000;None;227000.0000
14016;2023-01-05 20:14:53.157000;3;100596;1;1;5800.0000;1;28796.0000;None;311000.0000
5238;2023-01-05 18:02:07.877000;3;100606;1;1;6800.0000;1;21019.0000;None;227000.0000
14011;2023-01-05 14:18:45.777000;3;100613;1;1;5800.0000;1;53167.0000;None;574200.0000
14011;2023-01-05 14:18:45.777000;3;100613;1;1;5800.0000;1;53167.0000;None;574200.0000
5233;2023-01-05 14:22:09.240000;3;100614;1;2;11600.0000;1;17833.0000;None;192600.0000
5236;2023-01-05 16:54:18.643000;3;100614;1;1;5800.0000;1;33111.0000;None;357600.0000
5236;2023-01-05 16:54:18.643000;3;100614;1;1;5800.0000;1;33111.0000;None;357600.0000
14017;2023-01-05 20:23:30.557000;8;100954;1;1;37800.0000;1;53426.0000;None;577000.0000
5237;2023-01-05 17:05:17.267000;8;100954;1;1;37800.0000;1;23019.0000;None;248600.0000
5237;2023-01-05 17:05:17.267000;8;100954;1;1;37800.0000;1;23019.0000;None;248600.0000
14011;2023-01-05 13:29:55.307000;8;100990;1;1;66800.0000;1;53167.0000;None;574200.0000
14011;2023-01-05 13:29:17.920000;3;100999;1;1;5800.0000;1;53167.0000;None;574200.0000
5234;2023-01-05 14:00:23.030000;3;100999;1;1;5800.0000;1;24556.0000;None;265200.0000
14012;2023-01-05 14:10:04.477000;1;101320;1;1;27800.0000;1;7074.0000;None;76400.0000
14019;2023-01-05 21:13:33.217000;1;101322;1;1;24800.0000;1;38648.0000;None;417400.0000
5234;2023-01-05 14:00:42.323000;6;101546;1;1;0.0000;1;24556.0000;None;265200.0000
14015;2023-01-05 19:08:30.567000;6;101613;1;1;0.0000;1;12593.0000;None;136000.0000
14015;2023-01-05 19:08:30.583000;6;101613;1;1;0.0000;1;12593.0000;None;136000.0000
14019;2023-01-05 21:34:21.997000;6;101613;1;1;None;1;38648.0000;None;417400.0000
14019;2023-01-05 21:34:21.997000;6;101613;1;1;None;1;38648.0000;None;417400.0000
5230;2023-01-05 12:44:42.733000;6;101613;1;1;0.0000;1;16593.0000;None;179200.0000
5230;2023-01-05 12:38:32.767000;3;101641;1;1;0.0000;1;16593.0000;None;179200.0000
5234;2023-01-05 14:00:23.030000;3;101641;1;1;0.0000;1;24556.0000;None;265200.0000
5233;2023-01-05 13:34:46.753000;3;101641;1;1;None;1;17833.0000;None;192600.0000
5240;2023-01-05 20:42:45.527000;3;101641;1;1;0.0000;1;15333.0000;None;165600.0000
14019;2023-01-05 20:57:34.203000;3;101641;1;1;0.0000;1;38648.0000;None;417400.0000
14017;2023-01-05 19:45:27.787000;3;101641;1;1;0.0000;1;53426.0000;None;577000.0000
14015;2023-01-05 18:57:25.043000;3;101641;1;1;0.0000;1;12593.0000;None;136000.0000
14015;2023-01-05 18:57:25.043000;3;101641;1;1;0.0000;1;12593.0000;None;136000.0000
14013;2023-01-05 16:35:41.137000;3;101641;1;1;0.0000;1;23463.0000;None;253400.0000
5237;2023-01-05 15:15:26.900000;3;101641;1;1;0.0000;1;23019.0000;None;248600.0000
5236;2023-01-05 16:05:05.120000;3;101641;1;1;0.0000;1;33111.0000;None;357600.0000
14016;2023-01-05 19:35:15.147000;2;101728;1;1;33800.0000;1;28796.0000;None;311000.0000
5240;2023-01-05 20:34:51.570000;2;101728;1;1;33800.0000;1;15333.0000;None;165600.0000
14017;2023-01-05 20:22:20.537000;2;101878;1;1;29800.0000;1;53426.0000;None;577000.0000
14017;2023-01-05 20:22:20.537000;2;101878;1;1;29800.0000;1;53426.0000;None;577000.0000
14017;2023-01-05 19:45:27.787000;2;101878;1;1;29800.0000;1;53426.0000;None;577000.0000
14017;2023-01-05 19:45:27.787000;2;101878;1;1;29800.0000;1;53426.0000;None;577000.0000
14017;2023-01-05 20:23:30.557000;8;101883;1;1;52800.0000;1;53426.0000;None;577000.0000
5236;2023-01-05 16:07:43.027000;1;101927;1;1;119800.0000;1;33111.0000;None;357600.0000
5240;2023-01-05 20:34:58.387000;1;101929;1;1;16800.0000;1;15333.0000;None;165600.0000
14013;2023-01-05 18:37:17.597000;8;101996;1;1;15800.0000;1;23463.0000;None;253400.0000
14014;2023-01-05 18:30:57.003000;8;102052;1;1;59800.0000;1;11407.0000;None;123200.0000
5238;2023-01-05 17:19:37.047000;1;102395;1;1;37800.0000;1;21019.0000;None;227000.0000
5239;2023-01-05 19:33:50.107000;1;102447;1;1;16800.0000;1;23945.0000;None;258600.0000
5237;2023-01-05 16:07:38.500000;1;102447;1;1;16800.0000;1;23019.0000;None;248600.0000
14019;2023-01-05 21:03:53.987000;1;102447;1;1;16800.0000;1;38648.0000;None;417400.0000
14017;2023-01-05 20:23:30.557000;1;102447;1;1;16800.0000;1;53426.0000;None;577000.0000
5238;2023-01-05 17:19:37.047000;1;102456;1;1;16800.0000;1;21019.0000;None;227000.0000
14013;2023-01-05 18:37:17.597000;1;102457;1;1;17800.0000;1;23463.0000;None;253400.0000
5236;2023-01-05 16:05:57.737000;1;102457;1;1;17800.0000;1;33111.0000;None;357600.0000
14019;2023-01-05 21:03:53.987000;1;102457;1;1;17800.0000;1;38648.0000;None;417400.0000
5240;2023-01-05 20:34:58.387000;1;102459;1;1;17800.0000;1;15333.0000;None;165600.0000
5236;2023-01-05 16:05:05.120000;2;102605;1;1;45800.0000;1;33111.0000;None;357600.0000
5238;2023-01-05 17:18:45.020000;3;102633;1;1;11800.0000;1;21019.0000;None;227000.0000
5233;2023-01-05 13:34:46.753000;3;102633;1;1;11800.0000;1;17833.0000;None;192600.0000
14011;2023-01-05 13:29:17.920000;3;102633;1;1;11800.0000;1;53167.0000;None;574200.0000
14014;2023-01-05 18:30:57.003000;3;102635;1;1;7800.0000;1;11407.0000;None;123200.0000
5233;2023-01-05 13:35:49.690000;1;102689;1;1;57800.0000;1;17833.0000;None;192600.0000
14011;2023-01-05 13:29:02.470000;8;102692;1;1;33800.0000;1;53167.0000;None;574200.0000
5238;2023-01-05 17:19:37.047000;8;102692;1;1;33800.0000;1;21019.0000;None;227000.0000
14019;2023-01-05 21:13:33.217000;8;102692;1;1;33800.0000;1;38648.0000;None;417400.0000
5234;2023-01-05 14:00:23.030000;3;102747;1;1;4800.0000;1;24556.0000;None;265200.0000
5238;2023-01-05 17:18:45.020000;3;102751;1;1;8800.0000;1;21019.0000;None;227000.0000
5239;2023-01-05 19:34:09.610000;8;102754;1;1;54800.0000;1;23945.0000;None;258600.0000
14017;2023-01-05 21:36:35.237000;1;102771;1;1;16800.0000;1;53426.0000;None;577000.0000
14012;2023-01-05 14:19:33.790000;8;102778;1;1;19800.0000;1;7074.0000;None;76400.0000
14011;2023-01-05 14:09:44.430000;1;102824;1;1;45800.0000;1;53167.0000;None;574200.0000
14019;2023-01-05 21:13:33.217000;1;102842;1;1;76800.0000;1;38648.0000;None;417400.0000
5239;2023-01-05 19:35:44.480000;2;102848;1;1;44800.0000;1;23945.0000;None;258600.0000
5239;2023-01-05 20:04:02.910000;2;102848;1;1;44800.0000;1;23945.0000;None;258600.0000
14019;2023-01-05 21:13:33.217000;8;102850;1;1;42800.0000;1;38648.0000;None;417400.0000
5234;2023-01-05 14:00:42.323000;1;102927;1;1;64800.0000;1;24556.0000;None;265200.0000
5236;2023-01-05 16:05:57.737000;8;102997;1;1;10800.0000;1;33111.0000;None;357600.0000
5236;2023-01-05 16:05:57.737000;8;102997;1;1;10800.0000;1;33111.0000;None;357600.0000
5236;2023-01-05 16:05:57.737000;8;102997;1;1;10800.0000;1;33111.0000;None;357600.0000
5238;2023-01-05 17:19:37.047000;8;102997;1;1;10800.0000;1;21019.0000;None;227000.0000
14011;2023-01-05 13:58:28.763000;8;103002;1;1;16800.0000;1;53167.0000;None;574200.0000
14017;2023-01-05 20:39:09.407000;8;103019;1;1;31800.0000;1;53426.0000;None;577000.0000
14017;2023-01-05 20:23:30.557000;8;103019;1;1;31800.0000;1;53426.0000;None;577000.0000
14017;2023-01-05 21:11:30.027000;8;103028;1;1;49800.0000;1;53426.0000;None;577000.0000
14014;2023-01-05 18:30:57.003000;8;103028;1;1;49800.0000;1;11407.0000;None;123200.0000
14015;2023-01-05 18:57:25.043000;8;103028;1;1;49800.0000;1;12593.0000;None;136000.0000
5234;2023-01-05 14:00:42.323000;8;103028;1;1;49800.0000;1;24556.0000;None;265200.0000
5236;2023-01-05 16:07:43.027000;1;103057;1;1;58800.0000;1;33111.0000;None;357600.0000
14016;2023-01-05 19:35:44.663000;1;103074;1;1;35800.0000;1;28796.0000;None;311000.0000
5234;2023-01-05 14:00:42.323000;1;103075;1;1;57800.0000;1;24556.0000;None;265200.0000
5233;2023-01-05 13:35:49.690000;1;103519;1;1;76800.0000;1;17833.0000;None;192600.0000
5234;2023-01-05 14:00:42.323000;8;103539;1;1;32800.0000;1;24556.0000;None;265200.0000
14015;2023-01-05 18:57:25.043000;8;103539;1;1;32800.0000;1;12593.0000;None;136000.0000
14011;2023-01-05 13:29:55.307000;1;103596;1;1;72800.0000;1;53167.0000;None;574200.0000
5230;2023-01-05 12:39:05.690000;1;103596;1;1;72800.0000;1;16593.0000;None;179200.0000
5230;2023-01-05 12:39:05.690000;1;103596;1;1;72800.0000;1;16593.0000;None;179200.0000
5234;2023-01-05 14:00:42.323000;8;103615;1;1;37800.0000;1;24556.0000;None;265200.0000
14018;2023-01-05 20:24:13.607000;8;103615;1;1;37800.0000;1;8259.0000;None;89200.0000
14011;2023-01-05 13:29:55.307000;1;103695;1;1;79800.0000;1;53167.0000;None;574200.0000
5240;2023-01-05 20:35:26.203000;1;103712;1;1;35800.0000;1;15333.0000;None;165600.0000
14016;2023-01-05 20:12:11.133000;1;103780;1;1;16800.0000;1;28796.0000;None;311000.0000
14017;2023-01-05 21:36:35.237000;1;103780;1;1;16800.0000;1;53426.0000;None;577000.0000
14011;2023-01-05 14:18:45.777000;1;103780;1;1;16800.0000;1;53167.0000;None;574200.0000
5236;2023-01-05 16:07:43.027000;1;103813;1;1;59800.0000;1;33111.0000;None;357600.0000
5237;2023-01-05 17:09:00.240000;8;103867;1;1;27800.0000;1;23019.0000;None;248600.0000
5239;2023-01-05 19:34:09.610000;8;103867;1;1;27800.0000;1;23945.0000;None;258600.0000
5230;2023-01-05 12:38:32.767000;8;103867;1;1;27800.0000;1;16593.0000;None;179200.0000
14018;2023-01-05 20:24:13.607000;3;103912;1;1;6800.0000;1;8259.0000;None;89200.0000
14018;2023-01-05 20:24:13.607000;3;103912;1;1;6800.0000;1;8259.0000;None;89200.0000
14011;2023-01-05 13:29:55.307000;1;103979;1;1;58800.0000;1;53167.0000;None;574200.0000
14019;2023-01-05 21:13:33.217000;1;103981;1;1;59800.0000;1;38648.0000;None;417400.0000
14017;2023-01-05 19:54:08.057000;2;104234;1;1;36800.0000;1;53426.0000;None;577000.0000
14017;2023-01-05 20:22:20.537000;2;104234;1;1;36800.0000;1;53426.0000;None;577000.0000
14012;2023-01-05 14:40:35.163000;1;104240;1;1;28800.0000;1;7074.0000;None;76400.0000
5233;2023-01-05 13:35:29.790000;1;104256;1;1;28800.0000;1;17833.0000;None;192600.0000
14011;2023-01-05 13:29:17.920000;3;104446;1;1;5800.0000;1;53167.0000;None;574200.0000
5240;2023-01-05 20:34:51.570000;3;104446;1;1;5800.0000;1;15333.0000;None;165600.0000
14011;2023-01-05 13:29:17.920000;3;104554;1;1;4800.0000;1;53167.0000;None;574200.0000
14018;2023-01-05 20:24:13.607000;8;104655;1;1;37800.0000;1;8259.0000;None;89200.0000
14016;2023-01-05 19:35:44.663000;8;104655;1;1;37800.0000;1;28796.0000;None;311000.0000
5237;2023-01-05 17:05:17.267000;1;104869;1;1;79800.0000;1;23019.0000;None;248600.0000
5230;2023-01-05 12:39:05.690000;1;105010;1;1;0.0000;1;16593.0000;None;179200.0000
5230;2023-01-05 12:39:05.690000;1;105010;1;1;0.0000;1;16593.0000;None;179200.0000
14011;2023-01-05 13:29:55.307000;1;105010;1;1;0.0000;1;53167.0000;None;574200.0000
5234;2023-01-05 14:00:42.323000;6;105090;1;1;0.0000;1;24556.0000;None;265200.0000
14011;2023-01-05 13:29:02.470000;1;105239;1;1;46800.0000;1;53167.0000;None;574200.0000
5240;2023-01-05 20:35:26.203000;1;105414;1;1;49800.0000;1;15333.0000;None;165600.0000
5239;2023-01-05 19:35:44.480000;6;105446;1;1;0.0000;1;23945.0000;None;258600.0000
5234;2023-01-05 14:00:42.323000;6;105509;1;1;0.0000;1;24556.0000;None;265200.0000
5239;2023-01-05 20:04:02.910000;6;105520;1;1;0.0000;1;23945.0000;None;258600.0000
5230;2023-01-05 12:39:05.690000;1;106337;1;1;0.0000;1;16593.0000;None;179200.0000
5230;2023-01-05 12:39:05.690000;1;106337;1;1;0.0000;1;16593.0000;None;179200.0000
14011;2023-01-05 13:29:55.307000;1;106337;1;1;0.0000;1;53167.0000;None;574200.0000
5236;2023-01-05 16:07:43.027000;1;106922;1;1;0.0000;1;33111.0000;None;357600.0000
14016;2023-01-05 19:35:44.663000;8;107525;1;1;59800.0000;1;28796.0000;None;311000.0000
14013;2023-01-05 16:35:41.137000;2;107564;1;1;42800.0000;1;23463.0000;None;253400.0000
14013;2023-01-05 16:43:00.457000;2;107564;1;1;42800.0000;1;23463.0000;None;253400.0000
14013;2023-01-05 17:04:37.660000;2;107564;1;1;42800.0000;1;23463.0000;None;253400.0000
14013;2023-01-05 17:45:57.147000;2;107564;1;1;42800.0000;1;23463.0000;None;253400.0000
14013;2023-01-05 17:45:57.147000;2;107564;1;1;42800.0000;1;23463.0000;None;253400.0000
14019;2023-01-05 21:03:33.820000;2;107564;1;1;42800.0000;1;38648.0000;None;417400.0000
14019;2023-01-05 21:10:44.743000;2;107564;1;1;42800.0000;1;38648.0000;None;417400.0000
5239;2023-01-05 20:04:02.910000;2;108118;1;1;34800.0000;1;23945.0000;None;258600.0000
5239;2023-01-05 19:35:44.480000;2;108118;1;1;34800.0000;1;23945.0000;None;258600.0000
5237;2023-01-05 17:09:00.240000;3;108191;1;1;0.0000;1;23019.0000;None;248600.0000
5237;2023-01-05 17:09:00.240000;3;108191;1;1;0.0000;1;23019.0000;None;248600.0000
14019;2023-01-05 21:03:33.820000;3;108191;1;1;0.0000;1;38648.0000;None;417400.0000
14016;2023-01-05 19:35:44.663000;1;108429;1;1;69800.0000;1;28796.0000;None;311000.0000
5238;2023-01-05 17:19:37.047000;1;108429;1;1;69800.0000;1;21019.0000;None;227000.0000
14017;2023-01-05 21:11:30.027000;8;108517;1;1;49800.0000;1;53426.0000;None;577000.0000
14017;2023-01-05 20:23:30.557000;8;108518;1;1;41800.0000;1;53426.0000;None;577000.0000
14015;2023-01-05 19:26:03.350000;8;108518;1;1;41800.0000;1;12593.0000;None;136000.0000
14016;2023-01-05 19:35:15.147000;2;108836;1;1;30800.0000;1;28796.0000;None;311000.0000
14011;2023-01-05 13:29:02.470000;8;109180;1;1;37800.0000;1;53167.0000;None;574200.0000
14019;2023-01-05 21:35:07.787000;8;109217;1;1;0.0000;1;38648.0000;None;417400.0000
14011;2023-01-05 14:18:45.777000;1;109316;1;1;15800.0000;1;53167.0000;None;574200.0000
14019;2023-01-05 21:13:33.217000;8;109319;1;1;34800.0000;1;38648.0000;None;417400.0000
5238;2023-01-05 17:19:37.047000;1;109504;1;1;24800.0000;1;21019.0000;None;227000.0000
14011;2023-01-05 13:58:28.763000;1;109513;1;1;36800.0000;1;53167.0000;None;574200.0000
14016;2023-01-05 19:39:01.017000;2;200478;1;1;14800.0000;1;28796.0000;None;311000.0000
5233;2023-01-05 13:34:46.753000;3;200644;1;1;5800.0000;1;17833.0000;None;192600.0000
5234;2023-01-05 14:00:23.030000;3;200644;1;1;5800.0000;1;24556.0000;None;265200.0000
5230;2023-01-05 12:38:32.767000;3;200644;1;1;5800.0000;1;16593.0000;None;179200.0000
14017;2023-01-05 19:45:27.787000;3;200644;1;1;5800.0000;1;53426.0000;None;577000.0000
14019;2023-01-05 21:03:33.820000;3;200644;1;1;5800.0000;1;38648.0000;None;417400.0000
14019;2023-01-05 20:57:34.203000;3;200644;1;1;5800.0000;1;38648.0000;None;417400.0000
5240;2023-01-05 20:42:45.527000;3;200644;1;1;5800.0000;1;15333.0000;None;165600.0000
5237;2023-01-05 15:15:26.900000;3;200644;1;1;5800.0000;1;23019.0000;None;248600.0000
5237;2023-01-05 17:11:58.580000;3;201146;1;1;5800.0000;1;23019.0000;None;248600.0000
14013;2023-01-05 16:35:41.137000;3;201146;1;1;5800.0000;1;23463.0000;None;253400.0000
14016;2023-01-05 19:35:15.147000;3;201146;1;1;5800.0000;1;28796.0000;None;311000.0000
14015;2023-01-05 18:57:25.043000;3;201146;1;1;5800.0000;1;12593.0000;None;136000.0000
14015;2023-01-05 18:57:25.043000;3;201146;1;1;5800.0000;1;12593.0000;None;136000.0000
14014;2023-01-05 18:30:57.003000;3;201146;1;1;5800.0000;1;11407.0000;None;123200.0000
14011;2023-01-05 14:31:58.323000;3;201146;1;1;5800.0000;1;53167.0000;None;574200.0000
14017;2023-01-05 19:51:05.357000;2;201187;1;1;9800.0000;1;53426.0000;None;577000.0000
14017;2023-01-05 20:54:22.743000;2;201187;1;1;9800.0000;1;53426.0000;None;577000.0000
5238;2023-01-05 17:18:45.020000;3;201211;1;1;5800.0000;1;21019.0000;None;227000.0000
5236;2023-01-05 16:05:05.120000;3;201211;1;1;5800.0000;1;33111.0000;None;357600.0000
5236;2023-01-05 16:05:05.120000;3;201237;1;1;5800.0000;1;33111.0000;None;357600.0000
5234;2023-01-05 14:34:08.900000;3;201237;1;1;5800.0000;1;24556.0000;None;265200.0000
5237;2023-01-05 17:09:00.240000;3;201269;1;1;5800.0000;1;23019.0000;None;248600.0000
5237;2023-01-05 17:09:00.240000;3;201269;1;1;5800.0000;1;23019.0000;None;248600.0000
5237;2023-01-05 15:42:17.220000;3;201269;1;1;5800.0000;1;23019.0000;None;248600.0000
5237;2023-01-05 15:42:17.220000;3;201269;1;1;5800.0000;1;23019.0000;None;248600.0000
5237;2023-01-05 17:09:00.240000;2;201615;1;1;13800.0000;1;23019.0000;None;248600.0000
14017;2023-01-05 20:54:22.743000;2;202604;1;1;12800.0000;1;53426.0000;None;577000.0000
14019;2023-01-05 21:03:33.820000;2;202604;1;1;12800.0000;1;38648.0000;None;417400.0000
