5259;2023-01-07 15:18:42.933000;7;1002;1;1;0.0000;1;15093.0000;None;163000.0000
5257;2023-01-07 14:52:54.397000;7;1006;1;1;0.0000;1;14167.0000;None;153000.0000
5271;2023-01-07 19:49:49.280000;7;1020;1;1;0.0000;1;14593.0000;None;157600.0000
5262;2023-01-07 16:00:44.223000;7;1020;1;1;0.0000;1;22537.0000;None;243400.0000
5265;2023-01-07 18:46:06.557000;7;1020;1;1;0.0000;1;11944.0000;None;129000.0000
5266;2023-01-07 18:51:54.657000;7;1020;1;1;0.0000;1;12778.0000;None;138000.0000
5269;2023-01-07 19:40:17.843000;7;1020;1;1;0.0000;1;15074.0000;None;162800.0000
5270;2023-01-07 19:53:12.537000;7;1020;1;1;0.0000;1;53019.0000;None;572600.0000
5257;2023-01-07 14:52:54.397000;7;1020;1;1;0.0000;1;14167.0000;None;153000.0000
5258;2023-01-07 15:18:05.523000;7;1020;1;1;0.0000;1;26019.0000;None;281000.0000
5259;2023-01-07 15:18:42.933000;7;1020;1;1;0.0000;1;15093.0000;None;163000.0000
5260;2023-01-07 15:23:14.247000;7;1020;1;1;0.0000;1;5852.0000;None;63200.0000
5261;2023-01-07 15:45:02.920000;7;1020;1;1;0.0000;1;89223.0000;None;963600.0000
5261;2023-01-07 16:18:11.363000;7;1020;1;1;0.0000;1;89223.0000;None;963600.0000
5261;2023-01-07 15:45:02.920000;7;1020;1;1;0.0000;1;89223.0000;None;963600.0000
14033;2023-01-07 13:00:55.860000;7;1020;1;1;0.0000;1;None;None;84400.0000
14034;2023-01-07 13:26:17.967000;7;1020;1;1;0.0000;1;10833.0000;None;117000.0000
14032;2023-01-07 12:46:55.517000;7;1020;1;1;0.0000;1;17759.0000;None;191800.0000
5255;2023-01-07 12:37:48.497000;7;1020;1;1;None;1;22148.0000;None;239200.0000
5255;2023-01-07 12:32:34.033000;7;1029;1;1;0.0000;1;22148.0000;None;239200.0000
5255;2023-01-07 12:37:48.497000;7;1030;1;1;None;1;22148.0000;None;239200.0000
14034;2023-01-07 13:26:17.967000;7;1030;1;1;0.0000;1;10833.0000;None;117000.0000
5260;2023-01-07 15:23:14.247000;7;1030;1;1;0.0000;1;5852.0000;None;63200.0000
5260;2023-01-07 15:23:14.247000;7;1030;1;1;0.0000;1;5852.0000;None;63200.0000
5259;2023-01-07 15:18:42.933000;7;1030;1;1;0.0000;1;15093.0000;None;163000.0000
14037;2023-01-07 14:10:27.070000;7;1030;1;1;0.0000;1;19426.0000;None;209800.0000
5266;2023-01-07 18:51:54.657000;7;1030;1;1;0.0000;1;12778.0000;None;138000.0000
5262;2023-01-07 16:00:44.223000;7;1030;1;1;0.0000;1;22537.0000;None;243400.0000
5275;2023-01-07 20:27:40.620000;7;1036;1;1;0.0000;1;26815.0000;None;289600.0000
5261;2023-01-07 16:18:11.363000;7;1040;1;1;0.0000;1;89223.0000;None;963600.0000
5261;2023-01-07 15:45:02.920000;7;1040;1;1;0.0000;1;89223.0000;None;963600.0000
5261;2023-01-07 15:45:02.920000;7;1040;1;1;0.0000;1;89223.0000;None;963600.0000
5276;2023-01-07 20:50:20.590000;7;1042;1;1;0.0000;1;21222.0000;None;229200.0000
5276;2023-01-07 20:50:20.590000;7;1042;1;1;0.0000;1;21222.0000;None;229200.0000
5256;2023-01-07 13:03:06.147000;7;1135;1;1;0.0000;1;None;None;23850.0000
21246;2023-01-07 12:09:08.723000;7;1135;1;1;0.0000;1;None;10000.0000;38800.0000
14042;2023-01-07 15:52:34.097000;7;1135;1;1;0.0000;1;20241.0000;None;218600.0000
14042;2023-01-07 15:28:05.517000;7;1135;1;1;0.0000;1;20241.0000;None;218600.0000
5257;2023-01-07 14:52:54.397000;7;1135;1;1;0.0000;1;14167.0000;None;153000.0000
5276;2023-01-07 20:50:20.590000;7;1135;1;1;0.0000;1;21222.0000;None;229200.0000
5269;2023-01-07 19:40:17.843000;7;1135;1;1;0.0000;1;15074.0000;None;162800.0000
5270;2023-01-07 19:53:12.537000;7;1143;1;1;0.0000;1;53019.0000;None;572600.0000
5271;2023-01-07 19:55:02.807000;7;1153;1;1;0.0000;1;14593.0000;None;157600.0000
5274;2023-01-07 20:19:46.027000;7;1157;1;1;0.0000;1;39352.0000;None;425000.0000
5274;2023-01-07 20:19:46.027000;7;1157;1;1;0.0000;1;39352.0000;None;425000.0000
5274;2023-01-07 20:19:46.027000;7;1157;1;1;0.0000;1;39352.0000;None;425000.0000
21246;2023-01-07 12:09:08.723000;7;1157;1;1;0.0000;1;None;10000.0000;38800.0000
5275;2023-01-07 20:27:40.620000;7;1207;1;1;0.0000;1;26815.0000;None;289600.0000
5262;2023-01-07 16:05:51.387000;7;1207;1;1;0.0000;1;22537.0000;None;243400.0000
5261;2023-01-07 16:56:38.773000;7;1207;1;1;0.0000;1;89223.0000;None;963600.0000
5265;2023-01-07 18:46:06.557000;7;1207;1;1;0.0000;1;11944.0000;None;129000.0000
5265;2023-01-07 19:16:58.480000;7;1207;1;1;0.0000;1;11944.0000;None;129000.0000
14043;2023-01-07 16:46:06.623000;7;1207;1;1;0.0000;1;5944.0000;None;64200.0000
5255;2023-01-07 12:32:34.033000;7;1207;1;1;0.0000;1;22148.0000;None;239200.0000
14033;2023-01-07 13:01:06.263000;7;1207;1;1;0.0000;1;None;None;84400.0000
5258;2023-01-07 16:06:33.743000;7;1207;1;1;None;1;26019.0000;None;281000.0000
5259;2023-01-07 15:18:21.017000;7;1207;1;1;0.0000;1;15093.0000;None;163000.0000
5261;2023-01-07 15:32:56.320000;7;1207;1;1;0.0000;1;89223.0000;None;963600.0000
5260;2023-01-07 15:24:08.990000;7;1220;1;1;0.0000;1;5852.0000;None;63200.0000
14037;2023-01-07 14:30:28.600000;7;1220;1;1;0.0000;1;19426.0000;None;209800.0000
14037;2023-01-07 14:30:28.600000;7;1220;1;1;0.0000;1;19426.0000;None;209800.0000
5255;2023-01-07 12:52:23.717000;7;1220;1;1;0.0000;1;22148.0000;None;239200.0000
5266;2023-01-07 18:50:22.687000;7;2039;1;1;0.0000;1;12778.0000;None;138000.0000
14032;2023-01-07 12:36:00.847000;7;2039;1;1;0.0000;1;17759.0000;None;191800.0000
5277;2023-01-07 21:34:59.883000;7;2050;1;1;0.0000;1;5759.0000;None;62200.0000
5258;2023-01-07 16:06:33.743000;3;100596;1;1;5800.0000;1;26019.0000;None;281000.0000
5277;2023-01-07 21:57:24;3;100606;1;1;6800.0000;1;5759.0000;None;62200.0000
5261;2023-01-07 16:56:38.773000;3;100606;1;1;6800.0000;1;89223.0000;None;963600.0000
14032;2023-01-07 13:43:16.283000;3;100607;1;1;6800.0000;1;17759.0000;None;191800.0000
14039;2023-01-07 14:59:02.767000;3;100612;1;1;7800.0000;1;40463.0000;None;437000.0000
5261;2023-01-07 16:56:38.773000;3;100614;1;2;11600.0000;1;89223.0000;None;963600.0000
5255;2023-01-07 13:36:33.847000;3;100614;1;1;5800.0000;1;22148.0000;None;239200.0000
5255;2023-01-07 13:36:33.847000;3;100614;1;1;5800.0000;1;22148.0000;None;239200.0000
5256;2023-01-07 13:03:06.147000;8;100817;1;1;23850.0000;1;None;None;23850.0000
5262;2023-01-07 16:14:04.297000;8;100953;1;1;42800.0000;1;22537.0000;None;243400.0000
5266;2023-01-07 18:51:54.657000;8;100953;1;1;42800.0000;1;12778.0000;None;138000.0000
5269;2023-01-07 19:40:17.843000;8;100953;1;1;42800.0000;1;15074.0000;None;162800.0000
14039;2023-01-07 13:59:14.490000;8;100953;1;1;42800.0000;1;40463.0000;None;437000.0000
14036;2023-01-07 14:03:11.597000;8;100954;1;1;37800.0000;1;8630.0000;None;93200.0000
5263;2023-01-07 16:13:57.773000;8;100954;1;1;37800.0000;1;12037.0000;None;130000.0000
5261;2023-01-07 16:56:38.773000;3;100999;1;2;11600.0000;1;89223.0000;None;963600.0000
5265;2023-01-07 19:16:58.480000;3;100999;1;1;5800.0000;1;11944.0000;None;129000.0000
5275;2023-01-07 20:27:40.620000;3;100999;1;1;5800.0000;1;26815.0000;None;289600.0000
5258;2023-01-07 16:06:33.743000;3;100999;1;1;5800.0000;1;26019.0000;None;281000.0000
5258;2023-01-07 16:06:33.743000;3;100999;1;1;5800.0000;1;26019.0000;None;281000.0000
5275;2023-01-07 20:27:40.620000;1;101088;1;1;2800.0000;1;26815.0000;None;289600.0000
5262;2023-01-07 16:36:19.500000;1;101088;1;1;2800.0000;1;22537.0000;None;243400.0000
5261;2023-01-07 16:56:38.773000;1;101195;1;1;14800.0000;1;89223.0000;None;963600.0000
14033;2023-01-07 13:00:55.860000;1;101305;1;1;21800.0000;1;None;None;84400.0000
5271;2023-01-07 19:49:49.280000;1;101318;1;1;35800.0000;1;14593.0000;None;157600.0000
5270;2023-01-07 19:32:45.887000;1;101318;1;1;35800.0000;1;53019.0000;None;572600.0000
5260;2023-01-07 15:23:14.247000;1;101321;1;1;26800.0000;1;5852.0000;None;63200.0000
14043;2023-01-07 16:51:25.467000;1;101322;1;1;24800.0000;1;5944.0000;None;64200.0000
5261;2023-01-07 15:45:02.920000;6;101546;1;1;0.0000;1;89223.0000;None;963600.0000
14037;2023-01-07 14:10:27.070000;6;101546;1;1;0.0000;1;19426.0000;None;209800.0000
5261;2023-01-07 16:05:28.820000;6;101613;1;1;None;1;89223.0000;None;963600.0000
5261;2023-01-07 16:05:28.820000;6;101613;1;1;None;1;89223.0000;None;963600.0000
14042;2023-01-07 15:40:24.487000;6;101613;1;1;0.0000;1;20241.0000;None;218600.0000
14042;2023-01-07 15:40:24.487000;6;101613;1;1;0.0000;1;20241.0000;None;218600.0000
5276;2023-01-07 21:05:33.670000;6;101613;1;2;0.0000;1;21222.0000;None;229200.0000
5271;2023-01-07 19:55:02.807000;6;101613;1;1;0.0000;1;14593.0000;None;157600.0000
5266;2023-01-07 19:13:04.800000;6;101613;1;1;0.0000;1;12778.0000;None;138000.0000
5268;2023-01-07 19:19:33.863000;3;101641;1;1;0.0000;1;9741.0000;None;105200.0000
5269;2023-01-07 19:30:18.067000;3;101641;1;1;0.0000;1;15074.0000;None;162800.0000
14043;2023-01-07 16:46:06.623000;3;101641;1;1;0.0000;1;5944.0000;None;64200.0000
14043;2023-01-07 16:46:06.623000;3;101641;1;1;0.0000;1;5944.0000;None;64200.0000
5266;2023-01-07 18:50:22.687000;3;101641;1;2;0.0000;1;12778.0000;None;138000.0000
14045;2023-01-07 20:19:21.313000;3;101641;1;1;0.0000;1;15130.0000;None;163400.0000
5261;2023-01-07 15:32:56.320000;3;101641;1;1;0.0000;1;89223.0000;None;963600.0000
14039;2023-01-07 14:24:05.733000;3;101641;1;1;0.0000;1;40463.0000;None;437000.0000
5257;2023-01-07 14:21:39.120000;3;101641;1;1;0.0000;1;14167.0000;None;153000.0000
14039;2023-01-07 14:59:02.767000;2;101739;1;1;30800.0000;1;40463.0000;None;437000.0000
14039;2023-01-07 15:18:19.023000;2;101739;1;1;30800.0000;1;40463.0000;None;437000.0000
5270;2023-01-07 19:32:13.767000;2;101878;1;1;29800.0000;1;53019.0000;None;572600.0000
5274;2023-01-07 20:19:46.027000;8;101883;1;1;52800.0000;1;39352.0000;None;425000.0000
5274;2023-01-07 20:19:46.027000;8;101883;1;1;52800.0000;1;39352.0000;None;425000.0000
5270;2023-01-07 20:12:45.787000;1;101927;1;1;119800.0000;1;53019.0000;None;572600.0000
5270;2023-01-07 19:48:25.753000;1;101927;1;1;119800.0000;1;53019.0000;None;572600.0000
14043;2023-01-07 16:46:10.703000;1;101929;1;1;16800.0000;1;5944.0000;None;64200.0000
14043;2023-01-07 17:14:44.943000;1;101929;1;1;16800.0000;1;5944.0000;None;64200.0000
5275;2023-01-07 19:43:59.323000;8;101953;1;1;41800.0000;1;26815.0000;None;289600.0000
5276;2023-01-07 20:50:20.590000;8;101971;1;1;46800.0000;1;21222.0000;None;229200.0000
5270;2023-01-07 19:32:13.767000;2;101978;1;1;47800.0000;1;53019.0000;None;572600.0000
5266;2023-01-07 18:51:54.657000;8;101992;1;1;31800.0000;1;12778.0000;None;138000.0000
5263;2023-01-07 16:25:51.373000;8;101992;1;1;31800.0000;1;12037.0000;None;130000.0000
14037;2023-01-07 14:10:15.350000;8;102052;1;1;59800.0000;1;19426.0000;None;209800.0000
14034;2023-01-07 13:25:52.097000;1;102447;1;1;16800.0000;1;10833.0000;None;117000.0000
5262;2023-01-07 16:00:19.993000;1;102447;1;1;16800.0000;1;22537.0000;None;243400.0000
5270;2023-01-07 19:48:25.753000;1;102456;1;1;16800.0000;1;53019.0000;None;572600.0000
14036;2023-01-07 13:59:22.743000;1;102456;1;1;16800.0000;1;8630.0000;None;93200.0000
14032;2023-01-07 12:36:00.847000;1;102458;1;1;18800.0000;1;17759.0000;None;191800.0000
5262;2023-01-07 16:36:19.500000;1;102535;1;1;19800.0000;1;22537.0000;None;243400.0000
5260;2023-01-07 15:20:45.403000;3;102616;1;1;4800.0000;1;5852.0000;None;63200.0000
14039;2023-01-07 14:24:05.733000;3;102619;1;1;6800.0000;1;40463.0000;None;437000.0000
5276;2023-01-07 20:50:32.110000;3;102619;1;1;6800.0000;1;21222.0000;None;229200.0000
5266;2023-01-07 18:50:22.687000;3;102633;1;2;23600.0000;1;12778.0000;None;138000.0000
14032;2023-01-07 12:36:00.847000;3;102633;1;1;11800.0000;1;17759.0000;None;191800.0000
5265;2023-01-07 18:46:06.557000;3;102635;1;1;7800.0000;1;11944.0000;None;129000.0000
5270;2023-01-07 19:32:13.767000;3;102663;1;1;10800.0000;1;53019.0000;None;572600.0000
14034;2023-01-07 13:26:17.967000;1;102689;1;1;57800.0000;1;10833.0000;None;117000.0000
14042;2023-01-07 16:20:04.517000;8;102690;1;1;33800.0000;1;20241.0000;None;218600.0000
5263;2023-01-07 16:12:46.257000;3;102747;1;1;4800.0000;1;12037.0000;None;130000.0000
5262;2023-01-07 16:05:51.387000;3;102747;1;1;4800.0000;1;22537.0000;None;243400.0000
5276;2023-01-07 20:50:32.110000;3;102747;1;1;4800.0000;1;21222.0000;None;229200.0000
14045;2023-01-07 20:19:21.313000;3;102747;1;1;4800.0000;1;15130.0000;None;163400.0000
5261;2023-01-07 15:32:56.320000;3;102747;1;1;4800.0000;1;89223.0000;None;963600.0000
14042;2023-01-07 15:16:26.423000;3;102747;1;1;4800.0000;1;20241.0000;None;218600.0000
5262;2023-01-07 16:21:16.723000;3;102748;1;1;14800.0000;1;22537.0000;None;243400.0000
5262;2023-01-07 16:00:19.993000;3;102748;1;1;14800.0000;1;22537.0000;None;243400.0000
14042;2023-01-07 15:16:26.423000;3;102749;1;1;4800.0000;1;20241.0000;None;218600.0000
5258;2023-01-07 15:09:59.733000;3;102749;1;1;4800.0000;1;26019.0000;None;281000.0000
14034;2023-01-07 13:25:52.097000;3;102749;1;1;4800.0000;1;10833.0000;None;117000.0000
14034;2023-01-07 13:25:52.097000;3;102749;1;1;4800.0000;1;10833.0000;None;117000.0000
5261;2023-01-07 15:45:02.920000;8;102797;1;1;54800.0000;1;89223.0000;None;963600.0000
5261;2023-01-07 16:18:11.363000;8;102797;1;1;54800.0000;1;89223.0000;None;963600.0000
5261;2023-01-07 15:45:02.920000;8;102800;1;1;53800.0000;1;89223.0000;None;963600.0000
5255;2023-01-07 12:37:48.497000;8;102800;1;1;53800.0000;1;22148.0000;None;239200.0000
5257;2023-01-07 14:52:54.397000;1;102824;1;1;45800.0000;1;14167.0000;None;153000.0000
5258;2023-01-07 15:18:05.523000;1;102840;1;1;89800.0000;1;26019.0000;None;281000.0000
5258;2023-01-07 15:18:05.523000;1;102842;1;1;76800.0000;1;26019.0000;None;281000.0000
5269;2023-01-07 19:40:17.843000;8;102920;1;1;41800.0000;1;15074.0000;None;162800.0000
14039;2023-01-07 14:39:01.903000;8;102920;1;1;41800.0000;1;40463.0000;None;437000.0000
14037;2023-01-07 14:10:27.070000;1;102927;1;1;64800.0000;1;19426.0000;None;209800.0000
5261;2023-01-07 15:45:02.920000;1;102927;1;1;64800.0000;1;89223.0000;None;963600.0000
14039;2023-01-07 13:52:47.247000;2;102979;1;1;27800.0000;1;40463.0000;None;437000.0000
14039;2023-01-07 14:13:38.377000;2;102979;1;1;27800.0000;1;40463.0000;None;437000.0000
14042;2023-01-07 15:52:34.097000;8;102995;1;1;16800.0000;1;20241.0000;None;218600.0000
14042;2023-01-07 15:52:34.097000;8;102997;1;1;10800.0000;1;20241.0000;None;218600.0000
5275;2023-01-07 19:15:20.133000;8;102997;1;1;10800.0000;1;26815.0000;None;289600.0000
5275;2023-01-07 19:15:20.133000;8;103002;1;1;16800.0000;1;26815.0000;None;289600.0000
5261;2023-01-07 16:55:53.513000;8;103002;1;1;16800.0000;1;89223.0000;None;963600.0000
5255;2023-01-07 12:37:48.497000;8;103022;1;1;57800.0000;1;22148.0000;None;239200.0000
14039;2023-01-07 13:59:14.490000;8;103023;1;1;47800.0000;1;40463.0000;None;437000.0000
5275;2023-01-07 19:15:20.133000;8;103023;1;1;47800.0000;1;26815.0000;None;289600.0000
5274;2023-01-07 20:19:46.027000;8;103023;1;1;47800.0000;1;39352.0000;None;425000.0000
5274;2023-01-07 20:19:46.027000;8;103023;1;1;47800.0000;1;39352.0000;None;425000.0000
5263;2023-01-07 16:00:44.223000;8;103028;1;1;49800.0000;1;12037.0000;None;130000.0000
5265;2023-01-07 18:46:06.557000;8;103028;1;1;49800.0000;1;11944.0000;None;129000.0000
5261;2023-01-07 16:18:11.363000;8;103028;1;1;49800.0000;1;89223.0000;None;963600.0000
5261;2023-01-07 15:45:02.920000;8;103028;1;1;49800.0000;1;89223.0000;None;963600.0000
14034;2023-01-07 13:26:17.967000;1;103058;1;1;32800.0000;1;10833.0000;None;117000.0000
14032;2023-01-07 12:46:55.517000;1;103058;1;1;32800.0000;1;17759.0000;None;191800.0000
5255;2023-01-07 12:37:48.497000;1;103075;1;1;57800.0000;1;22148.0000;None;239200.0000
14036;2023-01-07 14:18:26.980000;8;103539;1;1;32800.0000;1;8630.0000;None;93200.0000
5276;2023-01-07 20:50:20.590000;8;103615;1;1;37800.0000;1;21222.0000;None;229200.0000
5268;2023-01-07 19:19:33.863000;8;103615;1;1;37800.0000;1;9741.0000;None;105200.0000
5269;2023-01-07 19:40:17.843000;8;103615;1;1;37800.0000;1;15074.0000;None;162800.0000
5261;2023-01-07 16:18:11.363000;8;103615;1;1;37800.0000;1;89223.0000;None;963600.0000
5261;2023-01-07 15:45:02.920000;8;103615;1;1;37800.0000;1;89223.0000;None;963600.0000
5270;2023-01-07 19:48:25.753000;1;103638;1;1;69800.0000;1;53019.0000;None;572600.0000
5266;2023-01-07 18:51:22.200000;8;103690;1;1;39800.0000;1;12778.0000;None;138000.0000
5277;2023-01-07 21:34:59.883000;8;103690;1;1;39800.0000;1;5759.0000;None;62200.0000
5275;2023-01-07 19:11:44.250000;8;103690;1;1;39800.0000;1;26815.0000;None;289600.0000
5259;2023-01-07 15:18:25.753000;1;103692;1;1;35800.0000;1;15093.0000;None;163000.0000
5257;2023-01-07 14:21:30.707000;1;103692;1;1;35800.0000;1;14167.0000;None;153000.0000
14032;2023-01-07 12:46:55.517000;1;103695;1;1;79800.0000;1;17759.0000;None;191800.0000
14033;2023-01-07 13:00:55.860000;1;103714;1;1;56800.0000;1;None;None;84400.0000
5261;2023-01-07 15:45:02.920000;8;103724;1;1;64800.0000;1;89223.0000;None;963600.0000
5270;2023-01-07 20:46:32.237000;1;103780;1;1;16800.0000;1;53019.0000;None;572600.0000
14039;2023-01-07 14:44:29.387000;1;103780;1;1;16800.0000;1;40463.0000;None;437000.0000
5271;2023-01-07 19:49:49.280000;8;103800;1;1;49800.0000;1;14593.0000;None;157600.0000
5257;2023-01-07 14:52:54.397000;1;103813;1;1;59800.0000;1;14167.0000;None;153000.0000
5259;2023-01-07 15:18:42.933000;1;103813;1;1;59800.0000;1;15093.0000;None;163000.0000
5255;2023-01-07 12:32:34.033000;1;103826;1;1;32800.0000;1;22148.0000;None;239200.0000
5274;2023-01-07 20:19:46.027000;8;103866;1;2;57600.0000;1;39352.0000;None;425000.0000
5276;2023-01-07 20:50:20.590000;8;103866;1;1;28800.0000;1;21222.0000;None;229200.0000
14042;2023-01-07 15:52:34.097000;8;103867;1;1;27800.0000;1;20241.0000;None;218600.0000
14037;2023-01-07 14:10:15.350000;8;103867;1;1;27800.0000;1;19426.0000;None;209800.0000
5275;2023-01-07 19:43:59.323000;8;103867;1;1;27800.0000;1;26815.0000;None;289600.0000
5262;2023-01-07 16:00:44.223000;8;103867;1;1;27800.0000;1;22537.0000;None;243400.0000
5275;2023-01-07 20:27:40.620000;3;103912;1;1;6800.0000;1;26815.0000;None;289600.0000
5265;2023-01-07 18:46:06.557000;8;103962;1;1;52800.0000;1;11944.0000;None;129000.0000
5262;2023-01-07 16:36:19.500000;1;104004;1;1;15800.0000;1;22537.0000;None;243400.0000
5275;2023-01-07 20:27:40.620000;1;104004;1;1;15800.0000;1;26815.0000;None;289600.0000
5261;2023-01-07 16:56:38.773000;1;104004;1;1;15800.0000;1;89223.0000;None;963600.0000
5260;2023-01-07 15:23:14.247000;1;104211;1;1;25800.0000;1;5852.0000;None;63200.0000
5275;2023-01-07 19:11:44.250000;2;104234;1;1;36800.0000;1;26815.0000;None;289600.0000
5275;2023-01-07 19:11:44.250000;2;104234;1;1;36800.0000;1;26815.0000;None;289600.0000
5262;2023-01-07 16:00:19.993000;1;104240;1;1;28800.0000;1;22537.0000;None;243400.0000
14042;2023-01-07 15:28:05.517000;1;104253;1;1;16800.0000;1;20241.0000;None;218600.0000
5262;2023-01-07 16:00:19.993000;1;104256;1;1;28800.0000;1;22537.0000;None;243400.0000
5274;2023-01-07 20:19:46.027000;8;104259;1;1;13800.0000;1;39352.0000;None;425000.0000
14039;2023-01-07 13:59:14.490000;1;104308;1;1;68800.0000;1;40463.0000;None;437000.0000
14033;2023-01-07 13:01:06.263000;3;104446;1;1;5800.0000;1;None;None;84400.0000
5260;2023-01-07 15:20:45.403000;3;104446;1;1;5800.0000;1;5852.0000;None;63200.0000
5271;2023-01-07 20:31:36.713000;3;104554;1;1;4800.0000;1;14593.0000;None;157600.0000
5271;2023-01-07 20:31:36.713000;3;104554;1;1;4800.0000;1;14593.0000;None;157600.0000
5259;2023-01-07 15:18:42.933000;8;104655;1;1;37800.0000;1;15093.0000;None;163000.0000
14039;2023-01-07 13:59:14.490000;8;104655;1;1;37800.0000;1;40463.0000;None;437000.0000
5268;2023-01-07 19:19:33.863000;1;105023;1;1;55800.0000;1;9741.0000;None;105200.0000
5261;2023-01-07 15:36:40.863000;1;105023;1;1;55800.0000;1;89223.0000;None;963600.0000
5261;2023-01-07 15:36:40.863000;1;105023;1;1;55800.0000;1;89223.0000;None;963600.0000
5261;2023-01-07 15:45:02.920000;6;105090;1;1;0.0000;1;89223.0000;None;963600.0000
14037;2023-01-07 14:10:27.070000;6;105090;1;1;0.0000;1;19426.0000;None;209800.0000
5270;2023-01-07 20:21:35.787000;1;105380;1;10;0.0000;1;53019.0000;None;572600.0000
5274;2023-01-07 20:19:46.027000;8;105424;1;1;58800.0000;1;39352.0000;None;425000.0000
14042;2023-01-07 15:28:05.517000;8;105434;1;1;38800.0000;1;20241.0000;None;218600.0000
14037;2023-01-07 14:10:27.070000;6;105509;1;1;0.0000;1;19426.0000;None;209800.0000
5261;2023-01-07 15:45:02.920000;6;105509;1;1;0.0000;1;89223.0000;None;963600.0000
5275;2023-01-07 19:11:44.250000;8;105731;1;1;0.0000;1;26815.0000;None;289600.0000
5277;2023-01-07 21:34:59.883000;8;105731;1;1;0.0000;1;5759.0000;None;62200.0000
5266;2023-01-07 18:51:22.200000;8;105731;1;1;0.0000;1;12778.0000;None;138000.0000
14032;2023-01-07 12:38:23.670000;2;106012;1;1;41800.0000;1;17759.0000;None;191800.0000
5276;2023-01-07 20:50:20.590000;8;106077;1;1;32800.0000;1;21222.0000;None;229200.0000
5274;2023-01-07 20:19:46.027000;8;106491;1;2;93600.0000;1;39352.0000;None;425000.0000
14042;2023-01-07 15:52:34.097000;8;106491;1;1;46800.0000;1;20241.0000;None;218600.0000
14032;2023-01-07 12:46:55.517000;1;106922;1;1;0.0000;1;17759.0000;None;191800.0000
14034;2023-01-07 13:26:17.967000;1;106922;1;1;0.0000;1;10833.0000;None;117000.0000
5277;2023-01-07 21:37:20.683000;3;107198;1;1;9800.0000;1;5759.0000;None;62200.0000
14045;2023-01-07 20:19:30.010000;8;107209;1;1;152800.0000;1;15130.0000;None;163400.0000
5261;2023-01-07 15:32:56.320000;2;108121;1;4;155200.0000;1;89223.0000;None;963600.0000
5262;2023-01-07 16:00:19.993000;3;108191;1;1;None;1;22537.0000;None;243400.0000
5269;2023-01-07 19:30:18.067000;3;108191;1;1;0.0000;1;15074.0000;None;162800.0000
5269;2023-01-07 19:30:18.067000;3;108192;1;1;0.0000;1;15074.0000;None;162800.0000
5258;2023-01-07 15:09:59.733000;3;108192;1;1;0.0000;1;26019.0000;None;281000.0000
14037;2023-01-07 14:17:17.167000;8;109180;1;1;37800.0000;1;19426.0000;None;209800.0000
14039;2023-01-07 13:59:14.490000;8;109180;1;1;37800.0000;1;40463.0000;None;437000.0000
5258;2023-01-07 15:18:05.523000;8;109181;1;1;59800.0000;1;26019.0000;None;281000.0000
5270;2023-01-07 19:48:25.753000;8;109181;1;1;59800.0000;1;53019.0000;None;572600.0000
5276;2023-01-07 20:50:20.590000;8;109181;1;1;59800.0000;1;21222.0000;None;229200.0000
5271;2023-01-07 19:55:02.807000;8;109217;1;1;0.0000;1;14593.0000;None;157600.0000
5258;2023-01-07 15:40:15.883000;8;109217;1;1;0.0000;1;26019.0000;None;281000.0000
5258;2023-01-07 15:40:15.883000;8;109217;1;1;0.0000;1;26019.0000;None;281000.0000
5261;2023-01-07 16:05:28.820000;8;109217;1;1;None;1;89223.0000;None;963600.0000
21246;2023-01-07 12:09:08.723000;8;109318;1;1;38800.0000;1;None;10000.0000;38800.0000
5271;2023-01-07 19:40:54.027000;1;109513;1;1;36800.0000;1;14593.0000;None;157600.0000
5270;2023-01-07 19:32:45.887000;1;109513;1;1;36800.0000;1;53019.0000;None;572600.0000
5270;2023-01-07 19:32:13.767000;3;200006;1;1;8800.0000;1;53019.0000;None;572600.0000
5261;2023-01-07 15:53:34.693000;2;200060;1;1;134800.0000;1;89223.0000;None;963600.0000
5259;2023-01-07 15:18:21.017000;2;200478;1;1;14800.0000;1;15093.0000;None;163000.0000
5259;2023-01-07 15:45:09.543000;2;200478;1;1;14800.0000;1;15093.0000;None;163000.0000
5258;2023-01-07 15:09:59.733000;2;200480;1;1;12800.0000;1;26019.0000;None;281000.0000
5269;2023-01-07 19:30:18.067000;2;200480;1;1;12800.0000;1;15074.0000;None;162800.0000
5262;2023-01-07 16:00:19.993000;2;200480;1;1;12800.0000;1;22537.0000;None;243400.0000
5262;2023-01-07 16:21:16.723000;2;200480;1;1;12800.0000;1;22537.0000;None;243400.0000
14045;2023-01-07 20:19:21.313000;3;200644;1;1;5800.0000;1;15130.0000;None;163400.0000
5277;2023-01-07 21:34:59.883000;3;200644;1;1;5800.0000;1;5759.0000;None;62200.0000
5268;2023-01-07 19:19:33.863000;3;200644;1;1;5800.0000;1;9741.0000;None;105200.0000
5271;2023-01-07 19:39:56.730000;3;200644;1;1;5800.0000;1;14593.0000;None;157600.0000
5257;2023-01-07 14:21:39.120000;3;200644;1;1;5800.0000;1;14167.0000;None;153000.0000
5268;2023-01-07 19:19:33.863000;3;201146;1;1;5800.0000;1;9741.0000;None;105200.0000
14042;2023-01-07 15:16:26.423000;3;201146;1;1;5800.0000;1;20241.0000;None;218600.0000
5261;2023-01-07 15:32:56.320000;3;201146;1;1;5800.0000;1;89223.0000;None;963600.0000
5255;2023-01-07 12:32:34.033000;3;201146;1;1;5800.0000;1;22148.0000;None;239200.0000
5255;2023-01-07 12:32:34.033000;2;201187;1;1;9800.0000;1;22148.0000;None;239200.0000
5255;2023-01-07 13:09:50.590000;2;201187;1;1;9800.0000;1;22148.0000;None;239200.0000
14036;2023-01-07 14:23:02.767000;3;201206;1;1;5800.0000;1;8630.0000;None;93200.0000
14042;2023-01-07 16:07:47.193000;3;201206;1;1;5800.0000;1;20241.0000;None;218600.0000
14042;2023-01-07 15:16:26.423000;3;201206;1;1;5800.0000;1;20241.0000;None;218600.0000
14039;2023-01-07 13:52:47.247000;3;201206;1;1;5800.0000;1;40463.0000;None;437000.0000
5263;2023-01-07 16:12:46.257000;3;201211;1;1;5800.0000;1;12037.0000;None;130000.0000
14039;2023-01-07 14:24:05.733000;3;201211;1;1;5800.0000;1;40463.0000;None;437000.0000
5258;2023-01-07 15:45:46.140000;3;201211;1;1;5800.0000;1;26019.0000;None;281000.0000
5257;2023-01-07 14:21:39.120000;3;201237;1;1;5800.0000;1;14167.0000;None;153000.0000
14043;2023-01-07 16:46:06.623000;3;201237;1;1;5800.0000;1;5944.0000;None;64200.0000
5276;2023-01-07 20:50:25.997000;3;201269;1;2;11600.0000;1;21222.0000;None;229200.0000
5261;2023-01-07 15:32:56.320000;3;201269;1;1;5800.0000;1;89223.0000;None;963600.0000
5269;2023-01-07 19:30:18.067000;2;201615;1;1;13800.0000;1;15074.0000;None;162800.0000
5269;2023-01-07 19:30:18.067000;2;201615;1;1;13800.0000;1;15074.0000;None;162800.0000
5258;2023-01-07 15:09:59.733000;2;201615;1;1;13800.0000;1;26019.0000;None;281000.0000
14037;2023-01-07 14:10:15.337000;3;202133;1;1;9800.0000;1;19426.0000;None;209800.0000
14037;2023-01-07 14:10:15.337000;3;202133;1;1;9800.0000;1;19426.0000;None;209800.0000
5271;2023-01-07 19:39:56.730000;2;202387;1;1;19800.0000;1;14593.0000;None;157600.0000
5265;2023-01-07 18:46:06.557000;2;202604;1;1;12800.0000;1;11944.0000;None;129000.0000
