5350;2023-01-11 12:37:00.957000;7;1020;1;1;0.0000;1;19778.0000;None;213600.0000
14097;2023-01-11 13:09:00.893000;7;1020;1;1;0.0000;1;58241.0000;None;629000.0000
5348;2023-01-11 12:40:55.527000;7;1020;1;1;0.0000;1;32111.0000;None;346800.0000
14109;2023-01-11 21:49:14.613000;7;1020;1;1;0.0000;1;26630.0000;None;287600.0000
5356;2023-01-11 19:21:08.497000;7;1020;1;1;0.0000;1;20852.0000;None;225200.0000
5357;2023-01-11 19:39:41.010000;7;1020;1;1;0.0000;1;18333.0000;None;198000.0000
5358;2023-01-11 21:22:23.563000;7;1020;1;1;0.0000;1;29556.0000;None;319200.0000
14107;2023-01-11 19:39:12.500000;7;1020;1;1;0.0000;1;18167.0000;None;196200.0000
14108;2023-01-11 21:04:51.620000;7;1020;1;1;0.0000;1;9722.0000;None;105000.0000
5360;2023-01-11 21:44:25.910000;7;1020;1;1;0.0000;1;10005.0000;None;108050.0000
5353;2023-01-11 13:33:40.783000;7;1020;1;1;0.0000;1;27315.0000;None;295000.0000
14099;2023-01-11 13:26:24.993000;7;1020;1;1;0.0000;1;11352.0000;None;122600.0000
14100;2023-01-11 14:55:50.050000;7;1020;1;1;0.0000;1;29241.0000;None;315800.0000
14103;2023-01-11 16:44:19.497000;7;1020;1;1;0.0000;1;12593.0000;None;136000.0000
14103;2023-01-11 16:44:10.553000;7;1020;1;1;0.0000;1;12593.0000;None;136000.0000
14105;2023-01-11 18:28:32.383000;7;1020;1;1;0.0000;1;14722.0000;None;159000.0000
14104;2023-01-11 17:49:26.393000;7;1020;1;1;0.0000;1;17833.0000;None;192600.0000
14102;2023-01-11 16:36:17.817000;7;1020;1;1;0.0000;1;32759.0000;None;353800.0000
5359;2023-01-11 21:20:11.813000;7;1026;1;1;0.0000;1;23667.0000;None;255600.0000
5349;2023-01-11 12:35:57.317000;7;1029;1;1;0.0000;1;20037.0000;None;216400.0000
5349;2023-01-11 13:12:08.290000;7;1029;1;1;0.0000;1;20037.0000;None;216400.0000
5349;2023-01-11 13:12:33.467000;7;1030;1;1;0.0000;1;20037.0000;None;216400.0000
5350;2023-01-11 12:37:00.957000;7;1030;1;1;0.0000;1;19778.0000;None;213600.0000
5359;2023-01-11 21:20:11.813000;7;1030;1;1;0.0000;1;23667.0000;None;255600.0000
5358;2023-01-11 20:24:55.327000;7;1030;1;1;0.0000;1;29556.0000;None;319200.0000
14104;2023-01-11 17:49:26.393000;7;1030;1;1;0.0000;1;17833.0000;None;192600.0000
14103;2023-01-11 16:44:19.497000;7;1030;1;1;0.0000;1;12593.0000;None;136000.0000
14099;2023-01-11 13:26:24.993000;7;1030;1;1;0.0000;1;11352.0000;None;122600.0000
5353;2023-01-11 13:33:40.783000;7;1030;1;1;0.0000;1;27315.0000;None;295000.0000
5352;2023-01-11 13:35:50.677000;7;1030;1;1;0.0000;1;16093.0000;None;173800.0000
14102;2023-01-11 16:36:17.817000;7;1040;1;1;0.0000;1;32759.0000;None;353800.0000
14107;2023-01-11 19:39:12.500000;7;1040;1;1;0.0000;1;18167.0000;None;196200.0000
14108;2023-01-11 21:04:51.620000;7;1040;1;1;0.0000;1;9722.0000;None;105000.0000
5357;2023-01-11 19:39:41.010000;7;1040;1;1;0.0000;1;18333.0000;None;198000.0000
5356;2023-01-11 19:21:08.497000;7;1040;1;1;0.0000;1;20852.0000;None;225200.0000
14097;2023-01-11 13:09:00.893000;7;1135;1;1;0.0000;1;58241.0000;None;629000.0000
5351;2023-01-11 13:11:02.500000;7;1135;1;1;0.0000;1;38741.0000;None;418400.0000
5351;2023-01-11 13:36:29.133000;7;1135;1;1;0.0000;1;38741.0000;None;418400.0000
5348;2023-01-11 12:40:55.527000;7;1135;1;1;0.0000;1;32111.0000;None;346800.0000
21272;2023-01-11 18:32:22.690000;7;1135;1;1;0.0000;1;19278.0000;None;208200.0000
5358;2023-01-11 21:22:23.563000;7;1135;1;1;0.0000;1;29556.0000;None;319200.0000
14103;2023-01-11 16:44:10.553000;7;1135;1;1;0.0000;1;12593.0000;None;136000.0000
21270;2023-01-11 15:59:49.117000;7;1135;1;1;0.0000;1;None;None;16800.0000
14098;2023-01-11 13:25:29.357000;7;1153;1;1;0.0000;1;16982.0000;None;183400.0000
14098;2023-01-11 13:25:29.357000;7;1153;1;1;0.0000;1;16982.0000;None;183400.0000
14097;2023-01-11 13:45:47.937000;7;1186;1;1;0.0000;1;58241.0000;None;629000.0000
14097;2023-01-11 13:45:47.937000;7;1186;1;1;0.0000;1;58241.0000;None;629000.0000
14097;2023-01-11 13:45:47.937000;7;1186;1;1;0.0000;1;58241.0000;None;629000.0000
14097;2023-01-11 12:44:31.737000;7;1207;1;1;0.0000;1;58241.0000;None;629000.0000
14097;2023-01-11 13:05:26.850000;7;1207;1;1;0.0000;1;58241.0000;None;629000.0000
5352;2023-01-11 13:13:19.173000;7;1207;1;1;0.0000;1;16093.0000;None;173800.0000
14102;2023-01-11 16:22:59.880000;7;1207;1;1;0.0000;1;32759.0000;None;353800.0000
14109;2023-01-11 22:22:12.830000;7;1207;1;1;0.0000;1;26630.0000;None;287600.0000
14104;2023-01-11 18:05:42.703000;7;1220;1;1;0.0000;1;17833.0000;None;192600.0000
14104;2023-01-11 18:05:42.703000;7;1220;1;1;0.0000;1;17833.0000;None;192600.0000
5352;2023-01-11 13:41:32.420000;7;1220;1;1;0.0000;1;16093.0000;None;173800.0000
5358;2023-01-11 20:54:08.753000;7;1220;1;1;0.0000;1;29556.0000;None;319200.0000
5349;2023-01-11 13:18:35.423000;7;1220;1;1;0.0000;1;20037.0000;None;216400.0000
14097;2023-01-11 13:45:47.937000;7;2004;2;1;0.0000;1;58241.0000;None;629000.0000
14098;2023-01-11 13:25:29.357000;7;2004;2;1;0.0000;1;16982.0000;None;183400.0000
14098;2023-01-11 13:25:29.357000;7;2004;2;1;0.0000;1;16982.0000;None;183400.0000
14104;2023-01-11 18:05:42.703000;7;2004;2;1;0.0000;1;17833.0000;None;192600.0000
14104;2023-01-11 18:05:42.703000;7;2004;2;1;0.0000;1;17833.0000;None;192600.0000
14097;2023-01-11 12:44:31.737000;7;2042;1;1;0.0000;1;58241.0000;None;629000.0000
5348;2023-01-11 13:07:43.167000;7;2042;1;1;0.0000;1;32111.0000;None;346800.0000
5348;2023-01-11 12:23:21.970000;7;2042;1;1;0.0000;1;32111.0000;None;346800.0000
5348;2023-01-11 12:26:46.300000;7;2042;1;1;0.0000;1;32111.0000;None;346800.0000
5355;2023-01-11 18:33:05.230000;7;2042;1;1;0.0000;1;13982.0000;None;151000.0000
5348;2023-01-11 12:26:46.300000;7;2072;1;1;0.0000;1;32111.0000;None;346800.0000
5351;2023-01-11 14:23:34.427000;3;100596;1;1;5800.0000;1;38741.0000;None;418400.0000
5349;2023-01-11 13:59:56;3;100606;1;1;6800.0000;1;20037.0000;None;216400.0000
14098;2023-01-11 14:01:40.767000;3;100607;1;1;6800.0000;1;16982.0000;None;183400.0000
14098;2023-01-11 14:01:40.767000;3;100612;1;1;7800.0000;1;16982.0000;None;183400.0000
5349;2023-01-11 13:59:56;3;100613;1;1;5800.0000;1;20037.0000;None;216400.0000
5351;2023-01-11 14:19:56.830000;3;100614;1;1;5800.0000;1;38741.0000;None;418400.0000
14100;2023-01-11 15:45:54.747000;3;100614;1;1;5800.0000;1;29241.0000;None;315800.0000
5358;2023-01-11 21:22:23.563000;8;100884;1;1;33800.0000;1;29556.0000;None;319200.0000
5360;2023-01-11 21:44:25.910000;8;100936;1;1;11850.0000;1;10005.0000;None;108050.0000
5360;2023-01-11 21:44:25.910000;8;100953;1;1;42800.0000;1;10005.0000;None;108050.0000
14107;2023-01-11 19:39:12.500000;8;100953;1;1;42800.0000;1;18167.0000;None;196200.0000
5356;2023-01-11 19:21:08.497000;8;100953;1;1;42800.0000;1;20852.0000;None;225200.0000
5355;2023-01-11 18:33:05.230000;8;100953;1;1;42800.0000;1;13982.0000;None;151000.0000
14097;2023-01-11 13:09:00.893000;8;100953;1;1;42800.0000;1;58241.0000;None;629000.0000
14104;2023-01-11 17:32:32.510000;2;100971;1;1;25800.0000;1;17833.0000;None;192600.0000
5355;2023-01-11 19:01:34.557000;3;100999;1;1;5800.0000;1;13982.0000;None;151000.0000
5357;2023-01-11 20:23:32.043000;3;100999;1;1;5800.0000;1;18333.0000;None;198000.0000
5357;2023-01-11 20:23:32.043000;3;100999;1;1;5800.0000;1;18333.0000;None;198000.0000
14103;2023-01-11 16:44:10.553000;8;101026;1;1;31800.0000;1;12593.0000;None;136000.0000
5353;2023-01-11 13:33:40.783000;8;101026;1;1;31800.0000;1;27315.0000;None;295000.0000
5353;2023-01-11 13:33:40.783000;8;101026;1;1;31800.0000;1;27315.0000;None;295000.0000
14099;2023-01-11 13:25:54.363000;8;101026;1;1;31800.0000;1;11352.0000;None;122600.0000
14106;2023-01-11 20:08:05.357000;1;101035;1;1;17800.0000;1;23759.0000;None;256600.0000
14097;2023-01-11 13:09:00.893000;1;101305;1;1;21800.0000;1;58241.0000;None;629000.0000
5359;2023-01-11 21:20:11.813000;1;101321;1;1;26800.0000;1;23667.0000;None;255600.0000
14101;2023-01-11 14:52:42.977000;1;101323;1;1;28800.0000;1;6685.0000;None;72200.0000
14106;2023-01-11 20:36:22.123000;1;101425;1;1;16800.0000;1;23759.0000;None;256600.0000
21272;2023-01-11 18:32:22.690000;6;101546;1;1;0.0000;1;19278.0000;None;208200.0000
21272;2023-01-11 18:32:22.690000;6;101546;1;1;0.0000;1;19278.0000;None;208200.0000
14103;2023-01-11 16:44:19.497000;6;101546;1;1;0.0000;1;12593.0000;None;136000.0000
14102;2023-01-11 16:59:26.060000;6;101613;1;1;0.0000;1;32759.0000;None;353800.0000
14102;2023-01-11 16:59:26.060000;6;101613;1;1;0.0000;1;32759.0000;None;353800.0000
14106;2023-01-11 20:18:25.690000;6;101613;1;10;0.0000;1;23759.0000;None;256600.0000
14108;2023-01-11 21:20:32.997000;6;101613;1;10;0.0000;1;9722.0000;None;105000.0000
5359;2023-01-11 21:30:51.210000;6;101613;1;1;0.0000;1;23667.0000;None;255600.0000
5359;2023-01-11 21:30:51.210000;6;101613;1;1;0.0000;1;23667.0000;None;255600.0000
14107;2023-01-11 19:50:38.447000;6;101613;1;1;0.0000;1;18167.0000;None;196200.0000
14107;2023-01-11 19:50:38.447000;6;101613;1;1;0.0000;1;18167.0000;None;196200.0000
14108;2023-01-11 21:04:51.620000;3;101641;1;1;0.0000;1;9722.0000;None;105000.0000
14106;2023-01-11 19:27:35.147000;3;101641;1;1;0.0000;1;23759.0000;None;256600.0000
14103;2023-01-11 16:43:56.123000;3;101641;1;1;0.0000;1;12593.0000;None;136000.0000
14103;2023-01-11 16:43:56.123000;3;101641;1;1;0.0000;1;12593.0000;None;136000.0000
5351;2023-01-11 13:54:11.243000;3;101641;1;1;0.0000;1;38741.0000;None;418400.0000
14109;2023-01-11 21:49:01.620000;3;101641;1;1;0.0000;1;26630.0000;None;287600.0000
14109;2023-01-11 21:49:01.620000;3;101641;1;1;0.0000;1;26630.0000;None;287600.0000
5349;2023-01-11 12:52:18.920000;3;101641;1;1;0.0000;1;20037.0000;None;216400.0000
14097;2023-01-11 12:44:31.737000;3;101641;1;1;0.0000;1;58241.0000;None;629000.0000
14097;2023-01-11 12:44:31.737000;3;101641;1;1;0.0000;1;58241.0000;None;629000.0000
14097;2023-01-11 13:05:26.850000;3;101641;1;1;0.0000;1;58241.0000;None;629000.0000
5350;2023-01-11 12:36:43.993000;3;101641;1;1;0.0000;1;19778.0000;None;213600.0000
5358;2023-01-11 20:11:51.207000;2;101818;1;1;28800.0000;1;29556.0000;None;319200.0000
5358;2023-01-11 20:16:06.560000;2;101818;1;1;28800.0000;1;29556.0000;None;319200.0000
5358;2023-01-11 20:58:41.057000;2;101818;1;1;28800.0000;1;29556.0000;None;319200.0000
5358;2023-01-11 20:58:41.057000;2;101818;1;1;28800.0000;1;29556.0000;None;319200.0000
14100;2023-01-11 14:24:26.467000;2;101819;1;1;28800.0000;1;29241.0000;None;315800.0000
14105;2023-01-11 18:28:32.383000;8;101883;1;1;52800.0000;1;14722.0000;None;159000.0000
5349;2023-01-11 13:59:56;1;101891;1;1;16800.0000;1;20037.0000;None;216400.0000
14104;2023-01-11 18:31:14.667000;1;101891;1;1;16800.0000;1;17833.0000;None;192600.0000
14099;2023-01-11 14:08:39.973000;1;101891;1;1;16800.0000;1;11352.0000;None;122600.0000
14106;2023-01-11 20:36:22.123000;1;101891;1;1;16800.0000;1;23759.0000;None;256600.0000
5349;2023-01-11 13:12:33.467000;1;101927;1;1;119800.0000;1;20037.0000;None;216400.0000
14097;2023-01-11 13:09:00.893000;1;101927;1;1;119800.0000;1;58241.0000;None;629000.0000
5351;2023-01-11 13:36:29.133000;1;101927;1;1;119800.0000;1;38741.0000;None;418400.0000
5351;2023-01-11 13:36:29.133000;1;101929;1;1;16800.0000;1;38741.0000;None;418400.0000
14100;2023-01-11 14:24:26.467000;1;101929;1;1;16800.0000;1;29241.0000;None;315800.0000
14097;2023-01-11 13:09:00.893000;8;101992;1;1;31800.0000;1;58241.0000;None;629000.0000
14097;2023-01-11 13:09:00.893000;8;101992;1;1;31800.0000;1;58241.0000;None;629000.0000
14097;2023-01-11 13:09:00.893000;8;101992;1;1;31800.0000;1;58241.0000;None;629000.0000
5357;2023-01-11 19:33:35.693000;8;101996;1;1;15800.0000;1;18333.0000;None;198000.0000
5356;2023-01-11 19:07:36.297000;8;101996;1;1;15800.0000;1;20852.0000;None;225200.0000
14097;2023-01-11 13:09:00.893000;1;102250;1;1;2800.0000;1;58241.0000;None;629000.0000
14097;2023-01-11 13:09:00.893000;1;102250;1;1;2800.0000;1;58241.0000;None;629000.0000
5351;2023-01-11 13:25:51.300000;1;102319;1;1;3800.0000;1;38741.0000;None;418400.0000
5350;2023-01-11 12:37:00.957000;1;102395;1;1;37800.0000;1;19778.0000;None;213600.0000
14106;2023-01-11 19:37:12.650000;1;102447;1;1;16800.0000;1;23759.0000;None;256600.0000
5356;2023-01-11 19:07:36.297000;1;102455;1;1;37800.0000;1;20852.0000;None;225200.0000
5356;2023-01-11 19:07:36.297000;1;102456;1;1;16800.0000;1;20852.0000;None;225200.0000
5360;2023-01-11 21:26:45.180000;1;102456;1;1;16800.0000;1;10005.0000;None;108050.0000
21270;2023-01-11 15:59:49.117000;1;102456;1;1;16800.0000;1;None;None;16800.0000
5353;2023-01-11 14:03:15.817000;1;102457;1;1;17800.0000;1;27315.0000;None;295000.0000
5358;2023-01-11 20:24:31.933000;1;102457;1;1;17800.0000;1;29556.0000;None;319200.0000
14106;2023-01-11 20:08:05.357000;1;102457;1;1;17800.0000;1;23759.0000;None;256600.0000
14109;2023-01-11 21:49:01.620000;1;102457;1;1;17800.0000;1;26630.0000;None;287600.0000
5349;2023-01-11 12:35:57.317000;1;102457;1;1;17800.0000;1;20037.0000;None;216400.0000
5348;2023-01-11 12:26:56.830000;1;102457;1;1;17800.0000;1;32111.0000;None;346800.0000
14102;2023-01-11 16:33:48.540000;1;102458;1;1;18800.0000;1;32759.0000;None;353800.0000
5351;2023-01-11 13:11:02.500000;1;102459;1;1;17800.0000;1;38741.0000;None;418400.0000
5356;2023-01-11 19:07:26.617000;3;102616;1;1;4800.0000;1;20852.0000;None;225200.0000
5356;2023-01-11 19:07:26.617000;3;102616;1;1;4800.0000;1;20852.0000;None;225200.0000
5355;2023-01-11 18:33:05.230000;3;102619;1;1;6800.0000;1;13982.0000;None;151000.0000
14097;2023-01-11 13:54:23.940000;3;102619;1;1;6800.0000;1;58241.0000;None;629000.0000
14097;2023-01-11 13:05:26.850000;3;102619;1;2;13600.0000;1;58241.0000;None;629000.0000
14098;2023-01-11 13:18:43.657000;3;102635;1;1;7800.0000;1;16982.0000;None;183400.0000
5348;2023-01-11 12:26:46.300000;3;102637;1;1;9800.0000;1;32111.0000;None;346800.0000
5352;2023-01-11 13:13:19.173000;3;102643;1;1;13800.0000;1;16093.0000;None;173800.0000
5359;2023-01-11 21:19:59.947000;8;102692;1;1;33800.0000;1;23667.0000;None;255600.0000
5348;2023-01-11 12:23:21.970000;3;102748;1;1;14800.0000;1;32111.0000;None;346800.0000
5348;2023-01-11 13:07:43.167000;3;102748;1;1;14800.0000;1;32111.0000;None;346800.0000
14097;2023-01-11 12:44:31.737000;3;102748;1;1;14800.0000;1;58241.0000;None;629000.0000
5350;2023-01-11 12:36:43.993000;3;102748;1;1;14800.0000;1;19778.0000;None;213600.0000
14097;2023-01-11 13:47:10.277000;3;102748;1;1;14800.0000;1;58241.0000;None;629000.0000
5352;2023-01-11 13:15:46.340000;3;102748;1;1;14800.0000;1;16093.0000;None;173800.0000
14101;2023-01-11 15:14:26.097000;3;102748;1;1;14800.0000;1;6685.0000;None;72200.0000
14101;2023-01-11 14:39:04.830000;3;102748;1;1;14800.0000;1;6685.0000;None;72200.0000
5351;2023-01-11 13:11:02.500000;8;102790;1;1;35800.0000;1;38741.0000;None;418400.0000
5351;2023-01-11 13:11:02.500000;8;102790;1;1;35800.0000;1;38741.0000;None;418400.0000
14106;2023-01-11 20:08:05.357000;8;102790;1;1;35800.0000;1;23759.0000;None;256600.0000
14102;2023-01-11 16:36:17.817000;8;102800;1;1;53800.0000;1;32759.0000;None;353800.0000
5358;2023-01-11 20:24:55.327000;1;102842;1;1;76800.0000;1;29556.0000;None;319200.0000
14097;2023-01-11 13:09:00.893000;8;102920;1;1;41800.0000;1;58241.0000;None;629000.0000
21272;2023-01-11 18:32:22.690000;1;102927;1;1;64800.0000;1;19278.0000;None;208200.0000
21272;2023-01-11 18:32:22.690000;1;102927;1;1;64800.0000;1;19278.0000;None;208200.0000
14103;2023-01-11 16:44:19.497000;1;102927;1;1;64800.0000;1;12593.0000;None;136000.0000
5350;2023-01-11 12:37:00.957000;1;102971;1;1;87800.0000;1;19778.0000;None;213600.0000
5348;2023-01-11 12:40:55.527000;1;102973;1;1;109800.0000;1;32111.0000;None;346800.0000
14104;2023-01-11 17:49:26.393000;8;103022;1;1;57800.0000;1;17833.0000;None;192600.0000
5355;2023-01-11 18:33:05.230000;8;103022;1;1;57800.0000;1;13982.0000;None;151000.0000
5356;2023-01-11 19:21:08.497000;8;103023;1;1;47800.0000;1;20852.0000;None;225200.0000
14107;2023-01-11 19:39:12.500000;8;103023;1;1;47800.0000;1;18167.0000;None;196200.0000
14104;2023-01-11 17:49:26.393000;8;103023;1;1;47800.0000;1;17833.0000;None;192600.0000
14100;2023-01-11 14:55:50.050000;8;103023;1;1;47800.0000;1;29241.0000;None;315800.0000
14100;2023-01-11 14:55:50.050000;8;103023;1;1;47800.0000;1;29241.0000;None;315800.0000
14102;2023-01-11 16:36:17.817000;8;103028;1;1;49800.0000;1;32759.0000;None;353800.0000
5357;2023-01-11 19:39:41.010000;8;103028;1;1;49800.0000;1;18333.0000;None;198000.0000
5352;2023-01-11 13:35:50.677000;1;103058;1;1;32800.0000;1;16093.0000;None;173800.0000
5356;2023-01-11 19:21:08.497000;8;103539;1;1;32800.0000;1;20852.0000;None;225200.0000
5352;2023-01-11 13:32:16.470000;8;103544;1;1;23800.0000;1;16093.0000;None;173800.0000
5348;2023-01-11 12:40:55.527000;1;103596;1;1;72800.0000;1;32111.0000;None;346800.0000
5349;2023-01-11 13:12:08.290000;8;103615;1;1;37800.0000;1;20037.0000;None;216400.0000
5355;2023-01-11 18:33:05.230000;8;103615;1;1;37800.0000;1;13982.0000;None;151000.0000
14107;2023-01-11 19:39:12.500000;8;103615;1;1;37800.0000;1;18167.0000;None;196200.0000
14109;2023-01-11 21:49:14.613000;8;103615;1;3;113400.0000;1;26630.0000;None;287600.0000
14097;2023-01-11 13:09:00.893000;1;103638;1;1;69800.0000;1;58241.0000;None;629000.0000
14109;2023-01-11 21:49:01.620000;8;103690;1;1;39800.0000;1;26630.0000;None;287600.0000
21272;2023-01-11 18:32:22.690000;8;103690;1;1;39800.0000;1;19278.0000;None;208200.0000
14098;2023-01-11 13:33:06.517000;1;103695;1;1;79800.0000;1;16982.0000;None;183400.0000
5348;2023-01-11 12:40:55.527000;1;103695;1;1;79800.0000;1;32111.0000;None;346800.0000
5351;2023-01-11 13:36:29.133000;1;103730;1;1;20800.0000;1;38741.0000;None;418400.0000
5357;2023-01-11 19:39:41.010000;8;103746;1;1;37800.0000;1;18333.0000;None;198000.0000
14106;2023-01-11 20:08:05.357000;8;103746;1;1;37800.0000;1;23759.0000;None;256600.0000
14098;2023-01-11 14:01:40.767000;1;103780;1;1;16800.0000;1;16982.0000;None;183400.0000
5350;2023-01-11 12:36:43.993000;1;103826;1;1;32800.0000;1;19778.0000;None;213600.0000
14100;2023-01-11 14:55:50.050000;1;103865;1;1;89800.0000;1;29241.0000;None;315800.0000
14097;2023-01-11 13:09:00.893000;8;103866;1;1;28800.0000;1;58241.0000;None;629000.0000
14097;2023-01-11 13:09:00.893000;8;103866;1;1;28800.0000;1;58241.0000;None;629000.0000
14103;2023-01-11 16:44:10.553000;8;103867;1;1;27800.0000;1;12593.0000;None;136000.0000
5357;2023-01-11 19:39:41.010000;8;103867;1;1;27800.0000;1;18333.0000;None;198000.0000
14108;2023-01-11 21:04:51.620000;8;103867;1;1;27800.0000;1;9722.0000;None;105000.0000
14108;2023-01-11 21:04:51.620000;8;103867;1;1;27800.0000;1;9722.0000;None;105000.0000
5358;2023-01-11 20:11:51.207000;3;103912;1;1;6800.0000;1;29556.0000;None;319200.0000
5352;2023-01-11 13:13:19.173000;1;103940;1;1;72800.0000;1;16093.0000;None;173800.0000
14098;2023-01-11 13:18:58.260000;1;103953;1;1;16800.0000;1;16982.0000;None;183400.0000
5352;2023-01-11 13:13:19.173000;1;104214;1;1;15800.0000;1;16093.0000;None;173800.0000
14097;2023-01-11 13:05:44.563000;1;104240;1;2;57600.0000;1;58241.0000;None;629000.0000
5350;2023-01-11 12:36:43.993000;1;104240;1;1;28800.0000;1;19778.0000;None;213600.0000
5348;2023-01-11 13:07:43.167000;3;104446;1;1;5800.0000;1;32111.0000;None;346800.0000
5349;2023-01-11 12:19:21.197000;3;104446;1;1;5800.0000;1;20037.0000;None;216400.0000
5348;2023-01-11 12:23:21.970000;3;104446;1;1;5800.0000;1;32111.0000;None;346800.0000
14098;2023-01-11 13:18:43.657000;3;104446;1;1;5800.0000;1;16982.0000;None;183400.0000
14104;2023-01-11 17:32:32.510000;3;104446;1;1;5800.0000;1;17833.0000;None;192600.0000
14100;2023-01-11 15:45:54.747000;3;104554;1;1;4800.0000;1;29241.0000;None;315800.0000
14108;2023-01-11 21:04:51.620000;8;104655;1;1;37800.0000;1;9722.0000;None;105000.0000
5357;2023-01-11 19:39:41.010000;8;104655;1;1;37800.0000;1;18333.0000;None;198000.0000
14109;2023-01-11 21:49:14.613000;8;104655;1;2;75600.0000;1;26630.0000;None;287600.0000
14097;2023-01-11 13:09:00.893000;8;104655;1;1;37800.0000;1;58241.0000;None;629000.0000
5348;2023-01-11 12:40:55.527000;1;105010;1;1;0.0000;1;32111.0000;None;346800.0000
5351;2023-01-11 13:11:02.500000;1;105023;1;1;55800.0000;1;38741.0000;None;418400.0000
5351;2023-01-11 13:11:02.500000;1;105023;1;1;55800.0000;1;38741.0000;None;418400.0000
21272;2023-01-11 18:32:22.690000;6;105090;1;1;0.0000;1;19278.0000;None;208200.0000
21272;2023-01-11 18:32:22.690000;6;105090;1;1;0.0000;1;19278.0000;None;208200.0000
14103;2023-01-11 16:44:19.497000;6;105090;1;1;0.0000;1;12593.0000;None;136000.0000
5348;2023-01-11 13:16:12.737000;1;105197;1;1;9800.0000;1;32111.0000;None;346800.0000
5359;2023-01-11 21:19:59.947000;8;105424;1;1;58800.0000;1;23667.0000;None;255600.0000
5356;2023-01-11 19:21:08.497000;8;105457;1;1;21800.0000;1;20852.0000;None;225200.0000
21272;2023-01-11 18:32:22.690000;6;105509;1;1;0.0000;1;19278.0000;None;208200.0000
14103;2023-01-11 16:44:19.497000;6;105509;1;1;0.0000;1;12593.0000;None;136000.0000
21272;2023-01-11 18:32:22.690000;6;105509;1;1;0.0000;1;19278.0000;None;208200.0000
5359;2023-01-11 21:09:29.963000;6;105520;1;1;0.0000;1;23667.0000;None;255600.0000
21272;2023-01-11 18:32:22.690000;8;105731;1;1;0.0000;1;19278.0000;None;208200.0000
14109;2023-01-11 21:49:01.620000;8;105731;1;1;0.0000;1;26630.0000;None;287600.0000
5348;2023-01-11 12:40:55.527000;1;106337;1;1;0.0000;1;32111.0000;None;346800.0000
14100;2023-01-11 14:55:50.050000;1;106922;1;1;0.0000;1;29241.0000;None;315800.0000
14105;2023-01-11 18:28:32.383000;8;107333;1;1;64800.0000;1;14722.0000;None;159000.0000
14102;2023-01-11 16:36:17.817000;8;107334;1;1;75800.0000;1;32759.0000;None;353800.0000
14099;2023-01-11 13:26:24.993000;8;107528;1;1;7800.0000;1;11352.0000;None;122600.0000
14099;2023-01-11 13:26:24.993000;8;107530;1;1;7800.0000;1;11352.0000;None;122600.0000
5359;2023-01-11 21:09:29.963000;2;108120;1;1;37800.0000;1;23667.0000;None;255600.0000
14109;2023-01-11 21:49:01.620000;3;108191;1;1;0.0000;1;26630.0000;None;287600.0000
5357;2023-01-11 19:26:06.790000;3;108191;1;1;0.0000;1;18333.0000;None;198000.0000
5357;2023-01-11 19:26:06.790000;3;108192;1;1;0.0000;1;18333.0000;None;198000.0000
5353;2023-01-11 13:31:22.580000;1;108429;1;1;69800.0000;1;27315.0000;None;295000.0000
14102;2023-01-11 16:43:49.687000;2;108475;1;1;77800.0000;1;32759.0000;None;353800.0000
14102;2023-01-11 16:22:59.880000;2;108475;1;1;77800.0000;1;32759.0000;None;353800.0000
14098;2023-01-11 13:18:58.260000;8;108518;1;1;41800.0000;1;16982.0000;None;183400.0000
5359;2023-01-11 21:41:19.383000;2;108836;1;1;30800.0000;1;23667.0000;None;255600.0000
5359;2023-01-11 21:09:29.963000;2;108836;1;1;30800.0000;1;23667.0000;None;255600.0000
14104;2023-01-11 17:34:17.340000;8;109117;1;1;18800.0000;1;17833.0000;None;192600.0000
14100;2023-01-11 14:24:26.467000;8;109165;1;1;56800.0000;1;29241.0000;None;315800.0000
5358;2023-01-11 20:24:31.933000;8;109180;1;1;37800.0000;1;29556.0000;None;319200.0000
21272;2023-01-11 18:32:22.690000;8;109318;1;1;38800.0000;1;19278.0000;None;208200.0000
14099;2023-01-11 13:26:24.993000;8;109318;1;1;38800.0000;1;11352.0000;None;122600.0000
14104;2023-01-11 17:34:17.340000;1;109505;1;1;19800.0000;1;17833.0000;None;192600.0000
5359;2023-01-11 21:19:59.947000;1;109513;1;1;36800.0000;1;23667.0000;None;255600.0000
5353;2023-01-11 13:33:27.760000;2;200206;1;1;143800.0000;1;27315.0000;None;295000.0000
14107;2023-01-11 19:57:40.237000;2;200480;1;1;12800.0000;1;18167.0000;None;196200.0000
14107;2023-01-11 20:33:43.690000;2;200480;1;1;12800.0000;1;18167.0000;None;196200.0000
14107;2023-01-11 19:39:21.520000;2;200480;1;1;12800.0000;1;18167.0000;None;196200.0000
5350;2023-01-11 12:36:43.993000;3;200644;1;1;5800.0000;1;19778.0000;None;213600.0000
14108;2023-01-11 21:04:51.620000;3;200644;1;1;5800.0000;1;9722.0000;None;105000.0000
14106;2023-01-11 19:27:35.147000;3;200644;1;1;5800.0000;1;23759.0000;None;256600.0000
14100;2023-01-11 14:24:26.467000;3;200644;1;1;5800.0000;1;29241.0000;None;315800.0000
5351;2023-01-11 13:54:11.243000;3;200644;1;1;5800.0000;1;38741.0000;None;418400.0000
14103;2023-01-11 16:43:56.123000;3;200644;1;1;5800.0000;1;12593.0000;None;136000.0000
14103;2023-01-11 16:43:56.123000;3;200644;1;1;5800.0000;1;12593.0000;None;136000.0000
14109;2023-01-11 21:49:01.620000;3;200644;1;1;5800.0000;1;26630.0000;None;287600.0000
14109;2023-01-11 21:49:01.620000;3;200644;1;1;5800.0000;1;26630.0000;None;287600.0000
14109;2023-01-11 22:22:12.830000;3;201146;1;1;5800.0000;1;26630.0000;None;287600.0000
5351;2023-01-11 13:54:11.243000;3;201146;1;1;5800.0000;1;38741.0000;None;418400.0000
14100;2023-01-11 15:18:02.270000;3;201146;1;1;5800.0000;1;29241.0000;None;315800.0000
14100;2023-01-11 14:24:26.467000;3;201146;1;1;5800.0000;1;29241.0000;None;315800.0000
5357;2023-01-11 19:26:06.790000;3;201146;1;1;5800.0000;1;18333.0000;None;198000.0000
5350;2023-01-11 13:25:37.207000;3;201146;1;1;5800.0000;1;19778.0000;None;213600.0000
14097;2023-01-11 12:44:31.737000;3;201146;1;1;5800.0000;1;58241.0000;None;629000.0000
5351;2023-01-11 13:11:25.040000;3;201146;1;1;5800.0000;1;38741.0000;None;418400.0000
14097;2023-01-11 13:05:26.850000;3;201146;1;1;5800.0000;1;58241.0000;None;629000.0000
5348;2023-01-11 13:07:43.167000;3;201146;1;1;5800.0000;1;32111.0000;None;346800.0000
5349;2023-01-11 12:52:18.920000;3;201146;1;1;5800.0000;1;20037.0000;None;216400.0000
5351;2023-01-11 13:11:25.040000;2;201187;1;1;9800.0000;1;38741.0000;None;418400.0000
14107;2023-01-11 19:39:21.520000;2;201187;1;1;9800.0000;1;18167.0000;None;196200.0000
14107;2023-01-11 20:33:43.690000;2;201187;1;1;9800.0000;1;18167.0000;None;196200.0000
14107;2023-01-11 19:57:40.237000;2;201187;1;1;9800.0000;1;18167.0000;None;196200.0000
14109;2023-01-11 21:49:01.620000;2;201187;1;1;9800.0000;1;26630.0000;None;287600.0000
14108;2023-01-11 21:04:51.620000;3;201206;1;1;5800.0000;1;9722.0000;None;105000.0000
5351;2023-01-11 13:11:25.040000;3;201211;1;1;5800.0000;1;38741.0000;None;418400.0000
5351;2023-01-11 13:11:25.040000;3;201211;1;1;5800.0000;1;38741.0000;None;418400.0000
14097;2023-01-11 13:05:26.850000;3;201211;1;1;5800.0000;1;58241.0000;None;629000.0000
14097;2023-01-11 12:44:31.737000;3;201211;1;1;5800.0000;1;58241.0000;None;629000.0000
5351;2023-01-11 13:54:11.243000;3;201211;1;1;5800.0000;1;38741.0000;None;418400.0000
14097;2023-01-11 13:05:26.850000;3;201237;1;1;5800.0000;1;58241.0000;None;629000.0000
5357;2023-01-11 19:26:06.790000;3;201269;1;1;5800.0000;1;18333.0000;None;198000.0000
5357;2023-01-11 19:26:06.790000;3;201269;1;1;5800.0000;1;18333.0000;None;198000.0000
5358;2023-01-11 21:22:23.563000;1;201555;1;1;31000.0000;1;29556.0000;None;319200.0000
14109;2023-01-11 21:49:01.620000;2;201615;1;1;13800.0000;1;26630.0000;None;287600.0000
5360;2023-01-11 21:44:25.910000;2;201615;1;1;13800.0000;1;10005.0000;None;108050.0000
14101;2023-01-11 14:52:42.977000;2;201615;1;1;13800.0000;1;6685.0000;None;72200.0000
14105;2023-01-11 18:40:49.697000;2;201615;1;1;13800.0000;1;14722.0000;None;159000.0000
14105;2023-01-11 17:33:29.907000;2;201615;1;1;13800.0000;1;14722.0000;None;159000.0000
14105;2023-01-11 17:53:59.457000;2;201615;1;1;13800.0000;1;14722.0000;None;159000.0000
14099;2023-01-11 13:25:54.363000;3;202112;1;1;9800.0000;1;11352.0000;None;122600.0000
14099;2023-01-11 13:25:54.363000;3;202133;1;1;9800.0000;1;11352.0000;None;122600.0000
21271;2023-01-11 17:04:08.783000;1;202274;1;1;1728.0000;1;None;None;1728.0000
21269;2023-01-11 14:26:45.143000;1;202274;1;1;1728.0000;1;None;None;1728.0000
5360;2023-01-11 21:44:25.910000;2;202388;1;1;22800.0000;1;10005.0000;None;108050.0000
14106;2023-01-11 19:37:12.650000;2;202388;1;1;22800.0000;1;23759.0000;None;256600.0000
14106;2023-01-11 19:37:12.650000;2;202388;1;1;22800.0000;1;23759.0000;None;256600.0000
14106;2023-01-11 20:08:05.357000;2;202388;1;1;22800.0000;1;23759.0000;None;256600.0000
14106;2023-01-11 20:08:05.357000;2;202388;1;1;22800.0000;1;23759.0000;None;256600.0000
