5442;2023-01-14 14:28:58.660000;None;2;None;1;-43600.0000;2;18593.0000;None;200800.0000
14154;2023-01-14 19:16:15.310000;7;1001;1;1;0.0000;1;15167.0000;None;163800.0000
14154;2023-01-14 19:16:15.310000;7;1001;1;1;0.0000;1;15167.0000;None;163800.0000
5446;2023-01-14 14:15:20.307000;7;1001;1;1;0.0000;1;10259.0000;None;110800.0000
14147;2023-01-14 13:38:09.227000;7;1001;1;1;0.0000;1;9907.0000;None;107000.0000
14148;2023-01-14 14:19:21.370000;7;1002;1;1;0.0000;1;14296.0000;None;154400.0000
5454;2023-01-14 15:57:01.130000;7;1002;1;1;0.0000;1;31278.0000;None;337800.0000
5440;2023-01-14 12:59:20.010000;7;1020;1;1;0.0000;1;10389.0000;None;112200.0000
14145;2023-01-14 13:26:01.157000;7;1020;1;1;0.0000;1;18704.0000;None;202000.0000
14146;2023-01-14 14:12:18.450000;7;1020;1;1;0.0000;1;57760.0000;None;623800.0000
14146;2023-01-14 14:12:18.450000;7;1020;1;1;0.0000;1;57760.0000;None;623800.0000
14146;2023-01-14 14:12:18.450000;7;1020;1;1;0.0000;1;57760.0000;None;623800.0000
14148;2023-01-14 14:19:21.370000;7;1020;1;1;0.0000;1;14296.0000;None;154400.0000
5447;2023-01-14 14:25:38.473000;7;1020;1;1;None;1;24296.0000;None;262400.0000
5447;2023-01-14 14:16:02.963000;7;1020;1;1;0.0000;1;24296.0000;None;262400.0000
5446;2023-01-14 14:15:20.307000;7;1020;1;1;0.0000;1;10259.0000;None;110800.0000
5445;2023-01-14 14:06:40.043000;7;1020;1;1;0.0000;1;12630.0000;None;136400.0000
14147;2023-01-14 13:38:09.227000;7;1020;1;1;0.0000;1;9907.0000;None;107000.0000
5442;2023-01-14 13:54:10.510000;7;1020;1;1;0.0000;1;18593.0000;None;200800.0000
5443;2023-01-14 14:02:10.287000;7;1020;1;1;0.0000;1;15167.0000;None;163800.0000
5444;2023-01-14 13:58:09.710000;7;1020;1;1;0.0000;1;23296.0000;None;251600.0000
5453;2023-01-14 15:42:33.703000;7;1020;1;1;0.0000;1;7796.0000;None;84200.0000
5454;2023-01-14 15:57:01.130000;7;1020;1;1;0.0000;1;31278.0000;None;337800.0000
5449;2023-01-14 14:26:23.307000;7;1020;1;1;0.0000;1;13796.0000;None;149000.0000
14149;2023-01-14 14:26:25.313000;7;1020;1;1;0.0000;1;17333.0000;None;187200.0000
5450;2023-01-14 14:28:54.820000;7;1020;1;1;None;1;16685.0000;None;180200.0000
14150;2023-01-14 14:35:06.407000;7;1020;1;1;0.0000;1;11370.0000;None;122800.0000
14154;2023-01-14 19:16:15.310000;7;1020;1;1;0.0000;1;15167.0000;None;163800.0000
5460;2023-01-14 19:56:30.363000;7;1020;1;1;0.0000;1;35889.0000;None;387600.0000
5461;2023-01-14 19:47:48.150000;7;1020;1;1;0.0000;1;11389.0000;None;123000.0000
5463;2023-01-14 19:57:57.483000;7;1020;1;1;0.0000;1;15056.0000;None;162600.0000
14152;2023-01-14 18:08:01.367000;7;1020;1;1;0.0000;1;18574.0000;None;200600.0000
5459;2023-01-14 18:49:16.063000;7;1020;1;1;0.0000;1;8704.0000;None;94000.0000
5458;2023-01-14 18:39:22.980000;7;1020;1;1;0.0000;1;39167.0000;None;423000.0000
14159;2023-01-14 21:43:55.567000;7;1020;1;1;0.0000;1;22519.0000;None;243200.0000
14160;2023-01-14 21:29:56.453000;7;1020;1;1;0.0000;1;34852.0000;None;376400.0000
5473;2023-01-14 21:15:45.327000;7;1020;1;1;0.0000;1;26167.0000;None;282600.0000
5465;2023-01-14 20:05:55.730000;7;1020;1;1;0.0000;1;13926.0000;None;150400.0000
5464;2023-01-14 20:00:21.287000;7;1020;1;1;0.0000;1;40371.0000;None;436000.0000
14155;2023-01-14 20:16:10.807000;7;1020;1;1;0.0000;1;10241.0000;None;110600.0000
5466;2023-01-14 20:09:40.560000;7;1020;1;1;0.0000;1;12389.0000;None;133800.0000
5467;2023-01-14 20:09:53.127000;7;1020;1;1;0.0000;1;20445.0000;None;220800.0000
5469;2023-01-14 20:24:19.147000;7;1020;1;1;0.0000;1;10556.0000;None;114000.0000
14157;2023-01-14 20:21:30.300000;7;1020;1;1;0.0000;1;12963.0000;None;140000.0000
14158;2023-01-14 20:39:39.437000;7;1020;1;1;0.0000;1;40019.0000;None;432200.0000
5470;2023-01-14 20:37:53.437000;7;1020;1;1;0.0000;1;11333.0000;None;122400.0000
5460;2023-01-14 19:56:30.363000;7;1026;1;1;0.0000;1;35889.0000;None;387600.0000
5449;2023-01-14 14:26:23.307000;7;1026;1;1;0.0000;1;13796.0000;None;149000.0000
5447;2023-01-14 14:25:38.473000;7;1026;1;1;None;1;24296.0000;None;262400.0000
14148;2023-01-14 14:18:14.353000;7;1029;1;1;0.0000;1;14296.0000;None;154400.0000
5446;2023-01-14 14:15:20.307000;7;1029;1;1;0.0000;1;10259.0000;None;110800.0000
14147;2023-01-14 13:38:09.227000;7;1029;1;1;0.0000;1;9907.0000;None;107000.0000
14154;2023-01-14 19:16:15.310000;7;1029;1;1;0.0000;1;15167.0000;None;163800.0000
14154;2023-01-14 19:16:15.310000;7;1030;1;1;0.0000;1;15167.0000;None;163800.0000
5460;2023-01-14 19:56:30.363000;7;1030;1;1;0.0000;1;35889.0000;None;387600.0000
5458;2023-01-14 18:39:22.980000;7;1030;1;1;0.0000;1;39167.0000;None;423000.0000
5459;2023-01-14 18:49:16.063000;7;1030;1;1;0.0000;1;8704.0000;None;94000.0000
14152;2023-01-14 18:08:01.367000;7;1030;1;1;0.0000;1;18574.0000;None;200600.0000
5449;2023-01-14 14:26:23.307000;7;1030;1;1;0.0000;1;13796.0000;None;149000.0000
14150;2023-01-14 14:35:06.407000;7;1030;1;1;0.0000;1;11370.0000;None;122800.0000
5450;2023-01-14 14:28:54.820000;7;1030;1;1;None;1;16685.0000;None;180200.0000
5454;2023-01-14 15:57:01.130000;7;1030;1;1;0.0000;1;31278.0000;None;337800.0000
5453;2023-01-14 15:42:33.703000;7;1030;1;1;0.0000;1;7796.0000;None;84200.0000
14147;2023-01-14 13:38:09.227000;7;1030;1;1;0.0000;1;9907.0000;None;107000.0000
5442;2023-01-14 13:54:10.510000;7;1030;1;1;0.0000;1;18593.0000;None;200800.0000
5444;2023-01-14 13:58:09.710000;7;1030;1;1;0.0000;1;23296.0000;None;251600.0000
5446;2023-01-14 14:15:20.307000;7;1030;1;1;0.0000;1;10259.0000;None;110800.0000
5445;2023-01-14 14:06:40.043000;7;1030;1;1;0.0000;1;12630.0000;None;136400.0000
5447;2023-01-14 14:25:38.473000;7;1030;1;1;None;1;24296.0000;None;262400.0000
14145;2023-01-14 13:26:01.157000;7;1030;1;1;0.0000;1;18704.0000;None;202000.0000
14157;2023-01-14 20:21:30.300000;7;1030;1;1;0.0000;1;12963.0000;None;140000.0000
5464;2023-01-14 20:00:21.287000;7;1030;1;1;0.0000;1;40371.0000;None;436000.0000
5473;2023-01-14 21:15:45.327000;7;1030;1;1;0.0000;1;26167.0000;None;282600.0000
14159;2023-01-14 21:43:55.567000;7;1030;1;1;0.0000;1;22519.0000;None;243200.0000
14160;2023-01-14 21:29:56.453000;7;1040;1;1;0.0000;1;34852.0000;None;376400.0000
14160;2023-01-14 21:29:56.453000;7;1040;1;1;0.0000;1;34852.0000;None;376400.0000
5467;2023-01-14 20:09:53.127000;7;1040;1;1;0.0000;1;20445.0000;None;220800.0000
5467;2023-01-14 20:09:53.127000;7;1040;1;1;0.0000;1;20445.0000;None;220800.0000
14146;2023-01-14 14:12:18.450000;7;1040;1;1;0.0000;1;57760.0000;None;623800.0000
5442;2023-01-14 13:54:10.510000;7;1040;1;1;0.0000;1;18593.0000;None;200800.0000
5473;2023-01-14 21:15:45.327000;7;1042;1;1;0.0000;1;26167.0000;None;282600.0000
5473;2023-01-14 21:15:45.327000;7;1042;1;1;0.0000;1;26167.0000;None;282600.0000
5443;2023-01-14 14:02:10.287000;7;1135;1;1;0.0000;1;15167.0000;None;163800.0000
5444;2023-01-14 13:57:25.237000;7;1135;1;1;0.0000;1;23296.0000;None;251600.0000
5447;2023-01-14 14:16:02.963000;7;1135;1;1;0.0000;1;24296.0000;None;262400.0000
5446;2023-01-14 14:15:20.307000;7;1135;1;1;0.0000;1;10259.0000;None;110800.0000
5451;2023-01-14 15:35:47.663000;7;1135;1;1;0.0000;1;51741.0000;None;558800.0000
5460;2023-01-14 19:56:30.363000;7;1135;1;1;0.0000;1;35889.0000;None;387600.0000
5463;2023-01-14 19:57:57.483000;7;1135;1;1;0.0000;1;15056.0000;None;162600.0000
5470;2023-01-14 21:22:52.410000;7;1135;1;1;0.0000;1;11333.0000;None;122400.0000
14158;2023-01-14 21:08:59.900000;7;1135;1;1;0.0000;1;40019.0000;None;432200.0000
5463;2023-01-14 19:57:57.483000;7;1135;1;1;0.0000;1;15056.0000;None;162600.0000
5460;2023-01-14 19:55:08.527000;7;1153;1;10;None;1;35889.0000;None;387600.0000
5452;2023-01-14 15:42:01.497000;7;1157;1;1;0.0000;1;None;None;27800.0000
5452;2023-01-14 15:42:01.497000;7;1157;1;1;0.0000;1;None;None;27800.0000
14159;2023-01-14 21:43:55.567000;7;1159;1;1;0.0000;1;22519.0000;None;243200.0000
5453;2023-01-14 15:42:44.307000;7;1207;1;1;0.0000;1;7796.0000;None;84200.0000
5446;2023-01-14 14:14:39.550000;7;1207;1;1;0.0000;1;10259.0000;None;110800.0000
14155;2023-01-14 21:17:20.723000;7;1213;1;1;0.0000;1;10241.0000;None;110600.0000
5463;2023-01-14 19:57:57.483000;7;1213;1;1;0.0000;1;15056.0000;None;162600.0000
5463;2023-01-14 20:16:25.497000;7;1220;1;1;None;1;15056.0000;None;162600.0000
5463;2023-01-14 20:16:25.497000;7;1220;1;1;None;1;15056.0000;None;162600.0000
5460;2023-01-14 20:16:49.967000;7;1220;1;1;0.0000;1;35889.0000;None;387600.0000
5460;2023-01-14 20:16:49.967000;7;1220;1;1;0.0000;1;35889.0000;None;387600.0000
14154;2023-01-14 19:37:50.937000;7;1220;1;1;0.0000;1;15167.0000;None;163800.0000
14152;2023-01-14 18:29:02.963000;7;1220;1;1;0.0000;1;18574.0000;None;200600.0000
5459;2023-01-14 19:09:31.390000;7;1220;1;1;0.0000;1;8704.0000;None;94000.0000
5458;2023-01-14 18:52:43.107000;7;1220;1;1;0.0000;1;39167.0000;None;423000.0000
5454;2023-01-14 16:08:56.107000;7;1220;1;1;0.0000;1;31278.0000;None;337800.0000
5454;2023-01-14 16:08:56.107000;7;1220;1;1;0.0000;1;31278.0000;None;337800.0000
14150;2023-01-14 14:47:45.043000;7;1220;1;1;0.0000;1;11370.0000;None;122800.0000
14150;2023-01-14 14:47:45.043000;7;1220;1;1;0.0000;1;11370.0000;None;122800.0000
5449;2023-01-14 14:42:06.903000;7;1220;1;1;0.0000;1;13796.0000;None;149000.0000
5449;2023-01-14 14:42:06.903000;7;1220;1;1;0.0000;1;13796.0000;None;149000.0000
5446;2023-01-14 14:31:13.317000;7;1220;1;1;0.0000;1;10259.0000;None;110800.0000
5446;2023-01-14 14:31:13.317000;7;1220;1;1;0.0000;1;10259.0000;None;110800.0000
5446;2023-01-14 14:33:38.473000;7;1220;1;1;0.0000;1;10259.0000;None;110800.0000
5442;2023-01-14 14:05:43.340000;7;1220;1;1;0.0000;1;18593.0000;None;200800.0000
14147;2023-01-14 13:51:55.847000;7;1220;1;1;0.0000;1;9907.0000;None;107000.0000
5464;2023-01-14 20:26:16.460000;7;1220;1;1;0.0000;1;40371.0000;None;436000.0000
14157;2023-01-14 20:27:55.087000;7;1220;1;1;0.0000;1;12963.0000;None;140000.0000
14157;2023-01-14 20:27:55.087000;7;1220;1;1;0.0000;1;12963.0000;None;140000.0000
14159;2023-01-14 22:06:14.050000;7;1220;1;1;0.0000;1;22519.0000;None;243200.0000
5473;2023-01-14 21:32:58.590000;7;1220;1;1;0.0000;1;26167.0000;None;282600.0000
5473;2023-01-14 21:32:58.590000;7;1220;1;1;0.0000;1;26167.0000;None;282600.0000
5460;2023-01-14 19:55:08.527000;7;2004;2;10;None;1;35889.0000;None;387600.0000
5445;2023-01-14 14:06:25.510000;7;2039;1;3;0.0000;1;12630.0000;None;136400.0000
14155;2023-01-14 20:05:20.797000;7;2039;1;1;0.0000;1;10241.0000;None;110600.0000
5466;2023-01-14 20:09:40.560000;7;2042;1;1;0.0000;1;12389.0000;None;133800.0000
5447;2023-01-14 14:43:56.230000;7;2042;1;1;0.0000;1;24296.0000;None;262400.0000
14148;2023-01-14 14:16:39.243000;7;2042;1;1;0.0000;1;14296.0000;None;154400.0000
5444;2023-01-14 14:00:20.443000;7;2042;1;1;None;1;23296.0000;None;251600.0000
5444;2023-01-14 13:57:38.740000;7;2042;1;1;None;1;23296.0000;None;251600.0000
5460;2023-01-14 19:55:08.527000;7;2042;1;1;None;1;35889.0000;None;387600.0000
5460;2023-01-14 19:55:08.527000;7;2042;1;1;None;1;35889.0000;None;387600.0000
5458;2023-01-14 18:33:56.253000;7;2042;1;1;0.0000;1;39167.0000;None;423000.0000
14150;2023-01-14 14:34:55.627000;7;2042;1;1;0.0000;1;11370.0000;None;122800.0000
14150;2023-01-14 14:34:55.627000;7;2042;1;1;0.0000;1;11370.0000;None;122800.0000
14150;2023-01-14 15:10:24.587000;7;2042;1;1;0.0000;1;11370.0000;None;122800.0000
5450;2023-01-14 14:36:57.660000;7;2072;1;2;0.0000;1;16685.0000;None;180200.0000
5444;2023-01-14 13:57:38.740000;7;2072;1;1;None;1;23296.0000;None;251600.0000
14148;2023-01-14 14:16:39.243000;7;2072;1;1;0.0000;1;14296.0000;None;154400.0000
5466;2023-01-14 20:09:40.560000;7;2072;1;1;0.0000;1;12389.0000;None;133800.0000
5466;2023-01-14 20:31:02.077000;7;2072;1;1;0.0000;1;12389.0000;None;133800.0000
5469;2023-01-14 20:24:19.147000;7;2072;1;1;0.0000;1;10556.0000;None;114000.0000
5470;2023-01-14 20:37:53.437000;7;2072;1;1;0.0000;1;11333.0000;None;122400.0000
5442;2023-01-14 13:52:51.760000;7;2077;1;1;0.0000;1;18593.0000;None;200800.0000
5446;2023-01-14 15:08:44.493000;3;100606;1;1;6800.0000;1;10259.0000;None;110800.0000
14155;2023-01-14 20:05:20.797000;3;100607;1;1;6800.0000;1;10241.0000;None;110600.0000
14155;2023-01-14 20:54:58.333000;3;100607;1;1;6800.0000;1;10241.0000;None;110600.0000
14148;2023-01-14 15:10:09.920000;3;100613;1;1;5800.0000;1;14296.0000;None;154400.0000
5445;2023-01-14 14:33:48.723000;3;100614;1;1;5800.0000;1;12630.0000;None;136400.0000
5444;2023-01-14 14:43:19.467000;3;100614;1;1;5800.0000;1;23296.0000;None;251600.0000
14146;2023-01-14 14:54:36.953000;3;100614;1;1;5800.0000;1;57760.0000;None;623800.0000
14146;2023-01-14 14:54:36.953000;3;100614;1;1;5800.0000;1;57760.0000;None;623800.0000
5441;2023-01-14 14:42:00.897000;3;100614;1;1;5800.0000;1;25167.0000;None;271800.0000
5441;2023-01-14 14:42:00.897000;3;100614;1;1;5800.0000;1;25167.0000;None;271800.0000
14149;2023-01-14 15:39:13.920000;3;100614;1;1;5800.0000;1;17333.0000;None;187200.0000
14151;2023-01-14 16:15:39.477000;3;100614;1;1;5800.0000;1;2056.0000;None;22200.0000
14151;2023-01-14 16:15:39.477000;3;100614;1;1;5800.0000;1;2056.0000;None;22200.0000
5470;2023-01-14 21:22:52.410000;3;100614;1;1;5800.0000;1;11333.0000;None;122400.0000
14159;2023-01-14 22:34:35.143000;3;100614;1;1;5800.0000;1;22519.0000;None;243200.0000
14159;2023-01-14 22:40:54.883000;3;100614;1;1;5800.0000;1;22519.0000;None;243200.0000
14159;2023-01-14 22:53:36.500000;3;100614;1;-1;-5800.0000;1;22519.0000;None;243200.0000
5451;2023-01-14 15:35:47.663000;8;100953;1;1;42800.0000;1;51741.0000;None;558800.0000
5442;2023-01-14 13:54:10.510000;8;100953;1;1;42800.0000;1;18593.0000;None;200800.0000
14160;2023-01-14 21:29:56.453000;8;100953;1;1;42800.0000;1;34852.0000;None;376400.0000
5467;2023-01-14 20:09:53.127000;8;100953;1;1;42800.0000;1;20445.0000;None;220800.0000
14157;2023-01-14 20:21:30.300000;8;100954;1;1;37800.0000;1;12963.0000;None;140000.0000
5464;2023-01-14 19:52:16.063000;8;100954;1;1;37800.0000;1;40371.0000;None;436000.0000
14146;2023-01-14 14:54:36.953000;3;100999;1;1;5800.0000;1;57760.0000;None;623800.0000
14146;2023-01-14 14:54:36.953000;3;100999;1;1;5800.0000;1;57760.0000;None;623800.0000
14151;2023-01-14 16:15:39.477000;3;100999;1;1;5800.0000;1;2056.0000;None;22200.0000
5453;2023-01-14 15:42:44.307000;3;100999;1;1;5800.0000;1;7796.0000;None;84200.0000
14160;2023-01-14 21:29:56.453000;8;101026;1;1;31800.0000;1;34852.0000;None;376400.0000
14159;2023-01-14 21:43:55.567000;8;101026;1;1;31800.0000;1;22519.0000;None;243200.0000
5442;2023-01-14 13:54:10.510000;8;101026;1;1;31800.0000;1;18593.0000;None;200800.0000
5454;2023-01-14 15:57:01.130000;1;101050;1;1;48800.0000;1;31278.0000;None;337800.0000
14150;2023-01-14 14:35:06.407000;1;101051;1;1;49800.0000;1;11370.0000;None;122800.0000
5450;2023-01-14 14:28:54.820000;1;101051;1;1;49800.0000;1;16685.0000;None;180200.0000
5459;2023-01-14 18:49:16.063000;1;101051;1;1;49800.0000;1;8704.0000;None;94000.0000
14154;2023-01-14 19:16:15.310000;1;101051;1;1;49800.0000;1;15167.0000;None;163800.0000
5463;2023-01-14 19:57:57.483000;1;101051;1;1;49800.0000;1;15056.0000;None;162600.0000
5450;2023-01-14 15:19:47.817000;1;101088;1;1;2800.0000;1;16685.0000;None;180200.0000
14146;2023-01-14 14:54:36.953000;1;101088;1;1;2800.0000;1;57760.0000;None;623800.0000
5464;2023-01-14 20:00:21.287000;8;101093;1;1;22800.0000;1;40371.0000;None;436000.0000
5441;2023-01-14 13:36:25.507000;1;101175;1;1;46800.0000;1;25167.0000;None;271800.0000
5444;2023-01-14 13:58:09.710000;1;101175;1;1;46800.0000;1;23296.0000;None;251600.0000
5444;2023-01-14 13:58:09.710000;1;101175;1;1;46800.0000;1;23296.0000;None;251600.0000
5464;2023-01-14 19:52:16.063000;8;101184;1;1;32800.0000;1;40371.0000;None;436000.0000
5473;2023-01-14 21:15:45.327000;8;101184;1;1;32800.0000;1;26167.0000;None;282600.0000
14160;2023-01-14 22:32:06.147000;1;101195;1;1;14800.0000;1;34852.0000;None;376400.0000
14158;2023-01-14 21:55:08.677000;1;101195;1;1;14800.0000;1;40019.0000;None;432200.0000
5458;2023-01-14 18:36:06.740000;1;101318;1;1;35800.0000;1;39167.0000;None;423000.0000
5460;2023-01-14 19:56:30.363000;1;101321;1;1;26800.0000;1;35889.0000;None;387600.0000
5447;2023-01-14 14:25:38.473000;1;101321;1;1;26800.0000;1;24296.0000;None;262400.0000
5445;2023-01-14 14:06:40.043000;1;101323;1;1;28800.0000;1;12630.0000;None;136400.0000
14152;2023-01-14 18:08:01.367000;1;101323;1;1;28800.0000;1;18574.0000;None;200600.0000
14150;2023-01-14 14:35:06.407000;1;101323;1;1;28800.0000;1;11370.0000;None;122800.0000
5450;2023-01-14 14:28:54.820000;1;101323;1;1;28800.0000;1;16685.0000;None;180200.0000
5465;2023-01-14 20:05:55.730000;1;101323;1;1;28800.0000;1;13926.0000;None;150400.0000
5467;2023-01-14 21:02:34.400000;1;101425;1;1;16800.0000;1;20445.0000;None;220800.0000
14149;2023-01-14 15:06:18.117000;6;101546;1;1;0.0000;1;17333.0000;None;187200.0000
14149;2023-01-14 15:06:18.117000;6;101546;1;1;0.0000;1;17333.0000;None;187200.0000
5454;2023-01-14 15:57:01.130000;6;101546;2;1;0.0000;1;31278.0000;None;337800.0000
14160;2023-01-14 22:01:47.010000;6;101613;1;10;0.0000;1;34852.0000;None;376400.0000
14159;2023-01-14 21:30:18.970000;6;101613;1;3;0.0000;1;22519.0000;None;243200.0000
5458;2023-01-14 18:52:43.107000;6;101613;1;4;0.0000;1;39167.0000;None;423000.0000
14154;2023-01-14 19:41:03.227000;6;101613;1;10;0.0000;1;15167.0000;None;163800.0000
14147;2023-01-14 13:55:32.440000;6;101613;1;1;0.0000;1;9907.0000;None;107000.0000
14147;2023-01-14 13:55:32.440000;6;101613;1;1;0.0000;1;9907.0000;None;107000.0000
5446;2023-01-14 14:14:39.550000;3;101641;1;2;0.0000;1;10259.0000;None;110800.0000
5447;2023-01-14 14:43:56.230000;3;101641;1;1;0.0000;1;24296.0000;None;262400.0000
14146;2023-01-14 13:34:52.877000;3;101641;1;1;0.0000;1;57760.0000;None;623800.0000
14146;2023-01-14 13:34:52.877000;3;101641;1;1;0.0000;1;57760.0000;None;623800.0000
14146;2023-01-14 13:48:11.063000;3;101641;1;1;0.0000;1;57760.0000;None;623800.0000
5459;2023-01-14 18:48:55.287000;3;101641;1;1;0.0000;1;8704.0000;None;94000.0000
5459;2023-01-14 18:48:55.287000;3;101641;1;1;0.0000;1;8704.0000;None;94000.0000
5458;2023-01-14 19:05:27.300000;3;101641;1;1;0.0000;1;39167.0000;None;423000.0000
14160;2023-01-14 21:13:27.447000;3;101641;1;1;0.0000;1;34852.0000;None;376400.0000
5470;2023-01-14 20:37:53.437000;3;101641;1;1;0.0000;1;11333.0000;None;122400.0000
14158;2023-01-14 21:21:26.407000;3;101641;1;1;0.0000;1;40019.0000;None;432200.0000
5464;2023-01-14 19:51:47.740000;3;101641;1;1;0.0000;1;40371.0000;None;436000.0000
5444;2023-01-14 13:57:38.740000;2;101728;1;1;33800.0000;1;23296.0000;None;251600.0000
5444;2023-01-14 14:37:16.430000;2;101728;1;1;33800.0000;1;23296.0000;None;251600.0000
14145;2023-01-14 13:02:19.027000;2;101819;1;1;28800.0000;1;18704.0000;None;202000.0000
5461;2023-01-14 19:47:48.150000;8;101883;1;1;52800.0000;1;11389.0000;None;123000.0000
5466;2023-01-14 20:09:40.560000;8;101883;1;1;52800.0000;1;12389.0000;None;133800.0000
14157;2023-01-14 20:21:30.300000;8;101883;1;1;52800.0000;1;12963.0000;None;140000.0000
5442;2023-01-14 13:54:10.510000;8;101885;1;1;28800.0000;1;18593.0000;None;200800.0000
5441;2023-01-14 14:22:52.393000;1;101891;1;1;16800.0000;1;25167.0000;None;271800.0000
5461;2023-01-14 20:09:03.040000;1;101891;1;1;16800.0000;1;11389.0000;None;123000.0000
14160;2023-01-14 22:32:06.147000;1;101891;1;1;16800.0000;1;34852.0000;None;376400.0000
5464;2023-01-14 20:00:21.287000;1;101927;1;1;119800.0000;1;40371.0000;None;436000.0000
5460;2023-01-14 19:43:59.207000;1;101929;1;1;16800.0000;1;35889.0000;None;387600.0000
5454;2023-01-14 15:56:28.773000;1;101929;1;1;16800.0000;1;31278.0000;None;337800.0000
14150;2023-01-14 14:34:55.627000;1;101929;1;1;16800.0000;1;11370.0000;None;122800.0000
5445;2023-01-14 14:05:59.503000;1;101929;1;1;16800.0000;1;12630.0000;None;136400.0000
14145;2023-01-14 13:26:01.157000;8;101953;1;1;41800.0000;1;18704.0000;None;202000.0000
5458;2023-01-14 18:39:22.980000;8;101953;1;1;41800.0000;1;39167.0000;None;423000.0000
14158;2023-01-14 20:36:07.057000;8;101953;1;1;41800.0000;1;40019.0000;None;432200.0000
5458;2023-01-14 18:39:01.037000;8;101992;1;1;31800.0000;1;39167.0000;None;423000.0000
14146;2023-01-14 14:12:18.450000;8;101992;1;1;31800.0000;1;57760.0000;None;623800.0000
5444;2023-01-14 13:57:25.237000;8;101996;1;1;15800.0000;1;23296.0000;None;251600.0000
5464;2023-01-14 19:52:16.063000;8;101996;1;1;15800.0000;1;40371.0000;None;436000.0000
5473;2023-01-14 21:15:08.200000;8;101996;1;1;15800.0000;1;26167.0000;None;282600.0000
5445;2023-01-14 14:06:40.043000;8;102340;1;1;33800.0000;1;12630.0000;None;136400.0000
5453;2023-01-14 15:42:33.703000;8;102340;1;1;33800.0000;1;7796.0000;None;84200.0000
5450;2023-01-14 14:28:54.820000;1;102395;1;1;37800.0000;1;16685.0000;None;180200.0000
14146;2023-01-14 14:12:18.450000;1;102445;1;1;74800.0000;1;57760.0000;None;623800.0000
5464;2023-01-14 19:52:16.063000;1;102447;1;1;16800.0000;1;40371.0000;None;436000.0000
14155;2023-01-14 20:16:10.807000;1;102447;1;1;16800.0000;1;10241.0000;None;110600.0000
5446;2023-01-14 14:15:20.307000;1;102456;1;1;16800.0000;1;10259.0000;None;110800.0000
5453;2023-01-14 15:42:33.703000;1;102456;1;1;16800.0000;1;7796.0000;None;84200.0000
5460;2023-01-14 19:43:59.207000;1;102456;1;1;16800.0000;1;35889.0000;None;387600.0000
5463;2023-01-14 19:57:04.750000;1;102456;1;1;16800.0000;1;15056.0000;None;162600.0000
14157;2023-01-14 20:11:50.360000;1;102457;1;1;17800.0000;1;12963.0000;None;140000.0000
5454;2023-01-14 15:56:28.773000;1;102457;1;1;17800.0000;1;31278.0000;None;337800.0000
5447;2023-01-14 14:25:09.567000;1;102457;1;1;17800.0000;1;24296.0000;None;262400.0000
5443;2023-01-14 13:52:17.393000;1;102457;1;1;17800.0000;1;15167.0000;None;163800.0000
14146;2023-01-14 13:34:52.877000;1;102457;1;1;17800.0000;1;57760.0000;None;623800.0000
5449;2023-01-14 14:26:12.333000;1;102458;1;1;18800.0000;1;13796.0000;None;149000.0000
14158;2023-01-14 21:03:44.787000;1;102458;1;1;18800.0000;1;40019.0000;None;432200.0000
5465;2023-01-14 20:05:55.730000;1;102458;1;1;18800.0000;1;13926.0000;None;150400.0000
5470;2023-01-14 20:37:53.437000;1;102459;1;1;17800.0000;1;11333.0000;None;122400.0000
5473;2023-01-14 21:10:42.883000;3;102619;1;1;6800.0000;1;26167.0000;None;282600.0000
5443;2023-01-14 14:28:16.013000;3;102619;1;1;6800.0000;1;15167.0000;None;163800.0000
5445;2023-01-14 14:06:25.510000;3;102633;1;3;35400.0000;1;12630.0000;None;136400.0000
14155;2023-01-14 20:05:20.797000;3;102633;1;1;11800.0000;1;10241.0000;None;110600.0000
5442;2023-01-14 13:52:51.760000;3;102635;1;1;7800.0000;1;18593.0000;None;200800.0000
5454;2023-01-14 15:56:28.773000;3;102635;1;1;7800.0000;1;31278.0000;None;337800.0000
5450;2023-01-14 14:36:57.660000;3;102635;1;1;7800.0000;1;16685.0000;None;180200.0000
14149;2023-01-14 14:26:10.497000;3;102635;1;1;7800.0000;1;17333.0000;None;187200.0000
5449;2023-01-14 14:26:12.333000;3;102635;1;1;7800.0000;1;13796.0000;None;149000.0000
14150;2023-01-14 14:34:55.627000;3;102635;1;1;7800.0000;1;11370.0000;None;122800.0000
14150;2023-01-14 15:10:24.587000;3;102637;1;1;9800.0000;1;11370.0000;None;122800.0000
14150;2023-01-14 14:34:55.627000;3;102637;1;1;9800.0000;1;11370.0000;None;122800.0000
5447;2023-01-14 14:15:38.790000;3;102637;1;1;9800.0000;1;24296.0000;None;262400.0000
14160;2023-01-14 21:28:55.237000;3;102643;1;1;13800.0000;1;34852.0000;None;376400.0000
5443;2023-01-14 13:52:17.393000;3;102663;1;1;10800.0000;1;15167.0000;None;163800.0000
5449;2023-01-14 14:26:23.307000;1;102689;1;1;57800.0000;1;13796.0000;None;149000.0000
5451;2023-01-14 15:35:47.663000;8;102692;1;1;33800.0000;1;51741.0000;None;558800.0000
14152;2023-01-14 18:08:01.367000;8;102692;1;1;33800.0000;1;18574.0000;None;200600.0000
14160;2023-01-14 21:29:56.453000;8;102692;1;1;33800.0000;1;34852.0000;None;376400.0000
5466;2023-01-14 20:31:02.077000;3;102747;1;1;4800.0000;1;12389.0000;None;133800.0000
5466;2023-01-14 20:09:40.560000;3;102747;1;1;4800.0000;1;12389.0000;None;133800.0000
5465;2023-01-14 20:05:55.730000;3;102747;1;1;4800.0000;1;13926.0000;None;150400.0000
5470;2023-01-14 20:37:53.437000;3;102747;1;1;4800.0000;1;11333.0000;None;122400.0000
5469;2023-01-14 20:24:19.147000;3;102747;1;1;4800.0000;1;10556.0000;None;114000.0000
5469;2023-01-14 20:24:19.147000;3;102747;1;1;4800.0000;1;10556.0000;None;114000.0000
5458;2023-01-14 18:33:56.253000;3;102747;1;1;4800.0000;1;39167.0000;None;423000.0000
5458;2023-01-14 19:05:27.300000;3;102747;1;1;4800.0000;1;39167.0000;None;423000.0000
14154;2023-01-14 19:15:50.020000;3;102747;1;1;4800.0000;1;15167.0000;None;163800.0000
14154;2023-01-14 19:41:03.227000;3;102747;1;1;4800.0000;1;15167.0000;None;163800.0000
5460;2023-01-14 19:55:08.527000;3;102747;1;1;4800.0000;1;35889.0000;None;387600.0000
5450;2023-01-14 14:36:57.660000;3;102747;1;2;9600.0000;1;16685.0000;None;180200.0000
5442;2023-01-14 13:52:51.760000;3;102747;1;1;4800.0000;1;18593.0000;None;200800.0000
5442;2023-01-14 13:52:51.760000;3;102747;1;1;4800.0000;1;18593.0000;None;200800.0000
5449;2023-01-14 14:26:12.333000;3;102747;1;1;4800.0000;1;13796.0000;None;149000.0000
14148;2023-01-14 14:16:39.243000;3;102747;1;1;4800.0000;1;14296.0000;None;154400.0000
5447;2023-01-14 14:15:38.790000;3;102747;1;1;4800.0000;1;24296.0000;None;262400.0000
5440;2023-01-14 12:59:58.107000;3;102748;1;1;14800.0000;1;10389.0000;None;112200.0000
14149;2023-01-14 14:26:10.497000;3;102748;1;1;14800.0000;1;17333.0000;None;187200.0000
5460;2023-01-14 19:55:08.527000;3;102748;1;1;14800.0000;1;35889.0000;None;387600.0000
14152;2023-01-14 18:26:44.583000;3;102748;1;1;14800.0000;1;18574.0000;None;200600.0000
14152;2023-01-14 18:07:27.387000;3;102748;1;1;14800.0000;1;18574.0000;None;200600.0000
5465;2023-01-14 20:05:55.730000;3;102748;1;1;14800.0000;1;13926.0000;None;150400.0000
5440;2023-01-14 12:59:58.107000;3;102749;1;1;4800.0000;1;10389.0000;None;112200.0000
14146;2023-01-14 13:34:52.877000;3;102749;1;1;4800.0000;1;57760.0000;None;623800.0000
5473;2023-01-14 22:07:11.767000;1;102771;1;1;16800.0000;1;26167.0000;None;282600.0000
5451;2023-01-14 15:35:47.663000;8;102797;1;1;54800.0000;1;51741.0000;None;558800.0000
5451;2023-01-14 15:35:47.663000;8;102800;1;1;53800.0000;1;51741.0000;None;558800.0000
14152;2023-01-14 18:08:01.367000;8;102800;1;1;53800.0000;1;18574.0000;None;200600.0000
14146;2023-01-14 14:12:18.450000;1;102842;1;1;76800.0000;1;57760.0000;None;623800.0000
14154;2023-01-14 19:16:15.310000;8;102920;1;1;41800.0000;1;15167.0000;None;163800.0000
5460;2023-01-14 19:56:30.363000;1;102923;1;1;72800.0000;1;35889.0000;None;387600.0000
5454;2023-01-14 15:57:01.130000;1;102926;1;1;66800.0000;1;31278.0000;None;337800.0000
14149;2023-01-14 15:06:18.117000;1;102927;1;1;64800.0000;1;17333.0000;None;187200.0000
14159;2023-01-14 20:57:59.310000;2;102933;1;1;25800.0000;1;22519.0000;None;243200.0000
14159;2023-01-14 22:10:45.047000;2;102933;1;1;25800.0000;1;22519.0000;None;243200.0000
14157;2023-01-14 20:11:50.360000;2;102933;1;1;25800.0000;1;12963.0000;None;140000.0000
14145;2023-01-14 13:26:01.157000;1;102971;1;1;87800.0000;1;18704.0000;None;202000.0000
14158;2023-01-14 21:08:59.900000;8;102995;1;1;16800.0000;1;40019.0000;None;432200.0000
14155;2023-01-14 20:39:39.437000;8;102997;1;1;10800.0000;1;10241.0000;None;110600.0000
14155;2023-01-14 20:16:10.807000;8;102997;1;1;10800.0000;1;10241.0000;None;110600.0000
14158;2023-01-14 21:03:44.787000;8;103022;1;1;57800.0000;1;40019.0000;None;432200.0000
14160;2023-01-14 21:29:56.453000;8;103023;1;1;47800.0000;1;34852.0000;None;376400.0000
5451;2023-01-14 15:35:47.663000;8;103023;1;1;47800.0000;1;51741.0000;None;558800.0000
14146;2023-01-14 14:12:18.450000;8;103028;1;1;49800.0000;1;57760.0000;None;623800.0000
5440;2023-01-14 12:59:20.010000;1;103058;1;1;32800.0000;1;10389.0000;None;112200.0000
14148;2023-01-14 14:19:21.370000;1;103058;1;1;32800.0000;1;14296.0000;None;154400.0000
5465;2023-01-14 20:05:55.730000;1;103073;1;1;32800.0000;1;13926.0000;None;150400.0000
5447;2023-01-14 14:16:02.963000;1;103135;1;1;10800.0000;1;24296.0000;None;262400.0000
5443;2023-01-14 14:02:10.287000;1;103376;1;1;45800.0000;1;15167.0000;None;163800.0000
5465;2023-01-14 20:05:55.730000;1;103536;1;1;38800.0000;1;13926.0000;None;150400.0000
5473;2023-01-14 21:15:45.327000;8;103539;1;1;32800.0000;1;26167.0000;None;282600.0000
14160;2023-01-14 21:29:56.453000;8;103548;1;1;54800.0000;1;34852.0000;None;376400.0000
5441;2023-01-14 13:06:12.030000;8;103548;1;1;54800.0000;1;25167.0000;None;271800.0000
5453;2023-01-14 15:42:33.703000;8;103549;1;1;27800.0000;1;7796.0000;None;84200.0000
5460;2023-01-14 19:56:30.363000;1;103596;1;1;72800.0000;1;35889.0000;None;387600.0000
5460;2023-01-14 19:56:30.363000;1;103596;1;1;72800.0000;1;35889.0000;None;387600.0000
14146;2023-01-14 14:12:18.450000;1;103596;1;1;72800.0000;1;57760.0000;None;623800.0000
14146;2023-01-14 14:12:18.450000;1;103596;1;1;72800.0000;1;57760.0000;None;623800.0000
5443;2023-01-14 14:02:10.287000;1;103596;1;1;72800.0000;1;15167.0000;None;163800.0000
14160;2023-01-14 21:29:56.453000;8;103615;1;1;37800.0000;1;34852.0000;None;376400.0000
5466;2023-01-14 20:31:02.077000;8;103615;1;1;37800.0000;1;12389.0000;None;133800.0000
5447;2023-01-14 14:25:38.473000;8;103615;1;1;37800.0000;1;24296.0000;None;262400.0000
5446;2023-01-14 14:15:20.307000;8;103615;1;1;37800.0000;1;10259.0000;None;110800.0000
5460;2023-01-14 19:55:08.527000;8;103615;1;1;37800.0000;1;35889.0000;None;387600.0000
5461;2023-01-14 19:47:48.150000;8;103615;1;1;37800.0000;1;11389.0000;None;123000.0000
5451;2023-01-14 15:35:47.663000;8;103615;1;1;37800.0000;1;51741.0000;None;558800.0000
14149;2023-01-14 14:26:25.313000;8;103615;1;1;37800.0000;1;17333.0000;None;187200.0000
5454;2023-01-14 15:57:01.130000;1;103638;1;1;69800.0000;1;31278.0000;None;337800.0000
5460;2023-01-14 19:55:08.527000;8;103690;1;1;39800.0000;1;35889.0000;None;387600.0000
5451;2023-01-14 15:35:47.663000;8;103746;1;1;37800.0000;1;51741.0000;None;558800.0000
14146;2023-01-14 14:12:18.450000;8;103746;1;1;37800.0000;1;57760.0000;None;623800.0000
5470;2023-01-14 21:22:52.410000;1;103780;1;1;16800.0000;1;11333.0000;None;122400.0000
5470;2023-01-14 21:22:52.410000;1;103780;1;1;16800.0000;1;11333.0000;None;122400.0000
5469;2023-01-14 21:02:38.563000;1;103780;1;1;16800.0000;1;10556.0000;None;114000.0000
14146;2023-01-14 14:54:36.953000;1;103780;1;1;16800.0000;1;57760.0000;None;623800.0000
5446;2023-01-14 15:03:12.007000;1;103780;1;1;16800.0000;1;10259.0000;None;110800.0000
5444;2023-01-14 14:43:19.467000;1;103780;1;1;16800.0000;1;23296.0000;None;251600.0000
14149;2023-01-14 15:39:13.920000;1;103780;1;1;16800.0000;1;17333.0000;None;187200.0000
5458;2023-01-14 19:19:25.957000;1;103780;1;1;16800.0000;1;39167.0000;None;423000.0000
5449;2023-01-14 14:26:23.307000;1;103813;1;1;59800.0000;1;13796.0000;None;149000.0000
14148;2023-01-14 14:19:21.370000;1;103813;1;1;59800.0000;1;14296.0000;None;154400.0000
14159;2023-01-14 21:43:55.567000;1;103864;1;1;79800.0000;1;22519.0000;None;243200.0000
14158;2023-01-14 21:03:44.787000;8;103867;1;1;27800.0000;1;40019.0000;None;432200.0000
5466;2023-01-14 20:09:40.560000;8;103867;1;1;27800.0000;1;12389.0000;None;133800.0000
14156;2023-01-14 20:05:34.507000;8;103867;1;1;27800.0000;1;4389.0000;None;47400.0000
5442;2023-01-14 13:43:01.720000;8;103867;1;1;27800.0000;1;18593.0000;None;200800.0000
14147;2023-01-14 13:38:09.227000;8;103867;1;1;27800.0000;1;9907.0000;None;107000.0000
14149;2023-01-14 14:26:25.313000;8;103867;1;1;27800.0000;1;17333.0000;None;187200.0000
5450;2023-01-14 14:28:22.140000;8;103867;1;1;27800.0000;1;16685.0000;None;180200.0000
5451;2023-01-14 15:35:47.663000;8;103867;1;1;27800.0000;1;51741.0000;None;558800.0000
5452;2023-01-14 15:42:01.497000;8;103867;1;1;27800.0000;1;None;None;27800.0000
5463;2023-01-14 19:49:02.417000;3;103912;1;1;6800.0000;1;15056.0000;None;162600.0000
5463;2023-01-14 20:18:02.380000;3;103912;1;1;6800.0000;1;15056.0000;None;162600.0000
5444;2023-01-14 14:43:19.467000;3;103912;1;1;6800.0000;1;23296.0000;None;251600.0000
14158;2023-01-14 21:55:08.677000;3;103912;1;1;6800.0000;1;40019.0000;None;432200.0000
14158;2023-01-14 21:16:15.643000;3;103912;1;1;6800.0000;1;40019.0000;None;432200.0000
14146;2023-01-14 14:54:36.953000;1;104004;1;1;15800.0000;1;57760.0000;None;623800.0000
5442;2023-01-14 14:27:12.990000;1;104004;1;1;15800.0000;1;18593.0000;None;200800.0000
5445;2023-01-14 14:33:48.723000;1;104004;1;1;15800.0000;1;12630.0000;None;136400.0000
5450;2023-01-14 15:19:47.817000;1;104004;1;1;15800.0000;1;16685.0000;None;180200.0000
5473;2023-01-14 22:02:57.880000;1;104004;1;1;15800.0000;1;26167.0000;None;282600.0000
5470;2023-01-14 20:37:53.437000;8;104200;1;1;15800.0000;1;11333.0000;None;122400.0000
5442;2023-01-14 13:54:10.510000;8;104200;1;1;15800.0000;1;18593.0000;None;200800.0000
14159;2023-01-14 20:57:49.827000;1;104215;1;1;18800.0000;1;22519.0000;None;243200.0000
5442;2023-01-14 13:53:03.587000;1;104216;1;1;17800.0000;1;18593.0000;None;200800.0000
5444;2023-01-14 13:57:25.237000;1;104216;1;1;17800.0000;1;23296.0000;None;251600.0000
14146;2023-01-14 13:34:52.877000;1;104240;1;1;28800.0000;1;57760.0000;None;623800.0000
5451;2023-01-14 15:35:47.663000;1;104240;1;2;57600.0000;1;51741.0000;None;558800.0000
5447;2023-01-14 14:16:02.963000;1;104256;1;1;28800.0000;1;24296.0000;None;262400.0000
5447;2023-01-14 14:16:02.963000;1;104256;1;1;28800.0000;1;24296.0000;None;262400.0000
5459;2023-01-14 18:48:48.727000;8;104259;1;1;13800.0000;1;8704.0000;None;94000.0000
5459;2023-01-14 18:49:16.063000;1;104261;1;1;18800.0000;1;8704.0000;None;94000.0000
5446;2023-01-14 14:15:20.307000;1;104261;1;1;18800.0000;1;10259.0000;None;110800.0000
5442;2023-01-14 13:54:10.510000;1;104261;1;1;18800.0000;1;18593.0000;None;200800.0000
14160;2023-01-14 21:28:55.237000;3;104446;1;1;5800.0000;1;34852.0000;None;376400.0000
14156;2023-01-14 20:05:34.507000;3;104446;1;1;5800.0000;1;4389.0000;None;47400.0000
5442;2023-01-14 13:52:51.760000;3;104446;1;1;5800.0000;1;18593.0000;None;200800.0000
5444;2023-01-14 13:57:38.740000;3;104446;1;1;5800.0000;1;23296.0000;None;251600.0000
5447;2023-01-14 14:15:38.790000;3;104446;1;1;5800.0000;1;24296.0000;None;262400.0000
14146;2023-01-14 13:48:11.063000;3;104446;1;1;5800.0000;1;57760.0000;None;623800.0000
14146;2023-01-14 13:34:52.877000;3;104446;1;1;5800.0000;1;57760.0000;None;623800.0000
5458;2023-01-14 18:33:56.253000;3;104446;1;1;5800.0000;1;39167.0000;None;423000.0000
5460;2023-01-14 19:55:08.527000;3;104446;1;1;5800.0000;1;35889.0000;None;387600.0000
5460;2023-01-14 19:55:08.527000;3;104446;1;1;5800.0000;1;35889.0000;None;387600.0000
14151;2023-01-14 16:15:39.477000;3;104554;1;1;4800.0000;1;2056.0000;None;22200.0000
14146;2023-01-14 14:54:36.953000;3;104554;1;1;4800.0000;1;57760.0000;None;623800.0000
14148;2023-01-14 15:10:09.920000;3;104554;1;1;4800.0000;1;14296.0000;None;154400.0000
14146;2023-01-14 14:12:18.450000;8;104655;1;1;37800.0000;1;57760.0000;None;623800.0000
5469;2023-01-14 20:24:19.147000;8;104655;1;1;37800.0000;1;10556.0000;None;114000.0000
14148;2023-01-14 14:18:14.353000;1;104766;1;1;16800.0000;1;14296.0000;None;154400.0000
5443;2023-01-14 14:02:10.287000;1;105010;1;1;0.0000;1;15167.0000;None;163800.0000
14146;2023-01-14 14:12:18.450000;1;105010;1;1;0.0000;1;57760.0000;None;623800.0000
14146;2023-01-14 14:12:18.450000;1;105010;1;1;0.0000;1;57760.0000;None;623800.0000
5454;2023-01-14 15:57:01.130000;1;105010;1;1;0.0000;1;31278.0000;None;337800.0000
5460;2023-01-14 19:56:30.363000;1;105010;1;1;0.0000;1;35889.0000;None;387600.0000
5460;2023-01-14 19:56:30.363000;1;105010;1;1;0.0000;1;35889.0000;None;387600.0000
5454;2023-01-14 15:57:01.130000;6;105081;1;1;0.0000;1;31278.0000;None;337800.0000
5447;2023-01-14 14:16:02.963000;1;105197;1;1;9800.0000;1;24296.0000;None;262400.0000
5464;2023-01-14 20:36:44.997000;1;105380;1;1;0.0000;1;40371.0000;None;436000.0000
5464;2023-01-14 20:36:44.997000;1;105380;1;1;0.0000;1;40371.0000;None;436000.0000
5469;2023-01-14 20:24:19.147000;1;105414;1;1;49800.0000;1;10556.0000;None;114000.0000
5442;2023-01-14 13:54:10.510000;8;105457;1;1;21800.0000;1;18593.0000;None;200800.0000
5458;2023-01-14 18:28:55.133000;6;105474;1;1;0.0000;1;39167.0000;None;423000.0000
5454;2023-01-14 15:57:01.130000;6;105509;2;1;0.0000;1;31278.0000;None;337800.0000
14149;2023-01-14 15:06:18.117000;6;105509;1;1;0.0000;1;17333.0000;None;187200.0000
5467;2023-01-14 20:14:22.313000;6;105631;1;1;0.0000;1;20445.0000;None;220800.0000
5460;2023-01-14 19:55:08.527000;8;105731;1;1;None;1;35889.0000;None;387600.0000
5460;2023-01-14 19:56:30.363000;1;106337;1;1;0.0000;1;35889.0000;None;387600.0000
5460;2023-01-14 19:56:30.363000;1;106337;1;1;0.0000;1;35889.0000;None;387600.0000
5454;2023-01-14 15:57:01.130000;1;106337;1;1;0.0000;1;31278.0000;None;337800.0000
14146;2023-01-14 14:12:18.450000;1;106337;1;1;0.0000;1;57760.0000;None;623800.0000
14146;2023-01-14 14:12:18.450000;1;106337;1;1;0.0000;1;57760.0000;None;623800.0000
5443;2023-01-14 14:02:10.287000;1;106337;1;1;0.0000;1;15167.0000;None;163800.0000
5467;2023-01-14 20:09:53.127000;8;106491;1;1;46800.0000;1;20445.0000;None;220800.0000
5464;2023-01-14 20:00:21.287000;8;106491;1;1;46800.0000;1;40371.0000;None;436000.0000
5473;2023-01-14 21:15:45.327000;8;106491;1;1;46800.0000;1;26167.0000;None;282600.0000
14147;2023-01-14 13:38:09.227000;8;106867;1;1;29800.0000;1;9907.0000;None;107000.0000
5444;2023-01-14 13:58:09.710000;1;106922;1;1;0.0000;1;23296.0000;None;251600.0000
5444;2023-01-14 13:58:09.710000;1;106922;1;1;0.0000;1;23296.0000;None;251600.0000
14148;2023-01-14 14:19:21.370000;1;106922;1;1;0.0000;1;14296.0000;None;154400.0000
5441;2023-01-14 13:36:25.507000;1;106922;1;1;0.0000;1;25167.0000;None;271800.0000
14160;2023-01-14 21:29:56.453000;8;107333;1;1;64800.0000;1;34852.0000;None;376400.0000
5467;2023-01-14 20:09:53.127000;8;107333;1;1;64800.0000;1;20445.0000;None;220800.0000
14158;2023-01-14 20:36:07.057000;8;107333;1;1;64800.0000;1;40019.0000;None;432200.0000
5451;2023-01-14 15:35:47.663000;8;107333;1;1;64800.0000;1;51741.0000;None;558800.0000
5458;2023-01-14 18:39:22.980000;8;107333;1;1;64800.0000;1;39167.0000;None;423000.0000
14159;2023-01-14 20:57:49.827000;8;107526;1;1;25800.0000;1;22519.0000;None;243200.0000
5454;2023-01-14 15:56:28.773000;2;107567;1;1;21800.0000;1;31278.0000;None;337800.0000
5454;2023-01-14 16:29:30.270000;2;107567;1;1;21800.0000;1;31278.0000;None;337800.0000
5464;2023-01-14 20:50:29.403000;2;108101;1;1;32800.0000;1;40371.0000;None;436000.0000
5467;2023-01-14 20:14:22.313000;2;108116;1;1;39800.0000;1;20445.0000;None;220800.0000
5458;2023-01-14 18:28:55.133000;2;108118;1;1;34800.0000;1;39167.0000;None;423000.0000
14147;2023-01-14 13:37:38.803000;3;108191;1;1;0.0000;1;9907.0000;None;107000.0000
14147;2023-01-14 13:37:38.803000;3;108191;1;1;0.0000;1;9907.0000;None;107000.0000
14149;2023-01-14 15:27:34.927000;3;108191;1;1;0.0000;1;17333.0000;None;187200.0000
5447;2023-01-14 14:16:56.863000;1;108429;1;1;69800.0000;1;24296.0000;None;262400.0000
5464;2023-01-14 20:00:21.287000;1;108443;1;1;66800.0000;1;40371.0000;None;436000.0000
5463;2023-01-14 19:57:57.483000;1;108443;1;1;66800.0000;1;15056.0000;None;162600.0000
14155;2023-01-14 20:59:01.290000;8;108518;1;1;41800.0000;1;10241.0000;None;110600.0000
5473;2023-01-14 21:15:45.327000;8;108518;1;1;41800.0000;1;26167.0000;None;282600.0000
14145;2023-01-14 13:16:11.017000;8;109180;1;1;37800.0000;1;18704.0000;None;202000.0000
14147;2023-01-14 13:38:09.227000;8;109180;1;1;37800.0000;1;9907.0000;None;107000.0000
5440;2023-01-14 12:59:20.010000;8;109181;1;1;59800.0000;1;10389.0000;None;112200.0000
5458;2023-01-14 18:39:22.980000;8;109181;1;1;59800.0000;1;39167.0000;None;423000.0000
5465;2023-01-14 20:25:50.980000;8;109217;1;1;0.0000;1;13926.0000;None;150400.0000
5465;2023-01-14 20:25:50.980000;8;109217;1;1;0.0000;1;13926.0000;None;150400.0000
14158;2023-01-14 21:55:08.677000;1;109316;1;1;15800.0000;1;40019.0000;None;432200.0000
5444;2023-01-14 14:43:19.467000;1;109316;1;1;15800.0000;1;23296.0000;None;251600.0000
14148;2023-01-14 15:10:09.920000;1;109317;1;1;15800.0000;1;14296.0000;None;154400.0000
5454;2023-01-14 15:57:01.130000;8;109318;1;1;38800.0000;1;31278.0000;None;337800.0000
5470;2023-01-14 20:37:53.437000;8;109318;1;1;38800.0000;1;11333.0000;None;122400.0000
5473;2023-01-14 21:15:08.200000;1;109501;1;1;28800.0000;1;26167.0000;None;282600.0000
14152;2023-01-14 18:07:35.617000;1;109503;1;1;48800.0000;1;18574.0000;None;200600.0000
14154;2023-01-14 19:16:15.310000;1;109512;1;1;56800.0000;1;15167.0000;None;163800.0000
5458;2023-01-14 18:36:06.740000;1;109513;1;1;36800.0000;1;39167.0000;None;423000.0000
5458;2023-01-14 18:36:06.740000;1;109513;1;1;36800.0000;1;39167.0000;None;423000.0000
5458;2023-01-14 18:39:32.060000;1;109513;1;1;36800.0000;1;39167.0000;None;423000.0000
14158;2023-01-14 21:03:44.787000;1;109513;1;1;36800.0000;1;40019.0000;None;432200.0000
14158;2023-01-14 20:39:39.437000;1;109517;1;1;28800.0000;1;40019.0000;None;432200.0000
14146;2023-01-14 14:12:18.450000;8;109534;1;1;19800.0000;1;57760.0000;None;623800.0000
5446;2023-01-14 14:14:39.550000;3;200008;1;1;13800.0000;1;10259.0000;None;110800.0000
5443;2023-01-14 13:52:17.393000;3;200012;1;1;9800.0000;1;15167.0000;None;163800.0000
5467;2023-01-14 20:14:22.313000;3;200012;1;1;9800.0000;1;20445.0000;None;220800.0000
5473;2023-01-14 21:10:42.883000;2;200478;1;3;44400.0000;1;26167.0000;None;282600.0000
14159;2023-01-14 20:57:59.310000;2;200478;1;1;14800.0000;1;22519.0000;None;243200.0000
14159;2023-01-14 21:43:55.567000;2;200478;1;1;14800.0000;1;22519.0000;None;243200.0000
14158;2023-01-14 20:36:07.057000;2;200478;1;4;59200.0000;1;40019.0000;None;432200.0000
14158;2023-01-14 21:16:15.643000;2;200478;1;1;14800.0000;1;40019.0000;None;432200.0000
14158;2023-01-14 21:16:15.643000;2;200478;1;1;14800.0000;1;40019.0000;None;432200.0000
5441;2023-01-14 13:04:30.477000;2;200620;1;1;141800.0000;1;25167.0000;None;271800.0000
14146;2023-01-14 13:48:11.063000;3;200644;1;1;5800.0000;1;57760.0000;None;623800.0000
14146;2023-01-14 13:34:52.877000;3;200644;1;1;5800.0000;1;57760.0000;None;623800.0000
5444;2023-01-14 14:00:20.443000;3;200644;1;1;5800.0000;1;23296.0000;None;251600.0000
5447;2023-01-14 14:17:18.527000;3;200644;1;1;5800.0000;1;24296.0000;None;262400.0000
5459;2023-01-14 18:48:55.287000;3;200644;1;1;5800.0000;1;8704.0000;None;94000.0000
5459;2023-01-14 18:48:55.287000;3;200644;1;1;5800.0000;1;8704.0000;None;94000.0000
14149;2023-01-14 15:27:34.927000;3;200644;1;1;5800.0000;1;17333.0000;None;187200.0000
14158;2023-01-14 21:21:26.407000;3;200644;1;1;5800.0000;1;40019.0000;None;432200.0000
5464;2023-01-14 20:43:10.760000;3;200644;1;1;5800.0000;1;40371.0000;None;436000.0000
5464;2023-01-14 19:51:47.740000;3;200644;1;1;5800.0000;1;40371.0000;None;436000.0000
14149;2023-01-14 15:27:34.927000;3;201146;1;1;5800.0000;1;17333.0000;None;187200.0000
5447;2023-01-14 14:43:56.230000;3;201146;1;1;5800.0000;1;24296.0000;None;262400.0000
14146;2023-01-14 13:34:52.877000;3;201146;1;1;5800.0000;1;57760.0000;None;623800.0000
5464;2023-01-14 19:51:47.740000;2;201187;1;1;9800.0000;1;40371.0000;None;436000.0000
5463;2023-01-14 19:49:02.417000;2;201187;1;1;9800.0000;1;15056.0000;None;162600.0000
5463;2023-01-14 19:57:09.417000;3;201206;1;1;5800.0000;1;15056.0000;None;162600.0000
14146;2023-01-14 13:34:52.877000;3;201206;1;1;5800.0000;1;57760.0000;None;623800.0000
14157;2023-01-14 20:11:50.360000;3;201206;1;1;5800.0000;1;12963.0000;None;140000.0000
5465;2023-01-14 20:05:55.730000;3;201211;1;1;5800.0000;1;13926.0000;None;150400.0000
5465;2023-01-14 20:05:55.730000;3;201211;1;1;5800.0000;1;13926.0000;None;150400.0000
14145;2023-01-14 13:25:50.150000;3;201211;1;1;5800.0000;1;18704.0000;None;202000.0000
5461;2023-01-14 19:47:48.150000;3;201211;1;1;5800.0000;1;11389.0000;None;123000.0000
5458;2023-01-14 18:33:56.253000;3;201211;1;1;5800.0000;1;39167.0000;None;423000.0000
14152;2023-01-14 18:07:27.387000;3;201211;1;1;5800.0000;1;18574.0000;None;200600.0000
14154;2023-01-14 19:15:50.020000;3;201237;1;1;5800.0000;1;15167.0000;None;163800.0000
14147;2023-01-14 13:37:38.803000;3;201237;1;1;5800.0000;1;9907.0000;None;107000.0000
5464;2023-01-14 20:43:10.760000;3;201237;1;1;5800.0000;1;40371.0000;None;436000.0000
5464;2023-01-14 19:51:47.740000;3;201237;1;1;5800.0000;1;40371.0000;None;436000.0000
5466;2023-01-14 20:09:40.560000;3;201237;1;1;5800.0000;1;12389.0000;None;133800.0000
5470;2023-01-14 20:37:53.437000;3;201237;1;1;5800.0000;1;11333.0000;None;122400.0000
14160;2023-01-14 22:32:06.147000;3;201237;1;1;5800.0000;1;34852.0000;None;376400.0000
14160;2023-01-14 21:13:27.447000;3;201237;1;1;5800.0000;1;34852.0000;None;376400.0000
14147;2023-01-14 13:37:38.803000;3;201269;1;1;5800.0000;1;9907.0000;None;107000.0000
5458;2023-01-14 19:05:27.300000;3;201269;1;1;5800.0000;1;39167.0000;None;423000.0000
14155;2023-01-14 21:17:20.723000;1;201555;1;1;5000.0000;1;10241.0000;None;110600.0000
5451;2023-01-14 15:35:47.663000;1;201555;1;1;100000.0000;1;51741.0000;None;558800.0000
14156;2023-01-14 20:15:09.267000;2;201615;1;1;13800.0000;1;4389.0000;None;47400.0000
5454;2023-01-14 15:56:28.773000;2;201959;1;1;13800.0000;1;31278.0000;None;337800.0000
14148;2023-01-14 14:16:39.243000;2;201961;1;1;13800.0000;1;14296.0000;None;154400.0000
5454;2023-01-14 15:56:28.773000;2;201961;1;1;13800.0000;1;31278.0000;None;337800.0000
5461;2023-01-14 19:47:48.150000;3;202133;1;1;9800.0000;1;11389.0000;None;123000.0000
5464;2023-01-14 19:51:47.740000;3;202135;1;1;10800.0000;1;40371.0000;None;436000.0000
21286;2023-01-14 17:27:01.850000;1;202274;1;1;1728.0000;1;None;None;1728.0000
21285;2023-01-14 11:35:49.780000;1;202274;1;1;1728.0000;1;None;None;1728.0000
