5541;2023-01-18 14:55:08.687000;None;3;None;1;-277300.0000;2;25676.0000;None;277300.0000
21308;2023-01-18 15:37:19.667000;None;3;None;1;-8700.0000;2;806.0000;None;8700.0000
5552;2023-01-18 13:15:47.820000;7;1014;1;1;0.0000;1;6870.0000;None;74200.0000
5552;2023-01-18 13:15:47.820000;7;1020;1;1;0.0000;1;6870.0000;None;74200.0000
5553;2023-01-18 13:18:00.323000;7;1020;1;1;0.0000;1;15815.0000;None;170800.0000
5554;2023-01-18 13:23:40.020000;7;1020;1;1;0.0000;1;10056.0000;None;108600.0000
5549;2023-01-18 12:38:20.487000;7;1020;1;1;0.0000;1;18926.0000;None;204400.0000
5545;2023-01-18 12:15:44.727000;7;1020;1;1;0.0000;1;14463.0000;None;156200.0000
5544;2023-01-18 12:23:17.263000;7;1020;1;1;0.0000;1;12315.0000;None;133000.0000
5557;2023-01-18 14:18:52.090000;7;1020;1;1;0.0000;1;26926.0000;None;290800.0000
14211;2023-01-18 14:12:56.483000;7;1020;1;1;0.0000;1;13222.0000;None;142800.0000
14210;2023-01-18 13:30:58.097000;7;1020;1;1;0.0000;1;6778.0000;None;73200.0000
5562;2023-01-18 18:52:10.400000;7;1020;1;1;None;1;17148.0000;None;185200.0000
5563;2023-01-18 18:56:13.013000;7;1020;1;1;0.0000;1;10296.0000;None;111200.0000
5564;2023-01-18 19:07:32.293000;7;1020;1;1;None;1;12111.0000;None;130800.0000
5565;2023-01-18 19:32:51.643000;7;1020;1;1;0.0000;1;33185.0000;None;358400.0000
5565;2023-01-18 20:44:50.377000;7;1020;1;1;0.0000;1;33185.0000;None;358400.0000
5565;2023-01-18 20:12:31.310000;7;1020;1;1;0.0000;1;33185.0000;None;358400.0000
5566;2023-01-18 19:10:47.110000;7;1020;1;1;0.0000;1;13704.0000;None;148000.0000
5567;2023-01-18 19:37:23.980000;7;1020;1;1;0.0000;1;17685.0000;None;191000.0000
14213;2023-01-18 19:41:32.370000;7;1020;1;1;0.0000;1;20704.0000;None;223600.0000
5568;2023-01-18 20:28:43.027000;7;1020;1;1;0.0000;1;10148.0000;None;109600.0000
5571;2023-01-18 21:04:13.410000;7;1020;1;1;0.0000;1;30445.0000;None;328800.0000
5573;2023-01-18 21:44:05.490000;7;1020;1;1;0.0000;1;34352.0000;None;371000.0000
5541;2023-01-18 12:23:33.990000;7;1020;1;1;0.0000;1;25676.0000;None;277300.0000
5541;2023-01-18 12:55:29.997000;7;1020;1;1;0.0000;1;25676.0000;None;277300.0000
5542;2023-01-18 12:09:35.680000;7;1020;1;1;0.0000;1;28352.0000;None;306200.0000
5543;2023-01-18 12:19:29.543000;7;1020;1;1;0.0000;1;24806.0000;None;267900.0000
5542;2023-01-18 12:06:25.423000;7;1029;1;1;0.0000;1;28352.0000;None;306200.0000
14211;2023-01-18 14:10:45.423000;7;1029;1;1;0.0000;1;13222.0000;None;142800.0000
5544;2023-01-18 12:14:54.367000;7;1029;1;1;0.0000;1;12315.0000;None;133000.0000
5550;2023-01-18 12:39:48.250000;7;1029;1;1;0.0000;1;3833.0000;None;41400.0000
5549;2023-01-18 12:38:20.487000;7;1030;1;1;0.0000;1;18926.0000;None;204400.0000
5547;2023-01-18 12:28:22.820000;7;1030;1;1;None;1;23241.0000;None;251000.0000
5544;2023-01-18 12:23:17.263000;7;1030;1;1;0.0000;1;12315.0000;None;133000.0000
14211;2023-01-18 14:12:56.483000;7;1030;1;1;0.0000;1;13222.0000;None;142800.0000
5557;2023-01-18 14:18:52.090000;7;1030;1;1;0.0000;1;26926.0000;None;290800.0000
5562;2023-01-18 18:52:10.400000;7;1030;1;1;None;1;17148.0000;None;185200.0000
5561;2023-01-18 19:01:29.210000;7;1030;1;1;0.0000;1;61426.0000;None;663400.0000
5567;2023-01-18 19:37:23.980000;7;1030;1;1;0.0000;1;17685.0000;None;191000.0000
5566;2023-01-18 19:10:47.110000;7;1030;1;1;0.0000;1;13704.0000;None;148000.0000
5563;2023-01-18 18:56:13.013000;7;1030;1;1;0.0000;1;10296.0000;None;111200.0000
5541;2023-01-18 12:55:29.997000;7;1030;1;1;0.0000;1;25676.0000;None;277300.0000
5542;2023-01-18 12:09:35.680000;7;1030;1;1;0.0000;1;28352.0000;None;306200.0000
5541;2023-01-18 12:23:33.990000;7;1040;1;1;0.0000;1;25676.0000;None;277300.0000
5567;2023-01-18 19:37:23.980000;7;1040;1;1;0.0000;1;17685.0000;None;191000.0000
5553;2023-01-18 13:18:00.323000;7;1040;1;1;0.0000;1;15815.0000;None;170800.0000
5562;2023-01-18 18:52:10.400000;7;1042;1;1;None;1;17148.0000;None;185200.0000
5566;2023-01-18 19:10:47.110000;7;1042;1;1;0.0000;1;13704.0000;None;148000.0000
5567;2023-01-18 19:37:23.980000;7;1054;1;1;0.0000;1;17685.0000;None;191000.0000
5567;2023-01-18 19:37:23.980000;7;1054;1;1;0.0000;1;17685.0000;None;191000.0000
5543;2023-01-18 12:19:29.543000;7;1054;1;1;0.0000;1;24806.0000;None;267900.0000
5543;2023-01-18 12:19:29.543000;7;1054;1;1;0.0000;1;24806.0000;None;267900.0000
5543;2023-01-18 12:19:29.543000;7;1135;1;1;0.0000;1;24806.0000;None;267900.0000
5565;2023-01-18 20:57:33.813000;7;1135;1;1;0.0000;1;33185.0000;None;358400.0000
14213;2023-01-18 19:41:32.370000;7;1135;1;1;0.0000;1;20704.0000;None;223600.0000
5573;2023-01-18 21:44:05.490000;7;1135;1;1;0.0000;1;34352.0000;None;371000.0000
5554;2023-01-18 13:23:40.020000;7;1135;1;1;0.0000;1;10056.0000;None;108600.0000
5554;2023-01-18 13:23:40.020000;7;1135;1;1;0.0000;1;10056.0000;None;108600.0000
5554;2023-01-18 13:23:40.020000;7;1135;1;1;0.0000;1;10056.0000;None;108600.0000
14210;2023-01-18 13:30:58.097000;7;1135;1;1;0.0000;1;6778.0000;None;73200.0000
5552;2023-01-18 13:15:47.820000;7;1135;1;1;0.0000;1;6870.0000;None;74200.0000
5552;2023-01-18 13:15:47.820000;7;1135;1;1;0.0000;1;6870.0000;None;74200.0000
5546;2023-01-18 12:57:37.013000;7;1135;1;1;0.0000;1;42278.0000;None;456600.0000
5543;2023-01-18 13:05:18.237000;7;1157;1;1;0.0000;1;24806.0000;None;267900.0000
5543;2023-01-18 13:05:18.237000;7;1157;1;1;0.0000;1;24806.0000;None;267900.0000
5543;2023-01-18 12:19:29.543000;7;1159;1;1;0.0000;1;24806.0000;None;267900.0000
5543;2023-01-18 12:19:29.543000;7;1159;1;1;0.0000;1;24806.0000;None;267900.0000
5541;2023-01-18 12:55:29.997000;7;1159;1;1;0.0000;1;25676.0000;None;277300.0000
21302;2023-01-18 12:54:45.357000;7;1207;1;1;0.0000;1;15565.0000;None;168100.0000
5561;2023-01-18 18:53:45.807000;7;1207;1;1;None;1;61426.0000;None;663400.0000
5573;2023-01-18 17:18:13.643000;7;1207;1;1;0.0000;1;34352.0000;None;371000.0000
5573;2023-01-18 22:28:03.800000;7;1207;1;-1;0.0000;1;34352.0000;None;371000.0000
14213;2023-01-18 19:41:51.547000;7;1207;1;1;0.0000;1;20704.0000;None;223600.0000
14213;2023-01-18 19:41:51.547000;7;1207;1;1;0.0000;1;20704.0000;None;223600.0000
5571;2023-01-18 20:37:49.600000;7;1207;1;1;0.0000;1;30445.0000;None;328800.0000
5567;2023-01-18 19:37:03.643000;7;1207;1;1;0.0000;1;17685.0000;None;191000.0000
5563;2023-01-18 18:55:16.257000;7;1207;1;1;0.0000;1;10296.0000;None;111200.0000
5566;2023-01-18 19:29:19.890000;7;1220;1;1;0.0000;1;13704.0000;None;148000.0000
5566;2023-01-18 19:29:19.890000;7;1220;1;1;0.0000;1;13704.0000;None;148000.0000
5561;2023-01-18 19:36:40.830000;7;1220;1;1;0.0000;1;61426.0000;None;663400.0000
5557;2023-01-18 14:39:44.547000;7;1220;1;1;0.0000;1;26926.0000;None;290800.0000
14211;2023-01-18 14:30:55.420000;7;1220;1;1;0.0000;1;13222.0000;None;142800.0000
5544;2023-01-18 12:37:14.677000;7;1220;1;1;0.0000;1;12315.0000;None;133000.0000
5547;2023-01-18 12:54:40.250000;7;1220;1;1;0.0000;1;23241.0000;None;251000.0000
5547;2023-01-18 12:54:40.250000;7;1220;1;1;0.0000;1;23241.0000;None;251000.0000
5549;2023-01-18 12:57:59.770000;7;1220;1;1;0.0000;1;18926.0000;None;204400.0000
5542;2023-01-18 12:23:34.290000;7;1220;1;1;0.0000;1;28352.0000;None;306200.0000
5561;2023-01-18 18:58:29.717000;7;2042;1;1;0.0000;1;61426.0000;None;663400.0000
5570;2023-01-18 20:33:26.250000;7;2068;1;1;0.0000;1;21833.0000;None;235800.0000
5543;2023-01-18 13:05:18.237000;3;100596;1;1;5800.0000;1;24806.0000;None;267900.0000
21306;2023-01-18 15:09:13.513000;3;100596;1;1;5800.0000;1;537.0000;None;5800.0000
21309;2023-01-18 15:39:49.367000;3;100596;1;-1;-5800.0000;1;-537.0000;None;-5800.0000
21308;2023-01-18 15:37:19.667000;3;100596;1;1;5800.0000;1;806.0000;None;8700.0000
5549;2023-01-18 13:28:12.187000;3;100606;1;1;6800.0000;1;18926.0000;None;204400.0000
5553;2023-01-18 14:02:06.773000;3;100606;1;1;6800.0000;1;15815.0000;None;170800.0000
5562;2023-01-18 19:52:45.033000;3;100606;1;1;6800.0000;1;17148.0000;None;185200.0000
5541;2023-01-18 11:28:21.193000;3;100606;1;2;13600.0000;1;25676.0000;None;277300.0000
5555;2023-01-18 14:20:36.117000;3;100613;1;1;5800.0000;1;13593.0000;None;146800.0000
5549;2023-01-18 13:28:12.187000;3;100614;1;1;5800.0000;1;18926.0000;None;204400.0000
5546;2023-01-18 13:41:54.397000;3;100614;1;1;5800.0000;1;42278.0000;None;456600.0000
21308;2023-01-18 15:37:19.667000;3;100614;1;1;5800.0000;1;806.0000;None;8700.0000
21308;2023-01-18 15:37:19.667000;3;100614;1;1;5800.0000;1;806.0000;None;8700.0000
5558;2023-01-18 15:10:36.843000;3;100614;1;1;5800.0000;1;1074.0000;None;11600.0000
5558;2023-01-18 15:10:36.843000;3;100614;1;1;5800.0000;1;1074.0000;None;11600.0000
5561;2023-01-18 20:23:55.257000;3;100614;1;1;5800.0000;1;61426.0000;None;663400.0000
5561;2023-01-18 20:23:55.257000;3;100614;1;1;5800.0000;1;61426.0000;None;663400.0000
5561;2023-01-18 20:51:24.713000;3;100614;1;1;5800.0000;1;61426.0000;None;663400.0000
21310;2023-01-18 15:41:43.107000;3;100614;1;-2;-11600.0000;1;-1074.0000;None;-11600.0000
5543;2023-01-18 13:05:18.237000;3;100614;1;1;5800.0000;1;24806.0000;None;267900.0000
5542;2023-01-18 13:07:04.640000;3;100614;1;1;5800.0000;1;28352.0000;None;306200.0000
5547;2023-01-18 12:28:15.153000;8;100953;1;2;89600.0000;1;23241.0000;None;251000.0000
5553;2023-01-18 13:18:00.323000;8;100953;1;1;44800.0000;1;15815.0000;None;170800.0000
5562;2023-01-18 18:52:10.400000;8;100953;1;1;44800.0000;1;17148.0000;None;185200.0000
5570;2023-01-18 20:57:54.487000;8;100953;1;1;44800.0000;1;21833.0000;None;235800.0000
5541;2023-01-18 12:23:33.990000;8;100954;1;1;39800.0000;1;25676.0000;None;277300.0000
5562;2023-01-18 19:52:45.033000;3;100999;1;1;5800.0000;1;17148.0000;None;185200.0000
5567;2023-01-18 19:37:03.643000;3;100999;1;1;5800.0000;1;17685.0000;None;191000.0000
5551;2023-01-18 12:57:54.333000;3;100999;1;1;5800.0000;1;30130.0000;None;325400.0000
5561;2023-01-18 20:51:24.713000;3;100999;1;1;5800.0000;1;61426.0000;None;663400.0000
21302;2023-01-18 13:22:49.883000;8;101026;1;1;33800.0000;1;15565.0000;None;168100.0000
5552;2023-01-18 13:15:47.820000;8;101026;1;1;33800.0000;1;6870.0000;None;74200.0000
5565;2023-01-18 20:57:33.813000;8;101026;1;1;33800.0000;1;33185.0000;None;358400.0000
5557;2023-01-18 14:17:11.073000;1;101035;1;1;17800.0000;1;26926.0000;None;290800.0000
5571;2023-01-18 21:04:13.410000;8;101040;1;1;45800.0000;1;30445.0000;None;328800.0000
5545;2023-01-18 12:15:44.727000;1;101044;1;1;66800.0000;1;14463.0000;None;156200.0000
21312;2023-01-18 18:20:14.057000;1;101048;1;1;44800.0000;1;16241.0000;None;175400.0000
14211;2023-01-18 14:12:56.483000;1;101051;1;1;49800.0000;1;13222.0000;None;142800.0000
5562;2023-01-18 19:55:07.627000;1;101195;1;1;14800.0000;1;17148.0000;None;185200.0000
5571;2023-01-18 21:04:13.410000;1;101305;1;1;21800.0000;1;30445.0000;None;328800.0000
5566;2023-01-18 19:10:34.517000;1;101318;1;1;35800.0000;1;13704.0000;None;148000.0000
21307;2023-01-18 15:14:27.767000;1;101322;1;1;24800.0000;1;None;None;24800.0000
5552;2023-01-18 13:15:47.820000;1;101323;1;1;28800.0000;1;6870.0000;None;74200.0000
5543;2023-01-18 13:05:18.237000;1;101425;1;1;17800.0000;1;24806.0000;None;267900.0000
5541;2023-01-18 14:06:39.673000;1;101425;1;1;17800.0000;1;25676.0000;None;277300.0000
5543;2023-01-18 12:03:13.180000;6;101546;1;1;0.0000;1;24806.0000;None;267900.0000
5547;2023-01-18 12:28:22.820000;6;101546;1;1;None;1;23241.0000;None;251000.0000
5561;2023-01-18 19:01:29.210000;6;101546;1;1;0.0000;1;61426.0000;None;663400.0000
14213;2023-01-18 19:41:32.370000;6;101546;1;1;0.0000;1;20704.0000;None;223600.0000
5565;2023-01-18 20:57:33.813000;6;101613;1;10;0.0000;1;33185.0000;None;358400.0000
5546;2023-01-18 13:12:48.787000;6;101613;1;1;0.0000;1;42278.0000;None;456600.0000
5543;2023-01-18 12:17:18.767000;6;101613;1;1;0.0000;1;24806.0000;None;267900.0000
5543;2023-01-18 12:05:58.637000;3;101641;1;1;0.0000;1;24806.0000;None;267900.0000
5543;2023-01-18 11:57:47.430000;3;101641;1;1;0.0000;1;24806.0000;None;267900.0000
5552;2023-01-18 13:15:47.820000;3;101641;1;1;0.0000;1;6870.0000;None;74200.0000
5561;2023-01-18 19:27:21.690000;3;101641;1;1;0.0000;1;61426.0000;None;663400.0000
5562;2023-01-18 18:51:59.767000;3;101641;1;1;0.0000;1;17148.0000;None;185200.0000
14211;2023-01-18 14:10:07.963000;3;101641;1;1;0.0000;1;13222.0000;None;142800.0000
5565;2023-01-18 19:31:08.827000;3;101641;1;1;0.0000;1;33185.0000;None;358400.0000
5565;2023-01-18 19:08:06.607000;3;101641;1;1;0.0000;1;33185.0000;None;358400.0000
5570;2023-01-18 21:06:24.187000;3;101641;1;1;0.0000;1;21833.0000;None;235800.0000
5561;2023-01-18 20:51:24.713000;2;101689;1;1;30800.0000;1;61426.0000;None;663400.0000
5565;2023-01-18 19:24:22.560000;2;101728;1;1;33800.0000;1;33185.0000;None;358400.0000
5541;2023-01-18 14:06:39.673000;1;101891;1;1;16800.0000;1;25676.0000;None;277300.0000
5546;2023-01-18 13:41:54.397000;1;101891;1;1;16800.0000;1;42278.0000;None;456600.0000
5541;2023-01-18 12:55:29.997000;1;101927;1;1;129800.0000;1;25676.0000;None;277300.0000
5541;2023-01-18 12:23:22.637000;1;101929;1;2;33600.0000;1;25676.0000;None;277300.0000
14210;2023-01-18 13:30:33.543000;1;101929;1;1;16800.0000;1;6778.0000;None;73200.0000
21312;2023-01-18 18:20:14.057000;1;101929;1;1;16800.0000;1;16241.0000;None;175400.0000
5556;2023-01-18 13:45:17.007000;1;101929;1;1;16800.0000;1;5130.0000;None;55400.0000
5565;2023-01-18 19:32:51.643000;1;101929;1;1;16800.0000;1;33185.0000;None;358400.0000
5571;2023-01-18 20:49:08.510000;1;101929;1;1;16800.0000;1;30445.0000;None;328800.0000
14213;2023-01-18 19:41:07.757000;1;101929;1;1;16800.0000;1;20704.0000;None;223600.0000
5570;2023-01-18 20:57:54.487000;8;101953;1;1;42800.0000;1;21833.0000;None;235800.0000
5563;2023-01-18 18:56:13.013000;8;101953;1;1;42800.0000;1;10296.0000;None;111200.0000
5565;2023-01-18 20:44:50.377000;8;101971;1;1;48800.0000;1;33185.0000;None;358400.0000
5555;2023-01-18 13:29:51.030000;1;101994;1;1;79800.0000;1;13593.0000;None;146800.0000
5551;2023-01-18 13:09:23.180000;8;101996;1;1;15800.0000;1;30130.0000;None;325400.0000
14211;2023-01-18 14:10:45.423000;8;101996;1;1;15800.0000;1;13222.0000;None;142800.0000
5567;2023-01-18 19:37:03.643000;8;101996;1;1;15800.0000;1;17685.0000;None;191000.0000
5554;2023-01-18 13:23:40.020000;1;102142;1;1;9800.0000;1;10056.0000;None;108600.0000
5554;2023-01-18 13:23:40.020000;1;102142;1;1;9800.0000;1;10056.0000;None;108600.0000
5546;2023-01-18 13:41:54.397000;1;102198;1;1;1800.0000;1;42278.0000;None;456600.0000
14213;2023-01-18 19:41:32.370000;1;102337;1;1;89800.0000;1;20704.0000;None;223600.0000
5544;2023-01-18 12:23:17.263000;1;102395;1;1;39800.0000;1;12315.0000;None;133000.0000
5571;2023-01-18 21:04:13.410000;1;102445;1;1;74800.0000;1;30445.0000;None;328800.0000
5565;2023-01-18 19:32:51.643000;1;102455;1;1;37800.0000;1;33185.0000;None;358400.0000
5561;2023-01-18 19:01:21.560000;1;102455;1;1;37800.0000;1;61426.0000;None;663400.0000
5565;2023-01-18 19:34:55.240000;1;102456;1;1;16800.0000;1;33185.0000;None;358400.0000
5567;2023-01-18 19:37:03.643000;1;102457;1;1;18800.0000;1;17685.0000;None;191000.0000
5571;2023-01-18 20:39:30.407000;1;102457;1;1;18800.0000;1;30445.0000;None;328800.0000
5568;2023-01-18 20:11:42.110000;1;102457;1;1;18800.0000;1;10148.0000;None;109600.0000
5563;2023-01-18 18:53:18.033000;1;102458;1;1;19800.0000;1;10296.0000;None;111200.0000
5549;2023-01-18 12:38:06.347000;1;102458;1;1;19800.0000;1;18926.0000;None;204400.0000
14211;2023-01-18 14:10:45.423000;1;102459;1;1;18800.0000;1;13222.0000;None;142800.0000
21302;2023-01-18 12:54:45.357000;3;102619;1;1;6800.0000;1;15565.0000;None;168100.0000
14213;2023-01-18 19:41:51.547000;3;102619;1;1;7800.0000;1;20704.0000;None;223600.0000
21302;2023-01-18 12:54:45.357000;3;102633;1;1;11800.0000;1;15565.0000;None;168100.0000
14211;2023-01-18 14:10:07.963000;3;102633;1;1;11800.0000;1;13222.0000;None;142800.0000
5544;2023-01-18 12:14:04.040000;3;102635;1;1;7800.0000;1;12315.0000;None;133000.0000
5557;2023-01-18 14:17:19.223000;3;102635;1;1;7800.0000;1;26926.0000;None;290800.0000
5553;2023-01-18 13:17:45.230000;3;102635;1;1;7800.0000;1;15815.0000;None;170800.0000
14213;2023-01-18 19:59:37.527000;3;102643;1;1;14800.0000;1;20704.0000;None;223600.0000
14213;2023-01-18 19:41:51.547000;3;102643;1;2;29600.0000;1;20704.0000;None;223600.0000
5570;2023-01-18 20:33:26.250000;3;102657;1;1;12800.0000;1;21833.0000;None;235800.0000
14210;2023-01-18 13:30:58.097000;8;102692;1;1;33800.0000;1;6778.0000;None;73200.0000
5549;2023-01-18 12:38:06.347000;3;102747;1;1;4800.0000;1;18926.0000;None;204400.0000
5568;2023-01-18 19:53:09.683000;3;102747;1;1;4800.0000;1;10148.0000;None;109600.0000
5568;2023-01-18 20:41:37.100000;3;102747;1;1;4800.0000;1;10148.0000;None;109600.0000
5553;2023-01-18 13:17:45.230000;3;102748;1;1;14800.0000;1;15815.0000;None;170800.0000
5557;2023-01-18 14:17:19.223000;3;102748;1;1;14800.0000;1;26926.0000;None;290800.0000
5557;2023-01-18 14:17:19.223000;3;102748;1;1;14800.0000;1;26926.0000;None;290800.0000
5557;2023-01-18 14:46:10.243000;3;102748;1;1;14800.0000;1;26926.0000;None;290800.0000
5561;2023-01-18 18:27:59.270000;3;102748;1;1;15800.0000;1;61426.0000;None;663400.0000
5553;2023-01-18 13:18:00.323000;8;102800;1;1;58800.0000;1;15815.0000;None;170800.0000
5551;2023-01-18 13:32:20.233000;8;102800;1;1;58800.0000;1;30130.0000;None;325400.0000
5564;2023-01-18 19:07:32.293000;8;102804;1;1;43800.0000;1;12111.0000;None;130800.0000
5571;2023-01-18 21:04:13.410000;1;102923;1;1;72800.0000;1;30445.0000;None;328800.0000
5570;2023-01-18 20:33:26.250000;1;102925;1;1;12800.0000;1;21833.0000;None;235800.0000
5570;2023-01-18 20:33:26.250000;1;102925;1;1;12800.0000;1;21833.0000;None;235800.0000
14213;2023-01-18 19:41:32.370000;1;102927;1;1;64800.0000;1;20704.0000;None;223600.0000
5547;2023-01-18 12:28:22.820000;1;102927;1;1;64800.0000;1;23241.0000;None;251000.0000
5561;2023-01-18 19:01:29.210000;1;102927;1;1;64800.0000;1;61426.0000;None;663400.0000
5543;2023-01-18 12:03:13.180000;1;102927;1;1;64800.0000;1;24806.0000;None;267900.0000
5549;2023-01-18 12:38:20.487000;1;102971;1;1;87800.0000;1;18926.0000;None;204400.0000
21312;2023-01-18 18:20:14.057000;8;102997;1;1;10800.0000;1;16241.0000;None;175400.0000
21312;2023-01-18 18:20:14.057000;8;102997;1;1;10800.0000;1;16241.0000;None;175400.0000
21312;2023-01-18 18:20:14.057000;8;103002;1;1;16800.0000;1;16241.0000;None;175400.0000
21312;2023-01-18 18:20:14.057000;8;103002;1;1;16800.0000;1;16241.0000;None;175400.0000
21312;2023-01-18 18:20:14.057000;8;103009;1;1;25800.0000;1;16241.0000;None;175400.0000
5573;2023-01-18 21:44:05.490000;8;103022;1;1;61800.0000;1;34352.0000;None;371000.0000
5567;2023-01-18 19:37:23.980000;8;103023;1;1;47800.0000;1;17685.0000;None;191000.0000
5546;2023-01-18 12:57:37.013000;8;103023;1;1;47800.0000;1;42278.0000;None;456600.0000
5561;2023-01-18 18:16:19.050000;2;103225;1;1;45800.0000;1;61426.0000;None;663400.0000
5557;2023-01-18 14:18:52.090000;1;103536;1;1;39800.0000;1;26926.0000;None;290800.0000
5544;2023-01-18 12:23:17.263000;1;103536;1;1;39800.0000;1;12315.0000;None;133000.0000
5549;2023-01-18 12:38:20.487000;1;103536;1;1;39800.0000;1;18926.0000;None;204400.0000
5555;2023-01-18 13:29:51.030000;1;103536;1;1;39800.0000;1;13593.0000;None;146800.0000
5541;2023-01-18 12:55:29.997000;1;103536;1;1;39800.0000;1;25676.0000;None;277300.0000
21312;2023-01-18 18:20:14.057000;8;103539;1;1;32800.0000;1;16241.0000;None;175400.0000
5565;2023-01-18 20:44:50.377000;8;103539;1;1;32800.0000;1;33185.0000;None;358400.0000
5564;2023-01-18 19:07:32.293000;8;103544;1;1;23800.0000;1;12111.0000;None;130800.0000
5557;2023-01-18 14:18:52.090000;8;103547;1;1;68800.0000;1;26926.0000;None;290800.0000
5546;2023-01-18 12:57:37.013000;8;103548;1;1;54800.0000;1;42278.0000;None;456600.0000
21302;2023-01-18 12:59:10.347000;1;103595;1;1;32800.0000;1;15565.0000;None;168100.0000
5542;2023-01-18 12:06:25.423000;1;103595;1;1;32800.0000;1;28352.0000;None;306200.0000
5543;2023-01-18 12:19:29.543000;1;103596;1;1;79800.0000;1;24806.0000;None;267900.0000
5542;2023-01-18 12:09:35.680000;1;103596;1;1;79800.0000;1;28352.0000;None;306200.0000
5541;2023-01-18 12:23:33.990000;8;103615;1;1;37800.0000;1;25676.0000;None;277300.0000
5553;2023-01-18 13:18:00.323000;8;103615;1;1;37800.0000;1;15815.0000;None;170800.0000
5557;2023-01-18 14:18:52.090000;8;103615;1;1;37800.0000;1;26926.0000;None;290800.0000
5562;2023-01-18 18:52:10.400000;8;103615;1;1;37800.0000;1;17148.0000;None;185200.0000
5567;2023-01-18 19:37:23.980000;8;103615;1;1;37800.0000;1;17685.0000;None;191000.0000
5573;2023-01-18 21:44:05.490000;8;103615;1;1;37800.0000;1;34352.0000;None;371000.0000
5564;2023-01-18 19:07:32.293000;8;103690;1;1;39800.0000;1;12111.0000;None;130800.0000
5551;2023-01-18 13:09:23.180000;8;103690;1;1;39800.0000;1;30130.0000;None;325400.0000
5551;2023-01-18 13:19:03.237000;8;103690;1;1;39800.0000;1;30130.0000;None;325400.0000
5542;2023-01-18 12:09:35.680000;8;103690;1;1;39800.0000;1;28352.0000;None;306200.0000
5542;2023-01-18 12:09:35.680000;8;103690;1;1;39800.0000;1;28352.0000;None;306200.0000
21302;2023-01-18 13:16:49.353000;1;103780;1;1;16800.0000;1;15565.0000;None;168100.0000
5570;2023-01-18 21:59:05.210000;1;103780;1;1;16800.0000;1;21833.0000;None;235800.0000
5549;2023-01-18 12:38:06.347000;1;103826;1;1;33800.0000;1;18926.0000;None;204400.0000
5541;2023-01-18 12:55:29.997000;1;103864;1;1;79800.0000;1;25676.0000;None;277300.0000
5543;2023-01-18 12:19:29.543000;1;103864;1;1;79800.0000;1;24806.0000;None;267900.0000
21311;2023-01-18 16:57:13.647000;8;103867;1;1;28800.0000;1;None;None;28800.0000
14212;2023-01-18 17:47:28.357000;8;103867;1;1;28800.0000;1;23370.0000;None;252400.0000
5568;2023-01-18 20:28:43.027000;8;103867;1;1;28800.0000;1;10148.0000;None;109600.0000
5565;2023-01-18 20:12:31.310000;8;103867;1;1;28800.0000;1;33185.0000;None;358400.0000
5566;2023-01-18 19:10:47.110000;8;103867;1;1;28800.0000;1;13704.0000;None;148000.0000
5567;2023-01-18 19:37:03.643000;3;103912;1;1;6800.0000;1;17685.0000;None;191000.0000
5567;2023-01-18 20:10:29.573000;3;103912;1;1;6800.0000;1;17685.0000;None;191000.0000
5567;2023-01-18 19:50:37.277000;3;103912;1;1;6800.0000;1;17685.0000;None;191000.0000
5570;2023-01-18 20:33:26.250000;3;103912;1;1;6800.0000;1;21833.0000;None;235800.0000
5570;2023-01-18 20:33:26.250000;3;103912;1;1;6800.0000;1;21833.0000;None;235800.0000
5541;2023-01-18 11:28:21.193000;3;103912;1;2;13600.0000;1;25676.0000;None;277300.0000
5545;2023-01-18 12:15:44.727000;1;103981;1;1;59800.0000;1;14463.0000;None;156200.0000
5550;2023-01-18 12:39:48.250000;1;104215;1;1;18800.0000;1;3833.0000;None;41400.0000
5541;2023-01-18 12:23:22.637000;1;104216;1;2;35600.0000;1;25676.0000;None;277300.0000
5541;2023-01-18 12:55:29.997000;1;104261;1;1;18800.0000;1;25676.0000;None;277300.0000
5554;2023-01-18 13:20:47.507000;1;104266;1;1;19800.0000;1;10056.0000;None;108600.0000
5557;2023-01-18 14:17:19.223000;3;104446;1;1;5800.0000;1;26926.0000;None;290800.0000
5557;2023-01-18 14:46:10.243000;3;104446;1;1;5800.0000;1;26926.0000;None;290800.0000
5570;2023-01-18 20:33:26.250000;3;104446;1;1;5800.0000;1;21833.0000;None;235800.0000
5567;2023-01-18 20:10:29.573000;3;104446;1;1;5800.0000;1;17685.0000;None;191000.0000
5541;2023-01-18 11:28:21.193000;3;104554;1;1;4800.0000;1;25676.0000;None;277300.0000
5542;2023-01-18 13:07:04.640000;3;104554;1;1;4800.0000;1;28352.0000;None;306200.0000
5561;2023-01-18 20:23:55.257000;3;104554;1;1;4800.0000;1;61426.0000;None;663400.0000
21302;2023-01-18 13:24:37.220000;3;104554;1;1;4800.0000;1;15565.0000;None;168100.0000
5551;2023-01-18 13:09:23.180000;8;104655;1;1;38800.0000;1;30130.0000;None;325400.0000
5568;2023-01-18 20:28:43.027000;8;104655;1;1;38800.0000;1;10148.0000;None;109600.0000
5567;2023-01-18 19:37:23.980000;8;104655;1;1;38800.0000;1;17685.0000;None;191000.0000
5566;2023-01-18 19:10:47.110000;8;104655;1;1;38800.0000;1;13704.0000;None;148000.0000
5565;2023-01-18 20:12:31.310000;8;104655;1;1;38800.0000;1;33185.0000;None;358400.0000
5541;2023-01-18 12:23:33.990000;8;104655;1;1;38800.0000;1;25676.0000;None;277300.0000
5550;2023-01-18 12:40:18.523000;1;104766;1;1;16800.0000;1;3833.0000;None;41400.0000
5563;2023-01-18 18:56:13.013000;8;104938;1;1;41800.0000;1;10296.0000;None;111200.0000
5542;2023-01-18 12:09:35.680000;1;105010;1;1;0.0000;1;28352.0000;None;306200.0000
5546;2023-01-18 12:20:47.827000;1;105023;1;1;55800.0000;1;42278.0000;None;456600.0000
5561;2023-01-18 20:00:56.540000;1;105023;1;1;55800.0000;1;61426.0000;None;663400.0000
5561;2023-01-18 19:01:21.560000;1;105023;1;1;55800.0000;1;61426.0000;None;663400.0000
5561;2023-01-18 19:01:29.210000;6;105090;1;1;0.0000;1;61426.0000;None;663400.0000
5547;2023-01-18 12:28:22.820000;6;105090;1;1;None;1;23241.0000;None;251000.0000
14213;2023-01-18 19:41:32.370000;6;105090;1;1;0.0000;1;20704.0000;None;223600.0000
5543;2023-01-18 12:03:13.180000;6;105090;1;1;0.0000;1;24806.0000;None;267900.0000
5564;2023-01-18 19:07:32.293000;1;105197;1;1;9800.0000;1;12111.0000;None;130800.0000
5555;2023-01-18 13:44:25.233000;1;105197;1;1;9800.0000;1;13593.0000;None;146800.0000
5546;2023-01-18 12:57:37.013000;8;105472;1;1;69800.0000;1;42278.0000;None;456600.0000
14210;2023-01-18 13:30:58.097000;1;105477;1;1;16800.0000;1;6778.0000;None;73200.0000
5554;2023-01-18 13:23:40.020000;1;105480;1;1;32800.0000;1;10056.0000;None;108600.0000
5547;2023-01-18 12:28:22.820000;6;105509;1;1;None;1;23241.0000;None;251000.0000
5561;2023-01-18 19:01:29.210000;6;105509;1;1;0.0000;1;61426.0000;None;663400.0000
14213;2023-01-18 19:41:32.370000;6;105509;1;1;0.0000;1;20704.0000;None;223600.0000
5543;2023-01-18 12:03:13.180000;6;105509;1;1;0.0000;1;24806.0000;None;267900.0000
5564;2023-01-18 19:07:32.293000;8;105730;1;1;None;1;12111.0000;None;130800.0000
5551;2023-01-18 13:19:03.237000;8;105730;1;1;0.0000;1;30130.0000;None;325400.0000
5551;2023-01-18 13:09:23.180000;8;105730;1;1;0.0000;1;30130.0000;None;325400.0000
5542;2023-01-18 12:09:35.680000;8;105731;1;1;0.0000;1;28352.0000;None;306200.0000
5542;2023-01-18 12:09:35.680000;8;105868;1;1;0.0000;1;28352.0000;None;306200.0000
5546;2023-01-18 13:13:06;2;106012;1;1;41800.0000;1;42278.0000;None;456600.0000
5546;2023-01-18 13:13:06;2;106012;1;1;41800.0000;1;42278.0000;None;456600.0000
5546;2023-01-18 12:20:47.827000;2;106012;1;1;41800.0000;1;42278.0000;None;456600.0000
5546;2023-01-18 12:20:47.827000;2;106012;1;1;41800.0000;1;42278.0000;None;456600.0000
5556;2023-01-18 13:46:35.073000;8;106077;1;1;32800.0000;1;5130.0000;None;55400.0000
5542;2023-01-18 12:09:35.680000;1;106337;1;1;0.0000;1;28352.0000;None;306200.0000
5543;2023-01-18 12:19:29.543000;1;106337;1;1;0.0000;1;24806.0000;None;267900.0000
5543;2023-01-18 12:19:29.543000;1;106337;1;1;0.0000;1;24806.0000;None;267900.0000
5573;2023-01-18 21:24:16.097000;8;106867;1;1;29800.0000;1;34352.0000;None;371000.0000
14213;2023-01-18 19:41:32.370000;1;106922;1;1;0.0000;1;20704.0000;None;223600.0000
5544;2023-01-18 12:14:54.367000;8;107043;1;1;39800.0000;1;12315.0000;None;133000.0000
5570;2023-01-18 20:57:54.487000;8;107333;1;1;66800.0000;1;21833.0000;None;235800.0000
5542;2023-01-18 11:57:35.913000;2;107767;1;1;48800.0000;1;28352.0000;None;306200.0000
5542;2023-01-18 11:57:35.913000;2;107767;1;1;48800.0000;1;28352.0000;None;306200.0000
5546;2023-01-18 12:34:35.317000;2;107998;1;1;36800.0000;1;42278.0000;None;456600.0000
5568;2023-01-18 19:49:46.433000;3;108191;1;1;0.0000;1;10148.0000;None;109600.0000
5565;2023-01-18 19:08:06.607000;3;108191;1;1;0.0000;1;33185.0000;None;358400.0000
5571;2023-01-18 20:37:49.600000;2;108194;1;1;47800.0000;1;30445.0000;None;328800.0000
5561;2023-01-18 19:19:44.817000;1;108429;1;1;69800.0000;1;61426.0000;None;663400.0000
5561;2023-01-18 18:16:19.050000;1;108429;1;1;69800.0000;1;61426.0000;None;663400.0000
5573;2023-01-18 22:28:03.800000;2;108475;1;-1;-77800.0000;1;34352.0000;None;371000.0000
5573;2023-01-18 17:18:13.643000;2;108475;1;1;77800.0000;1;34352.0000;None;371000.0000
21302;2023-01-18 13:22:49.883000;8;108546;1;1;2500.0000;1;15565.0000;None;168100.0000
5543;2023-01-18 12:43:07.547000;8;108546;1;1;2500.0000;1;24806.0000;None;267900.0000
21302;2023-01-18 12:59:10.347000;8;109165;1;1;58800.0000;1;15565.0000;None;168100.0000
5562;2023-01-18 18:51:59.767000;8;109180;1;1;38800.0000;1;17148.0000;None;185200.0000
5566;2023-01-18 19:10:34.517000;8;109180;1;1;38800.0000;1;13704.0000;None;148000.0000
5557;2023-01-18 14:18:52.090000;8;109181;1;1;62800.0000;1;26926.0000;None;290800.0000
5571;2023-01-18 21:28:09.727000;8;109217;1;10;0.0000;1;30445.0000;None;328800.0000
5541;2023-01-18 14:06:39.673000;1;109317;1;1;16800.0000;1;25676.0000;None;277300.0000
5573;2023-01-18 22:28:03.800000;1;109317;1;-1;-16800.0000;1;34352.0000;None;371000.0000
5573;2023-01-18 19:52:45.033000;1;109317;1;1;16800.0000;1;34352.0000;None;371000.0000
14211;2023-01-18 14:12:56.483000;8;109318;1;1;40800.0000;1;13222.0000;None;142800.0000
5565;2023-01-18 19:34:55.240000;1;109503;1;1;49800.0000;1;33185.0000;None;358400.0000
5554;2023-01-18 13:23:40.020000;1;109505;1;1;19800.0000;1;10056.0000;None;108600.0000
14211;2023-01-18 12:54:14.997000;1;109513;1;1;38800.0000;1;13222.0000;None;142800.0000
14211;2023-01-18 14:57:57.743000;1;109513;1;-1;-38800.0000;1;13222.0000;None;142800.0000
14212;2023-01-18 17:18:13.643000;1;109513;1;1;38800.0000;1;23370.0000;None;252400.0000
5554;2023-01-18 13:20:39.937000;3;200007;1;1;10800.0000;1;10056.0000;None;108600.0000
5573;2023-01-18 21:19:53.343000;3;200008;1;1;15800.0000;1;34352.0000;None;371000.0000
5561;2023-01-18 18:53:45.807000;2;200151;1;1;168800.0000;1;61426.0000;None;663400.0000
5573;2023-01-18 21:16:53.233000;2;200180;1;1;225800.0000;1;34352.0000;None;371000.0000
5545;2023-01-18 12:15:44.727000;2;200478;1;1;14800.0000;1;14463.0000;None;156200.0000
5545;2023-01-18 12:15:44.727000;2;200478;1;1;14800.0000;1;14463.0000;None;156200.0000
5551;2023-01-18 13:11:41.447000;2;200630;1;1;120800.0000;1;30130.0000;None;325400.0000
5549;2023-01-18 12:38:06.347000;3;200644;1;1;5800.0000;1;18926.0000;None;204400.0000
5561;2023-01-18 18:58:29.717000;3;200644;1;1;6800.0000;1;61426.0000;None;663400.0000
5556;2023-01-18 13:44:37.090000;3;200644;1;1;5800.0000;1;5130.0000;None;55400.0000
5565;2023-01-18 19:31:08.827000;3;200644;1;1;6800.0000;1;33185.0000;None;358400.0000
5563;2023-01-18 18:55:16.257000;3;200644;1;1;6800.0000;1;10296.0000;None;111200.0000
5570;2023-01-18 21:06:24.187000;3;200644;1;1;6800.0000;1;21833.0000;None;235800.0000
5568;2023-01-18 21:27:51.107000;3;200644;1;1;6800.0000;1;10148.0000;None;109600.0000
5543;2023-01-18 11:57:47.430000;3;200644;1;1;5800.0000;1;24806.0000;None;267900.0000
5542;2023-01-18 12:30:37.243000;3;200644;1;1;5800.0000;1;28352.0000;None;306200.0000
5544;2023-01-18 12:14:04.040000;3;201146;1;1;5800.0000;1;12315.0000;None;133000.0000
5541;2023-01-18 13:32:02.160000;3;201146;1;2;11600.0000;1;25676.0000;None;277300.0000
5541;2023-01-18 14:26:28.357000;3;201146;1;1;5800.0000;1;25676.0000;None;277300.0000
5571;2023-01-18 21:28:09.727000;3;201146;1;1;6800.0000;1;30445.0000;None;328800.0000
5571;2023-01-18 21:28:09.727000;3;201146;1;1;6800.0000;1;30445.0000;None;328800.0000
5571;2023-01-18 21:28:09.727000;3;201146;1;1;6800.0000;1;30445.0000;None;328800.0000
5564;2023-01-18 19:07:36.040000;3;201146;1;1;6800.0000;1;12111.0000;None;130800.0000
5564;2023-01-18 19:07:36.040000;3;201146;1;1;6800.0000;1;12111.0000;None;130800.0000
14210;2023-01-18 13:45:44.963000;3;201146;1;-1;-5800.0000;1;6778.0000;None;73200.0000
5561;2023-01-18 18:53:45.807000;3;201146;1;1;6800.0000;1;61426.0000;None;663400.0000
5550;2023-01-18 12:38:49.867000;3;201146;1;1;5800.0000;1;3833.0000;None;41400.0000
5551;2023-01-18 13:32:20.233000;3;201146;1;1;5800.0000;1;30130.0000;None;325400.0000
5552;2023-01-18 13:15:47.820000;3;201146;1;1;5800.0000;1;6870.0000;None;74200.0000
14210;2023-01-18 13:30:29.870000;3;201146;1;1;5800.0000;1;6778.0000;None;73200.0000
14210;2023-01-18 13:30:29.870000;3;201146;1;1;5800.0000;1;6778.0000;None;73200.0000
5555;2023-01-18 13:25:18.663000;3;201206;1;1;5800.0000;1;13593.0000;None;146800.0000
5555;2023-01-18 13:25:18.663000;3;201211;1;1;5800.0000;1;13593.0000;None;146800.0000
5554;2023-01-18 13:20:39.937000;3;201211;1;1;5800.0000;1;10056.0000;None;108600.0000
5566;2023-01-18 19:10:47.110000;3;201211;1;1;5800.0000;1;13704.0000;None;148000.0000
5565;2023-01-18 19:08:06.607000;3;201269;1;1;6800.0000;1;33185.0000;None;358400.0000
5565;2023-01-18 19:08:06.607000;3;201269;1;1;6800.0000;1;33185.0000;None;358400.0000
5568;2023-01-18 19:49:46.433000;3;201269;1;1;6800.0000;1;10148.0000;None;109600.0000
5552;2023-01-18 13:15:47.820000;3;201269;1;1;5800.0000;1;6870.0000;None;74200.0000
5562;2023-01-18 18:51:59.767000;3;201269;1;1;6800.0000;1;17148.0000;None;185200.0000
5561;2023-01-18 19:27:21.690000;3;201269;1;1;6800.0000;1;61426.0000;None;663400.0000
14211;2023-01-18 14:10:07.963000;3;201269;1;1;5800.0000;1;13222.0000;None;142800.0000
5543;2023-01-18 12:05:58.637000;3;201269;1;1;5800.0000;1;24806.0000;None;267900.0000
5562;2023-01-18 18:51:59.767000;2;201615;1;1;14800.0000;1;17148.0000;None;185200.0000
5562;2023-01-18 19:15:09.220000;2;201615;1;1;14800.0000;1;17148.0000;None;185200.0000
5547;2023-01-18 12:48:45.400000;2;201615;1;1;13800.0000;1;23241.0000;None;251000.0000
5547;2023-01-18 13:04:06.013000;2;201615;1;3;41400.0000;1;23241.0000;None;251000.0000
5547;2023-01-18 12:28:06.213000;2;201615;1;2;27600.0000;1;23241.0000;None;251000.0000
5547;2023-01-18 12:28:06.213000;2;201615;1;1;13800.0000;1;23241.0000;None;251000.0000
5571;2023-01-18 20:36:52.100000;3;202112;1;1;9800.0000;1;30445.0000;None;328800.0000
14212;2023-01-18 17:22:19.780000;2;202171;1;1;184800.0000;1;23370.0000;None;252400.0000
21303;2023-01-18 13:37:38.763000;1;202572;1;1;5500.0000;1;None;None;5500.0000
5541;2023-01-18 14:50:52.743000;2;202637;1;-1;-196800.0000;1;25676.0000;None;277300.0000
5541;2023-01-18 13:29:42.737000;2;202637;1;1;196800.0000;1;25676.0000;None;277300.0000
5541;2023-01-18 14:12:06.700000;2;202640;1;1;249800.0000;1;25676.0000;None;277300.0000
5541;2023-01-18 14:50:52.743000;2;202640;1;-1;-249800.0000;1;25676.0000;None;277300.0000
5541;2023-01-18 14:50:52.743000;2;202643;1;-1;-225800.0000;1;25676.0000;None;277300.0000
5541;2023-01-18 13:29:42.737000;2;202643;1;1;225800.0000;1;25676.0000;None;277300.0000
