21321;2023-01-20 16:42:43.257000;None;2;None;1;-16800.0000;2;13037.0000;None;140800.0000
14222;2023-01-20 13:10:52.343000;7;1002;1;1;0.0000;1;60037.0000;None;648400.0000
14227;2023-01-20 14:32:45.633000;7;1002;1;1;None;1;19593.0000;None;211600.0000
14237;2023-01-20 19:49:45.437000;7;1006;1;1;0.0000;1;66148.0000;None;714400.0000
5602;2023-01-20 13:22:21.097000;7;1006;1;1;0.0000;1;91556.0000;None;988800.0000
14243;2023-01-20 21:16:05.837000;7;1006;1;1;0.0000;1;10370.0000;None;112000.0000
14246;2023-01-20 21:24:44.877000;7;1006;1;1;0.0000;1;24741.0000;None;267200.0000
5602;2023-01-20 13:22:21.097000;7;1020;1;1;0.0000;1;91556.0000;None;988800.0000
14224;2023-01-20 13:01:42.313000;7;1020;1;1;0.0000;1;15630.0000;None;168800.0000
5603;2023-01-20 14:35:12.060000;7;1020;1;1;0.0000;1;40408.0000;None;436400.0000
5603;2023-01-20 14:56:55.800000;7;1020;1;1;0.0000;1;40408.0000;None;436400.0000
14222;2023-01-20 13:10:38.367000;7;1020;1;1;0.0000;1;60037.0000;None;648400.0000
14222;2023-01-20 13:10:52.343000;7;1020;1;1;0.0000;1;60037.0000;None;648400.0000
5600;2023-01-20 12:46:06.150000;7;1020;1;1;0.0000;1;27574.0000;None;297800.0000
5602;2023-01-20 12:54:51.240000;7;1020;1;1;0.0000;1;91556.0000;None;988800.0000
5602;2023-01-20 12:54:40.073000;7;1020;1;1;0.0000;1;91556.0000;None;988800.0000
14237;2023-01-20 19:49:45.453000;7;1020;1;1;0.0000;1;66148.0000;None;714400.0000
5624;2023-01-20 19:11:51.347000;7;1020;1;1;0.0000;1;14500.0000;None;156600.0000
14234;2023-01-20 19:10:58.910000;7;1020;1;1;0.0000;1;13611.0000;None;147000.0000
14235;2023-01-20 18:41:43.803000;7;1020;1;1;0.0000;1;9907.0000;None;107000.0000
5626;2023-01-20 19:44:06.650000;7;1020;1;1;0.0000;1;13037.0000;None;140800.0000
5627;2023-01-20 20:31:14.777000;7;1020;1;1;0.0000;1;90630.0000;None;978800.0000
5627;2023-01-20 20:31:14.777000;7;1020;1;1;0.0000;1;90630.0000;None;978800.0000
5628;2023-01-20 19:56:10.627000;7;1020;1;1;0.0000;1;18667.0000;None;201600.0000
5629;2023-01-20 20:24:11.183000;7;1020;1;1;0.0000;1;31111.0000;None;336000.0000
5630;2023-01-20 20:13:58.267000;7;1020;1;1;0.0000;1;20593.0000;None;222400.0000
14240;2023-01-20 20:33:29.090000;7;1020;1;1;0.0000;1;18167.0000;None;196200.0000
14241;2023-01-20 20:39:09.050000;7;1020;1;1;0.0000;1;13648.0000;None;147400.0000
14227;2023-01-20 14:32:45.633000;7;1020;1;1;None;1;19593.0000;None;211600.0000
14228;2023-01-20 14:08:57.473000;7;1020;1;1;0.0000;1;35408.0000;None;382400.0000
14228;2023-01-20 14:09:41.913000;7;1020;1;1;0.0000;1;35408.0000;None;382400.0000
5611;2023-01-20 14:11:32.657000;7;1020;1;1;0.0000;1;4732.0000;None;51100.0000
5606;2023-01-20 13:19:51.413000;7;1020;1;1;0.0000;1;13241.0000;None;143000.0000
5605;2023-01-20 13:10:24.727000;7;1020;1;1;0.0000;1;9926.0000;None;107200.0000
5607;2023-01-20 13:26:15.507000;7;1020;1;1;0.0000;1;16574.0000;None;179000.0000
14225;2023-01-20 13:25:07.023000;7;1020;1;1;0.0000;1;11741.0000;None;126800.0000
14225;2023-01-20 13:59:40.977000;7;1020;1;1;0.0000;1;11741.0000;None;126800.0000
14226;2023-01-20 14:16:23.160000;7;1020;1;1;None;1;12019.0000;None;129800.0000
14226;2023-01-20 15:13:30.400000;7;1020;1;-1;0.0000;1;12019.0000;None;129800.0000
5617;2023-01-20 17:41:39.487000;7;1020;1;1;0.0000;1;13148.0000;None;142000.0000
5618;2023-01-20 17:55:08.790000;7;1020;1;1;0.0000;1;19889.0000;None;214800.0000
14233;2023-01-20 18:23:08.460000;7;1020;1;1;0.0000;1;24482.0000;None;264400.0000
5618;2023-01-20 18:24:15.797000;7;1020;1;1;0.0000;1;19889.0000;None;214800.0000
5619;2023-01-20 19:31:23.873000;7;1020;1;1;0.0000;1;51074.0000;None;551600.0000
5620;2023-01-20 19:18:22.300000;7;1020;1;1;0.0000;1;17945.0000;None;193800.0000
5616;2023-01-20 15:10:10.607000;7;1020;1;1;0.0000;1;15926.0000;None;172000.0000
5614;2023-01-20 14:33:19.027000;7;1020;1;1;0.0000;1;15815.0000;None;170800.0000
14246;2023-01-20 21:24:44.877000;7;1020;1;1;0.0000;1;24741.0000;None;267200.0000
14247;2023-01-20 21:51:29.797000;7;1020;1;1;0.0000;1;28778.0000;None;310800.0000
14243;2023-01-20 21:16:05.837000;7;1020;1;1;0.0000;1;10370.0000;None;112000.0000
5637;2023-01-20 21:37:18.967000;7;1020;1;1;0.0000;1;30908.0000;None;333800.0000
14245;2023-01-20 21:21:49.817000;7;1020;1;1;0.0000;1;21426.0000;None;231400.0000
14245;2023-01-20 21:22:01.237000;7;1020;1;1;0.0000;1;21426.0000;None;231400.0000
14244;2023-01-20 21:38:46.667000;7;1020;1;1;0.0000;1;13241.0000;None;143000.0000
5632;2023-01-20 20:32:46.687000;7;1020;1;1;0.0000;1;15185.0000;None;164000.0000
5633;2023-01-20 20:26:37.007000;7;1020;1;1;0.0000;1;11944.0000;None;129000.0000
5616;2023-01-20 15:08:18.130000;7;1029;1;1;0.0000;1;15926.0000;None;172000.0000
14233;2023-01-20 18:54:38.280000;7;1029;1;1;0.0000;1;24482.0000;None;264400.0000
14233;2023-01-20 18:15:28.473000;7;1029;1;1;0.0000;1;24482.0000;None;264400.0000
5631;2023-01-20 20:22:25.623000;7;1029;1;1;0.0000;1;45278.0000;None;489000.0000
5629;2023-01-20 20:04:12.773000;7;1029;1;1;0.0000;1;31111.0000;None;336000.0000
5624;2023-01-20 19:11:01.060000;7;1029;1;1;0.0000;1;14500.0000;None;156600.0000
5638;2023-01-20 21:28:03.380000;7;1029;1;1;0.0000;1;15704.0000;None;169600.0000
14246;2023-01-20 21:24:44.877000;7;1030;1;1;0.0000;1;24741.0000;None;267200.0000
5637;2023-01-20 21:37:18.967000;7;1030;1;1;0.0000;1;30908.0000;None;333800.0000
14243;2023-01-20 21:16:05.837000;7;1030;1;1;0.0000;1;10370.0000;None;112000.0000
5600;2023-01-20 12:46:06.150000;7;1030;1;1;0.0000;1;27574.0000;None;297800.0000
14222;2023-01-20 13:10:52.343000;7;1030;1;1;0.0000;1;60037.0000;None;648400.0000
14224;2023-01-20 13:01:42.313000;7;1030;1;1;0.0000;1;15630.0000;None;168800.0000
14221;2023-01-20 12:53:13.623000;7;1030;1;1;0.0000;1;39556.0000;None;427200.0000
5624;2023-01-20 19:11:51.347000;7;1030;1;1;0.0000;1;14500.0000;None;156600.0000
14238;2023-01-20 19:43:03.133000;7;1030;1;1;0.0000;1;20889.0000;None;225600.0000
5623;2023-01-20 19:05:43.383000;7;1030;1;1;None;1;16852.0000;None;182000.0000
5628;2023-01-20 19:56:10.627000;7;1030;1;1;0.0000;1;18667.0000;None;201600.0000
5619;2023-01-20 19:31:23.873000;7;1030;1;1;0.0000;1;51074.0000;None;551600.0000
5616;2023-01-20 15:10:10.607000;7;1030;1;1;0.0000;1;15926.0000;None;172000.0000
5607;2023-01-20 13:26:15.507000;7;1030;1;1;0.0000;1;16574.0000;None;179000.0000
14228;2023-01-20 14:09:41.913000;7;1030;1;1;0.0000;1;35408.0000;None;382400.0000
5614;2023-01-20 14:33:19.027000;7;1040;1;1;0.0000;1;15815.0000;None;170800.0000
5619;2023-01-20 19:31:23.873000;7;1040;1;1;0.0000;1;51074.0000;None;551600.0000
5628;2023-01-20 19:56:10.627000;7;1040;1;1;0.0000;1;18667.0000;None;201600.0000
5626;2023-01-20 19:44:06.650000;7;1040;1;1;0.0000;1;13037.0000;None;140800.0000
14241;2023-01-20 20:39:09.050000;7;1040;1;1;0.0000;1;13648.0000;None;147400.0000
5630;2023-01-20 20:13:58.267000;7;1040;1;1;0.0000;1;20593.0000;None;222400.0000
14235;2023-01-20 18:41:43.803000;7;1040;1;1;0.0000;1;9907.0000;None;107000.0000
5603;2023-01-20 14:35:12.060000;7;1040;1;1;0.0000;1;40408.0000;None;436400.0000
5633;2023-01-20 20:26:37.007000;7;1040;1;1;0.0000;1;11944.0000;None;129000.0000
14247;2023-01-20 21:51:29.797000;7;1040;1;1;0.0000;1;28778.0000;None;310800.0000
14234;2023-01-20 19:10:58.910000;7;1060;1;1;0.0000;1;13611.0000;None;147000.0000
5627;2023-01-20 20:31:14.777000;7;1077;1;1;0.0000;1;90630.0000;None;978800.0000
5627;2023-01-20 20:31:14.777000;7;1077;1;1;0.0000;1;90630.0000;None;978800.0000
5627;2023-01-20 20:31:14.777000;7;1077;1;1;0.0000;1;90630.0000;None;978800.0000
14234;2023-01-20 19:10:58.910000;7;1100;1;1;0.0000;1;13611.0000;None;147000.0000
14237;2023-01-20 19:49:45.437000;7;1100;1;1;0.0000;1;66148.0000;None;714400.0000
14237;2023-01-20 19:49:45.437000;7;1135;1;1;0.0000;1;66148.0000;None;714400.0000
14234;2023-01-20 19:10:58.910000;7;1135;1;1;0.0000;1;13611.0000;None;147000.0000
14236;2023-01-20 19:15:00.997000;7;1135;1;1;0.0000;1;19407.0000;None;209600.0000
5613;2023-01-20 14:12:41.117000;7;1135;1;1;0.0000;1;None;None;62800.0000
14229;2023-01-20 14:58:13.170000;7;1135;1;1;0.0000;1;None;None;62800.0000
14229;2023-01-20 14:58:13.170000;7;1135;1;1;0.0000;1;None;None;62800.0000
21321;2023-01-20 13:22:56.917000;7;1135;1;1;0.0000;1;13037.0000;None;140800.0000
5606;2023-01-20 13:19:51.413000;7;1135;1;1;0.0000;1;13241.0000;None;143000.0000
14221;2023-01-20 13:11:16.233000;7;1135;1;1;0.0000;1;39556.0000;None;427200.0000
14221;2023-01-20 13:14:50.273000;7;1135;1;1;0.0000;1;39556.0000;None;427200.0000
14224;2023-01-20 13:01:42.313000;7;1135;1;1;0.0000;1;15630.0000;None;168800.0000
5602;2023-01-20 13:22:21.097000;7;1135;1;1;0.0000;1;91556.0000;None;988800.0000
14246;2023-01-20 21:24:44.877000;7;1135;1;1;0.0000;1;24741.0000;None;267200.0000
5635;2023-01-20 21:04:30.717000;7;1135;1;1;0.0000;1;None;None;250000.0000
5635;2023-01-20 21:04:30.717000;7;1135;1;1;0.0000;1;None;None;250000.0000
14237;2023-01-20 20:09:59.463000;7;1153;1;1;0.0000;1;66148.0000;None;714400.0000
14237;2023-01-20 20:09:59.463000;7;1153;1;1;0.0000;1;66148.0000;None;714400.0000
5635;2023-01-20 21:04:30.717000;7;1153;1;1;0.0000;1;None;None;250000.0000
5635;2023-01-20 21:04:30.717000;7;1153;1;1;0.0000;1;None;None;250000.0000
5630;2023-01-20 20:46:27.083000;7;1164;1;10;0.0000;1;20593.0000;None;222400.0000
14237;2023-01-20 19:09:14.763000;7;1186;1;1;0.0000;1;66148.0000;None;714400.0000
14237;2023-01-20 19:09:14.763000;7;1186;1;1;0.0000;1;66148.0000;None;714400.0000
5614;2023-01-20 14:51:53.263000;7;1186;1;10;0.0000;1;15815.0000;None;170800.0000
5615;2023-01-20 14:52:24.907000;7;1207;1;1;0.0000;1;15056.0000;None;162600.0000
5617;2023-01-20 17:39:46.807000;7;1207;1;1;None;1;13148.0000;None;142000.0000
21321;2023-01-20 12:56:21.250000;7;1207;1;1;0.0000;1;13037.0000;None;140800.0000
14237;2023-01-20 19:19:02.910000;7;1207;1;1;0.0000;1;66148.0000;None;714400.0000
5630;2023-01-20 20:13:23.857000;7;1207;1;1;0.0000;1;20593.0000;None;222400.0000
5627;2023-01-20 19:50:23.283000;7;1207;1;1;0.0000;1;90630.0000;None;978800.0000
14224;2023-01-20 12:48:25.917000;7;1207;1;1;0.0000;1;15630.0000;None;168800.0000
5603;2023-01-20 13:16:02.040000;7;1207;1;1;0.0000;1;40408.0000;None;436400.0000
14222;2023-01-20 12:35:20.963000;7;1207;1;1;0.0000;1;60037.0000;None;648400.0000
14222;2023-01-20 14:02:41.917000;7;1207;1;1;None;1;60037.0000;None;648400.0000
5602;2023-01-20 12:48:16.837000;7;1207;1;1;0.0000;1;91556.0000;None;988800.0000
5602;2023-01-20 13:02:42.337000;7;1207;1;1;0.0000;1;91556.0000;None;988800.0000
5601;2023-01-20 12:45:06.090000;7;1207;1;1;0.0000;1;8519.0000;None;92000.0000
5634;2023-01-20 20:57:40.237000;7;1207;1;1;0.0000;1;10556.0000;None;114000.0000
5631;2023-01-20 20:24:01.537000;7;1207;1;1;0.0000;1;45278.0000;None;489000.0000
5631;2023-01-20 20:24:01.537000;7;1207;1;1;0.0000;1;45278.0000;None;489000.0000
5637;2023-01-20 21:41:52.827000;7;1207;1;1;0.0000;1;30908.0000;None;333800.0000
14245;2023-01-20 21:23:53.310000;7;1207;1;1;0.0000;1;21426.0000;None;231400.0000
14221;2023-01-20 13:07:46.337000;7;1220;1;1;0.0000;1;39556.0000;None;427200.0000
5600;2023-01-20 13:00:02.323000;7;1220;1;1;0.0000;1;27574.0000;None;297800.0000
5600;2023-01-20 13:00:02.323000;7;1220;1;1;0.0000;1;27574.0000;None;297800.0000
14238;2023-01-20 20:00:25.880000;7;1220;1;1;0.0000;1;20889.0000;None;225600.0000
5624;2023-01-20 19:24:27.173000;7;1220;1;1;0.0000;1;14500.0000;None;156600.0000
5624;2023-01-20 19:24:27.173000;7;1220;1;1;0.0000;1;14500.0000;None;156600.0000
5623;2023-01-20 19:20:57.233000;7;1220;1;1;0.0000;1;16852.0000;None;182000.0000
5623;2023-01-20 19:20:57.233000;7;1220;1;1;0.0000;1;16852.0000;None;182000.0000
14228;2023-01-20 14:36:54.570000;7;1220;1;1;0.0000;1;35408.0000;None;382400.0000
5616;2023-01-20 15:25:05.107000;7;1220;1;1;None;1;15926.0000;None;172000.0000
5619;2023-01-20 19:43:30.210000;7;1220;1;1;0.0000;1;51074.0000;None;551600.0000
14243;2023-01-20 21:33:58.107000;7;1220;1;1;0.0000;1;10370.0000;None;112000.0000
5637;2023-01-20 21:55:14.430000;7;1220;1;1;0.0000;1;30908.0000;None;333800.0000
5637;2023-01-20 21:55:14.430000;7;1220;1;1;0.0000;1;30908.0000;None;333800.0000
14246;2023-01-20 21:40:02.673000;7;1220;1;1;0.0000;1;24741.0000;None;267200.0000
5635;2023-01-20 21:04:30.717000;7;2004;2;1;0.0000;1;None;None;250000.0000
5635;2023-01-20 21:04:30.717000;7;2004;2;1;0.0000;1;None;None;250000.0000
5635;2023-01-20 21:04:30.717000;7;2004;2;1;0.0000;1;None;None;250000.0000
14237;2023-01-20 20:09:59.463000;7;2004;2;1;0.0000;1;66148.0000;None;714400.0000
5630;2023-01-20 20:46:27.083000;7;2004;2;4;0.0000;1;20593.0000;None;222400.0000
5628;2023-01-20 19:55:52.950000;7;2039;1;1;0.0000;1;18667.0000;None;201600.0000
14238;2023-01-20 19:41:45.920000;7;2039;1;1;0.0000;1;20889.0000;None;225600.0000
14245;2023-01-20 21:29:54.963000;7;2039;1;1;0.0000;1;21426.0000;None;231400.0000
14245;2023-01-20 21:35:38.720000;7;2039;1;1;0.0000;1;21426.0000;None;231400.0000
14246;2023-01-20 21:23:52.497000;7;2042;1;1;0.0000;1;24741.0000;None;267200.0000
14237;2023-01-20 19:06:10.013000;7;2042;1;1;0.0000;1;66148.0000;None;714400.0000
14237;2023-01-20 19:06:10.013000;7;2042;1;1;0.0000;1;66148.0000;None;714400.0000
5621;2023-01-20 18:34:44.380000;7;2042;1;1;0.0000;1;21148.0000;None;228400.0000
5626;2023-01-20 19:44:06.650000;7;2042;1;1;0.0000;1;13037.0000;None;140800.0000
5614;2023-01-20 14:37:14.377000;7;2042;1;1;0.0000;1;15815.0000;None;170800.0000
5627;2023-01-20 19:54:16.490000;7;2050;1;1;0.0000;1;90630.0000;None;978800.0000
14234;2023-01-20 18:40:27.310000;7;2072;1;1;0.0000;1;13611.0000;None;147000.0000
14236;2023-01-20 18:52:46.440000;7;2072;1;1;0.0000;1;19407.0000;None;209600.0000
14226;2023-01-20 13:50:16.773000;7;2072;1;1;0.0000;1;12019.0000;None;129800.0000
14242;2023-01-20 20:52:03.323000;7;2072;1;1;0.0000;1;10796.0000;None;116600.0000
5641;2023-01-20 22:40:09.817000;3;100596;1;1;5800.0000;1;537.0000;None;5800.0000
14222;2023-01-20 14:02:41.917000;3;100612;1;1;7800.0000;1;60037.0000;None;648400.0000
14222;2023-01-20 14:02:41.917000;3;100612;1;1;7800.0000;1;60037.0000;None;648400.0000
5608;2023-01-20 15:09:10.207000;3;100612;1;1;7800.0000;1;29611.0000;None;319800.0000
14222;2023-01-20 14:02:41.917000;3;100614;1;1;5800.0000;1;60037.0000;None;648400.0000
5608;2023-01-20 15:09:10.207000;3;100614;1;1;5800.0000;1;29611.0000;None;319800.0000
14228;2023-01-20 15:07:07.413000;3;100614;1;1;5800.0000;1;35408.0000;None;382400.0000
5625;2023-01-20 21:17:08.277000;3;100614;1;1;5800.0000;1;12889.0000;None;139200.0000
5627;2023-01-20 21:10:36.110000;3;100614;1;1;5800.0000;1;90630.0000;None;978800.0000
5627;2023-01-20 21:21:38.543000;3;100614;1;1;5800.0000;1;90630.0000;None;978800.0000
5626;2023-01-20 19:44:06.650000;8;100953;1;1;44800.0000;1;13037.0000;None;140800.0000
5631;2023-01-20 20:22:25.623000;8;100953;1;1;44800.0000;1;45278.0000;None;489000.0000
5625;2023-01-20 19:25:55.233000;8;100953;1;1;44800.0000;1;12889.0000;None;139200.0000
14237;2023-01-20 19:49:45.437000;8;100953;1;1;44800.0000;1;66148.0000;None;714400.0000
14237;2023-01-20 19:49:45.437000;8;100953;1;1;44800.0000;1;66148.0000;None;714400.0000
14234;2023-01-20 19:10:58.910000;8;100953;1;1;44800.0000;1;13611.0000;None;147000.0000
14228;2023-01-20 14:09:41.913000;8;100953;1;1;44800.0000;1;35408.0000;None;382400.0000
5610;2023-01-20 14:04:34.797000;8;100953;1;1;44800.0000;1;26667.0000;None;288000.0000
5618;2023-01-20 17:55:08.790000;8;100953;1;1;44800.0000;1;19889.0000;None;214800.0000
5601;2023-01-20 12:45:06.090000;8;100953;1;1;44800.0000;1;8519.0000;None;92000.0000
14221;2023-01-20 12:31:34.560000;8;100953;1;1;44800.0000;1;39556.0000;None;427200.0000
5638;2023-01-20 21:29:05.943000;8;100953;1;1;44800.0000;1;15704.0000;None;169600.0000
5635;2023-01-20 21:04:30.717000;8;100953;1;1;44800.0000;1;None;None;250000.0000
5632;2023-01-20 20:32:46.687000;8;100953;1;1;44800.0000;1;15185.0000;None;164000.0000
14245;2023-01-20 21:22:01.237000;8;100953;1;1;44800.0000;1;21426.0000;None;231400.0000
5597;2023-01-20 11:58:28.387000;8;100954;1;1;39800.0000;1;None;None;214000.0000
5597;2023-01-20 11:58:28.387000;8;100954;1;1;39800.0000;1;None;None;214000.0000
5614;2023-01-20 14:33:19.027000;8;100954;1;1;39800.0000;1;15815.0000;None;170800.0000
5614;2023-01-20 14:33:19.027000;8;100954;1;1;39800.0000;1;15815.0000;None;170800.0000
14225;2023-01-20 13:25:07.023000;8;100954;1;1;39800.0000;1;11741.0000;None;126800.0000
5630;2023-01-20 20:13:58.267000;8;100954;1;1;39800.0000;1;20593.0000;None;222400.0000
14238;2023-01-20 21:09:50.697000;3;100999;1;1;5800.0000;1;20889.0000;None;225600.0000
21321;2023-01-20 12:56:21.250000;3;100999;1;1;5800.0000;1;13037.0000;None;140800.0000
5601;2023-01-20 12:45:06.090000;3;100999;1;1;5800.0000;1;8519.0000;None;92000.0000
5601;2023-01-20 13:14:55.497000;3;100999;1;1;5800.0000;1;8519.0000;None;92000.0000
14222;2023-01-20 14:02:41.917000;3;100999;1;1;5800.0000;1;60037.0000;None;648400.0000
5603;2023-01-20 15:35:01.207000;3;100999;1;3;17400.0000;1;40408.0000;None;436400.0000
5608;2023-01-20 14:04:48.373000;8;101026;1;1;33800.0000;1;29611.0000;None;319800.0000
14226;2023-01-20 14:45:44.637000;8;101026;1;1;33800.0000;1;12019.0000;None;129800.0000
5627;2023-01-20 20:31:14.777000;8;101026;1;1;33800.0000;1;90630.0000;None;978800.0000
5633;2023-01-20 20:26:37.007000;8;101026;1;1;33800.0000;1;11944.0000;None;129000.0000
5635;2023-01-20 21:04:30.717000;8;101026;1;1;33800.0000;1;None;None;250000.0000
14247;2023-01-20 21:51:29.797000;8;101026;1;1;33800.0000;1;28778.0000;None;310800.0000
5627;2023-01-20 20:31:14.777000;8;101040;1;1;45800.0000;1;90630.0000;None;978800.0000
14243;2023-01-20 21:16:05.837000;1;101047;1;1;46800.0000;1;10370.0000;None;112000.0000
14239;2023-01-20 20:05:41.360000;1;101048;1;1;44800.0000;1;10741.0000;None;116000.0000
14227;2023-01-20 14:32:45.633000;1;101050;1;1;49800.0000;1;19593.0000;None;211600.0000
14228;2023-01-20 14:09:41.913000;1;101051;1;1;49800.0000;1;35408.0000;None;382400.0000
5616;2023-01-20 15:10:10.607000;1;101051;1;1;49800.0000;1;15926.0000;None;172000.0000
5620;2023-01-20 19:18:22.300000;1;101051;1;1;49800.0000;1;17945.0000;None;193800.0000
14240;2023-01-20 20:33:29.090000;1;101051;1;1;49800.0000;1;18167.0000;None;196200.0000
14246;2023-01-20 21:23:52.497000;2;101169;1;1;27800.0000;1;24741.0000;None;267200.0000
14246;2023-01-20 21:32:39.630000;2;101169;1;-1;-27800.0000;1;24741.0000;None;267200.0000
5627;2023-01-20 21:10:36.110000;1;101195;1;1;14800.0000;1;90630.0000;None;978800.0000
14237;2023-01-20 19:49:45.437000;1;101321;1;1;26800.0000;1;66148.0000;None;714400.0000
14238;2023-01-20 21:09:50.697000;1;101425;1;1;17800.0000;1;20889.0000;None;225600.0000
5637;2023-01-20 22:31:25.233000;1;101425;1;1;17800.0000;1;30908.0000;None;333800.0000
5635;2023-01-20 21:04:30.717000;6;101546;1;1;0.0000;1;None;None;250000.0000
14228;2023-01-20 14:09:41.913000;6;101546;1;1;0.0000;1;35408.0000;None;382400.0000
14228;2023-01-20 14:09:41.913000;6;101546;1;1;0.0000;1;35408.0000;None;382400.0000
5599;2023-01-20 12:58:53.313000;6;101546;1;1;None;1;26926.0000;None;290800.0000
14221;2023-01-20 12:53:13.623000;6;101546;1;1;0.0000;1;39556.0000;None;427200.0000
5602;2023-01-20 13:22:21.097000;6;101546;2;1;0.0000;1;91556.0000;None;988800.0000
14222;2023-01-20 13:10:52.343000;6;101546;1;1;0.0000;1;60037.0000;None;648400.0000
14222;2023-01-20 13:32:56.657000;6;101613;1;1;0.0000;1;60037.0000;None;648400.0000
14222;2023-01-20 13:32:56.657000;6;101613;1;1;0.0000;1;60037.0000;None;648400.0000
5602;2023-01-20 13:55:55.543000;6;101613;1;1;0.0000;1;91556.0000;None;988800.0000
5602;2023-01-20 13:55:55.543000;6;101613;1;1;0.0000;1;91556.0000;None;988800.0000
5607;2023-01-20 13:42:43.780000;6;101613;1;1;0.0000;1;16574.0000;None;179000.0000
5620;2023-01-20 19:26:51.427000;6;101613;1;1;0.0000;1;17945.0000;None;193800.0000
5620;2023-01-20 19:26:51.427000;6;101613;1;1;0.0000;1;17945.0000;None;193800.0000
5617;2023-01-20 17:54:45.190000;6;101613;1;1;0.0000;1;13148.0000;None;142000.0000
5614;2023-01-20 14:51:53.263000;6;101613;1;1;0.0000;1;15815.0000;None;170800.0000
5627;2023-01-20 20:51:15.750000;6;101613;1;1;0.0000;1;90630.0000;None;978800.0000
5630;2023-01-20 20:42:11.963000;6;101613;1;1;0.0000;1;20593.0000;None;222400.0000
5630;2023-01-20 20:46:27.083000;6;101613;1;10;0.0000;1;20593.0000;None;222400.0000
14242;2023-01-20 21:11:12.210000;6;101613;1;1;0.0000;1;10796.0000;None;116600.0000
5633;2023-01-20 20:42:16.803000;6;101613;1;3;0.0000;1;11944.0000;None;129000.0000
5631;2023-01-20 21:08:46.603000;6;101613;1;1;0.0000;1;45278.0000;None;489000.0000
5631;2023-01-20 21:08:46.603000;6;101613;1;1;0.0000;1;45278.0000;None;489000.0000
5631;2023-01-20 20:38:14.063000;6;101613;1;1;None;1;45278.0000;None;489000.0000
14245;2023-01-20 21:41:29.647000;6;101613;1;1;0.0000;1;21426.0000;None;231400.0000
14245;2023-01-20 21:41:29.647000;6;101613;1;1;0.0000;1;21426.0000;None;231400.0000
14244;2023-01-20 21:47:28.570000;6;101613;1;1;0.0000;1;13241.0000;None;143000.0000
14244;2023-01-20 21:47:28.570000;6;101613;1;1;0.0000;1;13241.0000;None;143000.0000
14247;2023-01-20 22:03:48.293000;6;101613;1;10;0.0000;1;28778.0000;None;310800.0000
14242;2023-01-20 20:52:03.323000;3;101641;1;1;0.0000;1;10796.0000;None;116600.0000
5630;2023-01-20 20:13:23.857000;3;101641;1;1;0.0000;1;20593.0000;None;222400.0000
5630;2023-01-20 20:13:23.857000;3;101641;1;1;0.0000;1;20593.0000;None;222400.0000
14239;2023-01-20 20:05:29.880000;3;101641;1;1;0.0000;1;10741.0000;None;116000.0000
14239;2023-01-20 20:05:29.880000;3;101641;1;1;0.0000;1;10741.0000;None;116000.0000
14241;2023-01-20 21:08:29.613000;3;101641;1;1;0.0000;1;13648.0000;None;147400.0000
5629;2023-01-20 20:04:39.980000;3;101641;1;1;None;1;31111.0000;None;336000.0000
5626;2023-01-20 19:44:06.650000;3;101641;1;1;0.0000;1;13037.0000;None;140800.0000
14237;2023-01-20 19:06:10.013000;3;101641;1;1;0.0000;1;66148.0000;None;714400.0000
5622;2023-01-20 19:04:24.693000;3;101641;1;1;0.0000;1;11648.0000;None;125800.0000
5614;2023-01-20 14:33:19.027000;3;101641;1;1;0.0000;1;15815.0000;None;170800.0000
5618;2023-01-20 17:55:08.790000;3;101641;1;1;0.0000;1;19889.0000;None;214800.0000
5618;2023-01-20 17:55:08.790000;3;101641;1;1;0.0000;1;19889.0000;None;214800.0000
14225;2023-01-20 13:24:54.283000;3;101641;1;1;0.0000;1;11741.0000;None;126800.0000
5607;2023-01-20 13:22:27.847000;3;101641;1;1;0.0000;1;16574.0000;None;179000.0000
5607;2023-01-20 13:25:32.797000;3;101641;1;1;0.0000;1;16574.0000;None;179000.0000
5605;2023-01-20 13:11:29.197000;3;101641;1;1;0.0000;1;9926.0000;None;107200.0000
5605;2023-01-20 13:07:21.043000;3;101641;1;1;0.0000;1;9926.0000;None;107200.0000
5600;2023-01-20 12:39:03.190000;3;101641;1;1;0.0000;1;27574.0000;None;297800.0000
5602;2023-01-20 13:20:31.697000;3;101641;1;1;0.0000;1;91556.0000;None;988800.0000
14237;2023-01-20 19:50:54.633000;1;101647;1;1;10800.0000;1;66148.0000;None;714400.0000
14237;2023-01-20 19:58:55.473000;2;101672;1;1;24800.0000;1;66148.0000;None;714400.0000
14237;2023-01-20 19:58:55.473000;2;101672;1;1;24800.0000;1;66148.0000;None;714400.0000
5623;2023-01-20 19:05:37.077000;2;101727;1;1;32800.0000;1;16852.0000;None;182000.0000
14232;2023-01-20 17:44:24.290000;2;101742;1;1;28800.0000;1;11370.0000;None;122800.0000
14232;2023-01-20 16:58:02.737000;2;101742;1;1;28800.0000;1;11370.0000;None;122800.0000
14232;2023-01-20 16:58:02.737000;2;101742;1;1;28800.0000;1;11370.0000;None;122800.0000
14247;2023-01-20 22:14:06.370000;2;101742;1;1;28800.0000;1;28778.0000;None;310800.0000
14247;2023-01-20 22:14:06.370000;2;101742;1;1;28800.0000;1;28778.0000;None;310800.0000
14247;2023-01-20 21:47:03.027000;2;101742;1;1;28800.0000;1;28778.0000;None;310800.0000
14247;2023-01-20 21:50:49.143000;2;101742;1;1;28800.0000;1;28778.0000;None;310800.0000
14230;2023-01-20 15:47:22.897000;2;101819;1;1;28800.0000;1;4037.0000;None;43600.0000
5602;2023-01-20 13:11:51.923000;2;101819;1;1;28800.0000;1;91556.0000;None;988800.0000
5602;2023-01-20 14:02:09.070000;2;101819;1;1;28800.0000;1;91556.0000;None;988800.0000
5603;2023-01-20 12:56:00.440000;2;101819;1;1;28800.0000;1;40408.0000;None;436400.0000
5637;2023-01-20 21:05:44.157000;2;101878;1;1;29800.0000;1;30908.0000;None;333800.0000
5628;2023-01-20 19:56:10.627000;8;101883;1;1;54800.0000;1;18667.0000;None;201600.0000
14236;2023-01-20 19:15:00.997000;8;101886;1;2;33600.0000;1;19407.0000;None;209600.0000
14233;2023-01-20 18:54:38.280000;8;101886;1;1;16800.0000;1;24482.0000;None;264400.0000
14233;2023-01-20 18:54:38.280000;8;101886;1;1;16800.0000;1;24482.0000;None;264400.0000
14227;2023-01-20 15:28:26.920000;1;101891;1;1;16800.0000;1;19593.0000;None;211600.0000
5621;2023-01-20 19:29:13.207000;1;101891;1;1;16800.0000;1;21148.0000;None;228400.0000
14222;2023-01-20 14:02:41.917000;1;101891;1;1;16800.0000;1;60037.0000;None;648400.0000
5631;2023-01-20 21:43:23.183000;1;101891;1;1;16800.0000;1;45278.0000;None;489000.0000
14247;2023-01-20 22:34:18.767000;1;101891;1;1;16800.0000;1;28778.0000;None;310800.0000
14238;2023-01-20 19:43:03.133000;1;101927;1;1;129800.0000;1;20889.0000;None;225600.0000
5622;2023-01-20 19:04:13.570000;1;101929;1;1;16800.0000;1;11648.0000;None;125800.0000
5616;2023-01-20 15:08:18.130000;1;101929;1;1;16800.0000;1;15926.0000;None;172000.0000
14237;2023-01-20 19:09:14.763000;1;101930;1;1;42800.0000;1;66148.0000;None;714400.0000
14236;2023-01-20 19:49:38.980000;8;101953;1;1;42800.0000;1;19407.0000;None;209600.0000
5632;2023-01-20 21:00:17.357000;8;101953;1;1;42800.0000;1;15185.0000;None;164000.0000
5628;2023-01-20 19:56:10.627000;8;101971;1;1;48800.0000;1;18667.0000;None;201600.0000
14221;2023-01-20 12:53:05.910000;8;101992;1;1;31800.0000;1;39556.0000;None;427200.0000
5628;2023-01-20 19:55:52.950000;8;101996;1;1;15800.0000;1;18667.0000;None;201600.0000
14241;2023-01-20 20:15:48.797000;8;101996;1;1;15800.0000;1;13648.0000;None;147400.0000
14237;2023-01-20 19:09:14.763000;8;101996;1;1;15800.0000;1;66148.0000;None;714400.0000
14237;2023-01-20 19:09:14.763000;8;101996;1;1;15800.0000;1;66148.0000;None;714400.0000
5625;2023-01-20 19:24:34.310000;8;101996;1;1;15800.0000;1;12889.0000;None;139200.0000
14245;2023-01-20 21:21:49.817000;8;101996;1;1;15800.0000;1;21426.0000;None;231400.0000
5627;2023-01-20 19:50:23.283000;8;102052;1;2;119600.0000;1;90630.0000;None;978800.0000
21321;2023-01-20 12:56:21.250000;3;102112;1;1;3800.0000;1;13037.0000;None;140800.0000
5611;2023-01-20 14:11:32.657000;1;102132;1;1;3500.0000;1;4732.0000;None;51100.0000
5629;2023-01-20 20:24:11.183000;1;102142;1;1;9800.0000;1;31111.0000;None;336000.0000
14235;2023-01-20 18:41:43.803000;8;102340;1;1;33800.0000;1;9907.0000;None;107000.0000
5624;2023-01-20 19:11:51.347000;1;102395;1;1;39800.0000;1;14500.0000;None;156600.0000
14237;2023-01-20 19:09:14.763000;1;102447;1;1;16800.0000;1;66148.0000;None;714400.0000
5610;2023-01-20 13:44:29.620000;1;102455;1;1;37800.0000;1;26667.0000;None;288000.0000
5599;2023-01-20 12:29:59.217000;1;102455;1;1;37800.0000;1;26926.0000;None;290800.0000
14221;2023-01-20 13:14:50.273000;1;102456;1;1;16800.0000;1;39556.0000;None;427200.0000
5602;2023-01-20 12:54:51.240000;1;102456;1;1;16800.0000;1;91556.0000;None;988800.0000
14246;2023-01-20 21:24:04.957000;1;102456;1;1;16800.0000;1;24741.0000;None;267200.0000
5637;2023-01-20 21:37:07.413000;1;102456;1;1;16800.0000;1;30908.0000;None;333800.0000
14243;2023-01-20 21:15:44.777000;1;102456;1;1;16800.0000;1;10370.0000;None;112000.0000
5619;2023-01-20 19:29:59.670000;1;102457;1;1;18800.0000;1;51074.0000;None;551600.0000
14238;2023-01-20 19:42:46.600000;1;102457;1;1;18800.0000;1;20889.0000;None;225600.0000
14234;2023-01-20 18:44:37.357000;1;102457;1;1;18800.0000;1;13611.0000;None;147000.0000
14240;2023-01-20 20:13:41.553000;1;102457;1;1;18800.0000;1;18167.0000;None;196200.0000
5630;2023-01-20 20:13:29.763000;1;102458;1;1;19800.0000;1;20593.0000;None;222400.0000
14237;2023-01-20 19:09:14.763000;1;102458;1;1;19800.0000;1;66148.0000;None;714400.0000
5602;2023-01-20 12:54:51.240000;1;102458;1;1;19800.0000;1;91556.0000;None;988800.0000
5622;2023-01-20 19:31:11.377000;1;102459;1;1;18800.0000;1;11648.0000;None;125800.0000
5622;2023-01-20 19:04:13.570000;1;102459;1;1;18800.0000;1;11648.0000;None;125800.0000
14237;2023-01-20 19:09:14.763000;1;102459;1;1;18800.0000;1;66148.0000;None;714400.0000
5606;2023-01-20 13:19:51.413000;8;102540;1;1;33800.0000;1;13241.0000;None;143000.0000
5637;2023-01-20 21:41:52.827000;2;102605;1;1;47800.0000;1;30908.0000;None;333800.0000
14243;2023-01-20 21:15:44.777000;3;102616;1;1;6800.0000;1;10370.0000;None;112000.0000
14224;2023-01-20 12:57:39.397000;3;102616;1;1;6800.0000;1;15630.0000;None;168800.0000
14238;2023-01-20 19:41:45.920000;3;102619;1;1;7800.0000;1;20889.0000;None;225600.0000
14242;2023-01-20 20:52:03.323000;3;102619;1;1;7800.0000;1;10796.0000;None;116600.0000
14245;2023-01-20 21:35:38.720000;3;102633;1;1;12800.0000;1;21426.0000;None;231400.0000
14245;2023-01-20 21:29:54.963000;3;102633;1;1;12800.0000;1;21426.0000;None;231400.0000
14238;2023-01-20 19:41:45.920000;3;102633;1;1;12800.0000;1;20889.0000;None;225600.0000
5628;2023-01-20 19:55:52.950000;3;102633;1;3;38400.0000;1;18667.0000;None;201600.0000
5616;2023-01-20 15:29:46.847000;3;102633;1;1;12800.0000;1;15926.0000;None;172000.0000
5614;2023-01-20 14:37:14.377000;3;102635;1;1;8800.0000;1;15815.0000;None;170800.0000
14243;2023-01-20 21:15:44.777000;3;102635;1;1;8800.0000;1;10370.0000;None;112000.0000
14242;2023-01-20 20:52:03.323000;3;102635;1;1;8800.0000;1;10796.0000;None;116600.0000
14246;2023-01-20 21:23:52.497000;3;102635;1;1;8800.0000;1;24741.0000;None;267200.0000
14228;2023-01-20 14:08:20.617000;3;102637;1;1;9800.0000;1;35408.0000;None;382400.0000
14237;2023-01-20 19:37:11.060000;3;102637;1;1;9800.0000;1;66148.0000;None;714400.0000
14237;2023-01-20 19:06:10.013000;3;102637;1;1;9800.0000;1;66148.0000;None;714400.0000
14237;2023-01-20 19:06:10.013000;3;102637;1;1;9800.0000;1;66148.0000;None;714400.0000
14221;2023-01-20 12:31:34.560000;3;102637;1;1;9800.0000;1;39556.0000;None;427200.0000
14224;2023-01-20 12:57:39.397000;3;102637;1;1;9800.0000;1;15630.0000;None;168800.0000
5634;2023-01-20 20:57:40.237000;3;102637;1;2;19600.0000;1;10556.0000;None;114000.0000
5637;2023-01-20 22:12:34.537000;3;102643;1;1;14800.0000;1;30908.0000;None;333800.0000
5637;2023-01-20 21:37:07.413000;3;102643;1;1;14800.0000;1;30908.0000;None;333800.0000
5621;2023-01-20 18:34:44.380000;3;102643;1;1;14800.0000;1;21148.0000;None;228400.0000
5626;2023-01-20 19:44:06.650000;3;102643;1;1;14800.0000;1;13037.0000;None;140800.0000
5621;2023-01-20 18:34:44.380000;3;102663;1;1;10800.0000;1;21148.0000;None;228400.0000
5623;2023-01-20 19:05:43.383000;1;102689;1;1;57800.0000;1;16852.0000;None;182000.0000
5637;2023-01-20 21:37:18.967000;1;102689;1;1;57800.0000;1;30908.0000;None;333800.0000
14246;2023-01-20 21:24:44.877000;1;102689;1;1;57800.0000;1;24741.0000;None;267200.0000
14240;2023-01-20 20:33:29.090000;8;102692;1;1;33800.0000;1;18167.0000;None;196200.0000
5608;2023-01-20 14:04:48.373000;8;102692;1;1;33800.0000;1;29611.0000;None;319800.0000
14226;2023-01-20 13:50:16.773000;3;102747;1;1;4800.0000;1;12019.0000;None;129800.0000
14233;2023-01-20 18:10:08.987000;3;102747;1;1;4800.0000;1;24482.0000;None;264400.0000
5629;2023-01-20 20:41:49.460000;3;102747;1;1;4800.0000;1;31111.0000;None;336000.0000
5629;2023-01-20 20:04:39.980000;3;102747;1;1;4800.0000;1;31111.0000;None;336000.0000
14234;2023-01-20 18:40:27.310000;3;102747;1;1;4800.0000;1;13611.0000;None;147000.0000
14235;2023-01-20 18:41:21.500000;3;102747;1;1;4800.0000;1;9907.0000;None;107000.0000
14236;2023-01-20 18:52:46.440000;3;102748;1;1;15800.0000;1;19407.0000;None;209600.0000
5624;2023-01-20 19:11:22.047000;3;102748;1;1;15800.0000;1;14500.0000;None;156600.0000
5624;2023-01-20 19:28:23.917000;3;102748;1;1;15800.0000;1;14500.0000;None;156600.0000
5616;2023-01-20 15:29:46.847000;3;102748;1;1;15800.0000;1;15926.0000;None;172000.0000
21321;2023-01-20 13:22:32.877000;3;102748;1;1;15800.0000;1;13037.0000;None;140800.0000
5602;2023-01-20 13:55:55.543000;3;102748;1;1;15800.0000;1;91556.0000;None;988800.0000
5602;2023-01-20 13:28:28.697000;3;102748;1;1;15800.0000;1;91556.0000;None;988800.0000
5602;2023-01-20 13:26:03.120000;3;102748;1;1;15800.0000;1;91556.0000;None;988800.0000
14242;2023-01-20 20:53:03.687000;8;102778;1;1;19800.0000;1;10796.0000;None;116600.0000
14228;2023-01-20 14:08:57.473000;8;102790;1;1;37800.0000;1;35408.0000;None;382400.0000
14228;2023-01-20 14:09:41.913000;8;102790;1;1;37800.0000;1;35408.0000;None;382400.0000
5614;2023-01-20 14:33:19.027000;8;102790;1;1;37800.0000;1;15815.0000;None;170800.0000
5614;2023-01-20 14:33:19.027000;8;102790;1;1;37800.0000;1;15815.0000;None;170800.0000
5618;2023-01-20 18:24:15.797000;8;102797;1;1;56800.0000;1;19889.0000;None;214800.0000
5619;2023-01-20 19:31:23.873000;8;102797;1;1;56800.0000;1;51074.0000;None;551600.0000
14222;2023-01-20 13:10:38.367000;8;102797;1;1;56800.0000;1;60037.0000;None;648400.0000
5599;2023-01-20 12:29:59.217000;8;102797;1;1;56800.0000;1;26926.0000;None;290800.0000
14244;2023-01-20 21:38:46.667000;8;102797;1;1;56800.0000;1;13241.0000;None;143000.0000
5631;2023-01-20 20:56:57.763000;8;102798;1;1;48800.0000;1;45278.0000;None;489000.0000
5635;2023-01-20 21:04:30.717000;8;102800;1;1;58800.0000;1;None;None;250000.0000
5603;2023-01-20 14:35:12.060000;8;102800;1;1;58800.0000;1;40408.0000;None;436400.0000
14233;2023-01-20 18:54:38.280000;8;102800;1;1;58800.0000;1;24482.0000;None;264400.0000
14236;2023-01-20 19:15:00.997000;8;102800;1;1;58800.0000;1;19407.0000;None;209600.0000
14222;2023-01-20 12:41:41.933000;1;102842;1;1;76800.0000;1;60037.0000;None;648400.0000
5628;2023-01-20 19:56:10.627000;8;102850;1;1;43800.0000;1;18667.0000;None;201600.0000
5630;2023-01-20 20:13:58.267000;8;102850;1;1;43800.0000;1;20593.0000;None;222400.0000
14244;2023-01-20 21:38:46.667000;8;102850;1;1;43800.0000;1;13241.0000;None;143000.0000
14234;2023-01-20 19:10:58.910000;1;102923;1;1;72800.0000;1;13611.0000;None;147000.0000
5602;2023-01-20 13:22:21.097000;1;102926;1;1;66800.0000;1;91556.0000;None;988800.0000
14222;2023-01-20 13:10:52.343000;1;102927;1;1;64800.0000;1;60037.0000;None;648400.0000
5599;2023-01-20 12:58:53.313000;1;102927;1;1;64800.0000;1;26926.0000;None;290800.0000
14221;2023-01-20 12:53:13.623000;1;102927;1;1;64800.0000;1;39556.0000;None;427200.0000
14228;2023-01-20 14:09:41.913000;1;102927;1;1;64800.0000;1;35408.0000;None;382400.0000
14228;2023-01-20 14:09:41.913000;1;102927;1;1;64800.0000;1;35408.0000;None;382400.0000
5635;2023-01-20 21:04:30.717000;1;102927;1;1;64800.0000;1;None;None;250000.0000
14246;2023-01-20 21:33:07.017000;2;102933;1;1;25800.0000;1;24741.0000;None;267200.0000
14224;2023-01-20 13:01:42.313000;1;102971;1;1;87800.0000;1;15630.0000;None;168800.0000
14233;2023-01-20 18:23:08.460000;1;102971;1;1;87800.0000;1;24482.0000;None;264400.0000
5625;2023-01-20 19:25:55.233000;8;102995;1;1;17800.0000;1;12889.0000;None;139200.0000
5603;2023-01-20 14:56:55.800000;8;102996;1;1;14800.0000;1;40408.0000;None;436400.0000
5603;2023-01-20 14:56:55.800000;8;102996;1;1;14800.0000;1;40408.0000;None;436400.0000
5629;2023-01-20 20:24:11.183000;8;102997;1;1;10800.0000;1;31111.0000;None;336000.0000
14247;2023-01-20 21:51:29.797000;8;102997;1;1;10800.0000;1;28778.0000;None;310800.0000
14247;2023-01-20 21:51:29.797000;8;102999;1;1;17800.0000;1;28778.0000;None;310800.0000
14247;2023-01-20 21:51:29.797000;8;103002;1;1;16800.0000;1;28778.0000;None;310800.0000
14225;2023-01-20 13:59:40.977000;8;103002;1;1;16800.0000;1;11741.0000;None;126800.0000
5637;2023-01-20 21:37:07.413000;8;103018;1;1;36800.0000;1;30908.0000;None;333800.0000
14247;2023-01-20 21:51:29.797000;8;103022;1;1;61800.0000;1;28778.0000;None;310800.0000
5618;2023-01-20 18:24:15.797000;8;103022;1;1;61800.0000;1;19889.0000;None;214800.0000
5619;2023-01-20 19:31:23.873000;8;103023;1;1;47800.0000;1;51074.0000;None;551600.0000
21321;2023-01-20 13:22:56.917000;8;103023;1;1;47800.0000;1;13037.0000;None;140800.0000
5610;2023-01-20 14:04:34.797000;8;103023;1;1;47800.0000;1;26667.0000;None;288000.0000
5597;2023-01-20 11:58:28.387000;8;103023;1;1;47800.0000;1;None;None;214000.0000
5597;2023-01-20 11:58:28.387000;8;103023;1;1;47800.0000;1;None;None;214000.0000
14246;2023-01-20 21:24:44.877000;8;103023;1;1;47800.0000;1;24741.0000;None;267200.0000
5637;2023-01-20 21:37:18.967000;8;103023;1;1;47800.0000;1;30908.0000;None;333800.0000
5635;2023-01-20 21:04:30.717000;8;103023;1;1;47800.0000;1;None;None;250000.0000
14246;2023-01-20 21:24:44.877000;1;103025;1;1;69800.0000;1;24741.0000;None;267200.0000
5602;2023-01-20 13:22:21.097000;1;103025;1;1;69800.0000;1;91556.0000;None;988800.0000
14222;2023-01-20 13:10:52.343000;1;103025;1;1;69800.0000;1;60037.0000;None;648400.0000
5602;2023-01-20 13:22:21.097000;8;103028;1;1;52800.0000;1;91556.0000;None;988800.0000
14221;2023-01-20 12:31:34.560000;8;103028;1;1;52800.0000;1;39556.0000;None;427200.0000
5605;2023-01-20 13:10:24.727000;8;103028;1;1;52800.0000;1;9926.0000;None;107200.0000
5623;2023-01-20 19:05:05.517000;8;103028;1;1;52800.0000;1;16852.0000;None;182000.0000
14236;2023-01-20 19:33:40.033000;8;103028;1;1;52800.0000;1;19407.0000;None;209600.0000
5622;2023-01-20 19:05:32.667000;8;103028;1;1;52800.0000;1;11648.0000;None;125800.0000
5621;2023-01-20 18:35:20.743000;1;103057;1;1;58800.0000;1;21148.0000;None;228400.0000
5627;2023-01-20 20:31:14.777000;1;103057;1;1;58800.0000;1;90630.0000;None;978800.0000
5627;2023-01-20 20:31:14.777000;1;103057;1;1;58800.0000;1;90630.0000;None;978800.0000
5602;2023-01-20 13:22:21.097000;1;103057;1;1;58800.0000;1;91556.0000;None;988800.0000
5637;2023-01-20 22:05:51.773000;1;103058;1;1;32800.0000;1;30908.0000;None;333800.0000
14243;2023-01-20 21:16:05.837000;1;103058;1;1;32800.0000;1;10370.0000;None;112000.0000
14226;2023-01-20 15:13:30.400000;1;103073;1;-1;-32800.0000;1;12019.0000;None;129800.0000
14226;2023-01-20 14:16:23.160000;1;103073;1;1;32800.0000;1;12019.0000;None;129800.0000
14235;2023-01-20 18:41:43.803000;8;103165;1;1;33800.0000;1;9907.0000;None;107000.0000
5627;2023-01-20 19:54:16.490000;2;103225;1;2;97600.0000;1;90630.0000;None;978800.0000
5627;2023-01-20 20:25:45.543000;2;103225;1;1;48800.0000;1;90630.0000;None;978800.0000
5616;2023-01-20 15:10:10.607000;1;103519;1;1;76800.0000;1;15926.0000;None;172000.0000
5617;2023-01-20 17:41:39.487000;1;103536;1;1;39800.0000;1;13148.0000;None;142000.0000
5606;2023-01-20 13:19:51.413000;8;103539;1;1;32800.0000;1;13241.0000;None;143000.0000
5624;2023-01-20 19:11:51.347000;8;103539;1;1;32800.0000;1;14500.0000;None;156600.0000
5634;2023-01-20 20:58:33.163000;8;103539;1;1;32800.0000;1;10556.0000;None;114000.0000
5629;2023-01-20 20:24:11.183000;8;103544;1;1;23800.0000;1;31111.0000;None;336000.0000
5603;2023-01-20 14:35:12.060000;8;103615;1;1;37800.0000;1;40408.0000;None;436400.0000
14225;2023-01-20 13:25:07.023000;8;103615;1;1;37800.0000;1;11741.0000;None;126800.0000
5618;2023-01-20 17:55:08.790000;8;103615;1;1;37800.0000;1;19889.0000;None;214800.0000
5629;2023-01-20 20:04:12.773000;8;103690;1;3;119400.0000;1;31111.0000;None;336000.0000
5631;2023-01-20 20:56:57.763000;1;103714;1;1;56800.0000;1;45278.0000;None;489000.0000
14240;2023-01-20 20:33:29.090000;8;103725;1;1;24800.0000;1;18167.0000;None;196200.0000
14241;2023-01-20 20:39:09.050000;8;103746;1;1;37800.0000;1;13648.0000;None;147400.0000
5620;2023-01-20 19:18:22.300000;8;103746;1;1;37800.0000;1;17945.0000;None;193800.0000
14247;2023-01-20 21:51:29.797000;8;103746;1;1;37800.0000;1;28778.0000;None;310800.0000
5631;2023-01-20 20:22:25.623000;1;103747;1;2;91600.0000;1;45278.0000;None;489000.0000
5621;2023-01-20 18:35:20.743000;1;103747;1;1;45800.0000;1;21148.0000;None;228400.0000
5624;2023-01-20 19:43:30.990000;1;103780;1;1;16800.0000;1;14500.0000;None;156600.0000
21321;2023-01-20 13:49:56.953000;1;103780;1;1;16800.0000;1;13037.0000;None;140800.0000
5600;2023-01-20 13:23:18.460000;1;103780;1;1;16800.0000;1;27574.0000;None;297800.0000
14239;2023-01-20 20:05:41.360000;1;103815;1;1;28800.0000;1;10741.0000;None;116000.0000
14240;2023-01-20 20:13:41.553000;1;103826;1;1;33800.0000;1;18167.0000;None;196200.0000
5625;2023-01-20 19:25:03.810000;1;103826;1;1;33800.0000;1;12889.0000;None;139200.0000
5625;2023-01-20 19:52:10.777000;1;103826;1;-1;-33800.0000;1;12889.0000;None;139200.0000
5627;2023-01-20 20:31:14.777000;1;103851;1;1;99800.0000;1;90630.0000;None;978800.0000
5627;2023-01-20 20:31:14.777000;1;103851;1;1;99800.0000;1;90630.0000;None;978800.0000
14227;2023-01-20 14:32:45.633000;1;103851;1;1;99800.0000;1;19593.0000;None;211600.0000
5600;2023-01-20 12:46:06.150000;1;103851;1;1;99800.0000;1;27574.0000;None;297800.0000
5600;2023-01-20 12:46:06.150000;1;103864;1;1;79800.0000;1;27574.0000;None;297800.0000
5608;2023-01-20 14:04:48.373000;8;103866;1;1;29800.0000;1;29611.0000;None;319800.0000
14226;2023-01-20 13:50:16.773000;8;103867;1;1;28800.0000;1;12019.0000;None;129800.0000
14226;2023-01-20 14:01:11.200000;8;103867;1;1;28800.0000;1;12019.0000;None;129800.0000
21321;2023-01-20 13:22:56.917000;8;103867;1;1;28800.0000;1;13037.0000;None;140800.0000
5619;2023-01-20 19:31:23.873000;8;103867;1;1;28800.0000;1;51074.0000;None;551600.0000
5617;2023-01-20 17:41:39.487000;8;103867;1;1;28800.0000;1;13148.0000;None;142000.0000
5626;2023-01-20 19:44:06.650000;8;103867;1;1;28800.0000;1;13037.0000;None;140800.0000
14241;2023-01-20 20:39:09.050000;8;103867;1;1;28800.0000;1;13648.0000;None;147400.0000
14239;2023-01-20 20:26:15.303000;8;103867;1;1;28800.0000;1;10741.0000;None;116000.0000
14235;2023-01-20 18:41:43.803000;8;103867;1;1;28800.0000;1;9907.0000;None;107000.0000
5623;2023-01-20 19:05:05.517000;8;103867;1;1;28800.0000;1;16852.0000;None;182000.0000
5601;2023-01-20 12:52:41.640000;8;103867;1;1;28800.0000;1;8519.0000;None;92000.0000
5602;2023-01-20 13:22:21.097000;8;103867;1;1;28800.0000;1;91556.0000;None;988800.0000
5602;2023-01-20 13:22:21.097000;8;103867;1;1;28800.0000;1;91556.0000;None;988800.0000
14221;2023-01-20 12:53:05.910000;8;103867;1;1;28800.0000;1;39556.0000;None;427200.0000
5638;2023-01-20 21:29:05.943000;8;103867;1;1;28800.0000;1;15704.0000;None;169600.0000
5633;2023-01-20 20:26:37.007000;8;103867;1;1;28800.0000;1;11944.0000;None;129000.0000
5634;2023-01-20 20:58:33.163000;8;103867;1;1;28800.0000;1;10556.0000;None;114000.0000
14245;2023-01-20 21:22:01.237000;8;103867;1;1;28800.0000;1;21426.0000;None;231400.0000
14237;2023-01-20 19:06:10.013000;3;103912;1;1;7800.0000;1;66148.0000;None;714400.0000
5625;2023-01-20 21:17:08.277000;3;103912;1;1;7800.0000;1;12889.0000;None;139200.0000
5625;2023-01-20 19:11:35.767000;3;103912;1;1;7800.0000;1;12889.0000;None;139200.0000
5629;2023-01-20 20:52:51.450000;3;103912;1;1;7800.0000;1;31111.0000;None;336000.0000
14228;2023-01-20 15:07:07.413000;3;103912;1;1;7800.0000;1;35408.0000;None;382400.0000
5610;2023-01-20 13:38:50.323000;3;103912;1;1;7800.0000;1;26667.0000;None;288000.0000
14237;2023-01-20 19:09:14.763000;1;103940;1;1;59800.0000;1;66148.0000;None;714400.0000
14224;2023-01-20 12:59:32.523000;1;103953;1;1;16800.0000;1;15630.0000;None;168800.0000
5637;2023-01-20 21:37:07.413000;1;103953;1;1;16800.0000;1;30908.0000;None;333800.0000
5631;2023-01-20 20:22:25.623000;1;104215;1;1;18800.0000;1;45278.0000;None;489000.0000
5631;2023-01-20 20:22:25.623000;1;104215;1;1;18800.0000;1;45278.0000;None;489000.0000
5625;2023-01-20 19:25:03.810000;1;104216;1;1;17800.0000;1;12889.0000;None;139200.0000
5617;2023-01-20 17:39:46.807000;2;104234;1;1;36800.0000;1;13148.0000;None;142000.0000
5624;2023-01-20 19:11:01.060000;1;104240;1;1;28800.0000;1;14500.0000;None;156600.0000
14245;2023-01-20 21:21:49.817000;1;104240;1;1;28800.0000;1;21426.0000;None;231400.0000
14246;2023-01-20 21:24:04.957000;1;104240;1;1;28800.0000;1;24741.0000;None;267200.0000
14242;2023-01-20 20:53:03.687000;1;104253;1;1;16800.0000;1;10796.0000;None;116600.0000
5629;2023-01-20 20:24:11.183000;1;104256;1;1;28800.0000;1;31111.0000;None;336000.0000
14237;2023-01-20 19:49:45.437000;8;104298;1;1;19800.0000;1;66148.0000;None;714400.0000
14236;2023-01-20 18:52:46.440000;3;104446;1;1;5800.0000;1;19407.0000;None;209600.0000
14235;2023-01-20 18:41:21.500000;3;104446;1;1;5800.0000;1;9907.0000;None;107000.0000
5629;2023-01-20 20:04:39.980000;3;104446;1;1;5800.0000;1;31111.0000;None;336000.0000
5626;2023-01-20 19:44:06.650000;3;104446;1;1;5800.0000;1;13037.0000;None;140800.0000
14241;2023-01-20 20:15:48.797000;3;104446;1;1;5800.0000;1;13648.0000;None;147400.0000
5597;2023-01-20 11:58:28.387000;8;104655;1;1;38800.0000;1;None;None;214000.0000
14241;2023-01-20 20:39:09.050000;8;104655;1;1;38800.0000;1;13648.0000;None;147400.0000
5630;2023-01-20 20:13:58.267000;8;104655;1;1;38800.0000;1;20593.0000;None;222400.0000
5600;2023-01-20 12:39:03.190000;1;104869;1;1;79800.0000;1;27574.0000;None;297800.0000
5608;2023-01-20 13:38:05.277000;1;104869;1;1;79800.0000;1;29611.0000;None;319800.0000
5599;2023-01-20 12:29:59.217000;8;104938;1;1;41800.0000;1;26926.0000;None;290800.0000
5602;2023-01-20 13:22:21.097000;1;105010;1;1;0.0000;1;91556.0000;None;988800.0000
14222;2023-01-20 12:41:41.933000;1;105023;1;1;55800.0000;1;60037.0000;None;648400.0000
5627;2023-01-20 19:50:23.283000;1;105023;1;2;111600.0000;1;90630.0000;None;978800.0000
5602;2023-01-20 13:22:21.097000;6;105081;1;1;0.0000;1;91556.0000;None;988800.0000
14222;2023-01-20 13:10:52.343000;6;105090;1;1;0.0000;1;60037.0000;None;648400.0000
14221;2023-01-20 12:53:13.623000;6;105090;1;1;0.0000;1;39556.0000;None;427200.0000
5599;2023-01-20 12:58:53.313000;6;105090;1;1;None;1;26926.0000;None;290800.0000
14228;2023-01-20 14:09:41.913000;6;105090;1;1;0.0000;1;35408.0000;None;382400.0000
14228;2023-01-20 14:09:41.913000;6;105090;1;1;0.0000;1;35408.0000;None;382400.0000
5635;2023-01-20 21:04:30.717000;6;105090;1;1;0.0000;1;None;None;250000.0000
5629;2023-01-20 20:24:11.183000;1;105197;1;1;9800.0000;1;31111.0000;None;336000.0000
5630;2023-01-20 20:13:58.267000;8;105424;1;1;59800.0000;1;20593.0000;None;222400.0000
14237;2023-01-20 19:58:55.473000;6;105446;1;1;0.0000;1;66148.0000;None;714400.0000
14237;2023-01-20 19:58:55.473000;6;105446;1;1;0.0000;1;66148.0000;None;714400.0000
14222;2023-01-20 13:10:38.367000;8;105472;1;1;69800.0000;1;60037.0000;None;648400.0000
14222;2023-01-20 13:10:52.343000;6;105509;1;1;0.0000;1;60037.0000;None;648400.0000
5602;2023-01-20 13:22:21.097000;6;105509;2;1;0.0000;1;91556.0000;None;988800.0000
5599;2023-01-20 12:58:53.313000;6;105509;1;1;None;1;26926.0000;None;290800.0000
14221;2023-01-20 12:53:13.623000;6;105509;1;1;0.0000;1;39556.0000;None;427200.0000
14228;2023-01-20 14:09:41.913000;6;105509;1;1;0.0000;1;35408.0000;None;382400.0000
14228;2023-01-20 14:09:41.913000;6;105509;1;1;0.0000;1;35408.0000;None;382400.0000
5635;2023-01-20 21:04:30.717000;6;105509;1;1;0.0000;1;None;None;250000.0000
5631;2023-01-20 20:24:01.537000;6;105631;1;1;0.0000;1;45278.0000;None;489000.0000
5629;2023-01-20 20:04:12.773000;8;105731;1;1;0.0000;1;31111.0000;None;336000.0000
14222;2023-01-20 12:35:20.963000;3;105735;1;1;0.0000;1;60037.0000;None;648400.0000
14222;2023-01-20 12:35:20.963000;3;105735;1;1;0.0000;1;60037.0000;None;648400.0000
14221;2023-01-20 13:11:16.233000;8;106077;1;1;32800.0000;1;39556.0000;None;427200.0000
14237;2023-01-20 19:49:45.437000;8;106077;1;1;32800.0000;1;66148.0000;None;714400.0000
5634;2023-01-20 20:57:40.237000;8;106077;1;1;32800.0000;1;10556.0000;None;114000.0000
5602;2023-01-20 13:22:21.097000;1;106337;1;1;0.0000;1;91556.0000;None;988800.0000
5632;2023-01-20 20:32:46.687000;8;106491;1;1;46800.0000;1;15185.0000;None;164000.0000
5633;2023-01-20 20:26:37.007000;8;106491;1;1;46800.0000;1;11944.0000;None;129000.0000
14245;2023-01-20 21:23:53.310000;2;106550;1;1;80800.0000;1;21426.0000;None;231400.0000
5617;2023-01-20 17:41:39.487000;8;106867;1;1;29800.0000;1;13148.0000;None;142000.0000
14227;2023-01-20 14:32:45.633000;1;106922;1;1;None;1;19593.0000;None;211600.0000
5621;2023-01-20 18:35:20.743000;1;106922;1;1;None;1;21148.0000;None;228400.0000
5627;2023-01-20 20:31:14.777000;1;106922;1;1;0.0000;1;90630.0000;None;978800.0000
5627;2023-01-20 20:31:14.777000;1;106922;1;1;0.0000;1;90630.0000;None;978800.0000
5627;2023-01-20 20:31:14.777000;1;106922;1;1;0.0000;1;90630.0000;None;978800.0000
5627;2023-01-20 20:31:14.777000;1;106922;1;1;0.0000;1;90630.0000;None;978800.0000
5600;2023-01-20 12:46:06.150000;1;106922;1;1;0.0000;1;27574.0000;None;297800.0000
5637;2023-01-20 22:05:51.773000;1;106922;1;1;0.0000;1;30908.0000;None;333800.0000
14243;2023-01-20 21:16:05.837000;1;106922;1;1;0.0000;1;10370.0000;None;112000.0000
5607;2023-01-20 13:26:07.087000;8;107043;1;1;39800.0000;1;16574.0000;None;179000.0000
14233;2023-01-20 18:15:28.473000;8;107043;1;1;39800.0000;1;24482.0000;None;264400.0000
5631;2023-01-20 20:22:25.623000;1;107168;1;1;34800.0000;1;45278.0000;None;489000.0000
5629;2023-01-20 20:24:11.183000;8;107333;1;1;66800.0000;1;31111.0000;None;336000.0000
5602;2023-01-20 13:22:21.097000;8;107333;1;1;66800.0000;1;91556.0000;None;988800.0000
5619;2023-01-20 19:31:23.873000;8;107334;1;1;79800.0000;1;51074.0000;None;551600.0000
5621;2023-01-20 18:35:20.743000;8;107526;1;1;25800.0000;1;21148.0000;None;228400.0000
5619;2023-01-20 18:24:02.003000;2;107564;1;1;47800.0000;1;51074.0000;None;551600.0000
5619;2023-01-20 18:24:02.003000;2;107564;1;1;47800.0000;1;51074.0000;None;551600.0000
5619;2023-01-20 18:46:13.250000;2;107564;1;1;47800.0000;1;51074.0000;None;551600.0000
5619;2023-01-20 18:46:13.250000;2;107564;1;1;47800.0000;1;51074.0000;None;551600.0000
5629;2023-01-20 20:12:02.140000;2;107998;1;1;36800.0000;1;31111.0000;None;336000.0000
5631;2023-01-20 20:24:01.537000;2;108084;1;1;39800.0000;1;45278.0000;None;489000.0000
5631;2023-01-20 20:24:01.537000;2;108101;1;1;36800.0000;1;45278.0000;None;489000.0000
5631;2023-01-20 20:24:01.537000;2;108101;1;1;36800.0000;1;45278.0000;None;489000.0000
5601;2023-01-20 12:45:06.090000;3;108191;1;1;0.0000;1;8519.0000;None;92000.0000
14241;2023-01-20 20:15:48.797000;3;108191;1;1;0.0000;1;13648.0000;None;147400.0000
5625;2023-01-20 20:07:48.893000;3;108191;1;1;0.0000;1;12889.0000;None;139200.0000
5619;2023-01-20 20:29:31.627000;3;108191;1;1;0.0000;1;51074.0000;None;551600.0000
5619;2023-01-20 21:57:18.823000;3;108191;1;1;0.0000;1;51074.0000;None;551600.0000
14228;2023-01-20 14:08:20.617000;3;108191;1;1;0.0000;1;35408.0000;None;382400.0000
14228;2023-01-20 14:08:20.617000;3;108191;1;1;0.0000;1;35408.0000;None;382400.0000
14228;2023-01-20 14:08:20.617000;3;108191;1;1;0.0000;1;35408.0000;None;382400.0000
5611;2023-01-20 14:10:43.820000;3;108191;1;1;0.0000;1;4732.0000;None;51100.0000
5638;2023-01-20 21:28:03.380000;1;108429;1;1;69800.0000;1;15704.0000;None;169600.0000
5608;2023-01-20 14:06:57.927000;1;108437;1;1;69800.0000;1;29611.0000;None;319800.0000
5626;2023-01-20 19:44:06.650000;8;108518;1;1;39800.0000;1;13037.0000;None;140800.0000
5620;2023-01-20 18:26:15.810000;2;108836;1;1;30800.0000;1;17945.0000;None;193800.0000
5620;2023-01-20 18:26:15.810000;2;108836;1;1;30800.0000;1;17945.0000;None;193800.0000
5603;2023-01-20 14:06:51.363000;8;109180;1;1;38800.0000;1;40408.0000;None;436400.0000
5613;2023-01-20 14:12:41.117000;8;109181;1;1;62800.0000;1;None;None;62800.0000
14229;2023-01-20 14:58:13.170000;8;109181;1;1;62800.0000;1;None;None;62800.0000
5607;2023-01-20 13:26:15.507000;8;109181;1;1;62800.0000;1;16574.0000;None;179000.0000
5607;2023-01-20 13:26:15.507000;8;109181;1;1;62800.0000;1;16574.0000;None;179000.0000
5606;2023-01-20 13:19:51.413000;8;109181;1;1;62800.0000;1;13241.0000;None;143000.0000
14237;2023-01-20 19:09:24.053000;8;109181;1;1;62800.0000;1;66148.0000;None;714400.0000
14237;2023-01-20 19:23:29.083000;8;109217;1;10;0.0000;1;66148.0000;None;714400.0000
14237;2023-01-20 19:49:45.453000;8;109217;1;1;0.0000;1;66148.0000;None;714400.0000
5614;2023-01-20 14:51:53.263000;8;109217;1;1;0.0000;1;15815.0000;None;170800.0000
5638;2023-01-20 21:34:22.707000;8;109217;1;10;0.0000;1;15704.0000;None;169600.0000
5621;2023-01-20 19:29:13.207000;1;109317;1;1;16800.0000;1;21148.0000;None;228400.0000
14237;2023-01-20 19:49:45.437000;8;109318;1;1;40800.0000;1;66148.0000;None;714400.0000
5605;2023-01-20 13:10:24.727000;8;109318;1;1;40800.0000;1;9926.0000;None;107200.0000
5611;2023-01-20 14:11:32.657000;8;109318;1;1;40800.0000;1;4732.0000;None;51100.0000
5602;2023-01-20 13:22:21.097000;8;109318;1;1;40800.0000;1;91556.0000;None;988800.0000
14224;2023-01-20 13:01:42.313000;8;109318;1;1;40800.0000;1;15630.0000;None;168800.0000
5602;2023-01-20 13:22:21.097000;8;109320;1;1;34800.0000;1;91556.0000;None;988800.0000
5603;2023-01-20 14:35:12.060000;8;109357;1;1;29800.0000;1;40408.0000;None;436400.0000
14244;2023-01-20 21:18:11.407000;1;109501;1;1;28800.0000;1;13241.0000;None;143000.0000
5602;2023-01-20 13:22:21.097000;1;109504;1;1;27800.0000;1;91556.0000;None;988800.0000
14226;2023-01-20 14:16:23.160000;1;109504;1;1;27800.0000;1;12019.0000;None;129800.0000
14226;2023-01-20 14:16:23.160000;1;109504;1;1;27800.0000;1;12019.0000;None;129800.0000
14226;2023-01-20 14:47:59.493000;1;109504;1;-1;-27800.0000;1;12019.0000;None;129800.0000
5602;2023-01-20 13:22:21.097000;1;109505;1;1;19800.0000;1;91556.0000;None;988800.0000
14233;2023-01-20 18:23:08.460000;1;109506;1;1;33800.0000;1;24482.0000;None;264400.0000
14242;2023-01-20 20:53:03.687000;1;109509;1;1;43800.0000;1;10796.0000;None;116600.0000
5602;2023-01-20 12:54:40.073000;1;109512;1;1;58800.0000;1;91556.0000;None;988800.0000
5602;2023-01-20 12:54:40.073000;1;109513;1;1;38800.0000;1;91556.0000;None;988800.0000
5603;2023-01-20 13:28:59.130000;1;109513;1;1;38800.0000;1;40408.0000;None;436400.0000
5620;2023-01-20 18:24:50.587000;1;109513;1;1;38800.0000;1;17945.0000;None;193800.0000
21321;2023-01-20 12:56:21.250000;1;109513;1;1;38800.0000;1;13037.0000;None;140800.0000
14228;2023-01-20 14:08:57.473000;1;109514;1;1;38800.0000;1;35408.0000;None;382400.0000
5621;2023-01-20 18:35:20.743000;1;109514;1;1;38800.0000;1;21148.0000;None;228400.0000
14238;2023-01-20 19:42:54.950000;8;109533;1;1;32800.0000;1;20889.0000;None;225600.0000
14225;2023-01-20 13:59:40.977000;8;109534;1;1;19800.0000;1;11741.0000;None;126800.0000
14222;2023-01-20 12:46:38.590000;3;200008;1;1;15800.0000;1;60037.0000;None;648400.0000
5599;2023-01-20 13:04:02.260000;2;200480;1;1;12800.0000;1;26926.0000;None;290800.0000
5599;2023-01-20 12:41:52.697000;2;200480;1;1;12800.0000;1;26926.0000;None;290800.0000
5599;2023-01-20 12:41:52.697000;2;200480;1;1;12800.0000;1;26926.0000;None;290800.0000
5599;2023-01-20 12:12:46.067000;2;200480;1;1;12800.0000;1;26926.0000;None;290800.0000
5599;2023-01-20 12:12:46.067000;2;200480;1;1;12800.0000;1;26926.0000;None;290800.0000
5619;2023-01-20 21:57:18.823000;2;200480;1;1;12800.0000;1;51074.0000;None;551600.0000
5619;2023-01-20 20:29:31.627000;2;200480;1;1;12800.0000;1;51074.0000;None;551600.0000
5622;2023-01-20 19:04:24.693000;2;200480;1;1;12800.0000;1;11648.0000;None;125800.0000
14242;2023-01-20 20:52:03.323000;2;200480;1;1;12800.0000;1;10796.0000;None;116600.0000
5603;2023-01-20 13:32:14.657000;3;200644;1;1;6800.0000;1;40408.0000;None;436400.0000
5605;2023-01-20 13:07:21.043000;3;200644;1;1;6800.0000;1;9926.0000;None;107200.0000
5602;2023-01-20 13:20:31.697000;3;200644;1;1;6800.0000;1;91556.0000;None;988800.0000
14237;2023-01-20 19:06:10.013000;3;200644;1;1;6800.0000;1;66148.0000;None;714400.0000
5626;2023-01-20 19:44:06.650000;3;200644;1;1;6800.0000;1;13037.0000;None;140800.0000
5627;2023-01-20 19:57:04.497000;3;200644;1;1;6800.0000;1;90630.0000;None;978800.0000
14240;2023-01-20 20:57:25.087000;3;200644;1;1;6800.0000;1;18167.0000;None;196200.0000
5630;2023-01-20 20:13:23.857000;3;200644;1;1;6800.0000;1;20593.0000;None;222400.0000
14239;2023-01-20 20:05:29.880000;3;200644;1;1;6800.0000;1;10741.0000;None;116000.0000
14239;2023-01-20 20:05:29.880000;3;200644;1;1;6800.0000;1;10741.0000;None;116000.0000
5618;2023-01-20 17:55:08.790000;3;200644;1;1;6800.0000;1;19889.0000;None;214800.0000
5618;2023-01-20 17:55:08.790000;3;200644;1;1;6800.0000;1;19889.0000;None;214800.0000
5605;2023-01-20 13:11:29.197000;3;200644;1;1;6800.0000;1;9926.0000;None;107200.0000
5606;2023-01-20 13:19:51.413000;3;200644;1;1;6800.0000;1;13241.0000;None;143000.0000
5607;2023-01-20 13:22:27.847000;3;200644;1;1;6800.0000;1;16574.0000;None;179000.0000
14222;2023-01-20 12:35:20.963000;2;200711;1;1;194800.0000;1;60037.0000;None;648400.0000
14224;2023-01-20 12:48:25.917000;3;201146;1;1;6800.0000;1;15630.0000;None;168800.0000
5607;2023-01-20 13:25:32.797000;3;201146;1;1;6800.0000;1;16574.0000;None;179000.0000
5606;2023-01-20 13:19:51.413000;3;201146;1;1;6800.0000;1;13241.0000;None;143000.0000
5614;2023-01-20 14:33:19.027000;3;201146;1;1;6800.0000;1;15815.0000;None;170800.0000
14232;2023-01-20 16:58:02.737000;3;201146;1;1;6800.0000;1;11370.0000;None;122800.0000
5630;2023-01-20 20:13:23.857000;3;201146;1;1;6800.0000;1;20593.0000;None;222400.0000
14241;2023-01-20 21:08:29.613000;3;201146;1;1;6800.0000;1;13648.0000;None;147400.0000
14241;2023-01-20 21:08:29.613000;3;201146;1;1;6800.0000;1;13648.0000;None;147400.0000
5627;2023-01-20 19:54:16.490000;3;201146;1;1;6800.0000;1;90630.0000;None;978800.0000
5625;2023-01-20 20:07:48.893000;3;201146;1;1;6800.0000;1;12889.0000;None;139200.0000
5624;2023-01-20 19:11:22.047000;3;201146;1;1;6800.0000;1;14500.0000;None;156600.0000
14244;2023-01-20 21:16:16.657000;3;201146;1;1;6800.0000;1;13241.0000;None;143000.0000
14245;2023-01-20 21:53:24.020000;3;201146;1;1;6800.0000;1;21426.0000;None;231400.0000
5638;2023-01-20 21:47:42.413000;3;201146;1;1;6800.0000;1;15704.0000;None;169600.0000
5638;2023-01-20 21:28:03.380000;3;201146;1;2;13600.0000;1;15704.0000;None;169600.0000
21322;2023-01-20 14:15:29.713000;2;201187;1;1;10800.0000;1;1000.0000;None;10800.0000
14227;2023-01-20 14:32:55.227000;2;201187;1;1;10800.0000;1;19593.0000;None;211600.0000
14227;2023-01-20 15:17:00.280000;2;201187;1;1;10800.0000;1;19593.0000;None;211600.0000
14227;2023-01-20 14:00:39.227000;2;201187;1;1;10800.0000;1;19593.0000;None;211600.0000
5627;2023-01-20 20:55:29.623000;3;201206;1;1;6800.0000;1;90630.0000;None;978800.0000
14240;2023-01-20 21:06:21.537000;3;201206;1;1;6800.0000;1;18167.0000;None;196200.0000
14240;2023-01-20 20:13:31.077000;3;201206;1;1;6800.0000;1;18167.0000;None;196200.0000
5602;2023-01-20 13:54:41.800000;3;201206;1;1;6800.0000;1;91556.0000;None;988800.0000
5602;2023-01-20 12:47:56.773000;3;201206;1;1;6800.0000;1;91556.0000;None;988800.0000
14244;2023-01-20 21:16:16.657000;3;201206;1;1;6800.0000;1;13241.0000;None;143000.0000
14246;2023-01-20 21:23:52.497000;3;201211;1;1;5800.0000;1;24741.0000;None;267200.0000
14246;2023-01-20 21:23:52.497000;3;201211;1;1;5800.0000;1;24741.0000;None;267200.0000
5602;2023-01-20 14:08:03.547000;3;201211;1;1;5800.0000;1;91556.0000;None;988800.0000
5602;2023-01-20 14:08:03.547000;3;201211;1;1;5800.0000;1;91556.0000;None;988800.0000
5627;2023-01-20 20:55:29.623000;3;201211;1;1;5800.0000;1;90630.0000;None;978800.0000
5622;2023-01-20 19:04:24.693000;3;201211;1;1;5800.0000;1;11648.0000;None;125800.0000
14234;2023-01-20 18:40:27.310000;3;201211;1;1;5800.0000;1;13611.0000;None;147000.0000
14226;2023-01-20 13:50:16.773000;3;201211;1;1;5800.0000;1;12019.0000;None;129800.0000
14233;2023-01-20 18:10:08.987000;3;201211;1;1;5800.0000;1;24482.0000;None;264400.0000
5620;2023-01-20 19:33:57.667000;3;201211;1;1;5800.0000;1;17945.0000;None;193800.0000
14225;2023-01-20 13:24:54.283000;3;201237;1;1;5800.0000;1;11741.0000;None;126800.0000
5638;2023-01-20 21:47:42.413000;3;201237;1;1;5800.0000;1;15704.0000;None;169600.0000
14242;2023-01-20 20:52:03.323000;3;201269;1;1;6800.0000;1;10796.0000;None;116600.0000
14225;2023-01-20 13:24:54.283000;3;201269;1;1;6800.0000;1;11741.0000;None;126800.0000
14228;2023-01-20 14:08:20.617000;3;201269;1;1;6800.0000;1;35408.0000;None;382400.0000
14228;2023-01-20 14:08:20.617000;3;201269;1;1;6800.0000;1;35408.0000;None;382400.0000
14228;2023-01-20 14:08:20.617000;3;201269;1;1;6800.0000;1;35408.0000;None;382400.0000
5611;2023-01-20 14:10:43.820000;3;201269;1;1;6800.0000;1;4732.0000;None;51100.0000
5617;2023-01-20 17:39:46.807000;3;201269;1;1;6800.0000;1;13148.0000;None;142000.0000
5629;2023-01-20 20:04:39.980000;3;201269;1;1;6800.0000;1;31111.0000;None;336000.0000
14241;2023-01-20 20:15:48.797000;3;201269;1;1;6800.0000;1;13648.0000;None;147400.0000
5630;2023-01-20 20:13:23.857000;3;201269;1;1;6800.0000;1;20593.0000;None;222400.0000
5601;2023-01-20 12:45:06.090000;3;201269;1;1;6800.0000;1;8519.0000;None;92000.0000
5600;2023-01-20 12:39:03.190000;3;201269;1;1;6800.0000;1;27574.0000;None;297800.0000
5600;2023-01-20 12:39:03.190000;2;201615;1;1;14800.0000;1;27574.0000;None;297800.0000
5602;2023-01-20 12:47:56.773000;2;201615;1;1;14800.0000;1;91556.0000;None;988800.0000
5602;2023-01-20 12:47:56.773000;2;201615;1;1;14800.0000;1;91556.0000;None;988800.0000
5602;2023-01-20 13:02:42.337000;2;201615;1;1;14800.0000;1;91556.0000;None;988800.0000
5602;2023-01-20 13:02:42.337000;2;201615;1;1;14800.0000;1;91556.0000;None;988800.0000
5602;2023-01-20 13:28:28.697000;2;201615;1;1;14800.0000;1;91556.0000;None;988800.0000
14240;2023-01-20 20:13:31.077000;2;201615;1;1;14800.0000;1;18167.0000;None;196200.0000
5625;2023-01-20 19:25:19.180000;2;201615;1;1;14800.0000;1;12889.0000;None;139200.0000
14232;2023-01-20 17:44:24.290000;2;201615;1;1;14800.0000;1;11370.0000;None;122800.0000
14232;2023-01-20 16:58:02.737000;2;201615;1;1;14800.0000;1;11370.0000;None;122800.0000
14230;2023-01-20 15:47:22.897000;2;201615;1;1;14800.0000;1;4037.0000;None;43600.0000
5615;2023-01-20 14:53:59.190000;2;201615;1;1;14800.0000;1;15056.0000;None;162600.0000
5619;2023-01-20 21:57:18.823000;2;201615;1;1;14800.0000;1;51074.0000;None;551600.0000
5619;2023-01-20 20:29:31.627000;2;201615;1;1;14800.0000;1;51074.0000;None;551600.0000
5608;2023-01-20 13:38:05.277000;2;201615;1;1;14800.0000;1;29611.0000;None;319800.0000
5608;2023-01-20 13:38:05.277000;2;201615;1;1;14800.0000;1;29611.0000;None;319800.0000
5608;2023-01-20 14:07:04.187000;2;201615;1;1;14800.0000;1;29611.0000;None;319800.0000
5608;2023-01-20 14:18:06.110000;2;201615;1;1;14800.0000;1;29611.0000;None;319800.0000
5632;2023-01-20 20:24:29.477000;2;201615;1;1;14800.0000;1;15185.0000;None;164000.0000
5632;2023-01-20 20:24:29.477000;2;201615;1;1;14800.0000;1;15185.0000;None;164000.0000
5631;2023-01-20 21:43:23.183000;2;201615;1;3;44400.0000;1;45278.0000;None;489000.0000
5619;2023-01-20 20:29:31.627000;2;201961;1;1;13800.0000;1;51074.0000;None;551600.0000
5619;2023-01-20 21:57:18.823000;2;201961;1;1;13800.0000;1;51074.0000;None;551600.0000
5623;2023-01-20 19:05:37.077000;3;202133;1;1;9800.0000;1;16852.0000;None;182000.0000
5633;2023-01-20 20:24:45.130000;3;202134;1;2;19600.0000;1;11944.0000;None;129000.0000
5627;2023-01-20 19:50:23.283000;2;202365;1;1;151800.0000;1;90630.0000;None;978800.0000
14237;2023-01-20 19:19:02.910000;2;202379;1;1;147800.0000;1;66148.0000;None;714400.0000
5615;2023-01-20 14:52:24.907000;2;202379;1;1;147800.0000;1;15056.0000;None;162600.0000
5602;2023-01-20 12:48:16.837000;2;202379;1;1;147800.0000;1;91556.0000;None;988800.0000
5619;2023-01-20 20:29:31.627000;2;202388;1;1;22800.0000;1;51074.0000;None;551600.0000
5619;2023-01-20 21:57:18.823000;2;202388;1;1;22800.0000;1;51074.0000;None;551600.0000
14221;2023-01-20 12:37:40.130000;2;202513;1;1;144800.0000;1;39556.0000;None;427200.0000
5603;2023-01-20 13:16:02.040000;2;202558;1;1;149800.0000;1;40408.0000;None;436400.0000
5610;2023-01-20 14:04:34.797000;2;202558;1;1;149800.0000;1;26667.0000;None;288000.0000
5639;2023-01-20 22:36:49.020000;2;202558;1;1;149800.0000;1;None;None;149800.0000
5599;2023-01-20 13:04:02.260000;2;202604;1;1;12800.0000;1;26926.0000;None;290800.0000
5599;2023-01-20 12:16:31.470000;2;202604;1;1;12800.0000;1;26926.0000;None;290800.0000
14227;2023-01-20 14:00:39.227000;2;202604;1;1;12800.0000;1;19593.0000;None;211600.0000
