16550;2023-01-04 13:24:41.703000;7;1001;1;1;0.0000;1;3426.0000;None;37000.0000
16595;2023-01-04 20:20:59.227000;7;1001;1;1;0.0000;1;6352.0000;None;68600.0000
22152;2023-01-04 17:13:59.767000;7;1001;1;1;0.0000;1;4333.0000;None;46800.0000
16587;2023-01-04 18:44:01.497000;7;1011;1;1;0.0000;1;3667.0000;None;39600.0000
16541;2023-01-04 12:02:54.643000;7;1027;1;1;0.0000;1;4370.0000;None;47200.0000
16541;2023-01-04 12:02:54.643000;7;1027;1;1;0.0000;1;4370.0000;None;47200.0000
22151;2023-01-04 17:12:34.450000;7;1027;1;1;0.0000;1;3352.0000;None;36200.0000
16578;2023-01-04 17:44:58.497000;7;1039;1;1;0.0000;1;9519.0000;None;102800.0000
16583;2023-01-04 18:19:31.063000;7;1039;1;1;0.0000;1;27630.0000;None;298400.0000
22129;2023-01-04 14:58:52.547000;7;1039;1;1;0.0000;1;3741.0000;None;40400.0000
16584;2023-01-04 18:21:35.250000;7;1135;1;1;0.0000;1;6296.0000;None;68000.0000
16580;2023-01-04 17:51:49.997000;7;1135;1;1;0.0000;1;2444.0000;None;26400.0000
16577;2023-01-04 17:43:25.870000;7;1135;1;1;0.0000;1;2907.0000;None;31400.0000
22155;2023-01-04 17:33:20.750000;7;1135;1;1;0.0000;1;5870.0000;None;63400.0000
22154;2023-01-04 17:29:34.037000;7;1135;1;1;0.0000;1;6815.0000;None;73600.0000
16585;2023-01-04 18:29:02.840000;7;1135;1;1;None;1;6444.0000;None;69600.0000
16595;2023-01-04 20:20:59.227000;7;1135;1;1;0.0000;1;6352.0000;None;68600.0000
22146;2023-01-04 16:29:54.583000;7;1135;1;1;None;1;4167.0000;None;45000.0000
22146;2023-01-04 16:29:54.583000;7;1135;1;1;None;1;4167.0000;None;45000.0000
16566;2023-01-04 16:16:59.097000;7;1135;1;2;0.0000;1;2278.0000;None;24600.0000
16531;2023-01-04 11:08:12.117000;7;1135;1;1;0.0000;1;5074.0000;None;54800.0000
16553;2023-01-04 14:09:12.913000;7;1135;1;1;0.0000;1;4870.0000;None;52600.0000
16553;2023-01-04 14:09:12.913000;7;1135;1;1;0.0000;1;4870.0000;None;52600.0000
16550;2023-01-04 13:24:41.703000;7;1135;1;1;0.0000;1;3426.0000;None;37000.0000
16550;2023-01-04 13:24:41.703000;7;1135;1;1;0.0000;1;3426.0000;None;37000.0000
16547;2023-01-04 12:48:51.890000;7;1135;1;1;0.0000;1;981.0000;None;10600.0000
16534;2023-01-04 11:43:12.640000;7;1135;1;1;0.0000;1;16926.0000;None;182800.0000
16531;2023-01-04 11:08:12.117000;7;1137;1;1;0.0000;1;5074.0000;None;54800.0000
16531;2023-01-04 11:08:12.133000;7;1137;1;1;0.0000;1;5074.0000;None;54800.0000
16534;2023-01-04 12:24:07.433000;7;1157;1;1;0.0000;1;16926.0000;None;182800.0000
16534;2023-01-04 12:24:07.433000;7;1157;1;1;0.0000;1;16926.0000;None;182800.0000
22146;2023-01-04 16:35:03.493000;7;1195;1;1;0.0000;1;4167.0000;None;45000.0000
22149;2023-01-04 16:07:53.260000;7;1207;1;1;0.0000;1;8685.0000;None;93800.0000
16565;2023-01-04 16:54:59.217000;7;1207;1;1;0.0000;1;1704.0000;None;18400.0000
16565;2023-01-04 16:03:02.750000;7;1207;1;1;0.0000;1;1704.0000;None;18400.0000
22134;2023-01-04 15:24:07.130000;7;1207;1;1;0.0000;1;1444.0000;None;15600.0000
16596;2023-01-04 20:33:52.850000;7;1207;1;1;0.0000;1;444.0000;None;4800.0000
16553;2023-01-04 14:09:12.913000;7;1207;1;1;0.0000;1;4870.0000;None;52600.0000
16530;2023-01-04 10:54:50.827000;7;1207;1;1;0.0000;1;3093.0000;None;33400.0000
22154;2023-01-04 17:50:30.817000;7;1247;1;1;0.0000;1;6815.0000;None;73600.0000
22126;2023-01-04 13:08:13.730000;7;1294;1;1;0.0000;1;8889.0000;None;96000.0000
16548;2023-01-04 13:08:07.107000;7;2002;1;1;0.0000;1;6519.0000;None;70400.0000
22123;2023-01-04 11:46:30.807000;7;2002;1;1;0.0000;1;1167.0000;None;12600.0000
16531;2023-01-04 11:24:56.517000;7;2002;1;1;0.0000;1;5074.0000;None;54800.0000
22136;2023-01-04 15:32:17.867000;7;2006;1;1;0.0000;1;3148.0000;None;34000.0000
22135;2023-01-04 15:27:58.903000;7;2008;1;2;0.0000;1;1167.0000;None;12600.0000
22144;2023-01-04 16:21:28.800000;7;2008;1;3;0.0000;1;16278.0000;None;175800.0000
22157;2023-01-04 18:10:07.247000;7;2008;1;2;0.0000;1;1796.0000;None;19400.0000
16546;2023-01-04 12:37:25.123000;7;2008;1;2;0.0000;1;7222.0000;None;78000.0000
22131;2023-01-04 15:03:20.733000;7;2009;1;1;0.0000;1;3630.0000;None;39200.0000
22119;2023-01-04 11:30:32.587000;7;2009;1;1;0.0000;1;1259.0000;None;13600.0000
22120;2023-01-04 11:38:33.463000;7;2009;1;1;0.0000;1;3352.0000;None;36200.0000
16544;2023-01-04 12:13:49.977000;7;2009;1;1;0.0000;1;2259.0000;None;24400.0000
16541;2023-01-04 12:05:20.923000;7;2009;1;1;0.0000;1;4370.0000;None;47200.0000
22157;2023-01-04 18:10:07.247000;7;2009;1;1;0.0000;1;1796.0000;None;19400.0000
22157;2023-01-04 18:10:07.247000;7;2009;1;1;0.0000;1;1796.0000;None;19400.0000
16582;2023-01-04 18:10:37.420000;7;2009;1;1;0.0000;1;9333.0000;None;100800.0000
16582;2023-01-04 18:25:50.883000;7;2009;1;1;0.0000;1;9333.0000;None;100800.0000
16583;2023-01-04 18:14:29.230000;7;2009;1;1;0.0000;1;27630.0000;None;298400.0000
16583;2023-01-04 18:14:29.230000;7;2009;1;1;0.0000;1;27630.0000;None;298400.0000
22152;2023-01-04 17:17:07.870000;7;2009;1;1;0.0000;1;4333.0000;None;46800.0000
22162;2023-01-04 20:05:39.040000;7;2009;1;1;0.0000;1;1259.0000;None;13600.0000
16588;2023-01-04 19:14:44.867000;7;2009;1;1;0.0000;1;4204.0000;None;45400.0000
22159;2023-01-04 19:00:43.930000;7;2009;1;1;0.0000;1;1167.0000;None;12600.0000
16568;2023-01-04 16:23:43.080000;7;2009;1;1;0.0000;1;5111.0000;None;55200.0000
16568;2023-01-04 16:23:43.080000;7;2009;1;1;0.0000;1;5111.0000;None;55200.0000
16568;2023-01-04 16:23:43.080000;7;2009;1;1;0.0000;1;5111.0000;None;55200.0000
22149;2023-01-04 15:35:21.817000;7;2009;1;1;0.0000;1;8685.0000;None;93800.0000
16575;2023-01-04 17:06:24.420000;7;2009;1;1;0.0000;1;1611.0000;None;17400.0000
16575;2023-01-04 17:06:24.420000;7;2009;1;1;0.0000;1;1611.0000;None;17400.0000
16571;2023-01-04 16:52:23.503000;7;2009;1;2;0.0000;1;5222.0000;None;56400.0000
16571;2023-01-04 17:11:42.783000;7;2009;1;1;0.0000;1;5222.0000;None;56400.0000
22150;2023-01-04 16:51:33.170000;7;2009;1;1;0.0000;1;2907.0000;None;31400.0000
16571;2023-01-04 17:19:14.660000;7;2009;1;1;0.0000;1;5222.0000;None;56400.0000
16560;2023-01-04 15:31:46.127000;7;2009;1;1;0.0000;1;1167.0000;None;12600.0000
16560;2023-01-04 15:31:46.127000;7;2009;1;1;0.0000;1;1167.0000;None;12600.0000
16562;2023-01-04 15:42:28.470000;7;2009;1;1;0.0000;1;2426.0000;None;26200.0000
16562;2023-01-04 15:42:28.470000;7;2009;1;1;0.0000;1;2426.0000;None;26200.0000
22133;2023-01-04 15:11:12.303000;7;2009;1;2;0.0000;1;1259.0000;None;13600.0000
22132;2023-01-04 15:04:35.473000;7;2009;1;1;0.0000;1;1167.0000;None;12600.0000
16558;2023-01-04 15:05:48.553000;7;2009;1;1;0.0000;1;3056.0000;None;33000.0000
16558;2023-01-04 15:05:48.553000;7;2009;1;1;0.0000;1;3056.0000;None;33000.0000
16571;2023-01-04 17:36:09.747000;7;2016;1;1;0.0000;1;5222.0000;None;56400.0000
22120;2023-01-04 11:38:33.463000;7;2028;1;1;0.0000;1;3352.0000;None;36200.0000
22120;2023-01-04 11:38:33.463000;7;2028;1;1;0.0000;1;3352.0000;None;36200.0000
22120;2023-01-04 11:38:33.463000;7;2028;1;1;0.0000;1;3352.0000;None;36200.0000
22120;2023-01-04 11:38:33.463000;7;2028;1;1;0.0000;1;3352.0000;None;36200.0000
16544;2023-01-04 12:13:49.977000;7;2033;1;1;0.0000;1;2259.0000;None;24400.0000
16544;2023-01-04 12:13:49.977000;7;2033;1;1;0.0000;1;2259.0000;None;24400.0000
16544;2023-01-04 12:13:49.977000;7;2033;1;1;0.0000;1;2259.0000;None;24400.0000
16541;2023-01-04 12:05:20.923000;7;2033;1;1;0.0000;1;4370.0000;None;47200.0000
16541;2023-01-04 12:05:20.923000;7;2033;1;1;0.0000;1;4370.0000;None;47200.0000
16541;2023-01-04 12:05:20.923000;7;2033;1;1;0.0000;1;4370.0000;None;47200.0000
16541;2023-01-04 12:05:20.923000;7;2033;1;1;0.0000;1;4370.0000;None;47200.0000
16541;2023-01-04 12:05:20.923000;7;2033;1;1;0.0000;1;4370.0000;None;47200.0000
22151;2023-01-04 17:39:36.450000;7;2033;1;1;0.0000;1;3352.0000;None;36200.0000
16559;2023-01-04 15:06:37.700000;7;2033;1;1;0.0000;1;630.0000;None;6800.0000
22154;2023-01-04 17:29:34.037000;7;2033;1;1;0.0000;1;6815.0000;None;73600.0000
22154;2023-01-04 17:29:34.037000;7;2033;1;1;0.0000;1;6815.0000;None;73600.0000
16590;2023-01-04 19:09:14.487000;7;2042;1;1;0.0000;1;4185.0000;None;45200.0000
16558;2023-01-04 15:27:46.003000;7;2042;1;1;0.0000;1;3056.0000;None;33000.0000
16564;2023-01-04 16:00:46.367000;7;2042;1;1;None;1;1352.0000;None;14600.0000
22154;2023-01-04 17:29:34.037000;7;2044;1;1;0.0000;1;6815.0000;None;73600.0000
16553;2023-01-04 14:09:12.913000;7;2046;1;1;0.0000;1;4870.0000;None;52600.0000
16553;2023-01-04 14:09:12.913000;7;2046;1;1;0.0000;1;4870.0000;None;52600.0000
16546;2023-01-04 12:37:25.123000;7;2050;1;1;0.0000;1;7222.0000;None;78000.0000
16527;2023-01-04 09:44:11.233000;7;2050;1;1;None;1;6982.0000;None;75400.0000
16527;2023-01-04 11:44:16.117000;7;2050;1;1;0.0000;1;6982.0000;None;75400.0000
16527;2023-01-04 10:20:29.463000;7;2050;1;1;0.0000;1;6982.0000;None;75400.0000
16527;2023-01-04 11:44:16.117000;7;2050;1;1;0.0000;1;6982.0000;None;75400.0000
22131;2023-01-04 15:03:20.733000;7;2052;1;1;0.0000;1;3630.0000;None;39200.0000
22131;2023-01-04 15:03:20.733000;7;2052;1;1;0.0000;1;3630.0000;None;39200.0000
22131;2023-01-04 15:03:20.733000;7;2052;1;1;0.0000;1;3630.0000;None;39200.0000
22131;2023-01-04 15:03:20.733000;7;2052;1;1;0.0000;1;3630.0000;None;39200.0000
22131;2023-01-04 15:14:49.750000;7;2052;1;1;0.0000;1;3630.0000;None;39200.0000
22131;2023-01-04 15:14:49.750000;7;2052;1;1;0.0000;1;3630.0000;None;39200.0000
22129;2023-01-04 15:02:01.790000;7;2052;1;1;0.0000;1;3741.0000;None;40400.0000
22129;2023-01-04 15:02:01.790000;7;2052;1;1;0.0000;1;3741.0000;None;40400.0000
22129;2023-01-04 15:02:01.790000;7;2052;1;1;0.0000;1;3741.0000;None;40400.0000
22129;2023-01-04 15:02:01.790000;7;2052;1;1;0.0000;1;3741.0000;None;40400.0000
16541;2023-01-04 12:05:20.923000;7;2052;1;1;0.0000;1;4370.0000;None;47200.0000
22152;2023-01-04 17:17:07.870000;7;2052;1;1;0.0000;1;4333.0000;None;46800.0000
22152;2023-01-04 17:17:07.870000;7;2052;1;1;0.0000;1;4333.0000;None;46800.0000
22152;2023-01-04 17:17:07.870000;7;2052;1;1;0.0000;1;4333.0000;None;46800.0000
22152;2023-01-04 17:17:07.870000;7;2052;1;1;0.0000;1;4333.0000;None;46800.0000
22152;2023-01-04 17:17:07.870000;7;2052;1;1;0.0000;1;4333.0000;None;46800.0000
22155;2023-01-04 17:33:20.750000;7;2052;1;1;0.0000;1;5870.0000;None;63400.0000
22155;2023-01-04 17:33:20.750000;7;2052;1;1;0.0000;1;5870.0000;None;63400.0000
22157;2023-01-04 18:10:07.247000;7;2052;1;1;0.0000;1;1796.0000;None;19400.0000
22157;2023-01-04 18:10:07.247000;7;2052;1;1;0.0000;1;1796.0000;None;19400.0000
22157;2023-01-04 18:10:07.247000;7;2052;1;1;0.0000;1;1796.0000;None;19400.0000
22157;2023-01-04 18:10:07.247000;7;2052;1;1;0.0000;1;1796.0000;None;19400.0000
22159;2023-01-04 19:00:43.930000;7;2052;1;1;0.0000;1;1167.0000;None;12600.0000
22159;2023-01-04 19:00:43.930000;7;2052;1;1;0.0000;1;1167.0000;None;12600.0000
22162;2023-01-04 20:05:39.040000;7;2052;1;1;0.0000;1;1259.0000;None;13600.0000
22162;2023-01-04 20:05:39.040000;7;2052;1;1;0.0000;1;1259.0000;None;13600.0000
22135;2023-01-04 15:27:58.903000;7;2052;1;1;0.0000;1;1167.0000;None;12600.0000
22135;2023-01-04 15:27:58.903000;7;2052;1;1;0.0000;1;1167.0000;None;12600.0000
22150;2023-01-04 16:51:33.170000;7;2052;1;1;0.0000;1;2907.0000;None;31400.0000
22150;2023-01-04 16:51:33.170000;7;2052;1;1;0.0000;1;2907.0000;None;31400.0000
22150;2023-01-04 16:51:33.170000;7;2052;1;1;0.0000;1;2907.0000;None;31400.0000
22149;2023-01-04 15:35:21.817000;7;2052;1;1;0.0000;1;8685.0000;None;93800.0000
22149;2023-01-04 15:35:21.817000;7;2052;1;1;0.0000;1;8685.0000;None;93800.0000
22149;2023-01-04 15:35:21.817000;7;2052;1;1;0.0000;1;8685.0000;None;93800.0000
16570;2023-01-04 16:49:02.527000;7;2052;1;1;0.0000;1;2111.0000;None;22800.0000
16570;2023-01-04 16:49:02.527000;7;2052;1;1;0.0000;1;2111.0000;None;22800.0000
16570;2023-01-04 16:49:02.527000;7;2052;1;1;0.0000;1;2111.0000;None;22800.0000
16570;2023-01-04 18:17:56.293000;7;2052;1;1;0.0000;1;2111.0000;None;22800.0000
16562;2023-01-04 15:42:28.470000;7;2057;1;1;0.0000;1;2426.0000;None;26200.0000
22162;2023-01-04 20:05:39.040000;7;2060;1;1;0.0000;1;1259.0000;None;13600.0000
16593;2023-01-04 20:22:11.633000;7;2060;1;1;0.0000;1;6130.0000;None;66200.0000
16532;2023-01-04 11:25:27.977000;7;2065;1;1;0.0000;1;3611.0000;None;39000.0000
16532;2023-01-04 11:25:27.977000;7;2065;1;1;0.0000;1;3611.0000;None;39000.0000
16531;2023-01-04 11:24:56.517000;7;2069;1;1;0.0000;1;5074.0000;None;54800.0000
22125;2023-01-04 12:53:33.677000;7;2072;1;1;0.0000;1;8500.0000;None;91800.0000
16590;2023-01-04 19:09:14.487000;7;2072;1;1;0.0000;1;4185.0000;None;45200.0000
16558;2023-01-04 15:27:46.003000;7;2072;1;1;0.0000;1;3056.0000;None;33000.0000
22118;2023-01-04 11:31:00.813000;7;2089;1;1;0.0000;1;1259.0000;None;13600.0000
16535;2023-01-04 11:47:12.353000;7;2089;1;1;0.0000;1;3815.0000;None;41200.0000
16535;2023-01-04 12:06:07.800000;7;2089;1;1;0.0000;1;3815.0000;None;41200.0000
16584;2023-01-04 18:21:35.250000;7;2094;1;1;0.0000;1;6296.0000;None;68000.0000
16531;2023-01-04 11:08:12.117000;6;100523;1;1;0.0000;1;5074.0000;None;54800.0000
16531;2023-01-04 11:08:12.117000;1;100590;1;1;5800.0000;1;5074.0000;None;54800.0000
16529;2023-01-04 10:29:43.073000;1;100590;1;1;5800.0000;1;2241.0000;None;24200.0000
16535;2023-01-04 12:00:28.013000;1;100590;1;1;5800.0000;1;3815.0000;None;41200.0000
16534;2023-01-04 12:24:07.433000;1;100590;1;2;11600.0000;1;16926.0000;None;182800.0000
22146;2023-01-04 16:35:03.493000;1;100590;1;1;5800.0000;1;4167.0000;None;45000.0000
16574;2023-01-04 17:00:40.960000;3;100596;1;1;5800.0000;1;5000.0000;None;54000.0000
16546;2023-01-04 13:04:26.047000;3;100596;1;1;5800.0000;1;7222.0000;None;78000.0000
16529;2023-01-04 10:28:37.507000;3;100606;1;1;6800.0000;1;2241.0000;None;24200.0000
22118;2023-01-04 11:31:00.813000;3;100606;1;1;6800.0000;1;1259.0000;None;13600.0000
22117;2023-01-04 10:55:09.683000;3;100606;1;1;6800.0000;1;2333.0000;None;25200.0000
16530;2023-01-04 10:54:50.827000;3;100606;1;1;6800.0000;1;3093.0000;None;33400.0000
16530;2023-01-04 10:54:50.827000;3;100606;1;1;6800.0000;1;3093.0000;None;33400.0000
22129;2023-01-04 15:02:01.790000;3;100606;1;1;6800.0000;1;3741.0000;None;40400.0000
22129;2023-01-04 15:02:01.790000;3;100606;1;1;6800.0000;1;3741.0000;None;40400.0000
22132;2023-01-04 15:04:35.473000;3;100606;1;1;6800.0000;1;1167.0000;None;12600.0000
22131;2023-01-04 15:14:49.750000;3;100606;1;1;6800.0000;1;3630.0000;None;39200.0000
22131;2023-01-04 15:03:20.733000;3;100606;1;1;6800.0000;1;3630.0000;None;39200.0000
22131;2023-01-04 15:03:20.733000;3;100606;1;1;6800.0000;1;3630.0000;None;39200.0000
16553;2023-01-04 14:09:12.913000;3;100606;1;1;6800.0000;1;4870.0000;None;52600.0000
16554;2023-01-04 14:11:19.193000;3;100606;1;1;6800.0000;1;981.0000;None;10600.0000
16555;2023-01-04 14:27:34.810000;3;100606;1;1;6800.0000;1;4944.0000;None;53400.0000
16534;2023-01-04 11:43:54.193000;3;100606;1;1;6800.0000;1;16926.0000;None;182800.0000
22123;2023-01-04 11:46:30.807000;3;100606;1;1;6800.0000;1;1167.0000;None;12600.0000
22122;2023-01-04 11:39:23.937000;3;100606;1;1;6800.0000;1;630.0000;None;6800.0000
16532;2023-01-04 11:25:27.977000;3;100606;1;1;6800.0000;1;3611.0000;None;39000.0000
16532;2023-01-04 11:25:27.977000;3;100606;1;1;6800.0000;1;3611.0000;None;39000.0000
16532;2023-01-04 11:25:27.977000;3;100606;1;1;6800.0000;1;3611.0000;None;39000.0000
16533;2023-01-04 11:25:42.490000;3;100606;1;1;6800.0000;1;2537.0000;None;27400.0000
16533;2023-01-04 11:25:42.490000;3;100606;1;1;6800.0000;1;2537.0000;None;27400.0000
22119;2023-01-04 11:30:32.587000;3;100606;1;1;6800.0000;1;1259.0000;None;13600.0000
22119;2023-01-04 11:30:32.587000;3;100606;1;1;6800.0000;1;1259.0000;None;13600.0000
22120;2023-01-04 11:38:33.463000;3;100606;1;1;6800.0000;1;3352.0000;None;36200.0000
16535;2023-01-04 12:06:07.800000;3;100606;1;1;6800.0000;1;3815.0000;None;41200.0000
16535;2023-01-04 11:47:12.353000;3;100606;1;1;6800.0000;1;3815.0000;None;41200.0000
16539;2023-01-04 11:52:09.287000;3;100606;1;1;6800.0000;1;1074.0000;None;11600.0000
16540;2023-01-04 11:53:12.520000;3;100606;1;1;6800.0000;1;1167.0000;None;12600.0000
16541;2023-01-04 12:05:20.923000;3;100606;1;1;6800.0000;1;4370.0000;None;47200.0000
16541;2023-01-04 12:05:20.923000;3;100606;1;1;6800.0000;1;4370.0000;None;47200.0000
16543;2023-01-04 12:13:08.680000;3;100606;1;1;6800.0000;1;630.0000;None;6800.0000
16575;2023-01-04 17:06:24.420000;3;100606;1;1;6800.0000;1;1611.0000;None;17400.0000
22151;2023-01-04 17:39:36.450000;3;100606;1;1;6800.0000;1;3352.0000;None;36200.0000
22151;2023-01-04 17:12:34.450000;3;100606;1;1;6800.0000;1;3352.0000;None;36200.0000
22150;2023-01-04 16:51:33.170000;3;100606;1;1;6800.0000;1;2907.0000;None;31400.0000
16571;2023-01-04 17:19:14.660000;3;100606;1;1;6800.0000;1;5222.0000;None;56400.0000
16571;2023-01-04 16:52:23.503000;3;100606;1;2;13600.0000;1;5222.0000;None;56400.0000
16571;2023-01-04 17:11:42.783000;3;100606;1;1;6800.0000;1;5222.0000;None;56400.0000
22146;2023-01-04 16:34:12.697000;3;100606;1;1;6800.0000;1;4167.0000;None;45000.0000
22146;2023-01-04 16:34:12.697000;3;100606;1;1;6800.0000;1;4167.0000;None;45000.0000
16568;2023-01-04 16:23:43.080000;3;100606;1;1;6800.0000;1;5111.0000;None;55200.0000
16568;2023-01-04 16:23:43.080000;3;100606;1;1;6800.0000;1;5111.0000;None;55200.0000
22144;2023-01-04 16:21:03.433000;3;100606;1;2;13600.0000;1;16278.0000;None;175800.0000
22149;2023-01-04 15:35:21.817000;3;100606;1;1;6800.0000;1;8685.0000;None;93800.0000
22147;2023-01-04 16:33:55.847000;3;100606;1;1;6800.0000;1;2352.0000;None;25400.0000
16558;2023-01-04 15:05:48.553000;3;100606;1;1;6800.0000;1;3056.0000;None;33000.0000
22133;2023-01-04 15:11:12.303000;3;100606;1;1;6800.0000;1;1259.0000;None;13600.0000
22133;2023-01-04 15:11:12.303000;3;100606;1;1;6800.0000;1;1259.0000;None;13600.0000
16559;2023-01-04 15:06:37.700000;3;100606;1;1;6800.0000;1;630.0000;None;6800.0000
16560;2023-01-04 15:31:46.127000;3;100606;1;1;6800.0000;1;1167.0000;None;12600.0000
16562;2023-01-04 15:42:28.470000;3;100606;1;2;13600.0000;1;2426.0000;None;26200.0000
22136;2023-01-04 15:37:33.087000;3;100606;1;1;6800.0000;1;3148.0000;None;34000.0000
22139;2023-01-04 15:58:52.663000;3;100606;1;1;6800.0000;1;1704.0000;None;18400.0000
16565;2023-01-04 16:25:33.817000;3;100606;1;1;6800.0000;1;1704.0000;None;18400.0000
22143;2023-01-04 14:50:39.330000;3;100606;1;1;6800.0000;1;2963.0000;None;32000.0000
16566;2023-01-04 16:16:59.097000;3;100606;1;1;6800.0000;1;2278.0000;None;24600.0000
22158;2023-01-04 18:26:48.160000;3;100606;1;1;6800.0000;1;1167.0000;None;12600.0000
16586;2023-01-04 18:31:38.627000;3;100606;1;1;6800.0000;1;1815.0000;None;19600.0000
22159;2023-01-04 19:00:43.930000;3;100606;1;1;6800.0000;1;1167.0000;None;12600.0000
16588;2023-01-04 19:14:44.867000;3;100606;1;1;6800.0000;1;4204.0000;None;45400.0000
22160;2023-01-04 19:32:15.403000;3;100606;1;2;13600.0000;1;3426.0000;None;37000.0000
22162;2023-01-04 20:05:39.040000;3;100606;1;1;6800.0000;1;1259.0000;None;13600.0000
22157;2023-01-04 18:10:07.247000;3;100606;1;1;6800.0000;1;1796.0000;None;19400.0000
22157;2023-01-04 18:10:07.247000;3;100606;1;1;6800.0000;1;1796.0000;None;19400.0000
16583;2023-01-04 18:15:35.193000;3;100606;1;1;6800.0000;1;27630.0000;None;298400.0000
16582;2023-01-04 18:25:50.883000;3;100606;1;1;6800.0000;1;9333.0000;None;100800.0000
16582;2023-01-04 18:10:37.420000;3;100606;1;1;6800.0000;1;9333.0000;None;100800.0000
16582;2023-01-04 18:25:50.883000;3;100606;1;1;6800.0000;1;9333.0000;None;100800.0000
16582;2023-01-04 18:10:37.420000;3;100606;1;1;6800.0000;1;9333.0000;None;100800.0000
16583;2023-01-04 18:14:29.230000;3;100606;1;1;6800.0000;1;27630.0000;None;298400.0000
3988;2023-01-04 18:19:46.673000;3;100606;1;1;6800.0000;1;None;None;6800.0000
22155;2023-01-04 17:33:20.750000;3;100606;1;1;6800.0000;1;5870.0000;None;63400.0000
22155;2023-01-04 17:33:20.750000;3;100606;1;1;6800.0000;1;5870.0000;None;63400.0000
22152;2023-01-04 17:17:07.870000;3;100606;1;1;6800.0000;1;4333.0000;None;46800.0000
22152;2023-01-04 17:17:07.870000;3;100606;1;1;6800.0000;1;4333.0000;None;46800.0000
22154;2023-01-04 17:29:34.037000;3;100606;1;1;6800.0000;1;6815.0000;None;73600.0000
16577;2023-01-04 17:39:32.713000;3;100607;1;1;6800.0000;1;2907.0000;None;31400.0000
16583;2023-01-04 18:15:35.193000;3;100607;1;1;6800.0000;1;27630.0000;None;298400.0000
22135;2023-01-04 15:27:58.903000;3;100607;1;1;6800.0000;1;1167.0000;None;12600.0000
16558;2023-01-04 15:05:48.553000;3;100607;1;1;6800.0000;1;3056.0000;None;33000.0000
22146;2023-01-04 16:34:12.697000;3;100607;1;1;6800.0000;1;4167.0000;None;45000.0000
16544;2023-01-04 12:13:49.977000;3;100607;1;1;6800.0000;1;2259.0000;None;24400.0000
22124;2023-01-04 12:27:21.397000;3;100607;1;1;6800.0000;1;1352.0000;None;14600.0000
16534;2023-01-04 11:43:54.193000;3;100607;1;1;6800.0000;1;16926.0000;None;182800.0000
16552;2023-01-04 13:39:41.680000;3;100607;1;1;6800.0000;1;1889.0000;None;20400.0000
16552;2023-01-04 13:39:41.680000;3;100607;1;1;6800.0000;1;1889.0000;None;20400.0000
16552;2023-01-04 13:39:41.680000;3;100607;1;1;6800.0000;1;1889.0000;None;20400.0000
22130;2023-01-04 14:59:03.017000;3;100607;1;1;6800.0000;1;630.0000;None;6800.0000
22117;2023-01-04 10:55:09.683000;3;100607;1;1;6800.0000;1;2333.0000;None;25200.0000
22118;2023-01-04 11:18:18.187000;3;100607;1;1;6800.0000;1;1259.0000;None;13600.0000
16568;2023-01-04 16:23:43.080000;3;100613;1;1;5800.0000;1;5111.0000;None;55200.0000
16570;2023-01-04 18:17:56.293000;3;100613;1;1;5800.0000;1;2111.0000;None;22800.0000
16576;2023-01-04 17:13:26.627000;3;100613;1;1;5800.0000;1;1074.0000;None;11600.0000
16580;2023-01-04 17:51:49.997000;3;100613;1;1;5800.0000;1;2444.0000;None;26400.0000
22154;2023-01-04 17:29:34.037000;3;100613;1;2;11600.0000;1;6815.0000;None;73600.0000
22153;2023-01-04 17:19:55.913000;3;100614;1;1;5800.0000;1;1074.0000;None;11600.0000
22153;2023-01-04 17:47:49.737000;3;100614;1;1;5800.0000;1;1074.0000;None;11600.0000
16579;2023-01-04 17:46:49.953000;3;100614;1;1;5800.0000;1;4278.0000;None;46200.0000
22156;2023-01-04 17:52:15.613000;3;100614;1;1;5800.0000;1;12741.0000;None;137600.0000
22159;2023-01-04 19:00:43.930000;3;100614;1;1;5800.0000;1;1167.0000;None;12600.0000
16591;2023-01-04 19:11:05.073000;3;100614;1;1;5800.0000;1;1750.0000;None;18900.0000
16584;2023-01-04 18:50:46.423000;3;100614;1;1;5800.0000;1;6296.0000;None;68000.0000
16572;2023-01-04 16:54:17.120000;3;100614;1;1;5800.0000;1;9352.0000;None;101000.0000
22150;2023-01-04 16:51:33.170000;3;100614;1;1;5800.0000;1;2907.0000;None;31400.0000
16570;2023-01-04 16:49:02.527000;3;100614;1;1;5800.0000;1;2111.0000;None;22800.0000
22132;2023-01-04 15:04:35.473000;3;100614;1;1;5800.0000;1;1167.0000;None;12600.0000
16557;2023-01-04 15:04:47.497000;3;100614;1;1;5800.0000;1;1074.0000;None;11600.0000
16558;2023-01-04 16:16:05.657000;3;100614;1;1;5800.0000;1;3056.0000;None;33000.0000
22138;2023-01-04 15:43:09.283000;3;100614;1;1;5800.0000;1;537.0000;None;5800.0000
16527;2023-01-04 10:20:29.463000;3;100614;1;1;5800.0000;1;6982.0000;None;75400.0000
16527;2023-01-04 10:20:29.463000;3;100614;1;1;5800.0000;1;6982.0000;None;75400.0000
16527;2023-01-04 09:44:11.233000;3;100614;1;1;5800.0000;1;6982.0000;None;75400.0000
16531;2023-01-04 11:00:45.240000;3;100614;1;1;5800.0000;1;5074.0000;None;54800.0000
16529;2023-01-04 10:28:37.507000;3;100614;1;1;5800.0000;1;2241.0000;None;24200.0000
16529;2023-01-04 10:41:04.990000;3;100614;1;1;5800.0000;1;2241.0000;None;24200.0000
22115;2023-01-04 10:19:10.743000;3;100614;1;1;5800.0000;1;3907.0000;None;42200.0000
22115;2023-01-04 09:55:04.927000;3;100614;1;1;5800.0000;1;3907.0000;None;42200.0000
16527;2023-01-04 10:37:34.193000;3;100614;1;1;5800.0000;1;6982.0000;None;75400.0000
16527;2023-01-04 10:37:34.193000;3;100614;1;1;5800.0000;1;6982.0000;None;75400.0000
16527;2023-01-04 11:06:32.317000;3;100614;1;1;5800.0000;1;6982.0000;None;75400.0000
16527;2023-01-04 11:44:16.117000;3;100614;1;1;5800.0000;1;6982.0000;None;75400.0000
16527;2023-01-04 11:44:16.117000;3;100614;1;1;5800.0000;1;6982.0000;None;75400.0000
22128;2023-01-04 13:42:31.773000;3;100614;1;1;5800.0000;1;1611.0000;None;17400.0000
22128;2023-01-04 13:42:31.773000;3;100614;1;1;5800.0000;1;1611.0000;None;17400.0000
22128;2023-01-04 13:59:46.057000;3;100614;1;1;5800.0000;1;1611.0000;None;17400.0000
16545;2023-01-04 12:33:43.697000;3;100614;1;1;5800.0000;1;1074.0000;None;11600.0000
16545;2023-01-04 12:33:43.697000;3;100614;1;1;5800.0000;1;1074.0000;None;11600.0000
22121;2023-01-04 11:38:44.830000;3;100614;1;1;5800.0000;1;1167.0000;None;12600.0000
16540;2023-01-04 11:53:12.520000;3;100614;1;1;5800.0000;1;1167.0000;None;12600.0000
16536;2023-01-04 11:50:54.670000;1;100625;1;1;6800.0000;1;630.0000;None;6800.0000
22156;2023-01-04 16:40:33.230000;2;100971;1;1;25800.0000;1;12741.0000;None;137600.0000
16560;2023-01-04 15:32:43.203000;1;101068;1;1;5800.0000;1;1167.0000;None;12600.0000
16568;2023-01-04 17:00:25.097000;1;101069;1;1;2800.0000;1;5111.0000;None;55200.0000
16568;2023-01-04 17:12:25.490000;1;101069;1;1;2800.0000;1;5111.0000;None;55200.0000
3991;2023-01-04 21:08:55.403000;1;101069;1;1;2800.0000;1;None;None;5600.0000
3991;2023-01-04 21:08:55.403000;1;101069;1;1;2800.0000;1;None;None;5600.0000
16573;2023-01-04 16:54:35.903000;2;101090;1;1;53800.0000;1;15667.0000;None;169200.0000
16573;2023-01-04 16:54:35.903000;2;101090;1;1;53800.0000;1;15667.0000;None;169200.0000
16573;2023-01-04 18:04:07.557000;2;101091;1;1;30800.0000;1;15667.0000;None;169200.0000
16573;2023-01-04 18:04:07.557000;2;101091;1;1;30800.0000;1;15667.0000;None;169200.0000
16589;2023-01-04 19:06:02.587000;2;101091;1;2;61600.0000;1;5704.0000;None;61600.0000
16566;2023-01-04 16:16:59.097000;3;101153;1;1;11800.0000;1;2278.0000;None;24600.0000
16544;2023-01-04 12:13:49.977000;3;101156;1;1;8800.0000;1;2259.0000;None;24400.0000
22147;2023-01-04 16:33:55.847000;3;101208;1;1;12800.0000;1;2352.0000;None;25400.0000
16590;2023-01-04 19:15:15.957000;3;101208;1;2;25600.0000;1;4185.0000;None;45200.0000
22158;2023-01-04 18:26:48.160000;3;101231;1;1;5800.0000;1;1167.0000;None;12600.0000
22156;2023-01-04 17:52:15.613000;3;101231;1;1;5800.0000;1;12741.0000;None;137600.0000
22147;2023-01-04 16:33:55.847000;3;101231;1;1;5800.0000;1;2352.0000;None;25400.0000
16576;2023-01-04 17:14:14.937000;3;101231;1;1;5800.0000;1;1074.0000;None;11600.0000
22143;2023-01-04 15:59:40.133000;3;101231;1;2;11600.0000;1;2963.0000;None;32000.0000
16594;2023-01-04 20:08:19.487000;1;101257;1;1;26800.0000;1;18389.0000;None;198600.0000
16594;2023-01-04 20:08:19.487000;1;101257;1;1;26800.0000;1;18389.0000;None;198600.0000
16587;2023-01-04 18:44:01.497000;1;101261;1;1;35800.0000;1;3667.0000;None;39600.0000
22157;2023-01-04 18:10:07.247000;1;101270;1;1;0.0000;1;1796.0000;None;19400.0000
22139;2023-01-04 16:24:07.877000;1;101270;1;1;0.0000;1;1704.0000;None;18400.0000
22139;2023-01-04 15:58:52.663000;1;101270;1;1;0.0000;1;1704.0000;None;18400.0000
22139;2023-01-04 15:58:52.663000;1;101270;1;1;0.0000;1;1704.0000;None;18400.0000
22143;2023-01-04 15:52:57.870000;1;101270;1;1;0.0000;1;2963.0000;None;32000.0000
22143;2023-01-04 15:52:57.870000;1;101270;1;1;0.0000;1;2963.0000;None;32000.0000
22135;2023-01-04 15:27:58.903000;1;101270;1;1;0.0000;1;1167.0000;None;12600.0000
16557;2023-01-04 15:04:47.497000;1;101270;1;1;0.0000;1;1074.0000;None;11600.0000
16557;2023-01-04 15:04:47.497000;1;101270;1;1;0.0000;1;1074.0000;None;11600.0000
22152;2023-01-04 17:13:59.767000;1;101270;1;1;0.0000;1;4333.0000;None;46800.0000
22151;2023-01-04 17:12:34.450000;1;101270;1;1;0.0000;1;3352.0000;None;36200.0000
16574;2023-01-04 16:55:21.187000;1;101270;1;1;0.0000;1;5000.0000;None;54000.0000
22123;2023-01-04 11:46:30.807000;1;101270;1;1;0.0000;1;1167.0000;None;12600.0000
22120;2023-01-04 12:05:01.590000;1;101270;1;1;0.0000;1;3352.0000;None;36200.0000
22120;2023-01-04 12:05:01.590000;1;101270;1;1;0.0000;1;3352.0000;None;36200.0000
16548;2023-01-04 13:08:07.107000;1;101270;1;1;0.0000;1;6519.0000;None;70400.0000
22126;2023-01-04 13:33:07.040000;1;101270;1;1;0.0000;1;8889.0000;None;96000.0000
16530;2023-01-04 10:54:50.827000;1;101310;1;1;19800.0000;1;3093.0000;None;33400.0000
16572;2023-01-04 16:54:17.120000;3;101333;1;1;14800.0000;1;9352.0000;None;101000.0000
16572;2023-01-04 16:54:17.120000;3;101333;1;1;14800.0000;1;9352.0000;None;101000.0000
16572;2023-01-04 16:54:17.120000;3;101333;1;1;14800.0000;1;9352.0000;None;101000.0000
16571;2023-01-04 16:52:23.503000;3;101333;1;1;14800.0000;1;5222.0000;None;56400.0000
16579;2023-01-04 17:46:49.953000;3;101333;1;1;14800.0000;1;4278.0000;None;46200.0000
22154;2023-01-04 17:50:30.817000;3;101333;1;1;14800.0000;1;6815.0000;None;73600.0000
16570;2023-01-04 16:49:02.527000;1;101400;1;1;0.0000;1;2111.0000;None;22800.0000
16570;2023-01-04 16:49:02.527000;1;101400;1;1;0.0000;1;2111.0000;None;22800.0000
22155;2023-01-04 17:33:20.750000;1;101503;1;1;0.0000;1;5870.0000;None;63400.0000
16587;2023-01-04 18:44:01.497000;1;101503;1;1;0.0000;1;3667.0000;None;39600.0000
16594;2023-01-04 20:08:19.487000;1;101503;1;1;0.0000;1;18389.0000;None;198600.0000
16594;2023-01-04 20:08:19.487000;1;101503;1;1;0.0000;1;18389.0000;None;198600.0000
22125;2023-01-04 12:30:57.213000;1;101503;1;1;None;1;8500.0000;None;91800.0000
16546;2023-01-04 12:37:25.107000;1;101503;1;1;0.0000;1;7222.0000;None;78000.0000
22115;2023-01-04 09:54:25.377000;6;101524;1;1;0.0000;1;3907.0000;None;42200.0000
22115;2023-01-04 09:54:25.377000;6;101524;1;1;0.0000;1;3907.0000;None;42200.0000
16548;2023-01-04 13:08:07.107000;6;101575;1;1;0.0000;1;6519.0000;None;70400.0000
22123;2023-01-04 11:46:30.807000;6;101575;1;1;0.0000;1;1167.0000;None;12600.0000
22156;2023-01-04 16:40:33.230000;2;101727;1;1;30800.0000;1;12741.0000;None;137600.0000
22149;2023-01-04 17:18:06.677000;2;101727;1;1;30800.0000;1;8685.0000;None;93800.0000
22149;2023-01-04 16:07:53.260000;2;101727;1;1;30800.0000;1;8685.0000;None;93800.0000
16594;2023-01-04 20:39:49.560000;2;101818;1;1;26800.0000;1;18389.0000;None;198600.0000
16594;2023-01-04 20:08:19.487000;2;101818;1;1;26800.0000;1;18389.0000;None;198600.0000
22145;2023-01-04 16:25:11.820000;2;101878;1;2;59600.0000;1;7333.0000;None;79200.0000
22125;2023-01-04 12:30:57.213000;1;102065;1;1;29800.0000;1;8500.0000;None;91800.0000
16533;2023-01-04 11:25:42.490000;3;102102;1;1;9800.0000;1;2537.0000;None;27400.0000
16564;2023-01-04 16:01:37.223000;3;102102;1;1;9800.0000;1;1352.0000;None;14600.0000
16591;2023-01-04 19:11:05.073000;3;102102;1;1;9800.0000;1;1750.0000;None;18900.0000
16581;2023-01-04 18:07:44.297000;3;102102;1;1;9800.0000;1;3000.0000;None;32400.0000
16565;2023-01-04 16:03:02.750000;3;102120;1;1;5800.0000;1;1704.0000;None;18400.0000
16565;2023-01-04 16:54:59.217000;3;102120;1;1;5800.0000;1;1704.0000;None;18400.0000
16547;2023-01-04 12:48:51.890000;1;102226;1;1;1800.0000;1;981.0000;None;10600.0000
22154;2023-01-04 17:59:09.283000;1;102255;1;1;4800.0000;1;6815.0000;None;73600.0000
16587;2023-01-04 18:44:01.497000;1;102260;1;1;3800.0000;1;3667.0000;None;39600.0000
16581;2023-01-04 18:06:36.847000;1;102342;1;1;14800.0000;1;3000.0000;None;32400.0000
16563;2023-01-04 15:52:37.877000;3;102402;1;1;7800.0000;1;722.0000;None;7800.0000
22124;2023-01-04 12:27:21.397000;3;102402;1;1;7800.0000;1;1352.0000;None;14600.0000
16554;2023-01-04 14:11:19.193000;1;102412;1;1;1800.0000;1;981.0000;None;10600.0000
16531;2023-01-04 11:08:12.117000;1;102553;1;1;9800.0000;1;5074.0000;None;54800.0000
22156;2023-01-04 17:52:15.613000;2;102593;1;1;19800.0000;1;12741.0000;None;137600.0000
22156;2023-01-04 17:52:15.613000;2;102593;1;1;19800.0000;1;12741.0000;None;137600.0000
16568;2023-01-04 17:00:25.097000;3;102619;1;1;6800.0000;1;5111.0000;None;55200.0000
16531;2023-01-04 11:24:56.517000;3;102635;1;1;7800.0000;1;5074.0000;None;54800.0000
16531;2023-01-04 11:00:45.240000;3;102635;1;1;7800.0000;1;5074.0000;None;54800.0000
16532;2023-01-04 11:25:27.977000;3;102635;1;1;7800.0000;1;3611.0000;None;39000.0000
16568;2023-01-04 17:00:25.097000;3;102635;1;1;7800.0000;1;5111.0000;None;55200.0000
16568;2023-01-04 16:23:43.080000;3;102635;1;1;7800.0000;1;5111.0000;None;55200.0000
16568;2023-01-04 16:23:43.080000;3;102635;1;1;7800.0000;1;5111.0000;None;55200.0000
16581;2023-01-04 18:06:36.847000;3;102635;1;1;7800.0000;1;3000.0000;None;32400.0000
16577;2023-01-04 17:39:32.713000;3;102635;1;1;7800.0000;1;2907.0000;None;31400.0000
22160;2023-01-04 19:29:45.160000;3;102635;1;1;7800.0000;1;3426.0000;None;37000.0000
16572;2023-01-04 16:54:17.120000;3;102637;1;1;9800.0000;1;9352.0000;None;101000.0000
22136;2023-01-04 15:32:17.867000;3;102637;1;1;9800.0000;1;3148.0000;None;34000.0000
16532;2023-01-04 11:25:27.977000;3;102641;1;1;10800.0000;1;3611.0000;None;39000.0000
16590;2023-01-04 19:09:14.487000;3;102644;1;1;5800.0000;1;4185.0000;None;45200.0000
22134;2023-01-04 15:24:07.130000;3;102649;1;1;4800.0000;1;1444.0000;None;15600.0000
16564;2023-01-04 16:00:46.367000;3;102649;1;1;4800.0000;1;1352.0000;None;14600.0000
16539;2023-01-04 11:52:09.287000;3;102649;1;1;4800.0000;1;1074.0000;None;11600.0000
16550;2023-01-04 13:24:41.703000;3;102649;1;1;4800.0000;1;3426.0000;None;37000.0000
16558;2023-01-04 15:27:46.003000;3;102747;1;1;4800.0000;1;3056.0000;None;33000.0000
16596;2023-01-04 20:33:52.850000;3;102747;1;1;4800.0000;1;444.0000;None;4800.0000
22125;2023-01-04 12:53:33.677000;3;102747;1;1;4800.0000;1;8500.0000;None;91800.0000
22125;2023-01-04 12:28:24.813000;3;102747;1;1;4800.0000;1;8500.0000;None;91800.0000
16534;2023-01-04 11:43:54.193000;3;102748;1;1;14800.0000;1;16926.0000;None;182800.0000
16547;2023-01-04 12:48:51.890000;1;102813;1;1;3000.0000;1;981.0000;None;10600.0000
22154;2023-01-04 17:50:30.817000;1;102813;1;2;6000.0000;1;6815.0000;None;73600.0000
22154;2023-01-04 17:29:34.037000;1;102813;1;4;12000.0000;1;6815.0000;None;73600.0000
16580;2023-01-04 17:51:49.997000;1;102813;1;1;3000.0000;1;2444.0000;None;26400.0000
16580;2023-01-04 17:51:49.997000;1;102813;1;1;3000.0000;1;2444.0000;None;26400.0000
16566;2023-01-04 16:16:59.097000;1;102813;1;2;6000.0000;1;2278.0000;None;24600.0000
22126;2023-01-04 13:08:13.730000;3;102838;1;1;10800.0000;1;8889.0000;None;96000.0000
16535;2023-01-04 11:47:12.353000;1;103047;1;1;21800.0000;1;3815.0000;None;41200.0000
22115;2023-01-04 09:58:50.503000;1;103047;1;1;21800.0000;1;3907.0000;None;42200.0000
16580;2023-01-04 17:59:45.840000;1;103100;1;1;8800.0000;1;2444.0000;None;26400.0000
16579;2023-01-04 17:46:49.953000;1;103102;1;1;6800.0000;1;4278.0000;None;46200.0000
16579;2023-01-04 17:46:49.953000;1;103166;1;1;18800.0000;1;4278.0000;None;46200.0000
22150;2023-01-04 16:50:14.270000;1;103166;1;1;18800.0000;1;2907.0000;None;31400.0000
16534;2023-01-04 12:24:07.433000;1;103214;1;1;26800.0000;1;16926.0000;None;182800.0000
22129;2023-01-04 14:58:52.547000;1;103214;1;1;26800.0000;1;3741.0000;None;40400.0000
16555;2023-01-04 14:22:13.340000;1;103214;1;1;26800.0000;1;4944.0000;None;53400.0000
16584;2023-01-04 18:21:35.250000;1;103248;1;1;16800.0000;1;6296.0000;None;68000.0000
16541;2023-01-04 12:02:54.643000;1;103248;1;1;16800.0000;1;4370.0000;None;47200.0000
16541;2023-01-04 12:02:54.643000;1;103248;1;1;16800.0000;1;4370.0000;None;47200.0000
16594;2023-01-04 20:08:19.487000;1;103252;1;1;16800.0000;1;18389.0000;None;198600.0000
16578;2023-01-04 17:49:37.980000;1;103272;1;1;26800.0000;1;9519.0000;None;102800.0000
16578;2023-01-04 17:49:37.980000;1;103272;1;1;26800.0000;1;9519.0000;None;102800.0000
22126;2023-01-04 13:33:07.040000;1;103273;1;1;38800.0000;1;8889.0000;None;96000.0000
16584;2023-01-04 18:21:35.250000;1;103290;1;1;30800.0000;1;6296.0000;None;68000.0000
22126;2023-01-04 13:33:07.040000;1;103290;1;1;30800.0000;1;8889.0000;None;96000.0000
16551;2023-01-04 13:26:06.767000;1;103296;1;1;39800.0000;1;6204.0000;None;67000.0000
16548;2023-01-04 13:24:26.090000;1;103296;1;1;39800.0000;1;6519.0000;None;70400.0000
16534;2023-01-04 11:43:12.640000;1;103296;1;1;39800.0000;1;16926.0000;None;182800.0000
16593;2023-01-04 20:03:13.470000;1;103311;1;1;35800.0000;1;6130.0000;None;66200.0000
22155;2023-01-04 17:33:20.750000;1;103384;1;1;47800.0000;1;5870.0000;None;63400.0000
16546;2023-01-04 12:37:25.107000;1;103384;1;1;47800.0000;1;7222.0000;None;78000.0000
16588;2023-01-04 18:55:13.830000;1;103652;1;1;32800.0000;1;4204.0000;None;45400.0000
16534;2023-01-04 11:43:12.640000;1;103652;1;1;32800.0000;1;16926.0000;None;182800.0000
22125;2023-01-04 12:28:24.813000;1;103759;1;1;10800.0000;1;8500.0000;None;91800.0000
16595;2023-01-04 20:20:59.227000;1;103771;1;1;24800.0000;1;6352.0000;None;68600.0000
16548;2023-01-04 13:08:27.940000;1;103771;1;1;24800.0000;1;6519.0000;None;70400.0000
22152;2023-01-04 17:13:59.767000;1;103886;1;1;9800.0000;1;4333.0000;None;46800.0000
16571;2023-01-04 16:52:23.503000;1;103890;1;1;5800.0000;1;5222.0000;None;56400.0000
16585;2023-01-04 18:35:43.153000;1;103892;1;1;4800.0000;1;6444.0000;None;69600.0000
16585;2023-01-04 18:29:02.840000;1;103892;1;1;4800.0000;1;6444.0000;None;69600.0000
16550;2023-01-04 13:24:41.703000;1;103893;1;1;5800.0000;1;3426.0000;None;37000.0000
22136;2023-01-04 15:32:17.867000;1;103893;1;3;17400.0000;1;3148.0000;None;34000.0000
22131;2023-01-04 15:02:15.510000;1;103961;1;1;16800.0000;1;3630.0000;None;39200.0000
16534;2023-01-04 11:43:12.640000;1;103975;1;1;17800.0000;1;16926.0000;None;182800.0000
16531;2023-01-04 11:08:12.117000;1;103975;1;1;17800.0000;1;5074.0000;None;54800.0000
16583;2023-01-04 18:19:31.063000;1;103992;1;1;6800.0000;1;27630.0000;None;298400.0000
16577;2023-01-04 17:43:25.870000;1;104004;1;1;16800.0000;1;2907.0000;None;31400.0000
3989;2023-01-04 19:09:45.637000;1;104004;1;1;16800.0000;1;None;None;16800.0000
22151;2023-01-04 17:12:34.450000;1;104004;1;1;16800.0000;1;3352.0000;None;36200.0000
22146;2023-01-04 16:29:54.583000;1;104004;1;1;16800.0000;1;4167.0000;None;45000.0000
16550;2023-01-04 13:24:41.703000;1;104156;1;1;6800.0000;1;3426.0000;None;37000.0000
22144;2023-01-04 16:21:03.433000;1;104156;1;1;6800.0000;1;16278.0000;None;175800.0000
16572;2023-01-04 16:54:17.120000;1;104157;1;1;5800.0000;1;9352.0000;None;101000.0000
16572;2023-01-04 16:54:17.120000;1;104157;1;1;5800.0000;1;9352.0000;None;101000.0000
16572;2023-01-04 16:54:17.120000;1;104157;1;1;5800.0000;1;9352.0000;None;101000.0000
16551;2023-01-04 13:26:06.767000;1;104157;1;1;5800.0000;1;6204.0000;None;67000.0000
16574;2023-01-04 16:54:44.443000;1;104158;1;1;11800.0000;1;5000.0000;None;54000.0000
22144;2023-01-04 16:21:03.433000;1;104158;1;1;11800.0000;1;16278.0000;None;175800.0000
16585;2023-01-04 18:29:02.840000;1;104160;1;1;5800.0000;1;6444.0000;None;69600.0000
16585;2023-01-04 18:35:43.153000;1;104160;1;1;5800.0000;1;6444.0000;None;69600.0000
22160;2023-01-04 19:29:45.160000;1;104161;1;2;15600.0000;1;3426.0000;None;37000.0000
16550;2023-01-04 13:24:41.703000;1;104166;1;1;8800.0000;1;3426.0000;None;37000.0000
16546;2023-01-04 12:37:25.123000;1;104166;1;1;8800.0000;1;7222.0000;None;78000.0000
22120;2023-01-04 12:08:17.447000;1;104167;1;1;6800.0000;1;3352.0000;None;36200.0000
22120;2023-01-04 11:36:03.897000;1;104171;1;1;11800.0000;1;3352.0000;None;36200.0000
22152;2023-01-04 17:13:59.767000;1;104171;1;1;11800.0000;1;4333.0000;None;46800.0000
16572;2023-01-04 16:54:17.120000;1;104171;1;1;11800.0000;1;9352.0000;None;101000.0000
16572;2023-01-04 16:54:17.120000;1;104171;1;1;11800.0000;1;9352.0000;None;101000.0000
16592;2023-01-04 19:19:32.313000;1;104172;1;1;9800.0000;1;1704.0000;None;18400.0000
16546;2023-01-04 12:37:25.123000;1;104172;1;1;9800.0000;1;7222.0000;None;78000.0000
16551;2023-01-04 13:26:06.767000;1;104172;1;1;9800.0000;1;6204.0000;None;67000.0000
16585;2023-01-04 18:29:02.840000;1;104173;1;1;5800.0000;1;6444.0000;None;69600.0000
16585;2023-01-04 18:35:43.153000;1;104173;1;1;5800.0000;1;6444.0000;None;69600.0000
22144;2023-01-04 16:21:03.433000;1;104174;1;1;6800.0000;1;16278.0000;None;175800.0000
16563;2023-01-04 15:52:37.877000;6;104290;2;1;0.0000;1;722.0000;None;7800.0000
16563;2023-01-04 15:52:37.877000;6;104290;2;1;0.0000;1;722.0000;None;7800.0000
16563;2023-01-04 15:52:37.877000;6;104290;2;1;0.0000;1;722.0000;None;7800.0000
22124;2023-01-04 12:27:21.397000;6;104291;2;1;0.0000;1;1352.0000;None;14600.0000
22124;2023-01-04 12:27:21.397000;6;104291;2;1;0.0000;1;1352.0000;None;14600.0000
22124;2023-01-04 12:27:21.397000;6;104291;2;1;0.0000;1;1352.0000;None;14600.0000
22124;2023-01-04 12:27:21.397000;6;104291;2;1;0.0000;1;1352.0000;None;14600.0000
22127;2023-01-04 13:19:00.627000;3;104554;1;1;4800.0000;1;444.0000;None;4800.0000
16575;2023-01-04 17:06:24.420000;3;104554;1;1;4800.0000;1;1611.0000;None;17400.0000
16584;2023-01-04 18:21:35.250000;3;104554;1;1;4800.0000;1;6296.0000;None;68000.0000
16592;2023-01-04 19:13:26.810000;3;104554;1;1;4800.0000;1;1704.0000;None;18400.0000
16592;2023-01-04 19:19:32.313000;1;104698;1;1;3800.0000;1;1704.0000;None;18400.0000
16570;2023-01-04 16:49:59.120000;1;104776;1;1;1000.0000;1;2111.0000;None;22800.0000
16595;2023-01-04 20:20:59.227000;1;104929;1;1;43800.0000;1;6352.0000;None;68600.0000
16553;2023-01-04 14:09:12.913000;1;104929;1;1;43800.0000;1;4870.0000;None;52600.0000
16554;2023-01-04 14:11:19.193000;6;105082;1;1;2000.0000;1;981.0000;None;10600.0000
16555;2023-01-04 14:27:34.810000;6;105082;1;1;2000.0000;1;4944.0000;None;53400.0000
16553;2023-01-04 14:11:34.973000;6;105082;2;1;2000.0000;1;4870.0000;None;52600.0000
22131;2023-01-04 15:03:20.733000;6;105082;1;1;2000.0000;1;3630.0000;None;39200.0000
16550;2023-01-04 13:24:41.703000;6;105082;1;1;2000.0000;1;3426.0000;None;37000.0000
16533;2023-01-04 11:25:42.490000;6;105082;1;1;2000.0000;1;2537.0000;None;27400.0000
16533;2023-01-04 11:25:42.490000;6;105082;1;1;2000.0000;1;2537.0000;None;27400.0000
16586;2023-01-04 18:31:38.627000;6;105082;1;1;2000.0000;1;1815.0000;None;19600.0000
16586;2023-01-04 18:31:38.627000;6;105082;1;1;2000.0000;1;1815.0000;None;19600.0000
22155;2023-01-04 17:33:20.750000;6;105082;1;1;2000.0000;1;5870.0000;None;63400.0000
22154;2023-01-04 17:29:34.037000;6;105082;1;1;2000.0000;1;6815.0000;None;73600.0000
22154;2023-01-04 17:54:09.740000;6;105082;2;1;2000.0000;1;6815.0000;None;73600.0000
16582;2023-01-04 18:25:50.883000;6;105082;1;1;2000.0000;1;9333.0000;None;100800.0000
16582;2023-01-04 18:10:37.420000;6;105082;1;1;2000.0000;1;9333.0000;None;100800.0000
22146;2023-01-04 16:34:12.697000;6;105082;1;1;2000.0000;1;4167.0000;None;45000.0000
22143;2023-01-04 14:50:39.330000;6;105082;1;1;2000.0000;1;2963.0000;None;32000.0000
22134;2023-01-04 15:24:07.130000;6;105082;1;1;2000.0000;1;1444.0000;None;15600.0000
16555;2023-01-04 14:22:13.340000;1;105421;1;1;17800.0000;1;4944.0000;None;53400.0000
16578;2023-01-04 18:01:43.733000;1;105421;1;1;17800.0000;1;9519.0000;None;102800.0000
16593;2023-01-04 20:22:11.633000;1;105421;1;1;17800.0000;1;6130.0000;None;66200.0000
16594;2023-01-04 20:08:19.487000;2;106012;1;1;41800.0000;1;18389.0000;None;198600.0000
22125;2023-01-04 12:28:24.813000;1;106268;1;1;0.0000;1;8500.0000;None;91800.0000
22154;2023-01-04 17:29:34.037000;4;106279;1;1;0.0000;1;6815.0000;None;73600.0000
22125;2023-01-04 12:28:24.813000;1;106282;1;1;0.0000;1;8500.0000;None;91800.0000
16563;2023-01-04 15:52:37.877000;4;106293;2;1;0.0000;1;722.0000;None;7800.0000
16571;2023-01-04 16:52:23.503000;1;106689;1;1;2800.0000;1;5222.0000;None;56400.0000
16570;2023-01-04 18:30:20.937000;1;107031;1;12;1200.0000;1;2111.0000;None;22800.0000
16570;2023-01-04 18:30:20.937000;1;107031;1;2;200.0000;1;2111.0000;None;22800.0000
16591;2023-01-04 19:11:05.073000;1;107283;1;22;3300.0000;1;1750.0000;None;18900.0000
16574;2023-01-04 16:55:21.187000;3;107358;1;1;24800.0000;1;5000.0000;None;54000.0000
22156;2023-01-04 16:48:09.153000;2;107559;1;1;29800.0000;1;12741.0000;None;137600.0000
16585;2023-01-04 18:29:02.840000;2;107998;1;1;36800.0000;1;6444.0000;None;69600.0000
16561;2023-01-04 15:33:33.437000;2;107998;1;1;36800.0000;1;6815.0000;None;73600.0000
16561;2023-01-04 16:02:37.243000;2;107998;1;1;36800.0000;1;6815.0000;None;73600.0000
16588;2023-01-04 18:55:13.830000;1;108005;1;1;None;1;4204.0000;None;45400.0000
16594;2023-01-04 20:08:19.487000;1;108005;1;1;0.0000;1;18389.0000;None;198600.0000
16584;2023-01-04 18:21:35.250000;1;108005;1;1;0.0000;1;6296.0000;None;68000.0000
16578;2023-01-04 17:49:37.980000;1;108005;1;1;0.0000;1;9519.0000;None;102800.0000
16593;2023-01-04 20:03:13.470000;1;108006;1;1;0.0000;1;6130.0000;None;66200.0000
16593;2023-01-04 20:03:13.470000;1;108006;1;1;0.0000;1;6130.0000;None;66200.0000
16548;2023-01-04 13:24:26.090000;1;108006;1;1;0.0000;1;6519.0000;None;70400.0000
16551;2023-01-04 13:26:06.767000;1;108006;1;1;0.0000;1;6204.0000;None;67000.0000
22126;2023-01-04 13:33:07.040000;1;108006;1;1;0.0000;1;8889.0000;None;96000.0000
22126;2023-01-04 13:33:07.040000;1;108006;1;1;0.0000;1;8889.0000;None;96000.0000
22125;2023-01-04 12:28:24.813000;1;108006;1;1;0.0000;1;8500.0000;None;91800.0000
16534;2023-01-04 11:43:12.640000;1;108006;1;1;0.0000;1;16926.0000;None;182800.0000
16534;2023-01-04 11:43:12.640000;1;108006;1;1;0.0000;1;16926.0000;None;182800.0000
16541;2023-01-04 12:02:54.643000;1;108008;1;1;0.0000;1;4370.0000;None;47200.0000
16541;2023-01-04 12:02:54.643000;1;108008;1;1;0.0000;1;4370.0000;None;47200.0000
16541;2023-01-04 12:02:54.643000;1;108008;1;1;0.0000;1;4370.0000;None;47200.0000
16541;2023-01-04 12:02:54.643000;1;108008;1;1;0.0000;1;4370.0000;None;47200.0000
16541;2023-01-04 12:02:54.643000;1;108008;1;1;0.0000;1;4370.0000;None;47200.0000
16541;2023-01-04 12:02:54.643000;1;108008;1;1;0.0000;1;4370.0000;None;47200.0000
22126;2023-01-04 13:33:07.040000;1;108008;1;1;0.0000;1;8889.0000;None;96000.0000
22126;2023-01-04 13:33:07.040000;1;108008;1;1;0.0000;1;8889.0000;None;96000.0000
16578;2023-01-04 17:49:37.980000;1;108008;1;2;0.0000;1;9519.0000;None;102800.0000
16584;2023-01-04 18:21:35.250000;1;108008;1;1;0.0000;1;6296.0000;None;68000.0000
16583;2023-01-04 18:49:33.003000;2;108101;1;4;131200.0000;1;27630.0000;None;298400.0000
16583;2023-01-04 18:14:12.493000;2;108101;1;3;98400.0000;1;27630.0000;None;298400.0000
16583;2023-01-04 18:16:42.177000;2;108101;1;1;32800.0000;1;27630.0000;None;298400.0000
16594;2023-01-04 20:08:19.487000;2;108101;1;1;32800.0000;1;18389.0000;None;198600.0000
16534;2023-01-04 11:43:12.640000;1;108351;1;1;19800.0000;1;16926.0000;None;182800.0000
22162;2023-01-04 20:05:39.040000;3;108531;1;1;6800.0000;1;1259.0000;None;13600.0000
16593;2023-01-04 20:22:11.633000;3;108531;1;1;6800.0000;1;6130.0000;None;66200.0000
16562;2023-01-04 15:42:28.470000;3;108531;1;1;6800.0000;1;2426.0000;None;26200.0000
22154;2023-01-04 17:50:30.817000;3;108532;1;1;6800.0000;1;6815.0000;None;73600.0000
22154;2023-01-04 17:29:34.037000;3;108532;1;1;6800.0000;1;6815.0000;None;73600.0000
16586;2023-01-04 18:31:38.627000;3;108533;1;1;8800.0000;1;1815.0000;None;19600.0000
22134;2023-01-04 15:24:07.130000;3;108533;1;1;8800.0000;1;1444.0000;None;15600.0000
16558;2023-01-04 15:37:48.150000;3;108533;1;1;8800.0000;1;3056.0000;None;33000.0000
16544;2023-01-04 12:13:49.977000;3;108533;1;1;8800.0000;1;2259.0000;None;24400.0000
16550;2023-01-04 13:24:41.703000;3;108533;1;1;8800.0000;1;3426.0000;None;37000.0000
16582;2023-01-04 18:14:53.660000;1;109100;1;1;39800.0000;1;9333.0000;None;100800.0000
16582;2023-01-04 18:14:53.660000;1;109101;1;1;29800.0000;1;9333.0000;None;100800.0000
16578;2023-01-04 17:44:58.497000;1;109102;1;1;19800.0000;1;9519.0000;None;102800.0000
16590;2023-01-04 19:09:14.487000;1;109554;1;1;13800.0000;1;4185.0000;None;45200.0000
22141;2023-01-04 16:00:07.347000;1;109554;1;1;13800.0000;1;None;None;13800.0000
16583;2023-01-04 18:14:29.230000;3;200006;1;1;8800.0000;1;27630.0000;None;298400.0000
22120;2023-01-04 12:05:01.590000;3;200007;1;1;10800.0000;1;3352.0000;None;36200.0000
22126;2023-01-04 13:08:13.730000;3;200012;1;1;9800.0000;1;8889.0000;None;96000.0000
16548;2023-01-04 13:08:07.107000;3;200644;1;1;5800.0000;1;6519.0000;None;70400.0000
16551;2023-01-04 13:26:34.600000;3;200644;1;1;5800.0000;1;6204.0000;None;67000.0000
22123;2023-01-04 11:46:30.807000;3;200644;1;1;5800.0000;1;1167.0000;None;12600.0000
16527;2023-01-04 11:44:16.117000;3;200644;1;1;5800.0000;1;6982.0000;None;75400.0000
16580;2023-01-04 17:51:49.997000;3;200644;1;1;5800.0000;1;2444.0000;None;26400.0000
22157;2023-01-04 18:10:07.247000;3;200644;1;1;5800.0000;1;1796.0000;None;19400.0000
22139;2023-01-04 16:24:07.877000;3;200644;1;1;5800.0000;1;1704.0000;None;18400.0000
22143;2023-01-04 15:52:57.870000;3;200644;1;1;5800.0000;1;2963.0000;None;32000.0000
16574;2023-01-04 16:55:21.187000;3;200644;1;1;5800.0000;1;5000.0000;None;54000.0000
22152;2023-01-04 17:13:59.767000;3;200644;1;1;5800.0000;1;4333.0000;None;46800.0000
16574;2023-01-04 16:55:21.187000;3;201146;1;1;5800.0000;1;5000.0000;None;54000.0000
16575;2023-01-04 17:19:24.147000;3;201146;1;1;5800.0000;1;1611.0000;None;17400.0000
22143;2023-01-04 14:50:39.330000;3;201146;1;1;5800.0000;1;2963.0000;None;32000.0000
16562;2023-01-04 15:42:28.470000;3;201146;1;1;5800.0000;1;2426.0000;None;26200.0000
16557;2023-01-04 15:04:47.497000;3;201146;1;1;5800.0000;1;1074.0000;None;11600.0000
22135;2023-01-04 15:27:58.903000;3;201146;1;1;5800.0000;1;1167.0000;None;12600.0000
16527;2023-01-04 11:44:16.117000;3;201146;1;1;5800.0000;1;6982.0000;None;75400.0000
16527;2023-01-04 11:44:16.117000;3;201146;1;1;5800.0000;1;6982.0000;None;75400.0000
22117;2023-01-04 11:15:57.737000;3;201146;1;1;5800.0000;1;2333.0000;None;25200.0000
16527;2023-01-04 09:44:11.233000;3;201146;1;1;5800.0000;1;6982.0000;None;75400.0000
16527;2023-01-04 10:20:29.463000;3;201146;1;1;5800.0000;1;6982.0000;None;75400.0000
16534;2023-01-04 11:43:54.193000;3;201146;1;1;5800.0000;1;16926.0000;None;182800.0000
16547;2023-01-04 12:48:51.890000;3;201146;1;1;5800.0000;1;981.0000;None;10600.0000
16546;2023-01-04 12:37:25.123000;3;201146;1;1;5800.0000;1;7222.0000;None;78000.0000
22126;2023-01-04 13:33:07.040000;3;201146;1;1;5800.0000;1;8889.0000;None;96000.0000
22149;2023-01-04 16:40:57.693000;2;201187;1;1;9800.0000;1;8685.0000;None;93800.0000
22149;2023-01-04 17:18:06.677000;2;201187;1;1;9800.0000;1;8685.0000;None;93800.0000
22145;2023-01-04 16:25:11.820000;2;201187;1;2;19600.0000;1;7333.0000;None;79200.0000
16588;2023-01-04 18:47:27.067000;3;201211;1;1;5800.0000;1;4204.0000;None;45400.0000
16578;2023-01-04 17:47:40.940000;3;201211;1;2;11600.0000;1;9519.0000;None;102800.0000
22152;2023-01-04 17:32:51.830000;3;201211;1;1;5800.0000;1;4333.0000;None;46800.0000
16551;2023-01-04 13:26:34.600000;3;201211;1;1;5800.0000;1;6204.0000;None;67000.0000
22117;2023-01-04 10:55:09.683000;3;201211;1;1;5800.0000;1;2333.0000;None;25200.0000
22149;2023-01-04 16:07:53.260000;3;201269;1;1;5800.0000;1;8685.0000;None;93800.0000
22151;2023-01-04 17:12:34.450000;3;201269;1;1;5800.0000;1;3352.0000;None;36200.0000
16571;2023-01-04 17:36:09.747000;3;201269;1;1;5800.0000;1;5222.0000;None;56400.0000
22139;2023-01-04 15:58:52.663000;3;201269;1;1;5800.0000;1;1704.0000;None;18400.0000
22125;2023-01-04 12:28:24.813000;1;201546;1;1;31800.0000;1;8500.0000;None;91800.0000
16570;2023-01-04 16:49:02.527000;1;201567;1;1;8800.0000;1;2111.0000;None;22800.0000
22115;2023-01-04 09:54:25.360000;1;201567;1;1;8800.0000;1;3907.0000;None;42200.0000
16593;2023-01-04 20:03:13.470000;3;201958;1;1;5800.0000;1;6130.0000;None;66200.0000
22125;2023-01-04 12:28:24.813000;3;202112;1;1;9800.0000;1;8500.0000;None;91800.0000
16584;2023-01-04 18:21:35.250000;3;202134;1;1;9800.0000;1;6296.0000;None;68000.0000
22144;2023-01-04 16:21:28.800000;2;202419;1;1;136800.0000;1;16278.0000;None;175800.0000
22121;2023-01-04 11:38:44.830000;3;202709;1;1;6800.0000;1;1167.0000;None;12600.0000
