17318;2023-01-13 11:37:13.297000;None;3;None;1;-25800.0000;2;2389.0000;None;25800.0000
17415;2023-01-13 19:35:28.663000;7;1001;1;1;0.0000;1;14278.0000;None;154200.0000
22568;2023-01-13 14:02:20.897000;7;1002;1;1;0.0000;1;7722.0000;None;83400.0000
22544;2023-01-13 11:18:41.803000;7;1002;1;1;None;1;15870.0000;None;171400.0000
22537;2023-01-13 10:19:34.877000;7;1011;1;1;0.0000;1;3259.0000;None;35200.0000
17306;2023-01-13 08:35:41.247000;7;1011;1;1;0.0000;1;None;None;14400.0000
17343;2023-01-13 14:20:16.690000;7;1011;1;1;0.0000;1;4056.0000;None;43800.0000
17407;2023-01-13 19:15:11.847000;7;1027;1;1;0.0000;1;3259.0000;None;35200.0000
22614;2023-01-13 18:35:55.373000;7;1027;1;1;0.0000;1;11796.0000;None;127400.0000
22614;2023-01-13 18:35:55.373000;7;1027;1;1;0.0000;1;11796.0000;None;127400.0000
22614;2023-01-13 18:35:55.373000;7;1027;1;1;0.0000;1;11796.0000;None;127400.0000
17336;2023-01-13 13:04:44.533000;7;1027;1;2;0.0000;1;30796.0000;None;332600.0000
17336;2023-01-13 13:04:44.533000;7;1027;1;1;0.0000;1;30796.0000;None;332600.0000
22549;2023-01-13 11:38:05.923000;7;1027;1;1;0.0000;1;3704.0000;None;40000.0000
17306;2023-01-13 08:35:41.247000;7;1027;1;1;0.0000;1;None;None;14400.0000
22534;2023-01-13 09:50:53.973000;7;1027;1;1;0.0000;1;1870.0000;None;20200.0000
22544;2023-01-13 11:18:41.803000;7;1027;1;1;None;1;15870.0000;None;171400.0000
17346;2023-01-13 14:08:00.213000;7;1027;1;1;0.0000;1;2630.0000;None;28400.0000
17375;2023-01-13 16:44:51.850000;7;1027;1;1;0.0000;1;2093.0000;None;22600.0000
17395;2023-01-13 18:22:06.973000;7;1039;1;1;0.0000;1;12093.0000;None;130600.0000
17395;2023-01-13 18:37:15.797000;7;1039;1;1;0.0000;1;12093.0000;None;130600.0000
17336;2023-01-13 12:20:45.900000;7;1112;1;1;0.0000;1;30796.0000;None;332600.0000
17343;2023-01-13 14:20:16.690000;7;1135;1;1;0.0000;1;4056.0000;None;43800.0000
17323;2023-01-13 11:06:54.283000;7;1135;1;1;0.0000;1;1630.0000;None;17600.0000
17320;2023-01-13 10:51:13.020000;7;1135;1;1;0.0000;1;1630.0000;None;17600.0000
17312;2023-01-13 09:00:29;7;1135;1;1;0.0000;1;3574.0000;None;38600.0000
17307;2023-01-13 08:59:37.003000;7;1135;1;1;0.0000;1;3519.0000;None;38000.0000
17378;2023-01-13 21:19:41.647000;7;1135;1;1;0.0000;1;12241.0000;None;132200.0000
22594;2023-01-13 17:47:42.717000;7;1135;1;1;0.0000;1;9574.0000;None;103400.0000
17348;2023-01-13 13:20:42.653000;7;1135;1;1;0.0000;1;13685.0000;None;147800.0000
17348;2023-01-13 15:28:26.957000;7;1135;1;1;0.0000;1;13685.0000;None;147800.0000
17395;2023-01-13 18:37:15.797000;7;1135;1;1;0.0000;1;12093.0000;None;130600.0000
17411;2023-01-13 19:19:44.290000;7;1135;1;1;0.0000;1;11963.0000;None;129200.0000
17411;2023-01-13 19:37:08.407000;7;1135;1;1;0.0000;1;11963.0000;None;129200.0000
22639;2023-01-13 19:58:42.997000;7;1135;1;1;0.0000;1;14074.0000;None;152000.0000
22643;2023-01-13 20:21:07.557000;7;1135;1;1;0.0000;1;4852.0000;None;52400.0000
17306;2023-01-13 08:35:41.247000;7;1157;1;1;0.0000;1;None;None;14400.0000
22544;2023-01-13 11:48:18.030000;7;1157;1;1;0.0000;1;15870.0000;None;171400.0000
22544;2023-01-13 11:48:18.030000;7;1157;1;1;0.0000;1;15870.0000;None;171400.0000
22543;2023-01-13 11:13:24.507000;7;1207;1;1;0.0000;1;3556.0000;None;38400.0000
17342;2023-01-13 13:29:55.373000;7;1207;1;1;0.0000;1;6296.0000;None;68000.0000
17333;2023-01-13 14:31:31.990000;7;1207;1;1;0.0000;1;13870.0000;None;149800.0000
22546;2023-01-13 11:33:19.913000;7;1207;1;1;0.0000;1;12111.0000;None;130800.0000
22582;2023-01-13 15:04:04.327000;7;1207;1;1;0.0000;1;3630.0000;None;39200.0000
22582;2023-01-13 15:04:04.327000;7;1207;1;1;0.0000;1;3630.0000;None;39200.0000
22639;2023-01-13 20:14:12.763000;7;1207;1;1;0.0000;1;14074.0000;None;152000.0000
22615;2023-01-13 19:21:58.923000;7;1207;1;1;0.0000;1;32759.0000;None;353800.0000
22615;2023-01-13 17:30:46.873000;7;1207;1;1;0.0000;1;32759.0000;None;353800.0000
22615;2023-01-13 19:21:58.923000;7;1207;1;1;0.0000;1;32759.0000;None;353800.0000
22615;2023-01-13 18:14:47.800000;7;1207;1;1;0.0000;1;32759.0000;None;353800.0000
22615;2023-01-13 18:19:28.597000;7;1207;1;1;0.0000;1;32759.0000;None;353800.0000
22615;2023-01-13 17:30:46.873000;7;1207;1;1;0.0000;1;32759.0000;None;353800.0000
22611;2023-01-13 17:00:26.080000;7;1207;1;1;0.0000;1;10130.0000;None;109400.0000
22549;2023-01-13 11:38:05.923000;7;1294;1;1;0.0000;1;3704.0000;None;40000.0000
17336;2023-01-13 13:04:44.533000;7;1294;1;1;0.0000;1;30796.0000;None;332600.0000
17336;2023-01-13 11:30:57.043000;7;1294;1;1;0.0000;1;30796.0000;None;332600.0000
17338;2023-01-13 13:56:25.937000;7;2001;1;1;0.0000;1;9000.0000;None;97200.0000
22555;2023-01-13 12:24:26.683000;7;2002;1;1;0.0000;1;1815.0000;None;19600.0000
22555;2023-01-13 12:24:26.683000;7;2002;1;1;0.0000;1;1815.0000;None;19600.0000
17342;2023-01-13 13:29:55.373000;7;2002;1;1;0.0000;1;6296.0000;None;68000.0000
22549;2023-01-13 11:45:57.640000;7;2002;1;1;0.0000;1;3704.0000;None;40000.0000
22549;2023-01-13 11:45:57.640000;7;2002;1;1;0.0000;1;3704.0000;None;40000.0000
22549;2023-01-13 11:45:57.640000;7;2002;1;1;0.0000;1;3704.0000;None;40000.0000
17316;2023-01-13 11:03:12.050000;7;2002;1;1;0.0000;1;4093.0000;None;44200.0000
22610;2023-01-13 17:14:52.367000;7;2002;1;1;0.0000;1;18000.0000;None;194400.0000
22594;2023-01-13 17:43:32.607000;7;2002;1;2;0.0000;1;9574.0000;None;103400.0000
22568;2023-01-13 14:02:20.897000;7;2002;1;1;0.0000;1;7722.0000;None;83400.0000
22568;2023-01-13 14:02:20.897000;7;2002;1;1;0.0000;1;7722.0000;None;83400.0000
22611;2023-01-13 17:15:30.577000;7;2002;1;1;0.0000;1;10130.0000;None;109400.0000
17388;2023-01-13 17:37:01.730000;7;2002;1;1;0.0000;1;8982.0000;None;97000.0000
17418;2023-01-13 20:11:55.643000;7;2002;1;1;0.0000;1;9500.0000;None;102600.0000
17415;2023-01-13 19:35:28.663000;7;2002;1;1;0.0000;1;14278.0000;None;154200.0000
17415;2023-01-13 19:35:28.663000;7;2002;1;1;0.0000;1;14278.0000;None;154200.0000
22634;2023-01-13 19:28:48.597000;7;2002;1;1;0.0000;1;537.0000;None;5800.0000
17414;2023-01-13 19:33:22.713000;7;2002;1;1;0.0000;1;3907.0000;None;42200.0000
22619;2023-01-13 17:52:39.227000;7;2004;1;1;0.0000;1;1167.0000;None;12600.0000
22568;2023-01-13 14:02:20.897000;7;2008;1;1;0.0000;1;7722.0000;None;83400.0000
22568;2023-01-13 14:02:20.897000;7;2008;1;1;0.0000;1;7722.0000;None;83400.0000
17350;2023-01-13 14:49:36.713000;7;2008;1;2;0.0000;1;2463.0000;None;26600.0000
22601;2023-01-13 16:27:14.927000;7;2008;1;2;0.0000;1;11704.0000;None;126400.0000
17373;2023-01-13 16:42:36.093000;7;2008;1;1;0.0000;1;3352.0000;None;36200.0000
17373;2023-01-13 16:42:36.093000;7;2008;1;1;0.0000;1;3352.0000;None;36200.0000
17375;2023-01-13 16:44:51.850000;7;2008;1;2;0.0000;1;2093.0000;None;22600.0000
22549;2023-01-13 11:45:57.640000;7;2008;1;1;0.0000;1;3704.0000;None;40000.0000
22549;2023-01-13 11:45:57.640000;7;2008;1;1;0.0000;1;3704.0000;None;40000.0000
22550;2023-01-13 11:39:21.563000;7;2008;1;2;0.0000;1;1611.0000;None;17400.0000
17389;2023-01-13 17:48:04.323000;7;2008;1;3;0.0000;1;18019.0000;None;194600.0000
22623;2023-01-13 18:18:00.303000;7;2008;1;3;0.0000;1;29537.0000;None;319000.0000
22623;2023-01-13 18:18:00.303000;7;2008;1;1;0.0000;1;29537.0000;None;319000.0000
22623;2023-01-13 18:18:00.303000;7;2008;1;1;0.0000;1;29537.0000;None;319000.0000
22621;2023-01-13 18:21:25.403000;7;2008;1;2;0.0000;1;8759.0000;None;94600.0000
17384;2023-01-13 17:23:19.793000;7;2008;1;2;0.0000;1;4796.0000;None;51800.0000
22614;2023-01-13 18:23:09.223000;7;2008;1;1;0.0000;1;11796.0000;None;127400.0000
22614;2023-01-13 18:23:09.223000;7;2008;1;2;0.0000;1;11796.0000;None;127400.0000
17415;2023-01-13 19:35:28.663000;7;2008;1;2;0.0000;1;14278.0000;None;154200.0000
17421;2023-01-13 17:04:25.010000;7;2009;1;1;0.0000;1;27926.0000;None;301600.0000
17421;2023-01-13 22:11:14.027000;7;2009;1;-1;0.0000;1;27926.0000;None;301600.0000
17406;2023-01-13 19:07:39.387000;7;2009;1;1;0.0000;1;630.0000;None;6800.0000
17406;2023-01-13 19:07:39.387000;7;2009;1;1;0.0000;1;630.0000;None;6800.0000
22631;2023-01-13 18:20:45.783000;7;2009;1;1;0.0000;1;1704.0000;None;18400.0000
17403;2023-01-13 18:35:42.780000;7;2009;1;1;0.0000;1;1444.0000;None;15600.0000
17402;2023-01-13 18:30:37.223000;7;2009;1;1;0.0000;1;8185.0000;None;88400.0000
17402;2023-01-13 18:30:37.223000;7;2009;1;1;0.0000;1;8185.0000;None;88400.0000
17414;2023-01-13 19:38:05.603000;7;2009;1;1;0.0000;1;3907.0000;None;42200.0000
17413;2023-01-13 19:28:57.303000;7;2009;1;1;0.0000;1;1259.0000;None;13600.0000
17413;2023-01-13 19:28:57.303000;7;2009;1;1;0.0000;1;1259.0000;None;13600.0000
17384;2023-01-13 17:33:02.800000;7;2009;1;1;0.0000;1;4796.0000;None;51800.0000
17384;2023-01-13 17:39:40.537000;7;2009;1;1;0.0000;1;4796.0000;None;51800.0000
17384;2023-01-13 17:39:40.537000;7;2009;1;1;0.0000;1;4796.0000;None;51800.0000
17384;2023-01-13 17:23:19.793000;7;2009;1;1;0.0000;1;4796.0000;None;51800.0000
17384;2023-01-13 17:23:19.793000;7;2009;1;1;0.0000;1;4796.0000;None;51800.0000
17381;2023-01-13 17:16:45.893000;7;2009;1;1;0.0000;1;1167.0000;None;12600.0000
22616;2023-01-13 17:37:21.363000;7;2009;1;1;0.0000;1;1537.0000;None;16600.0000
22619;2023-01-13 17:52:39.227000;7;2009;1;1;0.0000;1;1167.0000;None;12600.0000
22619;2023-01-13 17:52:39.227000;7;2009;1;1;0.0000;1;1167.0000;None;12600.0000
17331;2023-01-13 11:54:07.397000;7;2009;1;1;0.0000;1;630.0000;None;6800.0000
22546;2023-01-13 11:33:19.913000;7;2009;1;1;0.0000;1;12111.0000;None;130800.0000
22546;2023-01-13 11:37:36.867000;7;2009;1;1;0.0000;1;12111.0000;None;130800.0000
22546;2023-01-13 11:33:19.913000;7;2009;1;1;0.0000;1;12111.0000;None;130800.0000
22546;2023-01-13 11:33:19.913000;7;2009;1;1;0.0000;1;12111.0000;None;130800.0000
22554;2023-01-13 12:12:28.797000;7;2009;1;1;0.0000;1;3833.0000;None;41400.0000
22552;2023-01-13 11:55:19.060000;7;2009;1;1;0.0000;1;3741.0000;None;40400.0000
17332;2023-01-13 12:01:38.507000;7;2009;1;1;None;1;4852.0000;None;52400.0000
22558;2023-01-13 12:49:33.337000;7;2009;1;2;0.0000;1;1796.0000;None;19400.0000
17315;2023-01-13 10:03:46.383000;7;2009;1;1;0.0000;1;5574.0000;None;60200.0000
17314;2023-01-13 09:57:10.407000;7;2009;1;1;0.0000;1;1704.0000;None;18400.0000
17311;2023-01-13 09:42:23.057000;7;2009;1;1;0.0000;1;2352.0000;None;25400.0000
17307;2023-01-13 09:26:54.277000;7;2009;1;1;0.0000;1;3519.0000;None;38000.0000
22530;2023-01-13 09:23:56.960000;7;2009;1;1;0.0000;1;1167.0000;None;12600.0000
17310;2023-01-13 09:37:26.483000;7;2009;1;1;0.0000;1;2537.0000;None;27400.0000
22542;2023-01-13 11:06:38.613000;7;2009;1;1;0.0000;1;2519.0000;None;27200.0000
17373;2023-01-13 16:31:15.420000;7;2009;1;2;0.0000;1;3352.0000;None;36200.0000
17373;2023-01-13 16:31:15.420000;7;2009;1;1;0.0000;1;3352.0000;None;36200.0000
22605;2023-01-13 16:52:43.400000;7;2009;1;1;0.0000;1;630.0000;None;6800.0000
22607;2023-01-13 16:57:16.143000;7;2009;1;1;0.0000;1;1444.0000;None;15600.0000
22599;2023-01-13 16:19:32.860000;7;2009;1;1;0.0000;1;630.0000;None;6800.0000
22593;2023-01-13 17:22:17.370000;7;2009;1;2;0.0000;1;3370.0000;None;36400.0000
17368;2023-01-13 16:53:26.033000;7;2009;1;1;0.0000;1;8315.0000;None;89800.0000
22591;2023-01-13 16:07:39.607000;7;2009;1;1;0.0000;1;3444.0000;None;37200.0000
22593;2023-01-13 16:12:34.480000;7;2009;1;2;0.0000;1;3370.0000;None;36400.0000
17370;2023-01-13 16:07:02.340000;7;2009;1;1;0.0000;1;1167.0000;None;12600.0000
22591;2023-01-13 16:50:21.023000;7;2009;1;1;0.0000;1;3444.0000;None;37200.0000
17350;2023-01-13 14:49:36.713000;7;2009;1;1;0.0000;1;2463.0000;None;26600.0000
17345;2023-01-13 14:54:46.187000;7;2009;1;1;0.0000;1;2796.0000;None;30200.0000
22570;2023-01-13 14:05:32.407000;7;2009;1;1;0.0000;1;1981.0000;None;21400.0000
17352;2023-01-13 14:54:55.807000;7;2009;1;1;0.0000;1;630.0000;None;6800.0000
17352;2023-01-13 14:54:55.807000;7;2009;1;1;0.0000;1;630.0000;None;6800.0000
22582;2023-01-13 15:22:52.557000;7;2009;1;1;0.0000;1;3630.0000;None;39200.0000
17356;2023-01-13 15:23:55.933000;7;2009;1;1;0.0000;1;3222.0000;None;34800.0000
17356;2023-01-13 16:36:34.083000;7;2009;1;1;0.0000;1;3222.0000;None;34800.0000
17358;2023-01-13 15:24:34.697000;7;2009;1;1;0.0000;1;1167.0000;None;12600.0000
17362;2023-01-13 15:53:18.007000;7;2009;1;1;0.0000;1;17426.0000;None;188200.0000
17362;2023-01-13 15:53:18.007000;7;2009;1;1;0.0000;1;17426.0000;None;188200.0000
22615;2023-01-13 17:30:46.873000;7;2010;1;1;0.0000;1;32759.0000;None;353800.0000
22615;2023-01-13 17:30:46.873000;7;2010;1;1;0.0000;1;32759.0000;None;353800.0000
22615;2023-01-13 19:21:58.923000;7;2010;1;1;0.0000;1;32759.0000;None;353800.0000
22615;2023-01-13 18:19:28.597000;7;2010;1;1;0.0000;1;32759.0000;None;353800.0000
22615;2023-01-13 19:21:58.923000;7;2010;1;1;0.0000;1;32759.0000;None;353800.0000
22617;2023-01-13 17:44:16.363000;7;2012;1;2;0.0000;1;889.0000;None;9600.0000
17314;2023-01-13 09:57:10.407000;7;2016;1;1;0.0000;1;1704.0000;None;18400.0000
22626;2023-01-13 18:26:10.053000;7;2016;1;1;0.0000;1;5037.0000;None;54400.0000
22532;2023-01-13 10:16:04.917000;7;2021;1;1;0.0000;1;1259.0000;None;13600.0000
22560;2023-01-13 12:59:48.467000;7;2028;1;1;0.0000;1;8444.0000;None;91200.0000
22560;2023-01-13 12:59:48.467000;7;2028;1;1;0.0000;1;8444.0000;None;91200.0000
22560;2023-01-13 12:59:48.467000;7;2028;1;1;0.0000;1;8444.0000;None;91200.0000
17342;2023-01-13 14:22:05.850000;7;2031;1;1;0.0000;1;6296.0000;None;68000.0000
17342;2023-01-13 13:41:20.863000;7;2031;1;1;0.0000;1;6296.0000;None;68000.0000
22542;2023-01-13 11:53:25.430000;7;2033;1;1;0.0000;1;2519.0000;None;27200.0000
22611;2023-01-13 17:00:26.080000;7;2034;1;1;0.0000;1;10130.0000;None;109400.0000
22611;2023-01-13 17:50:34.647000;7;2034;1;1;0.0000;1;10130.0000;None;109400.0000
17337;2023-01-13 12:29:17.897000;7;2034;1;1;0.0000;1;630.0000;None;6800.0000
22555;2023-01-13 12:24:26.683000;7;2036;1;1;0.0000;1;1815.0000;None;19600.0000
17321;2023-01-13 10:54:04.463000;7;2042;1;1;0.0000;1;1704.0000;None;18400.0000
22586;2023-01-13 16:52:54.623000;7;2042;1;1;0.0000;1;1796.0000;None;19400.0000
17307;2023-01-13 09:26:54.277000;7;2044;1;1;0.0000;1;3519.0000;None;38000.0000
22543;2023-01-13 11:13:24.507000;7;2044;1;1;0.0000;1;3556.0000;None;38400.0000
17334;2023-01-13 12:09:37.077000;7;2044;1;1;0.0000;1;2167.0000;None;23400.0000
22554;2023-01-13 12:12:28.797000;7;2044;1;1;0.0000;1;3833.0000;None;41400.0000
17362;2023-01-13 17:59:26.397000;7;2049;1;1;0.0000;1;17426.0000;None;188200.0000
17374;2023-01-13 17:12:49.537000;7;2049;1;1;0.0000;1;2815.0000;None;30400.0000
17422;2023-01-13 21:27:06.530000;7;2049;1;1;0.0000;1;537.0000;None;5800.0000
22621;2023-01-13 18:23:23.677000;7;2049;1;1;0.0000;1;8759.0000;None;94600.0000
17404;2023-01-13 18:46:55.190000;7;2050;1;1;0.0000;1;3204.0000;None;34600.0000
17404;2023-01-13 18:46:55.190000;7;2050;1;1;0.0000;1;3204.0000;None;34600.0000
17345;2023-01-13 14:22:32.877000;7;2050;1;1;0.0000;1;2796.0000;None;30200.0000
17338;2023-01-13 13:56:25.937000;7;2050;1;1;0.0000;1;9000.0000;None;97200.0000
17312;2023-01-13 09:00:29;7;2050;1;1;0.0000;1;3574.0000;None;38600.0000
17307;2023-01-13 08:59:21.870000;7;2051;1;1;0.0000;1;3519.0000;None;38000.0000
17338;2023-01-13 13:56:25.937000;7;2051;1;1;0.0000;1;9000.0000;None;97200.0000
22607;2023-01-13 16:57:16.143000;7;2051;1;1;0.0000;1;1444.0000;None;15600.0000
17370;2023-01-13 16:07:02.340000;7;2051;1;1;0.0000;1;1167.0000;None;12600.0000
17421;2023-01-13 22:11:14.027000;7;2051;1;-1;0.0000;1;27926.0000;None;301600.0000
17421;2023-01-13 17:04:25.010000;7;2051;1;1;0.0000;1;27926.0000;None;301600.0000
17411;2023-01-13 18:03:10.290000;7;2052;1;1;0.0000;1;11963.0000;None;129200.0000
17411;2023-01-13 18:03:10.290000;7;2052;1;1;0.0000;1;11963.0000;None;129200.0000
17411;2023-01-13 18:03:10.290000;7;2052;1;1;0.0000;1;11963.0000;None;129200.0000
22616;2023-01-13 17:37:21.363000;7;2052;1;1;0.0000;1;1537.0000;None;16600.0000
22616;2023-01-13 17:37:21.363000;7;2052;1;1;0.0000;1;1537.0000;None;16600.0000
22619;2023-01-13 17:52:39.227000;7;2052;1;1;0.0000;1;1167.0000;None;12600.0000
22619;2023-01-13 17:52:39.227000;7;2052;1;1;0.0000;1;1167.0000;None;12600.0000
22619;2023-01-13 17:52:39.227000;7;2052;1;1;0.0000;1;1167.0000;None;12600.0000
22619;2023-01-13 17:52:39.227000;7;2052;1;1;0.0000;1;1167.0000;None;12600.0000
22612;2023-01-13 17:20:48.853000;7;2052;1;1;0.0000;1;3315.0000;None;35800.0000
22599;2023-01-13 16:19:32.860000;7;2052;1;1;0.0000;1;630.0000;None;6800.0000
17380;2023-01-13 17:14:24.767000;7;2052;1;1;0.0000;1;19870.0000;None;214600.0000
17380;2023-01-13 17:14:24.767000;7;2052;1;1;0.0000;1;19870.0000;None;214600.0000
22605;2023-01-13 16:52:43.400000;7;2052;1;1;0.0000;1;630.0000;None;6800.0000
22605;2023-01-13 16:52:43.400000;7;2052;1;1;0.0000;1;630.0000;None;6800.0000
17345;2023-01-13 14:54:46.187000;7;2052;1;1;0.0000;1;2796.0000;None;30200.0000
17345;2023-01-13 14:54:46.187000;7;2052;1;1;0.0000;1;2796.0000;None;30200.0000
17350;2023-01-13 14:49:36.713000;7;2052;1;1;0.0000;1;2463.0000;None;26600.0000
17350;2023-01-13 14:49:36.713000;7;2052;1;1;0.0000;1;2463.0000;None;26600.0000
22578;2023-01-13 14:47:23.807000;7;2052;1;1;0.0000;1;1167.0000;None;12600.0000
22578;2023-01-13 14:47:23.807000;7;2052;1;1;0.0000;1;1167.0000;None;12600.0000
22574;2023-01-13 14:30:43.720000;7;2052;1;1;0.0000;1;537.0000;None;5800.0000
22574;2023-01-13 14:30:43.720000;7;2052;1;1;0.0000;1;537.0000;None;5800.0000
17363;2023-01-13 15:51:38.277000;7;2052;1;1;0.0000;1;537.0000;None;5800.0000
22582;2023-01-13 15:22:52.557000;7;2052;1;1;0.0000;1;3630.0000;None;39200.0000
22582;2023-01-13 15:22:52.557000;7;2052;1;1;0.0000;1;3630.0000;None;39200.0000
17338;2023-01-13 13:56:25.937000;7;2052;1;1;0.0000;1;9000.0000;None;97200.0000
22560;2023-01-13 12:59:48.467000;7;2052;1;1;0.0000;1;8444.0000;None;91200.0000
17334;2023-01-13 12:09:37.077000;7;2052;1;1;0.0000;1;2167.0000;None;23400.0000
17334;2023-01-13 12:09:37.077000;7;2052;1;1;0.0000;1;2167.0000;None;23400.0000
22546;2023-01-13 11:37:36.867000;7;2052;1;1;0.0000;1;12111.0000;None;130800.0000
22546;2023-01-13 11:37:36.867000;7;2052;1;1;0.0000;1;12111.0000;None;130800.0000
22531;2023-01-13 10:12:19.233000;7;2052;1;1;0.0000;1;3852.0000;None;41600.0000
22531;2023-01-13 10:12:19.233000;7;2052;1;1;0.0000;1;3852.0000;None;41600.0000
17329;2023-01-13 11:23:57.427000;7;2057;1;1;0.0000;1;3111.0000;None;33600.0000
17356;2023-01-13 16:43:39.190000;7;2057;1;1;0.0000;1;3222.0000;None;34800.0000
17348;2023-01-13 11:09:05.967000;7;2057;1;1;0.0000;1;13685.0000;None;147800.0000
17390;2023-01-13 17:47:40.453000;7;2057;1;1;0.0000;1;1704.0000;None;18400.0000
22571;2023-01-13 15:09:11.503000;7;2060;1;1;0.0000;1;2870.0000;None;31000.0000
22583;2023-01-13 15:09:20.843000;7;2060;1;1;0.0000;1;1167.0000;None;12600.0000
17325;2023-01-13 11:12:15.973000;7;2060;1;1;0.0000;1;3630.0000;None;39200.0000
17311;2023-01-13 09:28:53.007000;7;2060;1;1;0.0000;1;2352.0000;None;25400.0000
22566;2023-01-13 14:10:08.443000;7;2060;1;1;0.0000;1;1167.0000;None;12600.0000
22612;2023-01-13 17:35:05.023000;7;2060;1;1;0.0000;1;3315.0000;None;35800.0000
17404;2023-01-13 18:46:55.190000;7;2062;1;1;0.0000;1;3204.0000;None;34600.0000
17336;2023-01-13 11:30:23.450000;7;2065;1;1;0.0000;1;30796.0000;None;332600.0000
17378;2023-01-13 17:04:11.103000;7;2065;1;1;0.0000;1;12241.0000;None;132200.0000
17378;2023-01-13 17:37:31.893000;7;2065;1;1;0.0000;1;12241.0000;None;132200.0000
22555;2023-01-13 12:24:26.683000;7;2069;1;1;0.0000;1;1815.0000;None;19600.0000
22598;2023-01-13 16:19:11.647000;7;2072;1;1;0.0000;1;1444.0000;None;15600.0000
17365;2023-01-13 15:56:21.817000;7;2072;1;1;0.0000;1;7648.0000;None;82600.0000
17411;2023-01-13 19:19:44.290000;7;2072;1;1;0.0000;1;11963.0000;None;129200.0000
17410;2023-01-13 19:17:00.497000;7;2072;1;1;0.0000;1;2630.0000;None;28400.0000
22617;2023-01-13 17:44:16.363000;7;2072;1;2;0.0000;1;889.0000;None;9600.0000
17387;2023-01-13 17:32:06.587000;7;2072;1;1;0.0000;1;1352.0000;None;14600.0000
22571;2023-01-13 15:09:11.503000;7;2089;1;1;0.0000;1;2870.0000;None;31000.0000
22532;2023-01-13 09:39:25.853000;7;2089;1;1;0.0000;1;1259.0000;None;13600.0000
22554;2023-01-13 12:12:28.797000;7;2089;1;1;0.0000;1;3833.0000;None;41400.0000
17367;2023-01-13 16:24:53.960000;7;2094;1;1;0.0000;1;4278.0000;None;46200.0000
17310;2023-01-13 09:20:30.480000;6;100523;1;1;0.0000;1;2537.0000;None;27400.0000
17320;2023-01-13 10:51:13.020000;6;100523;1;1;0.0000;1;1630.0000;None;17600.0000
17323;2023-01-13 11:06:54.283000;6;100523;1;1;0.0000;1;1630.0000;None;17600.0000
22537;2023-01-13 10:19:34.877000;6;100523;1;1;0.0000;1;3259.0000;None;35200.0000
17306;2023-01-13 08:35:41.247000;1;100590;1;1;5800.0000;1;None;None;14400.0000
17313;2023-01-13 09:50:28.950000;1;100590;1;1;5800.0000;1;1611.0000;None;17400.0000
22534;2023-01-13 09:50:53.973000;1;100590;1;1;5800.0000;1;1870.0000;None;20200.0000
22590;2023-01-13 15:56:49.823000;1;100590;1;1;5800.0000;1;4926.0000;None;53200.0000
17348;2023-01-13 11:09:05.967000;1;100590;1;1;5800.0000;1;13685.0000;None;147800.0000
17391;2023-01-13 17:59:50.213000;3;100596;1;1;5800.0000;1;1167.0000;None;12600.0000
22578;2023-01-13 14:47:23.807000;3;100596;1;1;5800.0000;1;1167.0000;None;12600.0000
22579;2023-01-13 15:15:53.003000;3;100596;1;1;5800.0000;1;3444.0000;None;37200.0000
17360;2023-01-13 15:36:38.070000;3;100596;1;1;5800.0000;1;1074.0000;None;11600.0000
22595;2023-01-13 16:18:06.457000;3;100596;1;1;5800.0000;1;537.0000;None;5800.0000
17336;2023-01-13 11:30:23.450000;3;100596;1;1;5800.0000;1;30796.0000;None;332600.0000
17336;2023-01-13 13:11:01.443000;3;100596;1;1;5800.0000;1;30796.0000;None;332600.0000
17343;2023-01-13 13:44:12.627000;3;100596;1;1;5800.0000;1;4056.0000;None;43800.0000
22564;2023-01-13 13:36:53.903000;3;100596;1;1;5800.0000;1;1074.0000;None;11600.0000
22564;2023-01-13 13:48:33.997000;3;100596;1;1;5800.0000;1;1074.0000;None;11600.0000
22563;2023-01-13 13:35:51.280000;3;100596;1;1;5800.0000;1;1981.0000;None;21400.0000
17336;2023-01-13 11:30:57.043000;3;100606;1;1;6800.0000;1;30796.0000;None;332600.0000
22558;2023-01-13 12:49:33.337000;3;100606;1;2;13600.0000;1;1796.0000;None;19400.0000
22560;2023-01-13 12:59:48.467000;3;100606;1;1;6800.0000;1;8444.0000;None;91200.0000
22549;2023-01-13 11:46:27.150000;3;100606;1;1;6800.0000;1;3704.0000;None;40000.0000
22549;2023-01-13 11:46:27.150000;3;100606;1;1;6800.0000;1;3704.0000;None;40000.0000
22547;2023-01-13 11:29:52.173000;3;100606;1;1;6800.0000;1;2333.0000;None;25200.0000
22547;2023-01-13 11:16:30.727000;3;100606;1;1;6800.0000;1;2333.0000;None;25200.0000
22546;2023-01-13 11:37:36.867000;3;100606;1;1;6800.0000;1;12111.0000;None;130800.0000
22546;2023-01-13 11:33:19.913000;3;100606;1;1;6800.0000;1;12111.0000;None;130800.0000
22554;2023-01-13 12:12:28.797000;3;100606;1;1;6800.0000;1;3833.0000;None;41400.0000
17335;2023-01-13 12:23:04.953000;3;100606;1;2;13600.0000;1;1796.0000;None;19400.0000
17332;2023-01-13 12:01:38.507000;3;100606;1;1;6800.0000;1;4852.0000;None;52400.0000
22532;2023-01-13 10:16:04.917000;3;100606;1;1;6800.0000;1;1259.0000;None;13600.0000
22532;2023-01-13 09:39:25.853000;3;100606;1;1;6800.0000;1;1259.0000;None;13600.0000
17311;2023-01-13 09:42:23.057000;3;100606;1;1;6800.0000;1;2352.0000;None;25400.0000
22531;2023-01-13 11:16:37.903000;3;100606;1;1;6800.0000;1;3852.0000;None;41600.0000
17315;2023-01-13 10:03:46.383000;3;100606;1;1;6800.0000;1;5574.0000;None;60200.0000
22534;2023-01-13 09:53:42.130000;3;100606;1;1;6800.0000;1;1870.0000;None;20200.0000
17314;2023-01-13 09:57:10.407000;3;100606;1;1;6800.0000;1;1704.0000;None;18400.0000
17315;2023-01-13 11:40:08.097000;3;100606;1;7;47600.0000;1;5574.0000;None;60200.0000
22530;2023-01-13 09:23:56.960000;3;100606;1;1;6800.0000;1;1167.0000;None;12600.0000
22542;2023-01-13 11:53:25.430000;3;100606;1;1;6800.0000;1;2519.0000;None;27200.0000
22542;2023-01-13 11:53:25.430000;3;100606;1;1;6800.0000;1;2519.0000;None;27200.0000
17325;2023-01-13 11:09:49.177000;3;100606;1;1;6800.0000;1;3630.0000;None;39200.0000
17325;2023-01-13 11:42:33.427000;3;100606;1;1;6800.0000;1;3630.0000;None;39200.0000
22544;2023-01-13 11:15:47.433000;3;100606;1;1;6800.0000;1;15870.0000;None;171400.0000
22544;2023-01-13 11:15:47.433000;3;100606;1;1;6800.0000;1;15870.0000;None;171400.0000
17318;2023-01-13 10:42:34.867000;3;100606;1;1;6800.0000;1;2389.0000;None;25800.0000
22542;2023-01-13 11:06:38.613000;3;100606;1;1;6800.0000;1;2519.0000;None;27200.0000
22542;2023-01-13 11:06:38.613000;3;100606;1;1;6800.0000;1;2519.0000;None;27200.0000
17321;2023-01-13 10:54:04.463000;3;100606;1;1;6800.0000;1;1704.0000;None;18400.0000
22593;2023-01-13 17:22:17.370000;3;100606;1;2;13600.0000;1;3370.0000;None;36400.0000
22594;2023-01-13 16:13:53.583000;3;100606;1;1;6800.0000;1;9574.0000;None;103400.0000
22594;2023-01-13 17:10:24.483000;3;100606;1;1;6800.0000;1;9574.0000;None;103400.0000
22599;2023-01-13 16:19:32.860000;3;100606;1;1;6800.0000;1;630.0000;None;6800.0000
17367;2023-01-13 15:52:01.730000;3;100606;1;1;6800.0000;1;4278.0000;None;46200.0000
17367;2023-01-13 16:01:44.290000;3;100606;1;1;6800.0000;1;4278.0000;None;46200.0000
17370;2023-01-13 16:07:02.340000;3;100606;1;1;6800.0000;1;1167.0000;None;12600.0000
22591;2023-01-13 16:07:39.607000;3;100606;1;1;6800.0000;1;3444.0000;None;37200.0000
22593;2023-01-13 16:12:34.480000;3;100606;1;1;6800.0000;1;3370.0000;None;36400.0000
22593;2023-01-13 16:12:34.480000;3;100606;1;1;6800.0000;1;3370.0000;None;36400.0000
22591;2023-01-13 16:50:21.023000;3;100606;1;1;6800.0000;1;3444.0000;None;37200.0000
17368;2023-01-13 16:53:26.033000;3;100606;1;1;6800.0000;1;8315.0000;None;89800.0000
17380;2023-01-13 17:14:24.767000;3;100606;1;1;6800.0000;1;19870.0000;None;214600.0000
22607;2023-01-13 16:57:16.143000;3;100606;1;1;6800.0000;1;1444.0000;None;15600.0000
17374;2023-01-13 16:33:19.217000;3;100606;1;1;6800.0000;1;2815.0000;None;30400.0000
17373;2023-01-13 16:31:15.420000;3;100606;1;2;13600.0000;1;3352.0000;None;36200.0000
17358;2023-01-13 15:24:34.697000;3;100606;1;1;6800.0000;1;1167.0000;None;12600.0000
17356;2023-01-13 16:36:34.083000;3;100606;1;1;6800.0000;1;3222.0000;None;34800.0000
17362;2023-01-13 15:53:18.007000;3;100606;1;1;6800.0000;1;17426.0000;None;188200.0000
17351;2023-01-13 14:51:46.227000;3;100606;1;1;6800.0000;1;2130.0000;None;23000.0000
17352;2023-01-13 14:54:55.807000;3;100606;1;1;6800.0000;1;630.0000;None;6800.0000
22582;2023-01-13 15:22:52.557000;3;100606;1;1;6800.0000;1;3630.0000;None;39200.0000
17356;2023-01-13 15:23:55.933000;3;100606;1;1;6800.0000;1;3222.0000;None;34800.0000
17355;2023-01-13 16:58:35.263000;3;100606;1;1;6800.0000;1;1519.0000;None;16400.0000
17350;2023-01-13 14:49:36.713000;3;100606;1;1;6800.0000;1;2463.0000;None;26600.0000
22571;2023-01-13 15:09:11.503000;3;100606;1;1;6800.0000;1;2870.0000;None;31000.0000
22572;2023-01-13 14:22:38.430000;3;100606;1;1;6800.0000;1;1167.0000;None;12600.0000
17391;2023-01-13 17:54:39.660000;3;100606;1;1;6800.0000;1;1167.0000;None;12600.0000
17392;2023-01-13 17:57:35.763000;3;100606;1;1;6800.0000;1;2444.0000;None;26400.0000
22619;2023-01-13 17:52:39.227000;3;100606;1;1;6800.0000;1;1167.0000;None;12600.0000
22616;2023-01-13 17:37:21.363000;3;100606;1;1;6800.0000;1;1537.0000;None;16600.0000
17395;2023-01-13 18:07:01.643000;3;100606;1;1;6800.0000;1;12093.0000;None;130600.0000
17395;2023-01-13 18:18:09.273000;3;100606;1;1;6800.0000;1;12093.0000;None;130600.0000
22622;2023-01-13 18:12:47.150000;3;100606;1;1;6800.0000;1;3000.0000;None;32400.0000
17396;2023-01-13 18:10:27.470000;3;100606;1;1;6800.0000;1;1259.0000;None;13600.0000
17384;2023-01-13 17:23:19.793000;3;100606;1;1;6800.0000;1;4796.0000;None;51800.0000
17384;2023-01-13 17:23:19.793000;3;100606;1;1;6800.0000;1;4796.0000;None;51800.0000
17384;2023-01-13 17:33:02.800000;3;100606;1;1;6800.0000;1;4796.0000;None;51800.0000
22611;2023-01-13 17:50:34.647000;3;100606;1;1;6800.0000;1;10130.0000;None;109400.0000
22611;2023-01-13 17:00:26.080000;3;100606;1;1;6800.0000;1;10130.0000;None;109400.0000
17381;2023-01-13 17:16:45.893000;3;100606;1;1;6800.0000;1;1167.0000;None;12600.0000
17386;2023-01-13 17:31:17.517000;3;100606;1;1;6800.0000;1;1704.0000;None;18400.0000
22631;2023-01-13 18:20:45.783000;3;100606;1;1;6800.0000;1;1704.0000;None;18400.0000
22632;2023-01-13 19:02:03.873000;3;100606;1;1;6800.0000;1;2333.0000;None;25200.0000
17407;2023-01-13 19:15:11.847000;3;100606;1;1;6800.0000;1;3259.0000;None;35200.0000
17406;2023-01-13 19:07:39.387000;3;100606;1;1;6800.0000;1;630.0000;None;6800.0000
17402;2023-01-13 18:30:37.223000;3;100606;1;1;6800.0000;1;8185.0000;None;88400.0000
17402;2023-01-13 18:30:37.223000;3;100606;1;1;6800.0000;1;8185.0000;None;88400.0000
17414;2023-01-13 19:38:05.603000;3;100606;1;1;6800.0000;1;3907.0000;None;42200.0000
22643;2023-01-13 20:21:07.557000;3;100606;1;1;6800.0000;1;4852.0000;None;52400.0000
17421;2023-01-13 21:26:55.990000;3;100606;1;1;6800.0000;1;27926.0000;None;301600.0000
17403;2023-01-13 18:35:42.780000;3;100607;1;1;6800.0000;1;1444.0000;None;15600.0000
22632;2023-01-13 19:02:03.873000;3;100607;1;1;6800.0000;1;2333.0000;None;25200.0000
17411;2023-01-13 18:03:10.290000;3;100607;1;1;6800.0000;1;11963.0000;None;129200.0000
22621;2023-01-13 18:08:36.213000;3;100607;1;1;6800.0000;1;8759.0000;None;94600.0000
17345;2023-01-13 13:57:03.143000;3;100607;1;1;6800.0000;1;2796.0000;None;30200.0000
22578;2023-01-13 14:47:23.807000;3;100607;1;1;6800.0000;1;1167.0000;None;12600.0000
22576;2023-01-13 14:32:21.407000;3;100607;1;1;6800.0000;1;1167.0000;None;12600.0000
22579;2023-01-13 14:51:03.210000;3;100607;1;1;6800.0000;1;3444.0000;None;37200.0000
17319;2023-01-13 10:52:53.773000;3;100607;1;1;6800.0000;1;2778.0000;None;30000.0000
22529;2023-01-13 09:14:04.537000;3;100607;1;1;6800.0000;1;1167.0000;None;12600.0000
17310;2023-01-13 09:37:26.483000;3;100607;1;1;6800.0000;1;2537.0000;None;27400.0000
17307;2023-01-13 09:26:54.277000;3;100607;1;1;6800.0000;1;3519.0000;None;38000.0000
17334;2023-01-13 12:12:03.583000;3;100607;1;1;6800.0000;1;2167.0000;None;23400.0000
17331;2023-01-13 11:54:07.397000;3;100607;1;1;6800.0000;1;630.0000;None;6800.0000
17338;2023-01-13 13:56:25.937000;3;100607;1;1;6800.0000;1;9000.0000;None;97200.0000
22556;2023-01-13 12:25:47.290000;3;100607;1;1;6800.0000;1;1167.0000;None;12600.0000
17333;2023-01-13 15:10:01.610000;3;100613;1;1;5800.0000;1;13870.0000;None;149800.0000
17319;2023-01-13 10:52:53.773000;3;100613;1;1;5800.0000;1;2778.0000;None;30000.0000
22543;2023-01-13 11:13:24.507000;3;100613;1;2;11600.0000;1;3556.0000;None;38400.0000
22585;2023-01-13 15:19:07.753000;3;100613;1;1;5800.0000;1;1074.0000;None;11600.0000
22570;2023-01-13 14:05:32.407000;3;100613;1;1;5800.0000;1;1981.0000;None;21400.0000
22602;2023-01-13 16:27:53.453000;3;100613;1;1;5800.0000;1;537.0000;None;5800.0000
17371;2023-01-13 17:03:49.517000;3;100613;1;1;5800.0000;1;4241.0000;None;45800.0000
17371;2023-01-13 16:14:44.940000;3;100613;1;1;5800.0000;1;4241.0000;None;45800.0000
17390;2023-01-13 17:47:40.453000;3;100613;1;1;5800.0000;1;1704.0000;None;18400.0000
17388;2023-01-13 17:56:44.150000;3;100613;1;1;5800.0000;1;8982.0000;None;97000.0000
17388;2023-01-13 17:56:44.150000;3;100613;1;1;5800.0000;1;8982.0000;None;97000.0000
22636;2023-01-13 19:36:58.617000;3;100613;1;1;5800.0000;1;6296.0000;None;68000.0000
22644;2023-01-13 21:05:40.443000;3;100614;1;1;5800.0000;1;5870.0000;None;63400.0000
22632;2023-01-13 19:02:03.873000;3;100614;1;1;5800.0000;1;2333.0000;None;25200.0000
22631;2023-01-13 18:20:45.783000;3;100614;1;2;11600.0000;1;1704.0000;None;18400.0000
22618;2023-01-13 18:01:11.690000;3;100614;1;1;5800.0000;1;1074.0000;None;11600.0000
22618;2023-01-13 18:06:11.260000;3;100614;1;1;5800.0000;1;1074.0000;None;11600.0000
17386;2023-01-13 17:31:17.517000;3;100614;1;1;5800.0000;1;1704.0000;None;18400.0000
17386;2023-01-13 17:31:17.517000;3;100614;1;1;5800.0000;1;1704.0000;None;18400.0000
17381;2023-01-13 17:16:45.893000;3;100614;1;1;5800.0000;1;1167.0000;None;12600.0000
22612;2023-01-13 17:20:48.853000;3;100614;1;1;5800.0000;1;3315.0000;None;35800.0000
22612;2023-01-13 17:26:43.167000;3;100614;1;1;5800.0000;1;3315.0000;None;35800.0000
22597;2023-01-13 16:19:39.427000;3;100614;1;3;17400.0000;1;3889.0000;None;42000.0000
17369;2023-01-13 16:03:55.937000;3;100614;1;1;5800.0000;1;537.0000;None;5800.0000
22590;2023-01-13 15:56:49.823000;3;100614;1;1;5800.0000;1;4926.0000;None;53200.0000
17365;2023-01-13 16:44:37.390000;3;100614;1;1;5800.0000;1;7648.0000;None;82600.0000
22589;2023-01-13 15:56:24.577000;3;100614;1;1;5800.0000;1;537.0000;None;5800.0000
22603;2023-01-13 16:28:32.050000;3;100614;1;1;5800.0000;1;1074.0000;None;11600.0000
17376;2023-01-13 16:50:00.913000;3;100614;1;1;5800.0000;1;537.0000;None;5800.0000
17380;2023-01-13 16:11:05.560000;3;100614;1;3;17400.0000;1;19870.0000;None;214600.0000
17380;2023-01-13 17:14:24.767000;3;100614;1;1;5800.0000;1;19870.0000;None;214600.0000
17346;2023-01-13 14:09:43.290000;3;100614;1;1;5800.0000;1;2630.0000;None;28400.0000
17346;2023-01-13 14:09:43.290000;3;100614;1;1;5800.0000;1;2630.0000;None;28400.0000
22571;2023-01-13 14:10:00.907000;3;100614;1;1;5800.0000;1;2870.0000;None;31000.0000
22571;2023-01-13 14:10:00.907000;3;100614;1;1;5800.0000;1;2870.0000;None;31000.0000
22573;2023-01-13 14:16:24.987000;3;100614;1;1;5800.0000;1;1074.0000;None;11600.0000
22573;2023-01-13 14:16:24.987000;3;100614;1;1;5800.0000;1;1074.0000;None;11600.0000
22571;2023-01-13 15:09:11.503000;3;100614;1;1;5800.0000;1;2870.0000;None;31000.0000
22572;2023-01-13 14:12:26.410000;3;100614;1;1;5800.0000;1;1167.0000;None;12600.0000
22567;2023-01-13 14:24:08.630000;3;100614;1;1;5800.0000;1;4759.0000;None;51400.0000
22576;2023-01-13 14:32:21.407000;3;100614;1;1;5800.0000;1;1167.0000;None;12600.0000
17348;2023-01-13 15:28:26.957000;3;100614;1;1;5800.0000;1;13685.0000;None;147800.0000
22584;2023-01-13 15:34:11.003000;3;100614;1;1;5800.0000;1;10426.0000;None;112600.0000
17356;2023-01-13 15:27:08.490000;3;100614;1;1;5800.0000;1;3222.0000;None;34800.0000
22584;2023-01-13 15:10:34.327000;3;100614;1;1;5800.0000;1;10426.0000;None;112600.0000
17351;2023-01-13 14:51:46.227000;3;100614;1;1;5800.0000;1;2130.0000;None;23000.0000
22580;2023-01-13 14:52:30.383000;3;100614;1;1;5800.0000;1;1611.0000;None;17400.0000
22587;2023-01-13 14:55:51.370000;3;100614;1;1;5800.0000;1;1074.0000;None;11600.0000
17363;2023-01-13 15:51:38.277000;3;100614;1;1;5800.0000;1;537.0000;None;5800.0000
17356;2023-01-13 16:36:34.083000;3;100614;1;1;5800.0000;1;3222.0000;None;34800.0000
17358;2023-01-13 15:24:34.697000;3;100614;1;1;5800.0000;1;1167.0000;None;12600.0000
17360;2023-01-13 15:36:38.070000;3;100614;1;1;5800.0000;1;1074.0000;None;11600.0000
22586;2023-01-13 15:30:26.957000;3;100614;1;1;5800.0000;1;1796.0000;None;19400.0000
17328;2023-01-13 11:20:20.633000;3;100614;1;2;11600.0000;1;1074.0000;None;11600.0000
17319;2023-01-13 10:15:32.487000;3;100614;1;1;5800.0000;1;2778.0000;None;30000.0000
17319;2023-01-13 10:52:53.773000;3;100614;1;1;5800.0000;1;2778.0000;None;30000.0000
17319;2023-01-13 10:52:53.773000;3;100614;1;1;5800.0000;1;2778.0000;None;30000.0000
22536;2023-01-13 10:16:15.657000;3;100614;1;1;5800.0000;1;2833.0000;None;30600.0000
22538;2023-01-13 10:24:26.977000;3;100614;1;1;5800.0000;1;2148.0000;None;23200.0000
22538;2023-01-13 10:44:06.613000;3;100614;1;1;5800.0000;1;2148.0000;None;23200.0000
22538;2023-01-13 11:33:52.867000;3;100614;1;1;5800.0000;1;2148.0000;None;23200.0000
22538;2023-01-13 11:33:52.867000;3;100614;1;1;5800.0000;1;2148.0000;None;23200.0000
22540;2023-01-13 10:52:44.250000;3;100614;1;1;5800.0000;1;2352.0000;None;25400.0000
17320;2023-01-13 11:02:36.250000;3;100614;1;1;5800.0000;1;1630.0000;None;17600.0000
17323;2023-01-13 11:17:07.857000;3;100614;1;1;5800.0000;1;1630.0000;None;17600.0000
17322;2023-01-13 10:56:42.007000;3;100614;1;1;5800.0000;1;537.0000;None;5800.0000
17309;2023-01-13 11:53:47.837000;3;100614;1;2;11600.0000;1;2685.0000;None;29000.0000
22531;2023-01-13 11:16:37.903000;3;100614;1;1;5800.0000;1;3852.0000;None;41600.0000
22531;2023-01-13 09:23:50.497000;3;100614;1;1;5800.0000;1;3852.0000;None;41600.0000
22530;2023-01-13 09:14:12.093000;3;100614;1;1;5800.0000;1;1167.0000;None;12600.0000
22529;2023-01-13 09:14:04.520000;3;100614;1;1;5800.0000;1;1167.0000;None;12600.0000
17309;2023-01-13 09:15:17.350000;3;100614;1;1;5800.0000;1;2685.0000;None;29000.0000
17309;2023-01-13 09:15:17.350000;3;100614;1;1;5800.0000;1;2685.0000;None;29000.0000
17315;2023-01-13 11:40:08.097000;3;100614;1;1;5800.0000;1;5574.0000;None;60200.0000
17316;2023-01-13 10:06:30.557000;3;100614;1;1;5800.0000;1;4093.0000;None;44200.0000
17316;2023-01-13 11:08:13.980000;3;100614;1;1;5800.0000;1;4093.0000;None;44200.0000
22531;2023-01-13 11:16:37.903000;3;100614;1;1;5800.0000;1;3852.0000;None;41600.0000
22531;2023-01-13 10:12:19.233000;3;100614;1;1;5800.0000;1;3852.0000;None;41600.0000
17313;2023-01-13 09:49:21.263000;3;100614;1;1;5800.0000;1;1611.0000;None;17400.0000
17333;2023-01-13 12:16:14.440000;3;100614;1;1;5800.0000;1;13870.0000;None;149800.0000
17334;2023-01-13 12:09:37.077000;3;100614;1;1;5800.0000;1;2167.0000;None;23400.0000
22553;2023-01-13 12:05:08.037000;3;100614;1;1;5800.0000;1;537.0000;None;5800.0000
22550;2023-01-13 11:39:21.563000;3;100614;1;1;5800.0000;1;1611.0000;None;17400.0000
22550;2023-01-13 11:39:21.563000;3;100614;1;1;5800.0000;1;1611.0000;None;17400.0000
22551;2023-01-13 11:54:38.933000;3;100614;1;1;5800.0000;1;1074.0000;None;11600.0000
22551;2023-01-13 11:54:38.933000;3;100614;1;1;5800.0000;1;1074.0000;None;11600.0000
22552;2023-01-13 11:55:19.060000;3;100614;1;1;5800.0000;1;3741.0000;None;40400.0000
22547;2023-01-13 11:29:52.173000;3;100614;1;1;5800.0000;1;2333.0000;None;25200.0000
22557;2023-01-13 12:43:58.387000;3;100614;1;1;5800.0000;1;1611.0000;None;17400.0000
22561;2023-01-13 13:11:25.410000;3;100614;1;1;5800.0000;1;2056.0000;None;22200.0000
22561;2023-01-13 13:11:25.410000;3;100614;1;1;5800.0000;1;2056.0000;None;22200.0000
22561;2023-01-13 13:11:25.410000;3;100614;1;1;5800.0000;1;2056.0000;None;22200.0000
22563;2023-01-13 13:35:51.280000;3;100614;1;1;5800.0000;1;1981.0000;None;21400.0000
17343;2023-01-13 13:44:12.627000;3;100614;1;1;5800.0000;1;4056.0000;None;43800.0000
17343;2023-01-13 14:23:36.787000;3;100614;1;1;5800.0000;1;4056.0000;None;43800.0000
17343;2023-01-13 14:23:36.787000;3;100614;1;1;5800.0000;1;4056.0000;None;43800.0000
22566;2023-01-13 13:45:23.997000;3;100614;1;1;5800.0000;1;1167.0000;None;12600.0000
17340;2023-01-13 14:18:31.153000;3;100614;1;1;5800.0000;1;4204.0000;None;45400.0000
17339;2023-01-13 13:20:53.163000;3;100614;1;1;5800.0000;1;537.0000;None;5800.0000
17418;2023-01-13 20:21:58.687000;2;101053;1;1;31800.0000;1;9500.0000;None;102600.0000
22593;2023-01-13 16:18:27.770000;1;101069;1;1;2800.0000;1;3370.0000;None;36400.0000
22593;2023-01-13 17:28:18.050000;1;101069;1;1;2800.0000;1;3370.0000;None;36400.0000
4034;2023-01-13 18:15:27.097000;1;101069;1;1;2800.0000;1;None;None;2800.0000
17409;2023-01-13 19:11:21.547000;1;101069;1;1;2800.0000;1;1333.0000;None;14400.0000
22536;2023-01-13 10:15:14.010000;2;101080;1;1;24800.0000;1;2833.0000;None;30600.0000
17343;2023-01-13 14:20:16.690000;1;101088;1;1;3800.0000;1;4056.0000;None;43800.0000
17337;2023-01-13 12:29:17.897000;3;101148;1;1;6800.0000;1;630.0000;None;6800.0000
22621;2023-01-13 18:08:36.213000;3;101148;1;1;6800.0000;1;8759.0000;None;94600.0000
22621;2023-01-13 19:06:42.753000;3;101148;1;2;13600.0000;1;8759.0000;None;94600.0000
17341;2023-01-13 13:23:41.823000;11;101165;1;1;36200.0000;1;None;None;144800.0000
17341;2023-01-13 13:23:41.823000;11;101165;1;1;36200.0000;1;None;None;144800.0000
17341;2023-01-13 13:23:41.823000;11;101165;1;1;36200.0000;1;None;None;144800.0000
17341;2023-01-13 13:23:41.823000;11;101165;1;1;36200.0000;1;None;None;144800.0000
17345;2023-01-13 14:54:46.187000;3;101208;1;1;12800.0000;1;2796.0000;None;30200.0000
17417;2023-01-13 20:06:49.590000;3;101208;1;1;12800.0000;1;4370.0000;None;47200.0000
17364;2023-01-13 15:53:48.587000;3;101219;1;1;10800.0000;1;3000.0000;None;32400.0000
17364;2023-01-13 15:53:48.587000;3;101219;1;1;10800.0000;1;3000.0000;None;32400.0000
17364;2023-01-13 15:53:48.587000;3;101219;1;1;10800.0000;1;3000.0000;None;32400.0000
22537;2023-01-13 10:19:34.877000;3;101219;1;1;10800.0000;1;3259.0000;None;35200.0000
22535;2023-01-13 10:02:10.550000;3;101231;1;1;5800.0000;1;1074.0000;None;11600.0000
22535;2023-01-13 10:02:10.550000;3;101231;1;1;5800.0000;1;1074.0000;None;11600.0000
17313;2023-01-13 09:49:21.263000;3;101231;1;1;5800.0000;1;1611.0000;None;17400.0000
22558;2023-01-13 12:49:33.337000;3;101231;1;1;5800.0000;1;1796.0000;None;19400.0000
22557;2023-01-13 12:47:46.003000;3;101231;1;1;5800.0000;1;1611.0000;None;17400.0000
22590;2023-01-13 15:56:49.823000;3;101231;1;1;5800.0000;1;4926.0000;None;53200.0000
17371;2023-01-13 16:14:44.940000;3;101231;1;1;5800.0000;1;4241.0000;None;45800.0000
17380;2023-01-13 17:26:47.573000;3;101231;1;1;5800.0000;1;19870.0000;None;214600.0000
17377;2023-01-13 17:11:19.377000;3;101231;1;1;5800.0000;1;2352.0000;None;25400.0000
22606;2023-01-13 16:56:57.080000;3;101231;1;1;5800.0000;1;1889.0000;None;20400.0000
22606;2023-01-13 16:56:57.080000;3;101231;1;1;5800.0000;1;1889.0000;None;20400.0000
17348;2023-01-13 12:21:50.013000;3;101231;1;1;5800.0000;1;13685.0000;None;147800.0000
17359;2023-01-13 15:25:22.887000;3;101231;1;1;5800.0000;1;2630.0000;None;28400.0000
22643;2023-01-13 20:21:07.557000;3;101231;1;1;5800.0000;1;4852.0000;None;52400.0000
17409;2023-01-13 19:11:21.547000;3;101231;1;1;5800.0000;1;1333.0000;None;14400.0000
17407;2023-01-13 19:09:05.553000;3;101231;1;2;11600.0000;1;3259.0000;None;35200.0000
17390;2023-01-13 17:47:40.453000;3;101231;1;1;5800.0000;1;1704.0000;None;18400.0000
22612;2023-01-13 17:26:43.167000;3;101231;1;1;5800.0000;1;3315.0000;None;35800.0000
17421;2023-01-13 21:26:55.990000;3;101231;1;1;5800.0000;1;27926.0000;None;301600.0000
17420;2023-01-13 21:13:01.167000;3;101231;1;1;5800.0000;1;7611.0000;None;82200.0000
17415;2023-01-13 19:35:28.663000;1;101239;1;1;20800.0000;1;14278.0000;None;154200.0000
22600;2023-01-13 16:43:54.263000;1;101247;1;1;29800.0000;1;10537.0000;None;113800.0000
22546;2023-01-13 11:26:30.903000;1;101257;1;1;26800.0000;1;12111.0000;None;130800.0000
22635;2023-01-13 19:33:27.037000;1;101257;1;1;26800.0000;1;7611.0000;None;82200.0000
22640;2023-01-13 19:55:41.273000;1;101257;1;1;26800.0000;1;12815.0000;None;138400.0000
17416;2023-01-13 19:51:02.043000;1;101257;1;1;26800.0000;1;7148.0000;None;77200.0000
22639;2023-01-13 19:58:42.997000;1;101257;1;1;26800.0000;1;14074.0000;None;152000.0000
22623;2023-01-13 19:01:01.893000;1;101257;1;1;26800.0000;1;29537.0000;None;319000.0000
22626;2023-01-13 18:26:10.053000;1;101257;1;1;26800.0000;1;5037.0000;None;54400.0000
17397;2023-01-13 18:12:31.803000;1;101257;1;1;26800.0000;1;4833.0000;None;52200.0000
17411;2023-01-13 19:19:44.290000;1;101261;1;1;35800.0000;1;11963.0000;None;129200.0000
22554;2023-01-13 12:12:28.797000;1;101267;1;1;28800.0000;1;3833.0000;None;41400.0000
22627;2023-01-13 18:29:07.410000;1;101267;1;1;28800.0000;1;4482.0000;None;48400.0000
22623;2023-01-13 19:06:45.843000;1;101270;1;1;0.0000;1;29537.0000;None;319000.0000
22623;2023-01-13 19:06:45.843000;1;101270;1;1;0.0000;1;29537.0000;None;319000.0000
22635;2023-01-13 19:33:27.037000;1;101270;1;1;0.0000;1;7611.0000;None;82200.0000
17414;2023-01-13 19:33:22.713000;1;101270;1;1;0.0000;1;3907.0000;None;42200.0000
22634;2023-01-13 19:28:48.597000;1;101270;1;1;0.0000;1;537.0000;None;5800.0000
17415;2023-01-13 19:35:28.663000;1;101270;1;1;0.0000;1;14278.0000;None;154200.0000
17415;2023-01-13 19:35:28.663000;1;101270;1;1;0.0000;1;14278.0000;None;154200.0000
17416;2023-01-13 19:51:02.043000;1;101270;1;1;0.0000;1;7148.0000;None;77200.0000
22623;2023-01-13 18:18:00.303000;1;101270;1;3;0.0000;1;29537.0000;None;319000.0000
22621;2023-01-13 18:21:25.403000;1;101270;1;1;0.0000;1;8759.0000;None;94600.0000
17388;2023-01-13 17:37:01.730000;1;101270;1;1;0.0000;1;8982.0000;None;97000.0000
17389;2023-01-13 17:29:02.207000;1;101270;1;1;0.0000;1;18019.0000;None;194600.0000
17389;2023-01-13 17:29:02.207000;1;101270;1;1;0.0000;1;18019.0000;None;194600.0000
22611;2023-01-13 16:55:59.950000;1;101270;1;1;0.0000;1;10130.0000;None;109400.0000
22611;2023-01-13 17:15:30.577000;1;101270;1;1;0.0000;1;10130.0000;None;109400.0000
22611;2023-01-13 16:49:00.407000;1;101270;1;1;0.0000;1;10130.0000;None;109400.0000
17336;2023-01-13 12:20:45.900000;1;101270;1;1;0.0000;1;30796.0000;None;332600.0000
17332;2023-01-13 12:19:15.290000;1;101270;1;1;0.0000;1;4852.0000;None;52400.0000
22550;2023-01-13 11:39:21.563000;1;101270;1;1;0.0000;1;1611.0000;None;17400.0000
17336;2023-01-13 12:41:25.787000;1;101270;1;1;0.0000;1;30796.0000;None;332600.0000
17336;2023-01-13 12:41:25.787000;1;101270;1;1;0.0000;1;30796.0000;None;332600.0000
17342;2023-01-13 14:14:26.467000;1;101270;1;1;0.0000;1;6296.0000;None;68000.0000
17342;2023-01-13 14:22:05.850000;1;101270;1;1;0.0000;1;6296.0000;None;68000.0000
22544;2023-01-13 11:03:02.127000;1;101270;1;1;0.0000;1;15870.0000;None;171400.0000
17327;2023-01-13 12:05:10.263000;1;101270;1;2;0.0000;1;2148.0000;None;23200.0000
17314;2023-01-13 09:52:41.163000;1;101270;1;1;0.0000;1;1704.0000;None;18400.0000
17316;2023-01-13 11:03:12.050000;1;101270;1;1;0.0000;1;4093.0000;None;44200.0000
17307;2023-01-13 08:59:21.870000;1;101270;1;1;0.0000;1;3519.0000;None;38000.0000
22601;2023-01-13 13:29:55.373000;1;101270;1;1;0.0000;1;11704.0000;None;126400.0000
22601;2023-01-13 16:33:40.323000;1;101270;1;1;0.0000;1;11704.0000;None;126400.0000
22597;2023-01-13 16:18:23.660000;1;101270;1;1;0.0000;1;3889.0000;None;42000.0000
22591;2023-01-13 16:50:21.023000;1;101270;1;1;0.0000;1;3444.0000;None;37200.0000
22607;2023-01-13 16:57:16.143000;1;101270;1;1;0.0000;1;1444.0000;None;15600.0000
17378;2023-01-13 18:58:32.727000;1;101270;1;1;0.0000;1;12241.0000;None;132200.0000
17378;2023-01-13 18:05:51.150000;1;101270;1;1;0.0000;1;12241.0000;None;132200.0000
22609;2023-01-13 17:05:59.773000;1;101270;1;1;0.0000;1;537.0000;None;5800.0000
17359;2023-01-13 15:25:22.887000;1;101270;1;1;0.0000;1;2630.0000;None;28400.0000
22586;2023-01-13 15:30:26.957000;1;101270;1;1;0.0000;1;1796.0000;None;19400.0000
17362;2023-01-13 17:48:11.023000;1;101270;1;1;0.0000;1;17426.0000;None;188200.0000
17362;2023-01-13 17:48:11.023000;1;101270;1;1;0.0000;1;17426.0000;None;188200.0000
17362;2023-01-13 17:48:11.023000;1;101270;1;1;0.0000;1;17426.0000;None;188200.0000
17362;2023-01-13 17:48:11.023000;1;101270;1;1;0.0000;1;17426.0000;None;188200.0000
17362;2023-01-13 15:58:11.193000;1;101270;1;1;0.0000;1;17426.0000;None;188200.0000
17362;2023-01-13 15:58:11.193000;1;101270;1;1;0.0000;1;17426.0000;None;188200.0000
17362;2023-01-13 16:22:37.383000;1;101270;1;1;0.0000;1;17426.0000;None;188200.0000
17362;2023-01-13 16:22:37.383000;1;101270;1;1;0.0000;1;17426.0000;None;188200.0000
22584;2023-01-13 15:21:09.627000;1;101270;1;1;0.0000;1;10426.0000;None;112600.0000
22585;2023-01-13 15:19:55.233000;1;101270;1;1;0.0000;1;1074.0000;None;11600.0000
22577;2023-01-13 14:37:26.950000;1;101270;1;1;0.0000;1;4093.0000;None;44200.0000
17350;2023-01-13 14:49:36.713000;1;101270;1;1;0.0000;1;2463.0000;None;26600.0000
22567;2023-01-13 13:51:21.317000;1;101270;1;1;0.0000;1;4759.0000;None;51400.0000
22567;2023-01-13 13:51:21.317000;1;101270;1;1;0.0000;1;4759.0000;None;51400.0000
22567;2023-01-13 13:51:21.317000;1;101270;1;1;0.0000;1;4759.0000;None;51400.0000
22568;2023-01-13 14:02:20.897000;1;101270;1;1;0.0000;1;7722.0000;None;83400.0000
22568;2023-01-13 14:02:20.897000;1;101270;1;1;0.0000;1;7722.0000;None;83400.0000
22579;2023-01-13 14:51:03.210000;3;101333;1;1;14800.0000;1;3444.0000;None;37200.0000
22620;2023-01-13 18:03:23.227000;3;101333;1;1;14800.0000;1;5722.0000;None;61800.0000
22620;2023-01-13 18:03:23.227000;3;101333;1;1;14800.0000;1;5722.0000;None;61800.0000
22620;2023-01-13 18:03:23.227000;3;101333;1;1;14800.0000;1;5722.0000;None;61800.0000
22636;2023-01-13 19:36:58.617000;3;101333;1;1;14800.0000;1;6296.0000;None;68000.0000
22636;2023-01-13 19:36:58.617000;3;101333;1;1;14800.0000;1;6296.0000;None;68000.0000
17415;2023-01-13 19:35:28.663000;3;101333;1;1;14800.0000;1;14278.0000;None;154200.0000
17306;2023-01-13 08:35:41.247000;1;101458;1;1;3800.0000;1;None;None;14400.0000
22534;2023-01-13 09:50:53.973000;1;101458;1;1;3800.0000;1;1870.0000;None;20200.0000
22537;2023-01-13 10:19:34.877000;1;101458;1;1;3800.0000;1;3259.0000;None;35200.0000
22540;2023-01-13 10:52:44.250000;6;101488;1;1;0.0000;1;2352.0000;None;25400.0000
22568;2023-01-13 14:02:20.897000;1;101502;1;1;0.0000;1;7722.0000;None;83400.0000
17380;2023-01-13 17:14:24.767000;1;101502;1;1;0.0000;1;19870.0000;None;214600.0000
22623;2023-01-13 19:01:01.893000;1;101502;1;1;0.0000;1;29537.0000;None;319000.0000
22627;2023-01-13 18:29:07.410000;1;101503;1;1;0.0000;1;4482.0000;None;48400.0000
22626;2023-01-13 18:26:10.053000;1;101503;1;1;0.0000;1;5037.0000;None;54400.0000
17411;2023-01-13 19:19:44.290000;1;101503;1;1;0.0000;1;11963.0000;None;129200.0000
17415;2023-01-13 19:35:28.663000;1;101503;1;1;0.0000;1;14278.0000;None;154200.0000
17415;2023-01-13 19:35:28.663000;1;101503;1;1;0.0000;1;14278.0000;None;154200.0000
17415;2023-01-13 19:35:28.663000;1;101503;1;1;0.0000;1;14278.0000;None;154200.0000
17416;2023-01-13 19:51:02.043000;1;101503;1;1;0.0000;1;7148.0000;None;77200.0000
22635;2023-01-13 19:33:27.037000;1;101503;1;1;0.0000;1;7611.0000;None;82200.0000
22639;2023-01-13 19:58:42.997000;1;101503;1;1;0.0000;1;14074.0000;None;152000.0000
22639;2023-01-13 17:10:04.487000;1;101503;1;1;0.0000;1;14074.0000;None;152000.0000
22640;2023-01-13 19:55:41.273000;1;101503;1;1;0.0000;1;12815.0000;None;138400.0000
22644;2023-01-13 21:05:40.443000;1;101503;1;1;0.0000;1;5870.0000;None;63400.0000
22623;2023-01-13 19:01:01.893000;1;101503;1;1;0.0000;1;29537.0000;None;319000.0000
17397;2023-01-13 18:12:31.803000;1;101503;1;1;0.0000;1;4833.0000;None;52200.0000
22615;2023-01-13 18:49:28.967000;1;101503;1;1;0.0000;1;32759.0000;None;353800.0000
17383;2023-01-13 17:18:41.287000;1;101503;1;1;0.0000;1;8722.0000;None;94200.0000
17380;2023-01-13 17:14:24.767000;1;101503;1;1;0.0000;1;19870.0000;None;214600.0000
22610;2023-01-13 17:41:45.887000;1;101503;1;1;0.0000;1;18000.0000;None;194400.0000
17378;2023-01-13 17:12:37.233000;1;101503;1;1;0.0000;1;12241.0000;None;132200.0000
22600;2023-01-13 16:43:54.263000;1;101503;1;1;0.0000;1;10537.0000;None;113800.0000
22546;2023-01-13 11:26:30.903000;1;101503;1;1;0.0000;1;12111.0000;None;130800.0000
22552;2023-01-13 11:55:19.060000;1;101503;1;1;0.0000;1;3741.0000;None;40400.0000
22554;2023-01-13 12:12:28.797000;1;101503;1;1;0.0000;1;3833.0000;None;41400.0000
17348;2023-01-13 13:20:42.653000;6;101511;1;1;0.0000;1;13685.0000;None;147800.0000
17307;2023-01-13 08:59:37.003000;6;101524;1;1;0.0000;1;3519.0000;None;38000.0000
17307;2023-01-13 08:59:37.003000;6;101543;1;1;0.0000;1;3519.0000;None;38000.0000
17397;2023-01-13 18:12:31.803000;6;101543;1;1;0.0000;1;4833.0000;None;52200.0000
17397;2023-01-13 18:12:31.803000;6;101543;1;1;0.0000;1;4833.0000;None;52200.0000
17342;2023-01-13 13:29:55.373000;6;101575;1;1;0.0000;1;6296.0000;None;68000.0000
22546;2023-01-13 11:26:30.903000;8;101576;1;1;0.0000;1;12111.0000;None;130800.0000
17416;2023-01-13 19:51:02.043000;8;101576;1;1;0.0000;1;7148.0000;None;77200.0000
17415;2023-01-13 19:35:28.663000;8;101576;1;1;0.0000;1;14278.0000;None;154200.0000
17415;2023-01-13 19:35:28.663000;8;101576;1;1;0.0000;1;14278.0000;None;154200.0000
17411;2023-01-13 19:19:44.290000;8;101576;1;1;0.0000;1;11963.0000;None;129200.0000
22626;2023-01-13 18:26:10.053000;8;101576;1;1;0.0000;1;5037.0000;None;54400.0000
22540;2023-01-13 10:52:44.250000;1;101617;1;1;0.0000;1;2352.0000;None;25400.0000
17310;2023-01-13 09:20:30.480000;1;101617;1;1;0.0000;1;2537.0000;None;27400.0000
17310;2023-01-13 09:20:30.480000;1;101617;1;1;0.0000;1;2537.0000;None;27400.0000
22574;2023-01-13 14:30:43.720000;3;101656;1;1;5800.0000;1;537.0000;None;5800.0000
17370;2023-01-13 16:07:02.340000;3;101656;1;1;5800.0000;1;1167.0000;None;12600.0000
22619;2023-01-13 17:52:39.227000;3;101656;1;1;5800.0000;1;1167.0000;None;12600.0000
22594;2023-01-13 16:40:37.387000;2;101680;1;1;22800.0000;1;9574.0000;None;103400.0000
22594;2023-01-13 17:10:24.483000;2;101680;1;1;22800.0000;1;9574.0000;None;103400.0000
17338;2023-01-13 12:59:57.357000;2;101680;1;1;22800.0000;1;9000.0000;None;97200.0000
17338;2023-01-13 12:59:57.357000;2;101680;1;1;22800.0000;1;9000.0000;None;97200.0000
22600;2023-01-13 16:25:12.573000;2;101727;1;1;30800.0000;1;10537.0000;None;113800.0000
17368;2023-01-13 16:11:25.740000;2;101727;1;1;30800.0000;1;8315.0000;None;89800.0000
22610;2023-01-13 17:41:32.877000;2;101727;1;1;30800.0000;1;18000.0000;None;194400.0000
22610;2023-01-13 18:17:55.270000;2;101727;1;1;30800.0000;1;18000.0000;None;194400.0000
17330;2023-01-13 11:32:41.057000;2;101730;1;1;25800.0000;1;4222.0000;None;45600.0000
22613;2023-01-13 17:25:19.077000;2;101809;1;1;33800.0000;1;24741.0000;None;267200.0000
22613;2023-01-13 18:03:46.313000;2;101809;1;1;33800.0000;1;24741.0000;None;267200.0000
22613;2023-01-13 18:03:46.313000;2;101809;1;1;33800.0000;1;24741.0000;None;267200.0000
22613;2023-01-13 19:36:03.827000;2;101809;1;2;67600.0000;1;24741.0000;None;267200.0000
22613;2023-01-13 18:31:53.483000;2;101809;1;1;33800.0000;1;24741.0000;None;267200.0000
22615;2023-01-13 17:30:46.873000;2;101844;1;1;31800.0000;1;32759.0000;None;353800.0000
22615;2023-01-13 18:19:28.597000;2;101844;1;1;31800.0000;1;32759.0000;None;353800.0000
22615;2023-01-13 19:21:58.923000;2;101844;1;1;31800.0000;1;32759.0000;None;353800.0000
22613;2023-01-13 18:31:53.483000;2;101875;1;1;29800.0000;1;24741.0000;None;267200.0000
22613;2023-01-13 19:36:03.827000;2;101875;1;1;29800.0000;1;24741.0000;None;267200.0000
22645;2023-01-13 21:38:31.397000;2;101878;1;1;29800.0000;1;10296.0000;None;111200.0000
22645;2023-01-13 21:06:10.097000;2;101878;1;1;29800.0000;1;10296.0000;None;111200.0000
22615;2023-01-13 17:30:46.873000;2;101880;1;1;56800.0000;1;32759.0000;None;353800.0000
22615;2023-01-13 18:14:47.800000;2;101880;1;1;56800.0000;1;32759.0000;None;353800.0000
22615;2023-01-13 19:21:58.923000;2;101880;1;1;56800.0000;1;32759.0000;None;353800.0000
22552;2023-01-13 11:55:19.060000;1;102030;1;1;25800.0000;1;3741.0000;None;40400.0000
17387;2023-01-13 17:33:07.933000;3;102102;1;1;9800.0000;1;1352.0000;None;14600.0000
22644;2023-01-13 21:05:40.443000;3;102102;1;1;9800.0000;1;5870.0000;None;63400.0000
22563;2023-01-13 13:35:51.280000;3;102102;1;1;9800.0000;1;1981.0000;None;21400.0000
17377;2023-01-13 17:11:19.377000;3;102102;1;1;9800.0000;1;2352.0000;None;25400.0000
17377;2023-01-13 16:55:11.967000;3;102102;1;1;9800.0000;1;2352.0000;None;25400.0000
22570;2023-01-13 14:05:32.407000;3;102102;1;1;9800.0000;1;1981.0000;None;21400.0000
22579;2023-01-13 15:15:53.003000;3;102102;1;1;9800.0000;1;3444.0000;None;37200.0000
17356;2023-01-13 16:36:34.083000;1;102128;1;1;2800.0000;1;3222.0000;None;34800.0000
22610;2023-01-13 17:44:13.857000;1;102128;1;1;2800.0000;1;18000.0000;None;194400.0000
22610;2023-01-13 17:25:28.457000;1;102128;1;1;2800.0000;1;18000.0000;None;194400.0000
22611;2023-01-13 17:19:37.337000;1;102128;1;1;2800.0000;1;10130.0000;None;109400.0000
17336;2023-01-13 13:04:44.533000;1;102187;1;1;3800.0000;1;30796.0000;None;332600.0000
22549;2023-01-13 11:38:05.923000;1;102187;1;1;3800.0000;1;3704.0000;None;40000.0000
17307;2023-01-13 09:20:55.063000;1;102254;1;1;4800.0000;1;3519.0000;None;38000.0000
17306;2023-01-13 08:35:41.247000;1;102254;1;1;4800.0000;1;None;None;14400.0000
22534;2023-01-13 09:50:53.973000;1;102256;1;1;3800.0000;1;1870.0000;None;20200.0000
17411;2023-01-13 19:19:44.290000;1;102260;1;1;3800.0000;1;11963.0000;None;129200.0000
17342;2023-01-13 14:10:35.400000;1;102261;1;1;4800.0000;1;6296.0000;None;68000.0000
17333;2023-01-13 15:13:56.090000;1;102342;1;1;14800.0000;1;13870.0000;None;149800.0000
22582;2023-01-13 15:26:44.907000;1;102342;1;1;14800.0000;1;3630.0000;None;39200.0000
17414;2023-01-13 19:33:22.713000;1;102378;1;1;19800.0000;1;3907.0000;None;42200.0000
17334;2023-01-13 12:16:59.727000;3;102402;1;1;7800.0000;1;2167.0000;None;23400.0000
17351;2023-01-13 14:51:46.227000;1;102412;1;1;1800.0000;1;2130.0000;None;23000.0000
17351;2023-01-13 14:51:46.227000;1;102412;1;1;1800.0000;1;2130.0000;None;23000.0000
22593;2023-01-13 16:12:34.480000;1;102412;1;2;3600.0000;1;3370.0000;None;36400.0000
17402;2023-01-13 18:44:12.583000;1;102412;1;1;1800.0000;1;8185.0000;None;88400.0000
17402;2023-01-13 18:44:12.583000;1;102412;1;1;1800.0000;1;8185.0000;None;88400.0000
17402;2023-01-13 18:46:46.193000;1;102415;1;1;2800.0000;1;8185.0000;None;88400.0000
17402;2023-01-13 18:46:46.193000;1;102415;1;1;2800.0000;1;8185.0000;None;88400.0000
17310;2023-01-13 09:20:30.480000;1;102557;1;1;11800.0000;1;2537.0000;None;27400.0000
17323;2023-01-13 11:06:54.283000;1;102557;1;1;11800.0000;1;1630.0000;None;17600.0000
22537;2023-01-13 10:19:34.877000;1;102557;1;1;11800.0000;1;3259.0000;None;35200.0000
17320;2023-01-13 10:51:13.020000;1;102557;1;1;11800.0000;1;1630.0000;None;17600.0000
17330;2023-01-13 11:32:41.057000;2;102593;1;1;19800.0000;1;4222.0000;None;45600.0000
17336;2023-01-13 12:20:45.900000;3;102620;1;1;7800.0000;1;30796.0000;None;332600.0000
17336;2023-01-13 12:20:45.900000;3;102620;1;1;7800.0000;1;30796.0000;None;332600.0000
17336;2023-01-13 12:36:30.467000;3;102620;1;1;7800.0000;1;30796.0000;None;332600.0000
17365;2023-01-13 15:56:21.817000;3;102623;1;1;6800.0000;1;7648.0000;None;82600.0000
22598;2023-01-13 16:19:11.647000;3;102624;1;1;7800.0000;1;1444.0000;None;15600.0000
22606;2023-01-13 17:05:48.767000;3;102630;1;1;8800.0000;1;1889.0000;None;20400.0000
17336;2023-01-13 11:30:23.450000;3;102630;1;1;8800.0000;1;30796.0000;None;332600.0000
22555;2023-01-13 12:24:26.683000;3;102630;1;1;8800.0000;1;1815.0000;None;19600.0000
17336;2023-01-13 11:30:23.450000;3;102630;1;1;8800.0000;1;30796.0000;None;332600.0000
17336;2023-01-13 11:30:23.450000;3;102630;1;1;8800.0000;1;30796.0000;None;332600.0000
17336;2023-01-13 12:20:45.900000;3;102630;1;1;8800.0000;1;30796.0000;None;332600.0000
17307;2023-01-13 08:59:21.870000;3;102630;1;1;8800.0000;1;3519.0000;None;38000.0000
22537;2023-01-13 10:19:34.877000;3;102630;1;1;8800.0000;1;3259.0000;None;35200.0000
17340;2023-01-13 13:29:43.643000;3;102635;1;1;7800.0000;1;4204.0000;None;45400.0000
22598;2023-01-13 17:02:19.290000;3;102635;1;1;7800.0000;1;1444.0000;None;15600.0000
17366;2023-01-13 16:07:09.373000;3;102635;1;1;7800.0000;1;7537.0000;None;81400.0000
22584;2023-01-13 15:12:19.237000;3;102635;1;1;7800.0000;1;10426.0000;None;112600.0000
22584;2023-01-13 16:55:18.597000;3;102635;1;1;7800.0000;1;10426.0000;None;112600.0000
22586;2023-01-13 16:52:54.623000;3;102635;1;1;7800.0000;1;1796.0000;None;19400.0000
17404;2023-01-13 18:46:55.190000;3;102635;1;1;7800.0000;1;3204.0000;None;34600.0000
17411;2023-01-13 19:22:54.613000;3;102635;1;1;7800.0000;1;11963.0000;None;129200.0000
22555;2023-01-13 12:24:26.683000;3;102641;1;1;10800.0000;1;1815.0000;None;19600.0000
22546;2023-01-13 11:33:19.913000;3;102644;1;1;5800.0000;1;12111.0000;None;130800.0000
22613;2023-01-13 17:25:19.077000;6;102646;1;1;0.0000;1;24741.0000;None;267200.0000
22613;2023-01-13 18:31:53.483000;6;102646;1;1;0.0000;1;24741.0000;None;267200.0000
22560;2023-01-13 13:39:45.950000;3;102653;1;1;4800.0000;1;8444.0000;None;91200.0000
4029;2023-01-13 13:22:28.657000;3;102653;1;1;4800.0000;1;4130.0000;None;44600.0000
17411;2023-01-13 19:19:44.290000;3;102653;1;1;4800.0000;1;11963.0000;None;129200.0000
17412;2023-01-13 19:25:59.727000;3;102653;1;1;4800.0000;1;3630.0000;None;39200.0000
17333;2023-01-13 14:31:31.990000;3;102663;1;1;10800.0000;1;13870.0000;None;149800.0000
17333;2023-01-13 12:09:18.073000;3;102663;1;1;10800.0000;1;13870.0000;None;149800.0000
17382;2023-01-13 17:18:05.853000;3;102663;1;1;10800.0000;1;1000.0000;None;10800.0000
17387;2023-01-13 17:32:06.587000;3;102747;1;1;4800.0000;1;1352.0000;None;14600.0000
22617;2023-01-13 17:44:16.363000;3;102747;1;2;9600.0000;1;889.0000;None;9600.0000
17416;2023-01-13 19:51:02.043000;3;102747;1;1;4800.0000;1;7148.0000;None;77200.0000
17410;2023-01-13 19:17:00.497000;3;102747;1;1;4800.0000;1;2630.0000;None;28400.0000
17321;2023-01-13 10:54:04.463000;3;102747;1;1;4800.0000;1;1704.0000;None;18400.0000
17327;2023-01-13 11:17:29.847000;3;102747;1;1;4800.0000;1;2148.0000;None;23200.0000
17348;2023-01-13 13:20:42.653000;3;102747;1;1;4800.0000;1;13685.0000;None;147800.0000
22577;2023-01-13 14:37:26.950000;3;102747;1;1;4800.0000;1;4093.0000;None;44200.0000
4032;2023-01-13 17:07:47.850000;1;102813;1;9;27000.0000;1;2500.0000;None;27000.0000
17325;2023-01-13 11:09:49.177000;1;102813;1;3;9000.0000;1;3630.0000;None;39200.0000
17336;2023-01-13 11:30:57.043000;1;102830;1;1;9800.0000;1;30796.0000;None;332600.0000
17336;2023-01-13 11:30:57.043000;3;102838;1;1;10800.0000;1;30796.0000;None;332600.0000
17421;2023-01-13 22:02:19.520000;1;102908;1;1;5200.0000;1;27926.0000;None;301600.0000
17421;2023-01-13 22:02:19.520000;1;102910;1;1;5200.0000;1;27926.0000;None;301600.0000
17350;2023-01-13 14:53:03.947000;1;102910;1;1;5200.0000;1;2463.0000;None;26600.0000
17353;2023-01-13 14:56:53.943000;2;102979;1;1;27800.0000;1;2574.0000;None;27800.0000
22600;2023-01-13 16:25:12.573000;2;102979;1;1;27800.0000;1;10537.0000;None;113800.0000
22584;2023-01-13 15:12:19.237000;1;103076;1;1;39800.0000;1;10426.0000;None;112600.0000
22584;2023-01-13 15:24:57.450000;1;103076;1;1;39800.0000;1;10426.0000;None;112600.0000
22568;2023-01-13 14:02:20.897000;1;103076;1;1;39800.0000;1;7722.0000;None;83400.0000
22567;2023-01-13 13:51:21.317000;1;103076;1;1;39800.0000;1;4759.0000;None;51400.0000
17333;2023-01-13 14:22:53.500000;1;103076;1;1;39800.0000;1;13870.0000;None;149800.0000
17333;2023-01-13 14:22:53.500000;1;103076;1;1;39800.0000;1;13870.0000;None;149800.0000
17336;2023-01-13 12:20:45.900000;1;103076;1;1;39800.0000;1;30796.0000;None;332600.0000
17336;2023-01-13 12:20:45.900000;1;103076;1;1;39800.0000;1;30796.0000;None;332600.0000
17336;2023-01-13 12:20:45.900000;1;103076;1;1;39800.0000;1;30796.0000;None;332600.0000
17336;2023-01-13 12:36:41.177000;1;103076;1;1;39800.0000;1;30796.0000;None;332600.0000
22560;2023-01-13 13:39:45.950000;1;103076;1;1;39800.0000;1;8444.0000;None;91200.0000
22560;2023-01-13 14:22:46.077000;1;103076;1;1;39800.0000;1;8444.0000;None;91200.0000
22565;2023-01-13 13:45:08.890000;1;103076;1;1;39800.0000;1;3685.0000;None;39800.0000
22544;2023-01-13 11:48:18.030000;1;103076;1;1;39800.0000;1;15870.0000;None;171400.0000
22544;2023-01-13 11:48:18.030000;1;103076;1;1;39800.0000;1;15870.0000;None;171400.0000
22635;2023-01-13 19:33:27.037000;1;103076;1;1;39800.0000;1;7611.0000;None;82200.0000
22642;2023-01-13 20:14:32.347000;1;103076;1;1;39800.0000;1;6593.0000;None;71200.0000
17388;2023-01-13 17:37:01.730000;1;103076;1;2;79600.0000;1;8982.0000;None;97000.0000
22621;2023-01-13 18:08:36.213000;1;103076;1;1;39800.0000;1;8759.0000;None;94600.0000
22611;2023-01-13 17:50:34.647000;1;103076;1;1;39800.0000;1;10130.0000;None;109400.0000
17421;2023-01-13 22:05:04.607000;1;103090;1;1;8800.0000;1;27926.0000;None;301600.0000
17421;2023-01-13 22:02:19.520000;1;103095;1;1;8800.0000;1;27926.0000;None;301600.0000
22582;2023-01-13 15:04:04.327000;1;103100;1;1;8800.0000;1;3630.0000;None;39200.0000
22597;2023-01-13 16:18:23.660000;1;103166;1;1;18800.0000;1;3889.0000;None;42000.0000
22636;2023-01-13 19:36:58.617000;1;103214;1;1;26800.0000;1;6296.0000;None;68000.0000
17367;2023-01-13 16:01:44.290000;1;103214;1;1;26800.0000;1;4278.0000;None;46200.0000
22544;2023-01-13 11:52:59.830000;1;103214;1;1;26800.0000;1;15870.0000;None;171400.0000
22543;2023-01-13 11:07:02.167000;1;103214;1;1;26800.0000;1;3556.0000;None;38400.0000
17316;2023-01-13 11:34:41.427000;1;103214;1;1;26800.0000;1;4093.0000;None;44200.0000
17411;2023-01-13 19:37:08.407000;1;103248;1;1;16800.0000;1;11963.0000;None;129200.0000
17421;2023-01-13 21:40:37.757000;1;103250;1;1;44800.0000;1;27926.0000;None;301600.0000
22546;2023-01-13 11:26:30.903000;1;103250;1;1;44800.0000;1;12111.0000;None;130800.0000
17338;2023-01-13 12:37:18.707000;1;103250;1;1;44800.0000;1;9000.0000;None;97200.0000
22577;2023-01-13 14:37:26.950000;1;103252;1;1;16800.0000;1;4093.0000;None;44200.0000
22577;2023-01-13 14:37:26.950000;1;103252;1;1;16800.0000;1;4093.0000;None;44200.0000
17404;2023-01-13 18:49:16.087000;1;103272;1;1;26800.0000;1;3204.0000;None;34600.0000
22614;2023-01-13 18:35:55.373000;1;103272;1;1;26800.0000;1;11796.0000;None;127400.0000
22614;2023-01-13 18:35:55.373000;1;103272;1;1;26800.0000;1;11796.0000;None;127400.0000
22594;2023-01-13 17:47:42.717000;1;103272;1;1;26800.0000;1;9574.0000;None;103400.0000
17378;2023-01-13 17:10:04.487000;1;103272;1;1;26800.0000;1;12241.0000;None;132200.0000
17329;2023-01-13 11:30:32.030000;1;103272;1;1;26800.0000;1;3111.0000;None;33600.0000
17348;2023-01-13 15:28:26.957000;1;103290;1;1;30800.0000;1;13685.0000;None;147800.0000
22614;2023-01-13 18:35:55.373000;1;103290;1;1;30800.0000;1;11796.0000;None;127400.0000
17383;2023-01-13 17:18:41.287000;1;103291;1;1;30800.0000;1;8722.0000;None;94200.0000
17332;2023-01-13 12:04:04.197000;1;103296;1;1;39800.0000;1;4852.0000;None;52400.0000
22546;2023-01-13 11:26:30.903000;1;103296;1;1;39800.0000;1;12111.0000;None;130800.0000
17416;2023-01-13 19:51:02.043000;1;103296;1;1;39800.0000;1;7148.0000;None;77200.0000
22643;2023-01-13 20:21:07.557000;1;103296;1;1;39800.0000;1;4852.0000;None;52400.0000
17419;2023-01-13 21:10:07.483000;1;103296;1;1;39800.0000;1;7444.0000;None;80400.0000
17421;2023-01-13 21:26:55.990000;1;103296;1;1;39800.0000;1;27926.0000;None;301600.0000
17421;2023-01-13 21:26:55.990000;1;103296;1;1;39800.0000;1;27926.0000;None;301600.0000
17421;2023-01-13 21:26:55.990000;1;103296;1;1;39800.0000;1;27926.0000;None;301600.0000
4029;2023-01-13 13:27:14.993000;1;103297;1;1;39800.0000;1;4130.0000;None;44600.0000
17336;2023-01-13 12:20:45.900000;1;103322;1;1;26800.0000;1;30796.0000;None;332600.0000
22544;2023-01-13 11:18:41.803000;1;103327;1;1;39800.0000;1;15870.0000;None;171400.0000
17415;2023-01-13 19:35:28.663000;1;103380;1;1;39800.0000;1;14278.0000;None;154200.0000
22644;2023-01-13 21:05:40.443000;1;103384;1;1;47800.0000;1;5870.0000;None;63400.0000
22639;2023-01-13 17:10:04.487000;1;103384;1;1;47800.0000;1;14074.0000;None;152000.0000
22615;2023-01-13 18:49:28.967000;1;103384;1;1;47800.0000;1;32759.0000;None;353800.0000
17378;2023-01-13 17:12:37.233000;1;103386;1;1;45800.0000;1;12241.0000;None;132200.0000
17383;2023-01-13 17:18:41.287000;1;103386;1;1;45800.0000;1;8722.0000;None;94200.0000
17380;2023-01-13 17:14:24.767000;1;103387;1;1;42800.0000;1;19870.0000;None;214600.0000
17415;2023-01-13 19:35:28.663000;1;103584;1;1;42800.0000;1;14278.0000;None;154200.0000
22610;2023-01-13 17:41:45.887000;1;103587;1;1;49800.0000;1;18000.0000;None;194400.0000
17395;2023-01-13 18:37:15.797000;1;103627;1;1;49800.0000;1;12093.0000;None;130600.0000
17395;2023-01-13 18:22:06.973000;1;103627;1;1;49800.0000;1;12093.0000;None;130600.0000
17421;2023-01-13 21:26:55.990000;1;103627;1;1;49800.0000;1;27926.0000;None;301600.0000
17348;2023-01-13 15:09:18.427000;1;103647;1;1;34800.0000;1;13685.0000;None;147800.0000
17420;2023-01-13 21:17:11.657000;1;103647;1;1;34800.0000;1;7611.0000;None;82200.0000
17419;2023-01-13 21:10:07.483000;1;103647;1;1;34800.0000;1;7444.0000;None;80400.0000
17402;2023-01-13 18:25:12.597000;1;103652;1;1;32800.0000;1;8185.0000;None;88400.0000
17402;2023-01-13 18:25:12.597000;1;103652;1;1;32800.0000;1;8185.0000;None;88400.0000
17312;2023-01-13 09:00:29;1;103652;1;1;32800.0000;1;3574.0000;None;38600.0000
17421;2023-01-13 21:46:53.317000;3;103734;1;1;11800.0000;1;27926.0000;None;301600.0000
17421;2023-01-13 21:26:55.990000;3;103734;1;1;11800.0000;1;27926.0000;None;301600.0000
17345;2023-01-13 14:41:55.107000;1;103879;1;1;4800.0000;1;2796.0000;None;30200.0000
22627;2023-01-13 18:50:56.217000;1;103890;1;1;5800.0000;1;4482.0000;None;48400.0000
17415;2023-01-13 19:35:28.663000;1;103890;1;1;5800.0000;1;14278.0000;None;154200.0000
22614;2023-01-13 18:31:29.640000;1;103890;1;1;5800.0000;1;11796.0000;None;127400.0000
17359;2023-01-13 15:25:22.887000;1;103961;1;1;16800.0000;1;2630.0000;None;28400.0000
17368;2023-01-13 16:51:46.700000;1;103961;1;1;16800.0000;1;8315.0000;None;89800.0000
17384;2023-01-13 17:26:59.483000;1;103961;1;1;16800.0000;1;4796.0000;None;51800.0000
22642;2023-01-13 20:37:57.247000;1;103961;1;1;16800.0000;1;6593.0000;None;71200.0000
17420;2023-01-13 21:13:01.167000;1;103967;1;1;35800.0000;1;7611.0000;None;82200.0000
17351;2023-01-13 14:51:46.227000;1;103992;1;1;6800.0000;1;2130.0000;None;23000.0000
17321;2023-01-13 10:54:04.463000;1;103992;1;1;6800.0000;1;1704.0000;None;18400.0000
22620;2023-01-13 18:04:35.740000;1;103992;1;1;6800.0000;1;5722.0000;None;61800.0000
17396;2023-01-13 18:10:27.470000;1;103992;1;1;6800.0000;1;1259.0000;None;13600.0000
17407;2023-01-13 19:15:11.847000;1;104004;1;1;16800.0000;1;3259.0000;None;35200.0000
22549;2023-01-13 11:38:05.923000;1;104004;1;1;16800.0000;1;3704.0000;None;40000.0000
17336;2023-01-13 13:04:44.533000;1;104004;1;1;16800.0000;1;30796.0000;None;332600.0000
17336;2023-01-13 13:04:44.533000;1;104004;1;1;16800.0000;1;30796.0000;None;332600.0000
17343;2023-01-13 14:20:16.690000;1;104004;1;1;16800.0000;1;4056.0000;None;43800.0000
17346;2023-01-13 14:08:00.213000;1;104004;1;1;16800.0000;1;2630.0000;None;28400.0000
17378;2023-01-13 21:19:41.647000;1;104004;1;1;16800.0000;1;12241.0000;None;132200.0000
17375;2023-01-13 16:44:51.850000;1;104004;1;1;16800.0000;1;2093.0000;None;22600.0000
17373;2023-01-13 16:35:22.533000;1;104004;1;1;16800.0000;1;3352.0000;None;36200.0000
22620;2023-01-13 18:04:35.740000;1;104015;1;1;7800.0000;1;5722.0000;None;61800.0000
17371;2023-01-13 17:56:05.057000;1;104149;1;1;10800.0000;1;4241.0000;None;45800.0000
22600;2023-01-13 16:43:54.263000;1;104150;1;1;10800.0000;1;10537.0000;None;113800.0000
17397;2023-01-13 18:33:45.187000;1;104150;1;1;10800.0000;1;4833.0000;None;52200.0000
17392;2023-01-13 18:07:56.740000;1;104150;1;1;10800.0000;1;2444.0000;None;26400.0000
22615;2023-01-13 19:40:53.473000;1;104150;1;1;10800.0000;1;32759.0000;None;353800.0000
17342;2023-01-13 13:28:26.153000;1;104151;1;1;6800.0000;1;6296.0000;None;68000.0000
22600;2023-01-13 16:43:54.263000;1;104152;1;1;8800.0000;1;10537.0000;None;113800.0000
17411;2023-01-13 19:24:21.783000;1;104156;1;1;6800.0000;1;11963.0000;None;129200.0000
17411;2023-01-13 19:19:44.290000;1;104156;1;1;6800.0000;1;11963.0000;None;129200.0000
17415;2023-01-13 19:35:28.663000;1;104156;1;1;6800.0000;1;14278.0000;None;154200.0000
17335;2023-01-13 12:15:25.480000;1;104157;1;1;5800.0000;1;1796.0000;None;19400.0000
17371;2023-01-13 17:56:05.057000;1;104158;1;1;11800.0000;1;4241.0000;None;45800.0000
17415;2023-01-13 19:35:28.663000;1;104158;1;1;11800.0000;1;14278.0000;None;154200.0000
17417;2023-01-13 20:01:02.007000;1;104158;1;1;11800.0000;1;4370.0000;None;47200.0000
22615;2023-01-13 19:40:53.473000;1;104158;1;1;11800.0000;1;32759.0000;None;353800.0000
17342;2023-01-13 13:28:26.153000;1;104160;1;1;5800.0000;1;6296.0000;None;68000.0000
17342;2023-01-13 13:28:26.153000;1;104166;1;1;8800.0000;1;6296.0000;None;68000.0000
22615;2023-01-13 19:40:53.473000;1;104171;1;1;11800.0000;1;32759.0000;None;353800.0000
17412;2023-01-13 19:25:59.727000;1;104171;1;1;11800.0000;1;3630.0000;None;39200.0000
17325;2023-01-13 11:42:33.427000;1;104172;1;1;9800.0000;1;3630.0000;None;39200.0000
17342;2023-01-13 13:28:26.153000;1;104173;1;1;5800.0000;1;6296.0000;None;68000.0000
22547;2023-01-13 11:25:02.790000;1;104173;1;1;5800.0000;1;2333.0000;None;25200.0000
17362;2023-01-13 16:41:26.190000;1;104173;1;1;5800.0000;1;17426.0000;None;188200.0000
17380;2023-01-13 17:14:24.767000;1;104175;1;1;41800.0000;1;19870.0000;None;214600.0000
22623;2023-01-13 19:01:01.893000;1;104175;1;1;41800.0000;1;29537.0000;None;319000.0000
17421;2023-01-13 22:02:19.520000;1;104275;1;1;8800.0000;1;27926.0000;None;301600.0000
22582;2023-01-13 15:04:04.327000;1;104275;1;1;8800.0000;1;3630.0000;None;39200.0000
17350;2023-01-13 14:49:36.713000;1;104275;1;1;8800.0000;1;2463.0000;None;26600.0000
17334;2023-01-13 12:16:59.727000;6;104291;2;1;0.0000;1;2167.0000;None;23400.0000
17334;2023-01-13 12:16:59.727000;6;104291;2;1;0.0000;1;2167.0000;None;23400.0000
17334;2023-01-13 12:16:59.727000;6;104291;2;1;0.0000;1;2167.0000;None;23400.0000
17334;2023-01-13 12:16:59.727000;6;104291;2;1;0.0000;1;2167.0000;None;23400.0000
17307;2023-01-13 09:20:55.063000;6;104374;1;1;0.0000;1;3519.0000;None;38000.0000
17333;2023-01-13 15:10:01.610000;3;104554;1;1;4800.0000;1;13870.0000;None;149800.0000
22561;2023-01-13 13:11:25.410000;3;104554;1;1;4800.0000;1;2056.0000;None;22200.0000
17348;2023-01-13 15:09:18.427000;3;104554;1;1;4800.0000;1;13685.0000;None;147800.0000
17355;2023-01-13 16:58:35.263000;3;104554;1;1;4800.0000;1;1519.0000;None;16400.0000
17355;2023-01-13 15:19:24.527000;3;104554;1;1;4800.0000;1;1519.0000;None;16400.0000
17372;2023-01-13 16:17:48.680000;3;104554;1;1;4800.0000;1;444.0000;None;4800.0000
17365;2023-01-13 16:44:37.390000;3;104554;1;1;4800.0000;1;7648.0000;None;82600.0000
17365;2023-01-13 15:56:21.817000;3;104554;1;1;4800.0000;1;7648.0000;None;82600.0000
17423;2023-01-13 21:27:36.250000;3;104554;1;1;4800.0000;1;889.0000;None;9600.0000
17423;2023-01-13 21:27:36.250000;3;104554;1;1;4800.0000;1;889.0000;None;9600.0000
22613;2023-01-13 17:25:19.077000;3;104554;1;1;4800.0000;1;24741.0000;None;267200.0000
22642;2023-01-13 20:52:04.737000;3;104554;1;1;4800.0000;1;6593.0000;None;71200.0000
17400;2023-01-13 18:21:09.680000;3;104554;1;1;4800.0000;1;444.0000;None;4800.0000
17307;2023-01-13 09:20:55.063000;1;104556;1;1;8800.0000;1;3519.0000;None;38000.0000
17348;2023-01-13 13:20:42.653000;1;104557;1;1;24800.0000;1;13685.0000;None;147800.0000
17365;2023-01-13 15:56:21.817000;2;104685;1;1;25800.0000;1;7648.0000;None;82600.0000
17365;2023-01-13 15:56:21.817000;2;104685;1;1;25800.0000;1;7648.0000;None;82600.0000
22645;2023-01-13 21:06:10.097000;2;104685;1;1;25800.0000;1;10296.0000;None;111200.0000
22645;2023-01-13 21:38:31.397000;2;104685;1;1;25800.0000;1;10296.0000;None;111200.0000
22623;2023-01-13 18:18:00.303000;2;104685;1;1;25800.0000;1;29537.0000;None;319000.0000
22623;2023-01-13 18:18:00.303000;2;104685;1;1;25800.0000;1;29537.0000;None;319000.0000
17318;2023-01-13 10:39:40.740000;1;104932;1;1;44800.0000;1;2389.0000;None;25800.0000
17368;2023-01-13 16:51:46.700000;1;105421;1;1;17800.0000;1;8315.0000;None;89800.0000
22591;2023-01-13 16:05:39.537000;1;105421;1;1;17800.0000;1;3444.0000;None;37200.0000
17374;2023-01-13 16:50:05.840000;1;105421;1;1;17800.0000;1;2815.0000;None;30400.0000
17348;2023-01-13 15:30:31.307000;1;105421;1;1;17800.0000;1;13685.0000;None;147800.0000
17362;2023-01-13 17:05:23.573000;6;105520;1;1;0.0000;1;17426.0000;None;188200.0000
17362;2023-01-13 17:48:11.023000;6;105520;1;1;0.0000;1;17426.0000;None;188200.0000
17362;2023-01-13 17:59:26.397000;6;105520;1;1;0.0000;1;17426.0000;None;188200.0000
17362;2023-01-13 16:22:37.383000;6;105520;1;1;0.0000;1;17426.0000;None;188200.0000
17362;2023-01-13 16:22:37.383000;6;105520;1;1;0.0000;1;17426.0000;None;188200.0000
22613;2023-01-13 18:03:46.313000;6;105520;1;1;0.0000;1;24741.0000;None;267200.0000
22613;2023-01-13 18:03:46.313000;6;105520;1;1;0.0000;1;24741.0000;None;267200.0000
22615;2023-01-13 19:21:58.923000;6;105520;1;1;0.0000;1;32759.0000;None;353800.0000
22615;2023-01-13 19:21:58.923000;6;105520;1;1;0.0000;1;32759.0000;None;353800.0000
22615;2023-01-13 18:14:47.800000;6;105520;1;1;0.0000;1;32759.0000;None;353800.0000
22615;2023-01-13 18:19:28.597000;6;105520;1;1;0.0000;1;32759.0000;None;353800.0000
22613;2023-01-13 19:36:03.827000;6;105520;1;1;0.0000;1;24741.0000;None;267200.0000
22615;2023-01-13 17:30:46.873000;6;105520;1;1;0.0000;1;32759.0000;None;353800.0000
22615;2023-01-13 17:30:46.873000;6;105520;1;1;0.0000;1;32759.0000;None;353800.0000
22614;2023-01-13 18:48:01.670000;1;105603;1;1;3800.0000;1;11796.0000;None;127400.0000
22630;2023-01-13 18:48:04.267000;3;105735;1;1;0.0000;1;6444.0000;None;69600.0000
17340;2023-01-13 13:27:14.993000;1;106270;1;1;0.0000;1;4204.0000;None;45400.0000
22568;2023-01-13 14:02:20.897000;1;106283;1;1;0.0000;1;7722.0000;None;83400.0000
17340;2023-01-13 13:27:14.993000;1;106286;1;1;0.0000;1;4204.0000;None;45400.0000
22620;2023-01-13 18:04:35.740000;1;106689;1;1;2800.0000;1;5722.0000;None;61800.0000
22568;2023-01-13 14:02:20.897000;1;106800;2;1;0.0000;1;7722.0000;None;83400.0000
17379;2023-01-13 17:10:19.557000;2;106903;1;1;36800.0000;1;6815.0000;None;73600.0000
17379;2023-01-13 17:10:19.557000;2;106903;1;1;36800.0000;1;6815.0000;None;73600.0000
17349;2023-01-13 14:40:39.547000;1;107031;1;24;2400.0000;1;222.0000;None;2400.0000
17334;2023-01-13 12:12:03.583000;1;107283;1;20;3000.0000;1;2167.0000;None;23400.0000
17424;2023-01-13 22:15:32.070000;1;107283;1;65;9750.0000;1;903.0000;None;9750.0000
17421;2023-01-13 22:02:19.520000;1;107283;1;32;4800.0000;1;27926.0000;None;301600.0000
17344;2023-01-13 13:52:08.287000;1;107316;1;55;11000.0000;1;None;None;11000.0000
22623;2023-01-13 18:22:57.950000;2;107767;1;1;48800.0000;1;29537.0000;None;319000.0000
22623;2023-01-13 19:43:30.457000;2;107767;1;1;48800.0000;1;29537.0000;None;319000.0000
17366;2023-01-13 17:27:05.013000;2;107998;1;1;36800.0000;1;7537.0000;None;81400.0000
17366;2023-01-13 15:57:30.787000;2;107998;1;1;36800.0000;1;7537.0000;None;81400.0000
17378;2023-01-13 17:10:04.487000;1;108005;1;1;0.0000;1;12241.0000;None;132200.0000
17336;2023-01-13 12:20:45.900000;1;108005;1;1;0.0000;1;30796.0000;None;332600.0000
17336;2023-01-13 12:20:45.900000;1;108005;1;1;0.0000;1;30796.0000;None;332600.0000
22546;2023-01-13 11:26:30.903000;1;108005;1;1;0.0000;1;12111.0000;None;130800.0000
22546;2023-01-13 11:26:30.903000;1;108005;1;1;0.0000;1;12111.0000;None;130800.0000
17340;2023-01-13 13:27:14.993000;1;108005;1;1;0.0000;1;4204.0000;None;45400.0000
17329;2023-01-13 11:30:32.030000;1;108005;1;1;0.0000;1;3111.0000;None;33600.0000
22546;2023-01-13 11:26:30.903000;1;108005;1;1;0.0000;1;12111.0000;None;130800.0000
22546;2023-01-13 11:26:30.903000;1;108005;1;1;0.0000;1;12111.0000;None;130800.0000
22643;2023-01-13 20:21:07.557000;1;108005;1;1;0.0000;1;4852.0000;None;52400.0000
17383;2023-01-13 17:18:41.287000;1;108005;1;1;0.0000;1;8722.0000;None;94200.0000
17420;2023-01-13 21:17:11.657000;1;108005;1;1;0.0000;1;7611.0000;None;82200.0000
17420;2023-01-13 21:17:11.657000;1;108005;1;1;0.0000;1;7611.0000;None;82200.0000
17421;2023-01-13 21:26:55.990000;1;108005;1;1;0.0000;1;27926.0000;None;301600.0000
17421;2023-01-13 21:26:55.990000;1;108005;1;1;0.0000;1;27926.0000;None;301600.0000
17421;2023-01-13 21:26:55.990000;1;108005;1;1;0.0000;1;27926.0000;None;301600.0000
17421;2023-01-13 21:26:55.990000;1;108005;1;1;0.0000;1;27926.0000;None;301600.0000
17421;2023-01-13 21:26:55.990000;1;108005;1;1;0.0000;1;27926.0000;None;301600.0000
17421;2023-01-13 21:26:55.990000;1;108005;1;1;0.0000;1;27926.0000;None;301600.0000
17421;2023-01-13 21:26:55.990000;1;108005;1;1;0.0000;1;27926.0000;None;301600.0000
17421;2023-01-13 21:26:55.990000;1;108005;1;1;0.0000;1;27926.0000;None;301600.0000
17421;2023-01-13 21:40:37.757000;1;108006;1;1;0.0000;1;27926.0000;None;301600.0000
17421;2023-01-13 21:40:37.757000;1;108006;1;1;0.0000;1;27926.0000;None;301600.0000
17419;2023-01-13 21:10:07.483000;1;108006;1;1;0.0000;1;7444.0000;None;80400.0000
17419;2023-01-13 21:10:07.483000;1;108006;1;1;0.0000;1;7444.0000;None;80400.0000
17419;2023-01-13 21:10:07.483000;1;108006;1;1;0.0000;1;7444.0000;None;80400.0000
22614;2023-01-13 18:35:55.373000;1;108006;1;1;0.0000;1;11796.0000;None;127400.0000
22614;2023-01-13 18:35:55.373000;1;108006;1;1;0.0000;1;11796.0000;None;127400.0000
22614;2023-01-13 18:35:55.373000;1;108006;1;1;0.0000;1;11796.0000;None;127400.0000
17395;2023-01-13 18:22:06.973000;1;108006;1;1;0.0000;1;12093.0000;None;130600.0000
17395;2023-01-13 18:22:06.973000;1;108006;1;1;0.0000;1;12093.0000;None;130600.0000
17395;2023-01-13 18:37:15.797000;1;108006;1;1;0.0000;1;12093.0000;None;130600.0000
17395;2023-01-13 18:37:15.797000;1;108006;1;1;0.0000;1;12093.0000;None;130600.0000
17395;2023-01-13 18:37:15.797000;1;108006;1;1;0.0000;1;12093.0000;None;130600.0000
17419;2023-01-13 21:10:07.483000;1;108006;1;1;0.0000;1;7444.0000;None;80400.0000
17419;2023-01-13 21:10:07.483000;1;108006;1;1;0.0000;1;7444.0000;None;80400.0000
17404;2023-01-13 18:49:16.087000;1;108006;1;1;0.0000;1;3204.0000;None;34600.0000
17404;2023-01-13 18:49:16.087000;1;108006;1;1;0.0000;1;3204.0000;None;34600.0000
17411;2023-01-13 19:37:08.407000;1;108006;1;1;0.0000;1;11963.0000;None;129200.0000
17411;2023-01-13 19:37:08.407000;1;108006;1;1;0.0000;1;11963.0000;None;129200.0000
22544;2023-01-13 11:18:41.803000;1;108006;1;1;None;1;15870.0000;None;171400.0000
17318;2023-01-13 10:39:40.740000;1;108006;1;1;0.0000;1;2389.0000;None;25800.0000
17318;2023-01-13 10:39:40.740000;1;108006;1;1;0.0000;1;2389.0000;None;25800.0000
17318;2023-01-13 10:39:40.740000;1;108006;1;1;0.0000;1;2389.0000;None;25800.0000
17312;2023-01-13 09:00:29;1;108006;1;1;0.0000;1;3574.0000;None;38600.0000
17338;2023-01-13 12:37:18.707000;1;108006;1;1;0.0000;1;9000.0000;None;97200.0000
22594;2023-01-13 17:47:42.717000;1;108006;1;1;0.0000;1;9574.0000;None;103400.0000
4029;2023-01-13 13:27:14.993000;1;108006;1;1;0.0000;1;4130.0000;None;44600.0000
22577;2023-01-13 14:37:26.950000;1;108006;1;1;0.0000;1;4093.0000;None;44200.0000
22577;2023-01-13 14:37:26.950000;1;108006;1;1;0.0000;1;4093.0000;None;44200.0000
17348;2023-01-13 15:09:18.427000;1;108008;1;1;0.0000;1;13685.0000;None;147800.0000
17348;2023-01-13 15:28:26.957000;1;108008;1;1;0.0000;1;13685.0000;None;147800.0000
17332;2023-01-13 12:04:04.197000;1;108008;1;2;0.0000;1;4852.0000;None;52400.0000
17402;2023-01-13 18:25:12.597000;1;108008;1;1;0.0000;1;8185.0000;None;88400.0000
17402;2023-01-13 18:25:12.597000;1;108008;1;1;0.0000;1;8185.0000;None;88400.0000
17402;2023-01-13 18:25:12.597000;1;108008;1;1;0.0000;1;8185.0000;None;88400.0000
17402;2023-01-13 18:25:12.597000;1;108008;1;1;0.0000;1;8185.0000;None;88400.0000
17414;2023-01-13 19:33:22.713000;1;108008;1;2;0.0000;1;3907.0000;None;42200.0000
17416;2023-01-13 19:51:02.043000;1;108008;1;1;0.0000;1;7148.0000;None;77200.0000
17416;2023-01-13 19:51:02.043000;1;108008;1;1;0.0000;1;7148.0000;None;77200.0000
22630;2023-01-13 18:18:00.303000;2;108118;1;1;34800.0000;1;6444.0000;None;69600.0000
22630;2023-01-13 18:48:04.267000;2;108118;1;1;34800.0000;1;6444.0000;None;69600.0000
22623;2023-01-13 18:18:00.303000;2;108118;1;1;34800.0000;1;29537.0000;None;319000.0000
22623;2023-01-13 19:43:30.457000;2;108121;1;1;38800.0000;1;29537.0000;None;319000.0000
22640;2023-01-13 19:55:41.273000;2;108126;1;1;55800.0000;1;12815.0000;None;138400.0000
22640;2023-01-13 19:55:41.273000;2;108126;1;1;55800.0000;1;12815.0000;None;138400.0000
22566;2023-01-13 14:10:08.443000;3;108531;1;1;6800.0000;1;1167.0000;None;12600.0000
17311;2023-01-13 09:28:53.007000;3;108531;1;1;6800.0000;1;2352.0000;None;25400.0000
17329;2023-01-13 11:23:57.427000;3;108531;1;1;6800.0000;1;3111.0000;None;33600.0000
17325;2023-01-13 11:12:15.973000;3;108531;1;1;6800.0000;1;3630.0000;None;39200.0000
17348;2023-01-13 11:09:05.967000;3;108531;1;1;6800.0000;1;13685.0000;None;147800.0000
22571;2023-01-13 15:09:11.503000;3;108531;1;1;6800.0000;1;2870.0000;None;31000.0000
17356;2023-01-13 16:43:39.190000;3;108531;1;1;6800.0000;1;3222.0000;None;34800.0000
22583;2023-01-13 15:09:20.843000;3;108531;1;1;6800.0000;1;1167.0000;None;12600.0000
17390;2023-01-13 17:47:40.453000;3;108531;1;1;6800.0000;1;1704.0000;None;18400.0000
22612;2023-01-13 17:35:05.023000;3;108531;1;1;6800.0000;1;3315.0000;None;35800.0000
17413;2023-01-13 19:28:57.303000;3;108532;1;1;6800.0000;1;1259.0000;None;13600.0000
17413;2023-01-13 19:28:57.303000;3;108532;1;1;6800.0000;1;1259.0000;None;13600.0000
22605;2023-01-13 16:52:43.387000;3;108532;1;1;6800.0000;1;630.0000;None;6800.0000
22607;2023-01-13 16:57:16.143000;3;108533;1;1;8800.0000;1;1444.0000;None;15600.0000
22552;2023-01-13 11:55:19.060000;3;108533;1;1;8800.0000;1;3741.0000;None;40400.0000
17412;2023-01-13 19:26:05.547000;3;108533;1;1;8800.0000;1;3630.0000;None;39200.0000
17417;2023-01-13 20:06:49.590000;3;108533;1;1;8800.0000;1;4370.0000;None;47200.0000
17403;2023-01-13 18:35:42.780000;3;108533;1;1;8800.0000;1;1444.0000;None;15600.0000
17384;2023-01-13 17:39:40.537000;3;108533;1;1;8800.0000;1;4796.0000;None;51800.0000
17392;2023-01-13 18:02:55.830000;3;108533;1;1;8800.0000;1;2444.0000;None;26400.0000
17421;2023-01-13 17:04:25.010000;3;108533;1;1;8800.0000;1;27926.0000;None;301600.0000
17421;2023-01-13 22:11:14.027000;3;108533;1;-1;-8800.0000;1;27926.0000;None;301600.0000
17411;2023-01-13 19:22:54.613000;1;109100;1;1;39800.0000;1;11963.0000;None;129200.0000
22639;2023-01-13 20:14:12.763000;2;109110;1;1;35800.0000;1;14074.0000;None;152000.0000
22639;2023-01-13 20:14:12.763000;2;109110;1;1;35800.0000;1;14074.0000;None;152000.0000
22611;2023-01-13 17:15:30.577000;2;109110;1;1;35800.0000;1;10130.0000;None;109400.0000
17380;2023-01-13 17:14:24.767000;2;109110;1;1;35800.0000;1;19870.0000;None;214600.0000
17380;2023-01-13 17:14:24.767000;2;109110;1;1;35800.0000;1;19870.0000;None;214600.0000
22610;2023-01-13 17:36:14.207000;2;109110;1;1;35800.0000;1;18000.0000;None;194400.0000
22610;2023-01-13 17:36:14.207000;2;109110;1;1;35800.0000;1;18000.0000;None;194400.0000
22590;2023-01-13 15:56:49.823000;2;109110;1;1;35800.0000;1;4926.0000;None;53200.0000
17362;2023-01-13 16:22:37.383000;2;109417;1;1;32800.0000;1;17426.0000;None;188200.0000
17362;2023-01-13 16:22:37.383000;2;109417;1;1;32800.0000;1;17426.0000;None;188200.0000
17362;2023-01-13 17:48:11.023000;2;109417;1;1;32800.0000;1;17426.0000;None;188200.0000
17362;2023-01-13 17:05:23.573000;2;109417;1;1;32800.0000;1;17426.0000;None;188200.0000
17362;2023-01-13 17:59:26.397000;2;109417;1;1;32800.0000;1;17426.0000;None;188200.0000
17418;2023-01-13 20:11:55.643000;2;109535;1;1;70800.0000;1;9500.0000;None;102600.0000
17417;2023-01-13 20:01:02.007000;1;109554;1;1;13800.0000;1;4370.0000;None;47200.0000
17412;2023-01-13 19:25:59.727000;1;109554;1;1;13800.0000;1;3630.0000;None;39200.0000
17380;2023-01-13 17:14:24.767000;1;109554;1;1;13800.0000;1;19870.0000;None;214600.0000
17311;2023-01-13 09:28:53.007000;1;109556;1;1;11800.0000;1;2352.0000;None;25400.0000
22622;2023-01-13 18:08:01.810000;1;109556;1;1;11800.0000;1;3000.0000;None;32400.0000
17383;2023-01-13 17:18:41.287000;3;200003;1;1;8800.0000;1;8722.0000;None;94200.0000
17383;2023-01-13 17:18:41.287000;3;200003;1;1;8800.0000;1;8722.0000;None;94200.0000
17342;2023-01-13 14:22:05.850000;3;200003;1;1;8800.0000;1;6296.0000;None;68000.0000
17365;2023-01-13 15:56:21.817000;3;200003;1;1;8800.0000;1;7648.0000;None;82600.0000
17368;2023-01-13 16:01:16.787000;3;200006;1;1;8800.0000;1;8315.0000;None;89800.0000
17368;2023-01-13 16:01:16.787000;3;200006;1;1;8800.0000;1;8315.0000;None;89800.0000
17380;2023-01-13 17:14:24.767000;3;200006;1;1;8800.0000;1;19870.0000;None;214600.0000
17389;2023-01-13 17:29:02.207000;3;200006;1;1;8800.0000;1;18019.0000;None;194600.0000
22601;2023-01-13 13:29:55.373000;3;200007;1;1;10800.0000;1;11704.0000;None;126400.0000
22540;2023-01-13 11:06:29.777000;3;200007;1;1;10800.0000;1;2352.0000;None;25400.0000
17421;2023-01-13 18:21:25.403000;3;200008;1;1;13800.0000;1;27926.0000;None;301600.0000
17421;2023-01-13 22:11:20.673000;3;200008;1;-1;-13800.0000;1;27926.0000;None;301600.0000
22623;2023-01-13 18:18:00.303000;3;200008;1;1;13800.0000;1;29537.0000;None;319000.0000
22621;2023-01-13 18:23:23.677000;3;200008;1;1;13800.0000;1;8759.0000;None;94600.0000
22621;2023-01-13 18:21:25.403000;3;200008;1;1;13800.0000;1;8759.0000;None;94600.0000
22614;2023-01-13 18:23:09.223000;3;200008;1;1;13800.0000;1;11796.0000;None;127400.0000
22614;2023-01-13 18:23:09.223000;3;200008;1;1;13800.0000;1;11796.0000;None;127400.0000
22623;2023-01-13 19:06:45.843000;3;200008;1;1;13800.0000;1;29537.0000;None;319000.0000
17378;2023-01-13 17:04:11.103000;3;200009;1;1;9800.0000;1;12241.0000;None;132200.0000
22601;2023-01-13 16:27:14.927000;2;200152;1;1;109800.0000;1;11704.0000;None;126400.0000
22591;2023-01-13 16:50:21.023000;3;200644;1;1;5800.0000;1;3444.0000;None;37200.0000
17367;2023-01-13 16:24:53.960000;3;200644;1;1;5800.0000;1;4278.0000;None;46200.0000
22603;2023-01-13 16:28:32.050000;3;200644;1;1;5800.0000;1;1074.0000;None;11600.0000
22610;2023-01-13 17:14:52.367000;3;200644;1;1;5800.0000;1;18000.0000;None;194400.0000
22609;2023-01-13 17:05:59.773000;3;200644;1;1;5800.0000;1;537.0000;None;5800.0000
17378;2023-01-13 18:05:51.150000;3;200644;1;1;5800.0000;1;12241.0000;None;132200.0000
17378;2023-01-13 18:58:32.727000;3;200644;1;1;5800.0000;1;12241.0000;None;132200.0000
22568;2023-01-13 14:02:20.897000;3;200644;1;1;5800.0000;1;7722.0000;None;83400.0000
17359;2023-01-13 15:25:22.887000;3;200644;1;1;5800.0000;1;2630.0000;None;28400.0000
22580;2023-01-13 14:52:30.383000;3;200644;1;1;5800.0000;1;1611.0000;None;17400.0000
22544;2023-01-13 11:45:48.240000;3;200644;1;1;5800.0000;1;15870.0000;None;171400.0000
22544;2023-01-13 11:03:02.127000;3;200644;1;1;5800.0000;1;15870.0000;None;171400.0000
17316;2023-01-13 11:03:12.050000;3;200644;1;1;5800.0000;1;4093.0000;None;44200.0000
22556;2023-01-13 12:25:47.290000;3;200644;1;1;5800.0000;1;1167.0000;None;12600.0000
22550;2023-01-13 11:39:21.563000;3;200644;1;1;5800.0000;1;1611.0000;None;17400.0000
22549;2023-01-13 11:45:57.640000;3;200644;1;1;5800.0000;1;3704.0000;None;40000.0000
4027;2023-01-13 11:03:08.257000;3;200644;1;1;5800.0000;1;537.0000;None;5800.0000
22554;2023-01-13 12:25:38.673000;3;200644;1;1;5800.0000;1;3833.0000;None;41400.0000
22635;2023-01-13 19:33:27.037000;3;200644;1;1;5800.0000;1;7611.0000;None;82200.0000
17414;2023-01-13 19:33:22.713000;3;200644;1;1;5800.0000;1;3907.0000;None;42200.0000
17415;2023-01-13 19:35:28.663000;3;200644;1;1;5800.0000;1;14278.0000;None;154200.0000
17336;2023-01-13 12:20:45.900000;3;201146;1;1;5800.0000;1;30796.0000;None;332600.0000
17332;2023-01-13 12:19:15.290000;3;201146;1;1;5800.0000;1;4852.0000;None;52400.0000
17333;2023-01-13 15:20:56.190000;3;201146;1;1;5800.0000;1;13870.0000;None;149800.0000
17336;2023-01-13 12:41:25.787000;3;201146;1;1;5800.0000;1;30796.0000;None;332600.0000
22557;2023-01-13 13:01:36.233000;3;201146;1;1;5800.0000;1;1611.0000;None;17400.0000
17314;2023-01-13 09:52:41.163000;3;201146;1;1;5800.0000;1;1704.0000;None;18400.0000
17312;2023-01-13 09:00:29;3;201146;1;1;5800.0000;1;3574.0000;None;38600.0000
22531;2023-01-13 09:23:50.497000;3;201146;1;1;5800.0000;1;3852.0000;None;41600.0000
22531;2023-01-13 09:48:08.110000;3;201146;1;1;5800.0000;1;3852.0000;None;41600.0000
17309;2023-01-13 09:15:17.350000;3;201146;1;1;5800.0000;1;2685.0000;None;29000.0000
17327;2023-01-13 12:05:10.263000;3;201146;1;2;11600.0000;1;2148.0000;None;23200.0000
22580;2023-01-13 14:52:30.383000;3;201146;1;1;5800.0000;1;1611.0000;None;17400.0000
22584;2023-01-13 15:21:09.627000;3;201146;1;1;5800.0000;1;10426.0000;None;112600.0000
22586;2023-01-13 15:30:26.957000;3;201146;1;1;5800.0000;1;1796.0000;None;19400.0000
22587;2023-01-13 14:55:51.370000;3;201146;1;1;5800.0000;1;1074.0000;None;11600.0000
17345;2023-01-13 14:22:32.877000;3;201146;1;1;5800.0000;1;2796.0000;None;30200.0000
22567;2023-01-13 13:51:21.317000;3;201146;1;1;5800.0000;1;4759.0000;None;51400.0000
22570;2023-01-13 14:13:14.250000;3;201146;1;1;5800.0000;1;1981.0000;None;21400.0000
17348;2023-01-13 12:21:50.013000;3;201146;1;1;5800.0000;1;13685.0000;None;147800.0000
22577;2023-01-13 14:37:26.950000;3;201146;1;1;5800.0000;1;4093.0000;None;44200.0000
17350;2023-01-13 14:49:36.713000;3;201146;1;1;5800.0000;1;2463.0000;None;26600.0000
17374;2023-01-13 17:12:49.537000;3;201146;1;1;5800.0000;1;2815.0000;None;30400.0000
17373;2023-01-13 16:42:36.093000;3;201146;1;1;5800.0000;1;3352.0000;None;36200.0000
17375;2023-01-13 16:44:51.850000;3;201146;1;1;5800.0000;1;2093.0000;None;22600.0000
22600;2023-01-13 18:00:54.880000;3;201146;1;1;5800.0000;1;10537.0000;None;113800.0000
22601;2023-01-13 16:33:40.323000;3;201146;1;1;5800.0000;1;11704.0000;None;126400.0000
17415;2023-01-13 19:35:28.663000;3;201146;1;1;5800.0000;1;14278.0000;None;154200.0000
22636;2023-01-13 20:05:52.460000;3;201146;1;1;5800.0000;1;6296.0000;None;68000.0000
22632;2023-01-13 19:02:03.873000;3;201146;1;1;5800.0000;1;2333.0000;None;25200.0000
22612;2023-01-13 17:26:43.167000;3;201146;1;1;5800.0000;1;3315.0000;None;35800.0000
22612;2023-01-13 17:20:48.853000;3;201146;1;1;5800.0000;1;3315.0000;None;35800.0000
17384;2023-01-13 17:23:19.793000;3;201146;1;1;5800.0000;1;4796.0000;None;51800.0000
22616;2023-01-13 17:37:21.363000;2;201187;1;1;9800.0000;1;1537.0000;None;16600.0000
17410;2023-01-13 19:17:00.497000;2;201187;1;1;9800.0000;1;2630.0000;None;28400.0000
22635;2023-01-13 19:33:27.037000;2;201187;1;1;9800.0000;1;7611.0000;None;82200.0000
17414;2023-01-13 19:34:51.527000;2;201187;1;1;9800.0000;1;3907.0000;None;42200.0000
22642;2023-01-13 20:14:32.347000;2;201187;1;1;9800.0000;1;6593.0000;None;71200.0000
17420;2023-01-13 21:13:01.167000;3;201211;1;1;5800.0000;1;7611.0000;None;82200.0000
22639;2023-01-13 19:58:42.997000;3;201211;1;1;5800.0000;1;14074.0000;None;152000.0000
17395;2023-01-13 18:37:20.333000;3;201211;1;1;5800.0000;1;12093.0000;None;130600.0000
17395;2023-01-13 18:22:06.973000;3;201211;1;1;5800.0000;1;12093.0000;None;130600.0000
17395;2023-01-13 18:07:01.643000;3;201211;1;1;5800.0000;1;12093.0000;None;130600.0000
22614;2023-01-13 19:08:52.807000;3;201211;1;1;5800.0000;1;11796.0000;None;127400.0000
22615;2023-01-13 19:21:58.923000;3;201211;1;1;5800.0000;1;32759.0000;None;353800.0000
22594;2023-01-13 17:43:32.607000;3;201211;1;1;5800.0000;1;9574.0000;None;103400.0000
22594;2023-01-13 16:13:53.583000;3;201211;1;1;5800.0000;1;9574.0000;None;103400.0000
17371;2023-01-13 17:03:49.517000;3;201211;1;1;5800.0000;1;4241.0000;None;45800.0000
17378;2023-01-13 17:04:11.103000;3;201211;1;1;5800.0000;1;12241.0000;None;132200.0000
17378;2023-01-13 17:37:31.893000;3;201211;1;1;5800.0000;1;12241.0000;None;132200.0000
17362;2023-01-13 17:48:11.023000;3;201211;1;1;5800.0000;1;17426.0000;None;188200.0000
22583;2023-01-13 15:58:10.663000;3;201211;1;1;5800.0000;1;1167.0000;None;12600.0000
22585;2023-01-13 15:19:55.233000;3;201211;1;1;5800.0000;1;1074.0000;None;11600.0000
17342;2023-01-13 14:21:53.470000;3;201211;1;1;5800.0000;1;6296.0000;None;68000.0000
17342;2023-01-13 13:29:55.373000;3;201211;1;1;5800.0000;1;6296.0000;None;68000.0000
17333;2023-01-13 14:22:23.897000;3;201211;1;1;5800.0000;1;13870.0000;None;149800.0000
22611;2023-01-13 16:49:00.407000;3;201237;1;1;5800.0000;1;10130.0000;None;109400.0000
22611;2023-01-13 16:55:59.950000;3;201237;1;1;5800.0000;1;10130.0000;None;109400.0000
17388;2023-01-13 17:37:01.730000;3;201237;1;1;5800.0000;1;8982.0000;None;97000.0000
22634;2023-01-13 19:28:48.597000;3;201269;1;1;5800.0000;1;537.0000;None;5800.0000
17416;2023-01-13 19:51:02.043000;3;201269;1;1;5800.0000;1;7148.0000;None;77200.0000
22611;2023-01-13 17:15:30.577000;3;201269;1;1;5800.0000;1;10130.0000;None;109400.0000
22597;2023-01-13 16:18:23.660000;3;201269;1;1;5800.0000;1;3889.0000;None;42000.0000
17362;2023-01-13 15:58:11.193000;3;201269;1;1;5800.0000;1;17426.0000;None;188200.0000
17314;2023-01-13 09:57:10.407000;3;201269;1;1;5800.0000;1;1704.0000;None;18400.0000
17340;2023-01-13 13:27:14.993000;1;201546;1;1;31800.0000;1;4204.0000;None;45400.0000
17397;2023-01-13 18:12:31.803000;1;201567;1;1;8800.0000;1;4833.0000;None;52200.0000
17310;2023-01-13 09:20:30.480000;1;201567;1;1;8800.0000;1;2537.0000;None;27400.0000
17307;2023-01-13 08:59:37.003000;1;201567;1;1;8800.0000;1;3519.0000;None;38000.0000
22540;2023-01-13 10:52:44.250000;1;201567;1;1;8800.0000;1;2352.0000;None;25400.0000
22622;2023-01-13 18:41:26.843000;2;201615;1;1;13800.0000;1;3000.0000;None;32400.0000
17393;2023-01-13 17:58:52.510000;2;201615;1;1;13800.0000;1;2556.0000;None;27600.0000
17393;2023-01-13 17:58:52.510000;2;201615;1;1;13800.0000;1;2556.0000;None;27600.0000
17410;2023-01-13 19:17:00.497000;2;201615;1;1;13800.0000;1;2630.0000;None;28400.0000
22627;2023-01-13 18:29:07.410000;2;201615;1;1;13800.0000;1;4482.0000;None;48400.0000
22626;2023-01-13 18:26:10.053000;2;201615;1;1;13800.0000;1;5037.0000;None;54400.0000
22626;2023-01-13 18:26:10.053000;2;201615;1;1;13800.0000;1;5037.0000;None;54400.0000
22628;2023-01-13 18:45:23.307000;2;201615;1;1;13800.0000;1;1278.0000;None;13800.0000
22568;2023-01-13 14:02:20.897000;1;201678;1;1;37800.0000;1;7722.0000;None;83400.0000
22594;2023-01-13 17:43:32.607000;3;201958;1;1;5800.0000;1;9574.0000;None;103400.0000
17342;2023-01-13 14:14:26.467000;3;201958;1;1;5800.0000;1;6296.0000;None;68000.0000
17333;2023-01-13 14:22:23.897000;3;201958;1;1;5800.0000;1;13870.0000;None;149800.0000
17409;2023-01-13 19:22:44.917000;3;201958;1;1;5800.0000;1;1333.0000;None;14400.0000
17397;2023-01-13 18:32:00.950000;3;201958;1;1;5800.0000;1;4833.0000;None;52200.0000
17422;2023-01-13 21:27:06.530000;3;201958;1;1;5800.0000;1;537.0000;None;5800.0000
17419;2023-01-13 21:10:07.483000;3;201958;1;1;5800.0000;1;7444.0000;None;80400.0000
17421;2023-01-13 21:26:55.990000;3;202112;1;1;9800.0000;1;27926.0000;None;301600.0000
17342;2023-01-13 13:41:20.863000;3;202112;1;1;9800.0000;1;6296.0000;None;68000.0000
17378;2023-01-13 17:37:31.893000;3;202112;1;1;9800.0000;1;12241.0000;None;132200.0000
17389;2023-01-13 17:48:04.323000;2;202366;1;1;185800.0000;1;18019.0000;None;194600.0000
17327;2023-01-13 11:15:18.100000;3;202707;1;1;6800.0000;1;2148.0000;None;23200.0000
