17753;2023-01-17 15:13:32.760000;None;3;None;1;-25800.0000;2;None;None;25800.0000
17745;2023-01-17 12:56:53.650000;7;1001;1;1;0.0000;1;10444.0000;None;112800.0000
17745;2023-01-17 12:56:53.650000;7;1001;1;1;0.0000;1;10444.0000;None;112800.0000
17741;2023-01-17 12:26:34.697000;7;1001;1;1;0.0000;1;10889.0000;None;117600.0000
17741;2023-01-17 12:26:34.697000;7;1001;1;1;0.0000;1;10889.0000;None;117600.0000
17793;2023-01-17 16:33:13.220000;7;1001;1;1;0.0000;1;1593.0000;None;17200.0000
17754;2023-01-17 13:35:36.463000;7;1002;1;1;0.0000;1;7370.0000;None;79600.0000
22842;2023-01-17 12:40:10.853000;7;1002;1;1;0.0000;1;14574.0000;None;157400.0000
22842;2023-01-17 12:40:10.853000;7;1002;1;1;0.0000;1;14574.0000;None;157400.0000
17747;2023-01-17 13:12:28.893000;7;1002;1;1;0.0000;1;8889.0000;None;96000.0000
17730;2023-01-17 10:29:43.473000;7;1002;1;1;None;1;12870.0000;None;139000.0000
17857;2023-01-17 19:58:36.580000;7;1011;1;1;0.0000;1;14500.0000;None;156600.0000
17730;2023-01-17 10:46:31.810000;7;1011;1;1;0.0000;1;12870.0000;None;139000.0000
22845;2023-01-17 13:25:26.683000;7;1011;1;1;0.0000;1;21019.0000;None;227000.0000
22845;2023-01-17 13:25:26.683000;7;1011;1;1;0.0000;1;21019.0000;None;227000.0000
17783;2023-01-17 16:16:02.470000;7;1011;1;1;0.0000;1;5204.0000;None;56200.0000
22898;2023-01-17 19:54:07.927000;7;1022;1;1;0.0000;1;5759.0000;None;62200.0000
17855;2023-01-17 20:52:35.877000;7;1027;1;1;None;1;18593.0000;None;200800.0000
17730;2023-01-17 10:46:31.810000;7;1027;1;1;0.0000;1;12870.0000;None;139000.0000
17730;2023-01-17 10:29:43.473000;7;1027;1;1;None;1;12870.0000;None;139000.0000
17730;2023-01-17 10:29:43.473000;7;1027;1;1;None;1;12870.0000;None;139000.0000
17786;2023-01-17 16:18:54.220000;7;1039;1;1;0.0000;1;7500.0000;None;81000.0000
22854;2023-01-17 15:55:28.620000;7;1039;1;1;0.0000;1;10444.0000;None;112800.0000
17802;2023-01-17 19:30:22.087000;7;1039;1;1;None;1;16574.0000;None;179000.0000
17802;2023-01-17 19:30:22.087000;7;1039;1;1;None;1;16574.0000;None;179000.0000
17766;2023-01-17 14:34:49.793000;7;1131;1;1;0.0000;1;2778.0000;None;30000.0000
17847;2023-01-17 18:51:16.150000;7;1131;1;3;0.0000;1;1667.0000;None;18000.0000
17855;2023-01-17 20:24:17.097000;7;1135;1;1;0.0000;1;18593.0000;None;200800.0000
17829;2023-01-17 17:41:34.303000;7;1135;1;1;0.0000;1;None;None;16800.0000
17768;2023-01-17 14:54:00.010000;7;1135;1;1;0.0000;1;12982.0000;None;140200.0000
17768;2023-01-17 14:54:00.010000;7;1135;1;1;0.0000;1;12982.0000;None;140200.0000
17769;2023-01-17 15:09:57.323000;7;1135;1;1;0.0000;1;None;None;52400.0000
17769;2023-01-17 15:09:57.323000;7;1135;1;1;0.0000;1;None;None;52400.0000
17755;2023-01-17 14:17:20.997000;7;1135;1;1;0.0000;1;9852.0000;None;106400.0000
17797;2023-01-17 16:44:40.637000;7;1135;1;1;0.0000;1;1241.0000;None;13400.0000
22828;2023-01-17 10:23:40.403000;7;1135;1;1;0.0000;1;9111.0000;None;98400.0000
22828;2023-01-17 10:23:40.403000;7;1135;1;1;0.0000;1;9111.0000;None;98400.0000
17725;2023-01-17 09:13:30.203000;7;1135;1;1;0.0000;1;3519.0000;None;38000.0000
17749;2023-01-17 13:11:19.127000;7;1135;1;1;None;1;5815.0000;None;62800.0000
17749;2023-01-17 13:11:19.127000;7;1135;1;1;None;1;5815.0000;None;62800.0000
22842;2023-01-17 12:40:10.853000;7;1135;1;1;0.0000;1;14574.0000;None;157400.0000
17741;2023-01-17 12:41:11.703000;7;1157;1;1;0.0000;1;10889.0000;None;117600.0000
17735;2023-01-17 11:18:58.950000;7;1195;1;1;0.0000;1;4093.0000;None;44200.0000
17725;2023-01-17 09:38:24.760000;7;1207;1;1;0.0000;1;3519.0000;None;38000.0000
22829;2023-01-17 10:24:21.423000;7;1207;1;1;0.0000;1;981.0000;None;10600.0000
22837;2023-01-17 11:53:41.337000;7;1207;1;1;0.0000;1;981.0000;None;10600.0000
22838;2023-01-17 11:39:15.170000;7;1207;1;1;0.0000;1;1796.0000;None;19400.0000
17794;2023-01-17 16:39:45.237000;7;1207;1;1;0.0000;1;2519.0000;None;27200.0000
17772;2023-01-17 15:36:47.227000;7;1207;1;1;0.0000;1;1074.0000;None;11600.0000
22846;2023-01-17 15:18:27.737000;7;1207;1;1;0.0000;1;4019.0000;None;43400.0000
22846;2023-01-17 15:18:27.737000;7;1207;1;1;0.0000;1;4019.0000;None;43400.0000
17809;2023-01-17 17:02:22.477000;7;1207;1;1;0.0000;1;4148.0000;None;44800.0000
17815;2023-01-17 16:48:31.237000;7;1207;1;1;0.0000;1;13630.0000;None;147200.0000
17781;2023-01-17 16:12:36.413000;7;1247;1;1;0.0000;1;1444.0000;None;15600.0000
22874;2023-01-17 15:50:05.043000;7;1294;1;1;0.0000;1;7333.0000;None;79200.0000
22873;2023-01-17 16:30:47.200000;7;2002;1;1;0.0000;1;4667.0000;None;50400.0000
17779;2023-01-17 16:01:59.383000;7;2002;1;1;0.0000;1;4982.0000;None;53800.0000
17799;2023-01-17 17:41:49.523000;7;2002;1;1;0.0000;1;5333.0000;None;57600.0000
17788;2023-01-17 16:26:38.173000;7;2002;1;2;0.0000;1;2537.0000;None;27400.0000
22875;2023-01-17 16:27:33.740000;7;2002;1;1;0.0000;1;537.0000;None;5800.0000
17756;2023-01-17 13:36:33.297000;7;2002;1;1;0.0000;1;1704.0000;None;18400.0000
17755;2023-01-17 13:36:20.423000;7;2002;1;1;0.0000;1;9852.0000;None;106400.0000
17755;2023-01-17 13:36:20.423000;7;2002;1;1;0.0000;1;9852.0000;None;106400.0000
22854;2023-01-17 14:48:09.190000;7;2002;1;1;0.0000;1;10444.0000;None;112800.0000
22854;2023-01-17 15:55:28.620000;7;2002;1;1;0.0000;1;10444.0000;None;112800.0000
22854;2023-01-17 15:55:28.620000;7;2002;1;1;0.0000;1;10444.0000;None;112800.0000
22838;2023-01-17 11:39:15.170000;7;2002;1;1;0.0000;1;1796.0000;None;19400.0000
22838;2023-01-17 11:39:15.170000;7;2002;1;1;0.0000;1;1796.0000;None;19400.0000
17740;2023-01-17 12:02:14.657000;7;2002;1;1;0.0000;1;10685.0000;None;115400.0000
17744;2023-01-17 12:51:45.277000;7;2002;1;1;0.0000;1;11741.0000;None;126800.0000
17752;2023-01-17 13:32:32.057000;7;2002;1;1;0.0000;1;4685.0000;None;50600.0000
22834;2023-01-17 12:03:29.483000;7;2002;1;1;0.0000;1;5296.0000;None;57200.0000
17810;2023-01-17 15:50:14.417000;7;2002;1;2;0.0000;1;5296.0000;None;57200.0000
22879;2023-01-17 16:43:29.197000;7;2002;1;1;0.0000;1;2519.0000;None;27200.0000
22879;2023-01-17 16:43:29.197000;7;2002;1;1;0.0000;1;2519.0000;None;27200.0000
17800;2023-01-17 16:29:45.700000;7;2002;1;1;0.0000;1;2778.0000;None;30000.0000
17840;2023-01-17 18:10:14.117000;7;2002;1;1;0.0000;1;1611.0000;None;17400.0000
17840;2023-01-17 18:10:14.117000;7;2002;1;1;0.0000;1;1611.0000;None;17400.0000
22898;2023-01-17 19:43:23.527000;7;2002;1;1;0.0000;1;5759.0000;None;62200.0000
17788;2023-01-17 16:26:38.173000;7;2008;1;2;0.0000;1;2537.0000;None;27400.0000
17801;2023-01-17 16:47:40.260000;7;2008;1;2;0.0000;1;1889.0000;None;20400.0000
17823;2023-01-17 18:08:48.427000;7;2008;1;2;0.0000;1;25889.0000;None;279600.0000
17819;2023-01-17 17:24:29.647000;7;2009;1;1;0.0000;1;2000.0000;None;21600.0000
17823;2023-01-17 18:55:25.577000;7;2009;1;1;0.0000;1;25889.0000;None;279600.0000
17824;2023-01-17 17:34:24.130000;7;2009;1;1;0.0000;1;630.0000;None;6800.0000
17823;2023-01-17 18:55:25.577000;7;2009;1;1;0.0000;1;25889.0000;None;279600.0000
17811;2023-01-17 17:12:50.077000;7;2009;1;1;0.0000;1;6093.0000;None;65800.0000
17811;2023-01-17 17:12:50.077000;7;2009;1;1;0.0000;1;6093.0000;None;65800.0000
17808;2023-01-17 17:00:52.383000;7;2009;1;1;0.0000;1;3315.0000;None;35800.0000
17806;2023-01-17 16:59:21.147000;7;2009;1;2;0.0000;1;2407.0000;None;26000.0000
17806;2023-01-17 16:54:04.257000;7;2009;1;1;None;1;2407.0000;None;26000.0000
22899;2023-01-17 19:20:15.883000;7;2009;1;1;0.0000;1;3648.0000;None;39400.0000
17842;2023-01-17 18:24:53.070000;7;2009;1;1;0.0000;1;6241.0000;None;67400.0000
17842;2023-01-17 18:24:53.070000;7;2009;1;1;0.0000;1;6241.0000;None;67400.0000
17842;2023-01-17 18:24:53.070000;7;2009;1;1;0.0000;1;6241.0000;None;67400.0000
17837;2023-01-17 18:00:19.607000;7;2009;1;1;0.0000;1;4315.0000;None;46600.0000
17839;2023-01-17 18:08:18.850000;7;2009;1;1;0.0000;1;2444.0000;None;26400.0000
17839;2023-01-17 18:08:18.850000;7;2009;1;1;0.0000;1;2444.0000;None;26400.0000
17862;2023-01-17 21:13:14.347000;7;2009;1;1;0.0000;1;5407.0000;None;58400.0000
17862;2023-01-17 21:13:14.347000;7;2009;1;1;0.0000;1;5407.0000;None;58400.0000
17779;2023-01-17 18:00:52.643000;7;2009;1;1;0.0000;1;4982.0000;None;53800.0000
17779;2023-01-17 18:00:52.643000;7;2009;1;1;0.0000;1;4982.0000;None;53800.0000
17777;2023-01-17 16:05:57.233000;7;2009;1;1;0.0000;1;1167.0000;None;12600.0000
17777;2023-01-17 16:05:57.233000;7;2009;1;1;0.0000;1;1167.0000;None;12600.0000
22874;2023-01-17 15:36:41.237000;7;2009;1;1;0.0000;1;7333.0000;None;79200.0000
22867;2023-01-17 15:36:29.783000;7;2009;1;2;0.0000;1;3352.0000;None;36200.0000
22867;2023-01-17 15:36:29.783000;7;2009;1;1;0.0000;1;3352.0000;None;36200.0000
17772;2023-01-17 15:36:47.227000;7;2009;1;1;0.0000;1;1074.0000;None;11600.0000
17772;2023-01-17 15:36:47.227000;7;2009;1;1;0.0000;1;1074.0000;None;11600.0000
22851;2023-01-17 14:21:02.897000;7;2009;1;1;0.0000;1;1259.0000;None;13600.0000
17761;2023-01-17 14:06:13.900000;7;2009;1;1;0.0000;1;2870.0000;None;31000.0000
17761;2023-01-17 14:06:13.900000;7;2009;1;1;0.0000;1;2870.0000;None;31000.0000
17735;2023-01-17 11:26:01.617000;7;2009;1;1;0.0000;1;4093.0000;None;44200.0000
17736;2023-01-17 11:28:42.690000;7;2009;1;1;0.0000;1;1491.0000;None;16100.0000
17734;2023-01-17 11:17:48.307000;7;2009;1;1;0.0000;1;2870.0000;None;31000.0000
17734;2023-01-17 11:17:48.307000;7;2009;1;1;0.0000;1;2870.0000;None;31000.0000
22832;2023-01-17 11:10:52.957000;7;2009;1;1;0.0000;1;1352.0000;None;14600.0000
22825;2023-01-17 10:49:11.173000;7;2009;1;1;0.0000;1;3056.0000;None;33000.0000
22825;2023-01-17 10:04:44.977000;7;2009;1;1;0.0000;1;3056.0000;None;33000.0000
17725;2023-01-17 09:38:24.760000;7;2009;1;1;0.0000;1;3519.0000;None;38000.0000
17738;2023-01-17 11:38:29.417000;7;2009;1;1;0.0000;1;1259.0000;None;13600.0000
17738;2023-01-17 11:38:29.417000;7;2009;1;1;0.0000;1;1259.0000;None;13600.0000
22843;2023-01-17 12:45:25.987000;7;2009;1;1;0.0000;1;1259.0000;None;13600.0000
22843;2023-01-17 12:45:25.987000;7;2009;1;1;0.0000;1;1259.0000;None;13600.0000
22842;2023-01-17 12:52:49.303000;7;2009;1;1;0.0000;1;14574.0000;None;157400.0000
17788;2023-01-17 16:26:38.173000;7;2012;1;1;0.0000;1;2537.0000;None;27400.0000
17743;2023-01-17 12:50:12.607000;7;2013;1;1;0.0000;1;8944.0000;None;96600.0000
17857;2023-01-17 20:02:51.527000;7;2015;1;2;0.0000;1;14500.0000;None;156600.0000
22899;2023-01-17 20:14:40.753000;7;2016;1;1;0.0000;1;3648.0000;None;39400.0000
22842;2023-01-17 12:06:06.937000;7;2016;1;1;0.0000;1;14574.0000;None;157400.0000
22842;2023-01-17 12:06:06.937000;7;2016;1;1;0.0000;1;14574.0000;None;157400.0000
17754;2023-01-17 13:35:36.463000;7;2016;1;1;0.0000;1;7370.0000;None;79600.0000
17754;2023-01-17 13:35:36.463000;7;2016;1;1;0.0000;1;7370.0000;None;79600.0000
17766;2023-01-17 14:32:06.837000;7;2028;1;1;0.0000;1;2778.0000;None;30000.0000
17735;2023-01-17 11:18:58.950000;7;2031;1;1;0.0000;1;4093.0000;None;44200.0000
17730;2023-01-17 11:33:21.277000;7;2033;1;1;0.0000;1;12870.0000;None;139000.0000
17730;2023-01-17 11:33:21.277000;7;2033;1;1;0.0000;1;12870.0000;None;139000.0000
17730;2023-01-17 11:33:21.277000;7;2033;1;1;0.0000;1;12870.0000;None;139000.0000
17761;2023-01-17 15:42:18.430000;7;2033;1;1;0.0000;1;2870.0000;None;31000.0000
17794;2023-01-17 16:39:45.237000;7;2033;1;1;0.0000;1;2519.0000;None;27200.0000
17846;2023-01-17 18:47:27.060000;7;2033;1;1;0.0000;1;30019.0000;None;324200.0000
17846;2023-01-17 18:47:27.060000;7;2033;1;1;0.0000;1;30019.0000;None;324200.0000
17846;2023-01-17 18:47:27.060000;7;2033;1;1;0.0000;1;30019.0000;None;324200.0000
22896;2023-01-17 20:08:05.487000;7;2034;1;1;0.0000;1;4111.0000;None;44400.0000
22896;2023-01-17 20:08:05.487000;7;2034;1;1;0.0000;1;4111.0000;None;44400.0000
17792;2023-01-17 16:32:25.070000;7;2034;1;1;0.0000;1;4741.0000;None;51200.0000
22873;2023-01-17 15:59:52.567000;7;2034;1;1;0.0000;1;4667.0000;None;50400.0000
17783;2023-01-17 15:58:22.637000;7;2042;1;1;0.0000;1;5204.0000;None;56200.0000
17741;2023-01-17 13:01:26.737000;7;2042;1;1;0.0000;1;10889.0000;None;117600.0000
17743;2023-01-17 12:50:12.607000;7;2042;1;1;0.0000;1;8944.0000;None;96600.0000
22839;2023-01-17 12:31:07.637000;7;2044;1;1;0.0000;1;1519.0000;None;16400.0000
17730;2023-01-17 10:59:44.007000;7;2044;1;1;0.0000;1;12870.0000;None;139000.0000
17730;2023-01-17 10:26:58.800000;7;2044;1;1;0.0000;1;12870.0000;None;139000.0000
22863;2023-01-17 15:32:26.657000;7;2044;1;1;0.0000;1;7074.0000;None;76400.0000
17794;2023-01-17 16:39:45.237000;7;2046;1;1;0.0000;1;2519.0000;None;27200.0000
17794;2023-01-17 16:39:45.237000;7;2046;1;1;0.0000;1;2519.0000;None;27200.0000
17840;2023-01-17 18:10:14.117000;7;2049;1;3;0.0000;1;1611.0000;None;17400.0000
22888;2023-01-17 18:00:28.223000;7;2050;1;1;0.0000;1;3593.0000;None;38800.0000
17818;2023-01-17 18:40:58.480000;7;2050;1;1;0.0000;1;2148.0000;None;23200.0000
17783;2023-01-17 15:58:22.637000;7;2050;1;1;0.0000;1;5204.0000;None;56200.0000
22828;2023-01-17 11:40:35.547000;7;2050;1;1;0.0000;1;9111.0000;None;98400.0000
22828;2023-01-17 10:44:38.307000;7;2050;1;1;0.0000;1;9111.0000;None;98400.0000
17730;2023-01-17 11:14:30.957000;7;2050;1;1;0.0000;1;12870.0000;None;139000.0000
17730;2023-01-17 13:11:52.747000;7;2050;1;1;0.0000;1;12870.0000;None;139000.0000
17730;2023-01-17 13:11:52.747000;7;2050;1;1;0.0000;1;12870.0000;None;139000.0000
17734;2023-01-17 12:10:49.243000;7;2051;1;1;0.0000;1;2870.0000;None;31000.0000
17725;2023-01-17 09:12:48.700000;7;2051;1;1;0.0000;1;3519.0000;None;38000.0000
17772;2023-01-17 15:36:47.227000;7;2051;1;1;0.0000;1;1074.0000;None;11600.0000
17772;2023-01-17 15:36:47.227000;7;2051;1;1;0.0000;1;1074.0000;None;11600.0000
22867;2023-01-17 15:36:29.783000;7;2051;1;1;0.0000;1;3352.0000;None;36200.0000
17798;2023-01-17 16:41:10.777000;7;2051;1;1;0.0000;1;22222.0000;None;240000.0000
17838;2023-01-17 18:06:56.197000;7;2051;1;1;0.0000;1;2352.0000;None;25400.0000
17846;2023-01-17 21:21:44.770000;7;2052;1;2;0.0000;1;30019.0000;None;324200.0000
22902;2023-01-17 20:54:46.763000;7;2052;1;200;0.0000;1;1889.0000;None;20400.0000
22902;2023-01-17 20:37:51.307000;7;2052;1;200;0.0000;1;1889.0000;None;20400.0000
17823;2023-01-17 18:55:25.577000;7;2052;1;1;0.0000;1;25889.0000;None;279600.0000
17823;2023-01-17 18:55:25.577000;7;2052;1;1;0.0000;1;25889.0000;None;279600.0000
17824;2023-01-17 17:34:24.130000;7;2052;1;1;0.0000;1;630.0000;None;6800.0000
17824;2023-01-17 17:34:24.130000;7;2052;1;1;0.0000;1;630.0000;None;6800.0000
17823;2023-01-17 18:55:25.577000;7;2052;1;1;0.0000;1;25889.0000;None;279600.0000
17823;2023-01-17 18:55:25.577000;7;2052;1;1;0.0000;1;25889.0000;None;279600.0000
17802;2023-01-17 17:42:35.670000;7;2052;1;1;0.0000;1;16574.0000;None;179000.0000
17802;2023-01-17 17:42:35.670000;7;2052;1;1;0.0000;1;16574.0000;None;179000.0000
17802;2023-01-17 17:42:35.670000;7;2052;1;1;0.0000;1;16574.0000;None;179000.0000
17802;2023-01-17 17:42:35.670000;7;2052;1;1;0.0000;1;16574.0000;None;179000.0000
17768;2023-01-17 15:43:54.763000;7;2052;1;1;0.0000;1;12982.0000;None;140200.0000
17768;2023-01-17 15:43:54.763000;7;2052;1;1;0.0000;1;12982.0000;None;140200.0000
17768;2023-01-17 15:43:54.763000;7;2052;1;1;0.0000;1;12982.0000;None;140200.0000
17757;2023-01-17 13:44:29.360000;7;2052;1;1;0.0000;1;1352.0000;None;14600.0000
17757;2023-01-17 13:44:29.360000;7;2052;1;1;0.0000;1;1352.0000;None;14600.0000
17757;2023-01-17 13:44:29.360000;7;2052;1;1;0.0000;1;1352.0000;None;14600.0000
17757;2023-01-17 13:44:29.360000;7;2052;1;1;0.0000;1;1352.0000;None;14600.0000
17725;2023-01-17 09:38:24.760000;7;2052;1;1;0.0000;1;3519.0000;None;38000.0000
22825;2023-01-17 10:04:44.977000;7;2052;1;1;0.0000;1;3056.0000;None;33000.0000
22825;2023-01-17 10:04:44.977000;7;2052;1;1;0.0000;1;3056.0000;None;33000.0000
17726;2023-01-17 09:37:57.763000;7;2052;1;1;0.0000;1;3056.0000;None;33000.0000
17726;2023-01-17 09:37:57.763000;7;2052;1;1;0.0000;1;3056.0000;None;33000.0000
17726;2023-01-17 09:59:19.260000;7;2052;1;1;0.0000;1;3056.0000;None;33000.0000
17726;2023-01-17 09:59:19.260000;7;2052;1;1;0.0000;1;3056.0000;None;33000.0000
17726;2023-01-17 09:59:19.260000;7;2052;1;1;0.0000;1;3056.0000;None;33000.0000
17726;2023-01-17 09:59:19.260000;7;2052;1;1;0.0000;1;3056.0000;None;33000.0000
17734;2023-01-17 11:57:38.587000;7;2052;1;1;0.0000;1;2870.0000;None;31000.0000
17734;2023-01-17 11:57:38.587000;7;2052;1;1;0.0000;1;2870.0000;None;31000.0000
17734;2023-01-17 11:17:48.307000;7;2052;1;1;0.0000;1;2870.0000;None;31000.0000
17734;2023-01-17 11:17:48.307000;7;2052;1;1;0.0000;1;2870.0000;None;31000.0000
17736;2023-01-17 11:28:42.690000;7;2052;1;1;0.0000;1;1491.0000;None;16100.0000
22840;2023-01-17 11:48:35.097000;7;2052;1;1;0.0000;1;1074.0000;None;11600.0000
22840;2023-01-17 11:48:35.097000;7;2052;1;1;0.0000;1;1074.0000;None;11600.0000
22843;2023-01-17 12:45:25.987000;7;2052;1;1;0.0000;1;1259.0000;None;13600.0000
22843;2023-01-17 12:45:25.987000;7;2052;1;1;0.0000;1;1259.0000;None;13600.0000
17855;2023-01-17 21:10:05.787000;7;2056;1;1;0.0000;1;18593.0000;None;200800.0000
17855;2023-01-17 21:10:05.787000;7;2056;1;1;0.0000;1;18593.0000;None;200800.0000
22902;2023-01-17 20:37:51.307000;7;2057;1;1;0.0000;1;1889.0000;None;20400.0000
22887;2023-01-17 17:54:46.477000;7;2057;1;1;0.0000;1;1426.0000;None;15400.0000
22892;2023-01-17 19:16:33.283000;7;2057;1;1;0.0000;1;5833.0000;None;63000.0000
17754;2023-01-17 14:18:26.993000;7;2057;1;1;0.0000;1;7370.0000;None;79600.0000
17761;2023-01-17 14:06:13.900000;7;2057;1;1;0.0000;1;2870.0000;None;31000.0000
22863;2023-01-17 17:28:25.630000;7;2057;1;1;0.0000;1;7074.0000;None;76400.0000
17799;2023-01-17 17:13:29.827000;7;2057;1;1;0.0000;1;5333.0000;None;57600.0000
17781;2023-01-17 16:12:36.413000;7;2057;1;1;0.0000;1;1444.0000;None;15600.0000
17795;2023-01-17 16:38:35.567000;7;2060;1;1;0.0000;1;3000.0000;None;32400.0000
22865;2023-01-17 15:33:46.557000;7;2060;1;1;0.0000;1;7611.0000;None;82200.0000
22842;2023-01-17 12:20:06.077000;7;2060;1;1;0.0000;1;14574.0000;None;157400.0000
17847;2023-01-17 18:45:27.340000;7;2060;1;1;0.0000;1;1667.0000;None;18000.0000
17801;2023-01-17 15:58:07.793000;7;2060;1;1;0.0000;1;1889.0000;None;20400.0000
17825;2023-01-17 17:34:14.520000;7;2065;1;1;0.0000;1;1704.0000;None;18400.0000
22828;2023-01-17 10:16:07.857000;7;2065;1;1;0.0000;1;9111.0000;None;98400.0000
17734;2023-01-17 11:17:48.307000;7;2089;1;1;0.0000;1;2870.0000;None;31000.0000
17848;2023-01-17 18:57:17.547000;1;100590;1;1;5800.0000;1;1167.0000;None;12600.0000
17730;2023-01-17 10:46:31.810000;1;100590;1;1;5800.0000;1;12870.0000;None;139000.0000
17730;2023-01-17 10:29:43.473000;1;100590;1;1;5800.0000;1;12870.0000;None;139000.0000
17796;2023-01-17 16:50:34.183000;1;100590;1;1;5800.0000;1;3815.0000;None;41200.0000
17797;2023-01-17 16:44:40.637000;1;100590;1;1;5800.0000;1;1241.0000;None;13400.0000
17794;2023-01-17 16:28:51.447000;3;100596;1;1;5800.0000;1;2519.0000;None;27200.0000
17777;2023-01-17 16:48:54.953000;3;100596;1;1;5800.0000;1;1167.0000;None;12600.0000
17730;2023-01-17 12:32:53.880000;3;100596;1;1;5800.0000;1;12870.0000;None;139000.0000
22828;2023-01-17 11:16:25.673000;3;100596;1;1;5800.0000;1;9111.0000;None;98400.0000
17726;2023-01-17 09:37:57.763000;3;100596;1;1;5800.0000;1;3056.0000;None;33000.0000
22840;2023-01-17 11:48:35.097000;3;100596;1;1;5800.0000;1;1074.0000;None;11600.0000
17749;2023-01-17 13:54:42.587000;3;100596;1;2;11600.0000;1;5815.0000;None;62800.0000
17815;2023-01-17 16:48:31.237000;3;100596;1;3;17400.0000;1;13630.0000;None;147200.0000
17799;2023-01-17 17:53:18.910000;3;100596;1;1;5800.0000;1;5333.0000;None;57600.0000
22883;2023-01-17 17:03:28.133000;3;100596;1;1;5800.0000;1;1981.0000;None;21400.0000
17808;2023-01-17 17:00:52.383000;3;100606;1;1;6800.0000;1;3315.0000;None;35800.0000
17810;2023-01-17 15:45:00.743000;3;100606;1;1;6800.0000;1;5296.0000;None;57200.0000
17806;2023-01-17 16:59:21.147000;3;100606;1;2;13600.0000;1;2407.0000;None;26000.0000
17805;2023-01-17 16:41:36.197000;3;100606;1;1;6800.0000;1;1259.0000;None;13600.0000
17802;2023-01-17 17:42:35.670000;3;100606;1;1;6800.0000;1;16574.0000;None;179000.0000
22881;2023-01-17 16:50:07.523000;3;100606;1;1;6800.0000;1;3685.0000;None;39800.0000
22881;2023-01-17 17:10:31.903000;3;100606;1;1;6800.0000;1;3685.0000;None;39800.0000
17802;2023-01-17 17:42:35.670000;3;100606;1;1;6800.0000;1;16574.0000;None;179000.0000
17800;2023-01-17 17:12:58.177000;3;100606;1;1;6800.0000;1;2778.0000;None;30000.0000
17811;2023-01-17 17:24:11.847000;3;100606;1;1;6800.0000;1;6093.0000;None;65800.0000
17811;2023-01-17 17:12:50.077000;3;100606;1;1;6800.0000;1;6093.0000;None;65800.0000
17811;2023-01-17 17:12:50.077000;3;100606;1;1;6800.0000;1;6093.0000;None;65800.0000
17827;2023-01-17 17:40:32.693000;3;100606;1;1;6800.0000;1;630.0000;None;6800.0000
17823;2023-01-17 18:55:25.577000;3;100606;1;1;6800.0000;1;25889.0000;None;279600.0000
17824;2023-01-17 17:34:24.130000;3;100606;1;1;6800.0000;1;630.0000;None;6800.0000
17849;2023-01-17 19:03:11.047000;3;100606;1;1;6800.0000;1;630.0000;None;6800.0000
17846;2023-01-17 18:47:27.060000;3;100606;1;1;6800.0000;1;30019.0000;None;324200.0000
17846;2023-01-17 21:21:44.770000;3;100606;1;1;6800.0000;1;30019.0000;None;324200.0000
17846;2023-01-17 21:21:44.770000;3;100606;1;1;6800.0000;1;30019.0000;None;324200.0000
22896;2023-01-17 20:08:05.487000;3;100606;1;1;6800.0000;1;4111.0000;None;44400.0000
22896;2023-01-17 20:08:05.487000;3;100606;1;1;6800.0000;1;4111.0000;None;44400.0000
22902;2023-01-17 20:54:46.763000;3;100606;1;1;6800.0000;1;1889.0000;None;20400.0000
22900;2023-01-17 20:25:46.777000;3;100606;1;1;6800.0000;1;2000.0000;None;21600.0000
22902;2023-01-17 20:37:51.307000;3;100606;1;1;6800.0000;1;1889.0000;None;20400.0000
17854;2023-01-17 19:54:42.683000;3;100606;1;1;6800.0000;1;630.0000;None;6800.0000
22899;2023-01-17 19:20:15.883000;3;100606;1;1;6800.0000;1;3648.0000;None;39400.0000
22892;2023-01-17 18:30:28.597000;3;100606;1;1;6800.0000;1;5833.0000;None;63000.0000
22887;2023-01-17 17:54:46.477000;3;100606;1;1;6800.0000;1;1426.0000;None;15400.0000
17833;2023-01-17 17:56:47.630000;3;100606;1;1;6800.0000;1;1889.0000;None;20400.0000
17839;2023-01-17 18:08:18.850000;3;100606;1;1;6800.0000;1;2444.0000;None;26400.0000
22888;2023-01-17 17:35:07.280000;3;100606;1;2;13600.0000;1;3593.0000;None;38800.0000
22888;2023-01-17 18:19:39.607000;3;100606;1;1;6800.0000;1;3593.0000;None;38800.0000
22888;2023-01-17 18:19:39.607000;3;100606;1;1;6800.0000;1;3593.0000;None;38800.0000
17862;2023-01-17 21:13:14.347000;3;100606;1;1;6800.0000;1;5407.0000;None;58400.0000
17862;2023-01-17 21:13:14.347000;3;100606;1;1;6800.0000;1;5407.0000;None;58400.0000
17738;2023-01-17 11:38:29.417000;3;100606;1;1;6800.0000;1;1259.0000;None;13600.0000
17738;2023-01-17 11:38:29.417000;3;100606;1;1;6800.0000;1;1259.0000;None;13600.0000
22841;2023-01-17 12:03:39.577000;3;100606;1;1;6800.0000;1;2519.0000;None;27200.0000
22842;2023-01-17 13:03:17.407000;3;100606;1;1;6800.0000;1;14574.0000;None;157400.0000
22842;2023-01-17 12:52:49.303000;3;100606;1;1;6800.0000;1;14574.0000;None;157400.0000
22843;2023-01-17 12:45:25.987000;3;100606;1;1;6800.0000;1;1259.0000;None;13600.0000
22843;2023-01-17 12:45:25.987000;3;100606;1;1;6800.0000;1;1259.0000;None;13600.0000
17726;2023-01-17 09:59:19.260000;3;100606;1;1;6800.0000;1;3056.0000;None;33000.0000
22825;2023-01-17 09:53:22.213000;3;100606;1;1;6800.0000;1;3056.0000;None;33000.0000
22825;2023-01-17 10:49:11.173000;3;100606;1;1;6800.0000;1;3056.0000;None;33000.0000
22825;2023-01-17 10:49:11.173000;3;100606;1;1;6800.0000;1;3056.0000;None;33000.0000
22825;2023-01-17 10:04:44.977000;3;100606;1;1;6800.0000;1;3056.0000;None;33000.0000
22828;2023-01-17 10:16:07.857000;3;100606;1;1;6800.0000;1;9111.0000;None;98400.0000
17730;2023-01-17 11:33:21.277000;3;100606;1;1;6800.0000;1;12870.0000;None;139000.0000
17730;2023-01-17 12:32:53.880000;3;100606;1;1;6800.0000;1;12870.0000;None;139000.0000
17730;2023-01-17 10:29:01.640000;3;100606;1;1;6800.0000;1;12870.0000;None;139000.0000
17734;2023-01-17 11:17:48.307000;3;100606;1;1;6800.0000;1;2870.0000;None;31000.0000
17736;2023-01-17 11:28:42.690000;3;100606;1;1;6800.0000;1;1491.0000;None;16100.0000
22834;2023-01-17 11:23:57.817000;3;100606;1;1;6800.0000;1;5296.0000;None;57200.0000
17777;2023-01-17 16:05:57.233000;3;100606;1;1;6800.0000;1;1167.0000;None;12600.0000
22874;2023-01-17 15:36:41.237000;3;100606;1;1;6800.0000;1;7333.0000;None;79200.0000
22874;2023-01-17 16:16:49.267000;3;100606;1;1;6800.0000;1;7333.0000;None;79200.0000
22874;2023-01-17 16:41:06.040000;3;100606;1;1;6800.0000;1;7333.0000;None;79200.0000
22874;2023-01-17 16:03:41.273000;3;100606;1;1;6800.0000;1;7333.0000;None;79200.0000
17779;2023-01-17 17:32:02.347000;3;100606;1;1;6800.0000;1;4982.0000;None;53800.0000
17778;2023-01-17 16:14:42.883000;3;100606;1;1;6800.0000;1;2241.0000;None;24200.0000
17778;2023-01-17 16:06:36.237000;3;100606;1;1;6800.0000;1;2241.0000;None;24200.0000
17774;2023-01-17 15:59:39.850000;3;100606;1;1;6800.0000;1;2722.0000;None;29400.0000
17773;2023-01-17 15:48:00.893000;3;100606;1;1;6800.0000;1;2056.0000;None;22200.0000
17773;2023-01-17 15:48:00.893000;3;100606;1;1;6800.0000;1;2056.0000;None;22200.0000
17791;2023-01-17 16:30:36.740000;3;100606;1;1;6800.0000;1;1537.0000;None;16600.0000
17787;2023-01-17 16:21:11.807000;3;100606;1;1;6800.0000;1;815.0000;None;8800.0000
17794;2023-01-17 16:39:45.237000;3;100606;1;1;6800.0000;1;2519.0000;None;27200.0000
22861;2023-01-17 15:30:33.453000;3;100606;1;1;6800.0000;1;1704.0000;None;18400.0000
22858;2023-01-17 15:03:10.917000;3;100606;1;1;6800.0000;1;2796.0000;None;30200.0000
17768;2023-01-17 15:43:54.763000;3;100606;1;1;6800.0000;1;12982.0000;None;140200.0000
17768;2023-01-17 15:43:54.763000;3;100606;1;1;6800.0000;1;12982.0000;None;140200.0000
22855;2023-01-17 15:28:42.443000;3;100606;1;1;6800.0000;1;18370.0000;None;198400.0000
17761;2023-01-17 14:06:13.900000;3;100606;1;1;6800.0000;1;2870.0000;None;31000.0000
22848;2023-01-17 14:03:50.443000;3;100606;1;1;6800.0000;1;1167.0000;None;12600.0000
17761;2023-01-17 15:42:18.430000;3;100606;1;1;6800.0000;1;2870.0000;None;31000.0000
17762;2023-01-17 14:06:39.387000;3;100606;1;1;6800.0000;1;1796.0000;None;19400.0000
17762;2023-01-17 14:06:39.387000;3;100606;1;1;6800.0000;1;1796.0000;None;19400.0000
17760;2023-01-17 14:09:33.577000;3;100606;1;1;6800.0000;1;1444.0000;None;15600.0000
22851;2023-01-17 14:21:02.897000;3;100606;1;1;6800.0000;1;1259.0000;None;13600.0000
22850;2023-01-17 15:28:23.270000;3;100606;1;1;6800.0000;1;8019.0000;None;86600.0000
22850;2023-01-17 15:46:26.520000;3;100606;1;1;6800.0000;1;8019.0000;None;86600.0000
22850;2023-01-17 14:13:50.267000;3;100606;1;1;6800.0000;1;8019.0000;None;86600.0000
22850;2023-01-17 14:13:50.267000;3;100606;1;1;6800.0000;1;8019.0000;None;86600.0000
17755;2023-01-17 14:17:20.997000;3;100606;1;1;6800.0000;1;9852.0000;None;106400.0000
17757;2023-01-17 13:44:29.360000;3;100606;1;1;6800.0000;1;1352.0000;None;14600.0000
17756;2023-01-17 13:36:33.297000;3;100606;1;1;6800.0000;1;1704.0000;None;18400.0000
17759;2023-01-17 13:54:56.200000;3;100606;1;1;6800.0000;1;2185.0000;None;23600.0000
22851;2023-01-17 14:21:02.897000;3;100607;1;1;6800.0000;1;1259.0000;None;13600.0000
22853;2023-01-17 14:29:03.173000;3;100607;1;1;6800.0000;1;4648.0000;None;50200.0000
22853;2023-01-17 14:29:03.173000;3;100607;1;1;6800.0000;1;4648.0000;None;50200.0000
17734;2023-01-17 11:57:38.587000;3;100607;1;1;6800.0000;1;2870.0000;None;31000.0000
22833;2023-01-17 11:13:52.430000;3;100607;1;1;6800.0000;1;1259.0000;None;13600.0000
22833;2023-01-17 11:13:52.430000;3;100607;1;1;6800.0000;1;1259.0000;None;13600.0000
17725;2023-01-17 09:38:24.760000;3;100607;1;1;6800.0000;1;3519.0000;None;38000.0000
22844;2023-01-17 13:17:25.020000;3;100607;1;1;6800.0000;1;2870.0000;None;31000.0000
22844;2023-01-17 13:18:20.513000;3;100607;1;1;6800.0000;1;2870.0000;None;31000.0000
17848;2023-01-17 18:57:17.547000;3;100607;1;1;6800.0000;1;1167.0000;None;12600.0000
17813;2023-01-17 17:21:52.340000;3;100607;1;1;6800.0000;1;2259.0000;None;24400.0000
17819;2023-01-17 17:24:29.647000;3;100607;1;1;6800.0000;1;2000.0000;None;21600.0000
17806;2023-01-17 16:54:04.257000;3;100607;1;1;6800.0000;1;2407.0000;None;26000.0000
17810;2023-01-17 15:45:00.743000;3;100613;1;1;5800.0000;1;5296.0000;None;57200.0000
17730;2023-01-17 10:27:08.120000;3;100613;1;1;5800.0000;1;12870.0000;None;139000.0000
17730;2023-01-17 10:26:58.800000;3;100613;1;1;5800.0000;1;12870.0000;None;139000.0000
17730;2023-01-17 10:59:44.007000;3;100613;1;2;11600.0000;1;12870.0000;None;139000.0000
17764;2023-01-17 14:18:39.103000;3;100613;1;1;5800.0000;1;1074.0000;None;11600.0000
17762;2023-01-17 14:06:39.387000;3;100613;1;1;5800.0000;1;1796.0000;None;19400.0000
17757;2023-01-17 13:44:29.360000;3;100613;1;1;5800.0000;1;1352.0000;None;14600.0000
22863;2023-01-17 15:32:26.657000;3;100613;1;1;5800.0000;1;7074.0000;None;76400.0000
22865;2023-01-17 17:13:18.483000;3;100613;1;1;5800.0000;1;7611.0000;None;82200.0000
22865;2023-01-17 15:32:53.623000;3;100614;1;1;5800.0000;1;7611.0000;None;82200.0000
22865;2023-01-17 15:32:53.623000;3;100614;1;1;5800.0000;1;7611.0000;None;82200.0000
22865;2023-01-17 16:19:05.907000;3;100614;1;1;5800.0000;1;7611.0000;None;82200.0000
22865;2023-01-17 16:23:10.907000;3;100614;1;1;5800.0000;1;7611.0000;None;82200.0000
22865;2023-01-17 16:23:10.907000;3;100614;1;1;5800.0000;1;7611.0000;None;82200.0000
17779;2023-01-17 16:13:04.023000;3;100614;1;1;5800.0000;1;4982.0000;None;53800.0000
17781;2023-01-17 16:12:36.413000;3;100614;1;1;5800.0000;1;1444.0000;None;15600.0000
22874;2023-01-17 17:10:43.857000;3;100614;1;1;5800.0000;1;7333.0000;None;79200.0000
22874;2023-01-17 15:50:05.043000;3;100614;1;1;5800.0000;1;7333.0000;None;79200.0000
17778;2023-01-17 16:06:36.237000;3;100614;1;1;5800.0000;1;2241.0000;None;24200.0000
17797;2023-01-17 16:39:28.410000;3;100614;1;1;5800.0000;1;1241.0000;None;13400.0000
17799;2023-01-17 16:41:31.277000;3;100614;1;1;5800.0000;1;5333.0000;None;57600.0000
17786;2023-01-17 16:18:54.220000;3;100614;1;1;5800.0000;1;7500.0000;None;81000.0000
17792;2023-01-17 16:32:25.070000;3;100614;1;1;5800.0000;1;4741.0000;None;51200.0000
17792;2023-01-17 16:31:13.417000;3;100614;1;1;5800.0000;1;4741.0000;None;51200.0000
17788;2023-01-17 16:30:48.367000;3;100614;1;1;5800.0000;1;2537.0000;None;27400.0000
22860;2023-01-17 15:22:37.230000;3;100614;1;1;5800.0000;1;6056.0000;None;65400.0000
22865;2023-01-17 16:17:31.173000;3;100614;1;1;5800.0000;1;7611.0000;None;82200.0000
22863;2023-01-17 17:28:25.630000;3;100614;1;1;5800.0000;1;7074.0000;None;76400.0000
22863;2023-01-17 16:15:21.143000;3;100614;1;1;5800.0000;1;7074.0000;None;76400.0000
22855;2023-01-17 17:49:52.090000;3;100614;1;1;5800.0000;1;18370.0000;None;198400.0000
17770;2023-01-17 15:17:31.523000;3;100614;1;1;5800.0000;1;1074.0000;None;11600.0000
17770;2023-01-17 15:17:31.523000;3;100614;1;1;5800.0000;1;1074.0000;None;11600.0000
22859;2023-01-17 15:52:47.030000;3;100614;1;1;5800.0000;1;1611.0000;None;17400.0000
22859;2023-01-17 15:21:13;3;100614;1;1;5800.0000;1;1611.0000;None;17400.0000
22855;2023-01-17 16:24:17.090000;3;100614;1;1;5800.0000;1;18370.0000;None;198400.0000
22855;2023-01-17 16:24:17.090000;3;100614;1;1;5800.0000;1;18370.0000;None;198400.0000
17768;2023-01-17 15:43:54.763000;3;100614;1;1;5800.0000;1;12982.0000;None;140200.0000
17768;2023-01-17 15:27:33.250000;3;100614;1;1;5800.0000;1;12982.0000;None;140200.0000
17768;2023-01-17 15:27:33.250000;3;100614;1;1;5800.0000;1;12982.0000;None;140200.0000
17766;2023-01-17 15:19:12.577000;3;100614;1;1;5800.0000;1;2778.0000;None;30000.0000
17766;2023-01-17 14:32:06.837000;3;100614;1;1;5800.0000;1;2778.0000;None;30000.0000
22854;2023-01-17 15:55:28.620000;3;100614;1;1;5800.0000;1;10444.0000;None;112800.0000
17756;2023-01-17 13:36:33.297000;3;100614;1;1;5800.0000;1;1704.0000;None;18400.0000
22846;2023-01-17 14:46:12.417000;3;100614;1;1;5800.0000;1;4019.0000;None;43400.0000
22846;2023-01-17 13:57:34.190000;3;100614;1;1;5800.0000;1;4019.0000;None;43400.0000
17761;2023-01-17 15:01:47.497000;3;100614;1;1;5800.0000;1;2870.0000;None;31000.0000
22848;2023-01-17 14:03:50.443000;3;100614;1;1;5800.0000;1;1167.0000;None;12600.0000
17764;2023-01-17 14:18:39.103000;3;100614;1;1;5800.0000;1;1074.0000;None;11600.0000
22850;2023-01-17 14:21:34.190000;3;100614;1;1;5800.0000;1;8019.0000;None;86600.0000
22850;2023-01-17 14:21:34.190000;3;100614;1;1;5800.0000;1;8019.0000;None;86600.0000
17763;2023-01-17 13:00:48.210000;3;100614;1;1;5800.0000;1;1074.0000;None;11600.0000
17763;2023-01-17 14:07:20.893000;3;100614;1;1;5800.0000;1;1074.0000;None;11600.0000
17733;2023-01-17 11:00:40.330000;3;100614;1;1;5800.0000;1;537.0000;None;5800.0000
17732;2023-01-17 11:22:40.730000;3;100614;1;1;5800.0000;1;3056.0000;None;33000.0000
17732;2023-01-17 11:02:46.803000;3;100614;1;1;5800.0000;1;3056.0000;None;33000.0000
17732;2023-01-17 10:42:25.903000;3;100614;1;1;5800.0000;1;3056.0000;None;33000.0000
22830;2023-01-17 11:27:35.743000;3;100614;1;1;5800.0000;1;1889.0000;None;20400.0000
22830;2023-01-17 10:50:54.913000;3;100614;1;1;5800.0000;1;1889.0000;None;20400.0000
22834;2023-01-17 11:23:57.817000;3;100614;1;1;5800.0000;1;5296.0000;None;57200.0000
22834;2023-01-17 11:31:30.020000;3;100614;1;1;5800.0000;1;5296.0000;None;57200.0000
22834;2023-01-17 12:03:29.483000;3;100614;1;1;5800.0000;1;5296.0000;None;57200.0000
22834;2023-01-17 12:11:15.003000;3;100614;1;1;5800.0000;1;5296.0000;None;57200.0000
22834;2023-01-17 12:11:15.003000;3;100614;1;1;5800.0000;1;5296.0000;None;57200.0000
22834;2023-01-17 12:18:43.337000;3;100614;1;1;5800.0000;1;5296.0000;None;57200.0000
22835;2023-01-17 11:31:19.703000;3;100614;1;1;5800.0000;1;1074.0000;None;11600.0000
22828;2023-01-17 11:16:25.673000;3;100614;1;1;5800.0000;1;9111.0000;None;98400.0000
22825;2023-01-17 10:02:48.090000;3;100614;1;1;5800.0000;1;3056.0000;None;33000.0000
17724;2023-01-17 08:29:25.607000;3;100614;1;1;5800.0000;1;1889.0000;None;20400.0000
17724;2023-01-17 08:12:03.190000;3;100614;1;1;5800.0000;1;1889.0000;None;20400.0000
22824;2023-01-17 08:40:03.007000;3;100614;1;1;5800.0000;1;4889.0000;None;52800.0000
22824;2023-01-17 08:40:03.007000;3;100614;1;1;5800.0000;1;4889.0000;None;52800.0000
22844;2023-01-17 13:21:37.730000;3;100614;1;1;5800.0000;1;2870.0000;None;31000.0000
22844;2023-01-17 13:54:59.693000;3;100614;1;1;5800.0000;1;2870.0000;None;31000.0000
22844;2023-01-17 13:54:59.693000;3;100614;1;1;5800.0000;1;2870.0000;None;31000.0000
17749;2023-01-17 13:54:25.147000;3;100614;1;1;5800.0000;1;5815.0000;None;62800.0000
17743;2023-01-17 13:12:43.743000;3;100614;1;1;5800.0000;1;8944.0000;None;96600.0000
17741;2023-01-17 13:01:35.173000;3;100614;1;1;5800.0000;1;10889.0000;None;117600.0000
22841;2023-01-17 12:23:48.750000;3;100614;1;1;5800.0000;1;2519.0000;None;27200.0000
22835;2023-01-17 11:53:25.160000;3;100614;1;1;5800.0000;1;1074.0000;None;11600.0000
22836;2023-01-17 11:56:08.800000;3;100614;1;1;5800.0000;1;1611.0000;None;17400.0000
22836;2023-01-17 11:31:25.247000;3;100614;1;1;5800.0000;1;1611.0000;None;17400.0000
22837;2023-01-17 11:53:41.337000;3;100614;1;1;5800.0000;1;981.0000;None;10600.0000
22838;2023-01-17 12:24:40.197000;3;100614;1;1;5800.0000;1;1796.0000;None;19400.0000
17740;2023-01-17 12:45:36.003000;3;100614;1;1;5800.0000;1;10685.0000;None;115400.0000
22839;2023-01-17 12:31:07.637000;3;100614;1;1;5800.0000;1;1519.0000;None;16400.0000
17808;2023-01-17 17:00:52.383000;3;100614;1;1;5800.0000;1;3315.0000;None;35800.0000
22883;2023-01-17 17:00:13.477000;3;100614;1;1;5800.0000;1;1981.0000;None;21400.0000
17800;2023-01-17 17:14:19.087000;3;100614;1;1;5800.0000;1;2778.0000;None;30000.0000
17801;2023-01-17 16:00:38.483000;3;100614;1;1;5800.0000;1;1889.0000;None;20400.0000
22879;2023-01-17 16:43:29.197000;3;100614;1;1;5800.0000;1;2519.0000;None;27200.0000
17800;2023-01-17 16:29:45.683000;3;100614;1;1;5800.0000;1;2778.0000;None;30000.0000
17802;2023-01-17 16:42:42.563000;3;100614;1;1;5800.0000;1;16574.0000;None;179000.0000
17802;2023-01-17 16:50:16.700000;3;100614;1;1;5800.0000;1;16574.0000;None;179000.0000
17802;2023-01-17 16:50:16.700000;3;100614;1;1;5800.0000;1;16574.0000;None;179000.0000
17802;2023-01-17 17:42:35.670000;3;100614;1;1;5800.0000;1;16574.0000;None;179000.0000
17818;2023-01-17 17:23:42.600000;3;100614;1;1;5800.0000;1;2148.0000;None;23200.0000
17818;2023-01-17 17:23:42.600000;3;100614;1;1;5800.0000;1;2148.0000;None;23200.0000
17815;2023-01-17 17:22:07.077000;3;100614;1;1;5800.0000;1;13630.0000;None;147200.0000
17815;2023-01-17 16:48:31.237000;3;100614;1;1;5800.0000;1;13630.0000;None;147200.0000
17810;2023-01-17 17:16:53.333000;3;100614;1;1;5800.0000;1;5296.0000;None;57200.0000
17820;2023-01-17 16:28:46.523000;3;100614;1;1;5800.0000;1;2148.0000;None;23200.0000
17820;2023-01-17 17:07:19.217000;3;100614;1;1;5800.0000;1;2148.0000;None;23200.0000
17820;2023-01-17 17:07:19.217000;3;100614;1;1;5800.0000;1;2148.0000;None;23200.0000
17822;2023-01-17 17:32:33.523000;3;100614;1;1;5800.0000;1;9926.0000;None;107200.0000
22896;2023-01-17 17:24:46.717000;3;100614;1;1;5800.0000;1;4111.0000;None;44400.0000
17847;2023-01-17 18:45:27.340000;3;100614;1;1;5800.0000;1;1667.0000;None;18000.0000
22896;2023-01-17 19:24:16.210000;3;100614;1;1;5800.0000;1;4111.0000;None;44400.0000
17861;2023-01-17 20:44:39.470000;3;100614;1;3;17400.0000;1;1611.0000;None;17400.0000
22888;2023-01-17 18:00:28.223000;3;100614;1;1;5800.0000;1;3593.0000;None;38800.0000
17833;2023-01-17 17:56:47.630000;3;100614;1;1;5800.0000;1;1889.0000;None;20400.0000
17835;2023-01-17 17:58:53.727000;3;100614;1;1;5800.0000;1;1611.0000;None;17400.0000
17835;2023-01-17 17:58:53.727000;3;100614;1;1;5800.0000;1;1611.0000;None;17400.0000
17835;2023-01-17 17:58:53.727000;3;100614;1;1;5800.0000;1;1611.0000;None;17400.0000
17845;2023-01-17 18:40:37.417000;3;100614;1;1;5800.0000;1;2185.0000;None;23600.0000
22891;2023-01-17 18:24:49.847000;3;100614;1;1;5800.0000;1;1074.0000;None;11600.0000
17760;2023-01-17 14:03:19.583000;3;100615;1;1;8800.0000;1;1444.0000;None;15600.0000
22867;2023-01-17 15:36:29.783000;3;100615;1;2;17600.0000;1;3352.0000;None;36200.0000
22892;2023-01-17 18:30:28.597000;3;100626;1;1;9800.0000;1;5833.0000;None;63000.0000
17773;2023-01-17 15:48:00.893000;1;101068;1;1;5800.0000;1;2056.0000;None;22200.0000
17766;2023-01-17 14:34:49.793000;1;101068;1;1;5800.0000;1;2778.0000;None;30000.0000
22872;2023-01-17 15:58:43.907000;1;101069;1;1;2800.0000;1;None;None;5600.0000
22872;2023-01-17 16:21:43.270000;1;101069;1;1;2800.0000;1;None;None;5600.0000
17773;2023-01-17 15:48:00.893000;1;101069;1;1;2800.0000;1;2056.0000;None;22200.0000
17793;2023-01-17 16:33:13.220000;1;101069;1;1;2800.0000;1;1593.0000;None;17200.0000
17793;2023-01-17 16:33:13.220000;1;101069;1;1;2800.0000;1;1593.0000;None;17200.0000
17753;2023-01-17 13:30:12.587000;1;101106;1;1;45800.0000;1;None;None;25800.0000
22830;2023-01-17 10:50:54.913000;3;101148;1;1;6800.0000;1;1889.0000;None;20400.0000
22873;2023-01-17 15:59:52.567000;3;101148;1;1;6800.0000;1;4667.0000;None;50400.0000
17837;2023-01-17 18:00:19.607000;3;101208;1;1;12800.0000;1;4315.0000;None;46600.0000
17823;2023-01-17 18:55:25.577000;3;101208;1;1;12800.0000;1;25889.0000;None;279600.0000
22857;2023-01-17 15:04:18.230000;3;101228;1;1;8800.0000;1;2167.0000;None;23400.0000
22857;2023-01-17 15:13:53.937000;3;101228;1;1;8800.0000;1;2167.0000;None;23400.0000
22857;2023-01-17 15:04:18.230000;3;101231;1;1;5800.0000;1;2167.0000;None;23400.0000
22861;2023-01-17 15:30:33.453000;3;101231;1;1;5800.0000;1;1704.0000;None;18400.0000
22862;2023-01-17 15:30:20.910000;3;101231;1;1;5800.0000;1;981.0000;None;10600.0000
17767;2023-01-17 14:36:32.330000;3;101231;1;1;5800.0000;1;1074.0000;None;11600.0000
17767;2023-01-17 14:39:05.517000;3;101231;1;1;5800.0000;1;1074.0000;None;11600.0000
17786;2023-01-17 16:18:54.220000;3;101231;1;1;5800.0000;1;7500.0000;None;81000.0000
22832;2023-01-17 11:10:52.957000;3;101231;1;1;5800.0000;1;1352.0000;None;14600.0000
17726;2023-01-17 09:59:19.260000;3;101231;1;1;5800.0000;1;3056.0000;None;33000.0000
22828;2023-01-17 10:16:07.857000;3;101231;1;1;5800.0000;1;9111.0000;None;98400.0000
22829;2023-01-17 10:24:21.423000;3;101231;1;1;5800.0000;1;981.0000;None;10600.0000
17741;2023-01-17 12:10:50.927000;3;101231;1;1;5800.0000;1;10889.0000;None;117600.0000
17825;2023-01-17 17:34:14.520000;3;101231;1;1;5800.0000;1;1704.0000;None;18400.0000
17816;2023-01-17 17:18:28.423000;3;101231;1;1;5800.0000;1;2926.0000;None;31600.0000
17818;2023-01-17 17:27:11.007000;3;101231;1;1;5800.0000;1;2148.0000;None;23200.0000
17800;2023-01-17 17:04:01.047000;3;101231;1;1;5800.0000;1;2778.0000;None;30000.0000
22884;2023-01-17 17:04:08.450000;3;101231;1;2;11600.0000;1;1074.0000;None;11600.0000
17836;2023-01-17 17:59:23.567000;3;101231;1;1;5800.0000;1;1611.0000;None;17400.0000
17836;2023-01-17 17:59:23.567000;3;101231;1;1;5800.0000;1;1611.0000;None;17400.0000
17836;2023-01-17 17:59:23.567000;3;101231;1;1;5800.0000;1;1611.0000;None;17400.0000
17795;2023-01-17 16:34:36.257000;1;101239;1;1;20800.0000;1;3000.0000;None;32400.0000
17748;2023-01-17 13:10:09.223000;1;101257;1;1;26800.0000;1;3019.0000;None;32600.0000
22899;2023-01-17 19:52:19.800000;1;101257;1;1;26800.0000;1;3648.0000;None;39400.0000
17853;2023-01-17 19:46:53.373000;1;101257;1;1;26800.0000;1;3741.0000;None;40400.0000
17823;2023-01-17 17:02:04.783000;1;101257;1;1;26800.0000;1;25889.0000;None;279600.0000
17823;2023-01-17 18:08:48.427000;1;101261;1;1;35800.0000;1;25889.0000;None;279600.0000
22845;2023-01-17 13:25:26.683000;1;101261;1;1;35800.0000;1;21019.0000;None;227000.0000
17743;2023-01-17 12:45:45.453000;1;101261;1;1;35800.0000;1;8944.0000;None;96600.0000
17783;2023-01-17 16:16:02.470000;1;101261;1;1;35800.0000;1;5204.0000;None;56200.0000
17792;2023-01-17 16:31:13.417000;1;101261;1;1;35800.0000;1;4741.0000;None;51200.0000
22849;2023-01-17 14:07:52.373000;1;101261;1;1;35800.0000;1;9185.0000;None;99200.0000
17755;2023-01-17 13:36:20.423000;1;101261;1;1;35800.0000;1;9852.0000;None;106400.0000
22845;2023-01-17 13:25:26.683000;1;101267;1;1;28800.0000;1;21019.0000;None;227000.0000
17752;2023-01-17 13:32:32.057000;1;101270;1;1;0.0000;1;4685.0000;None;50600.0000
17744;2023-01-17 12:51:45.277000;1;101270;1;1;0.0000;1;11741.0000;None;126800.0000
17744;2023-01-17 12:51:45.277000;1;101270;1;1;0.0000;1;11741.0000;None;126800.0000
17744;2023-01-17 12:51:45.277000;1;101270;1;1;0.0000;1;11741.0000;None;126800.0000
17745;2023-01-17 12:56:53.650000;1;101270;1;1;0.0000;1;10444.0000;None;112800.0000
17745;2023-01-17 12:56:53.650000;1;101270;1;1;0.0000;1;10444.0000;None;112800.0000
17740;2023-01-17 12:02:14.657000;1;101270;1;1;0.0000;1;10685.0000;None;115400.0000
22840;2023-01-17 11:48:35.097000;1;101270;1;1;0.0000;1;1074.0000;None;11600.0000
17725;2023-01-17 09:12:48.700000;1;101270;1;1;0.0000;1;3519.0000;None;38000.0000
17730;2023-01-17 11:14:30.957000;1;101270;1;1;0.0000;1;12870.0000;None;139000.0000
17737;2023-01-17 11:30:44.600000;1;101270;1;1;0.0000;1;3019.0000;None;32600.0000
22834;2023-01-17 12:03:29.483000;1;101270;1;1;0.0000;1;5296.0000;None;57200.0000
17734;2023-01-17 12:10:49.243000;1;101270;1;1;0.0000;1;2870.0000;None;31000.0000
17734;2023-01-17 12:10:49.243000;1;101270;1;1;0.0000;1;2870.0000;None;31000.0000
17734;2023-01-17 12:10:49.243000;1;101270;1;1;0.0000;1;2870.0000;None;31000.0000
17755;2023-01-17 13:36:20.423000;1;101270;1;1;0.0000;1;9852.0000;None;106400.0000
17755;2023-01-17 13:36:20.423000;1;101270;1;1;0.0000;1;9852.0000;None;106400.0000
17756;2023-01-17 13:36:33.297000;1;101270;1;1;0.0000;1;1704.0000;None;18400.0000
17765;2023-01-17 14:20:13.923000;1;101270;1;1;0.0000;1;1074.0000;None;11600.0000
17765;2023-01-17 14:20:13.923000;1;101270;1;1;0.0000;1;1074.0000;None;11600.0000
22854;2023-01-17 15:55:28.620000;1;101270;1;1;0.0000;1;10444.0000;None;112800.0000
22854;2023-01-17 14:48:09.190000;1;101270;1;1;0.0000;1;10444.0000;None;112800.0000
22854;2023-01-17 15:55:28.620000;1;101270;1;1;0.0000;1;10444.0000;None;112800.0000
22875;2023-01-17 16:27:33.740000;1;101270;1;1;0.0000;1;537.0000;None;5800.0000
17788;2023-01-17 16:26:38.173000;1;101270;1;2;0.0000;1;2537.0000;None;27400.0000
17794;2023-01-17 16:33:31.797000;1;101270;1;1;0.0000;1;2519.0000;None;27200.0000
17794;2023-01-17 16:33:31.797000;1;101270;1;1;0.0000;1;2519.0000;None;27200.0000
17799;2023-01-17 17:41:49.523000;1;101270;1;1;0.0000;1;5333.0000;None;57600.0000
17798;2023-01-17 16:41:10.777000;1;101270;1;1;0.0000;1;22222.0000;None;240000.0000
17798;2023-01-17 16:41:10.777000;1;101270;1;1;0.0000;1;22222.0000;None;240000.0000
22873;2023-01-17 16:30:47.200000;1;101270;1;1;0.0000;1;4667.0000;None;50400.0000
17779;2023-01-17 16:07:26.317000;1;101270;1;1;None;1;4982.0000;None;53800.0000
17779;2023-01-17 16:07:26.317000;1;101270;1;1;None;1;4982.0000;None;53800.0000
17779;2023-01-17 16:01:59.383000;1;101270;1;1;0.0000;1;4982.0000;None;53800.0000
17823;2023-01-17 18:08:48.427000;1;101270;1;1;0.0000;1;25889.0000;None;279600.0000
17810;2023-01-17 15:50:14.417000;1;101270;1;2;0.0000;1;5296.0000;None;57200.0000
17813;2023-01-17 17:21:52.340000;1;101270;1;1;0.0000;1;2259.0000;None;24400.0000
17811;2023-01-17 17:36:27.343000;1;101270;1;1;0.0000;1;6093.0000;None;65800.0000
17808;2023-01-17 17:29:57.567000;1;101270;1;3;0.0000;1;3315.0000;None;35800.0000
17808;2023-01-17 17:00:52.383000;1;101270;1;1;0.0000;1;3315.0000;None;35800.0000
22881;2023-01-17 17:12:06.427000;1;101270;1;1;0.0000;1;3685.0000;None;39800.0000
17801;2023-01-17 16:47:40.260000;1;101270;1;1;0.0000;1;1889.0000;None;20400.0000
17800;2023-01-17 16:29:45.700000;1;101270;1;1;0.0000;1;2778.0000;None;30000.0000
22879;2023-01-17 16:43:29.197000;1;101270;1;1;0.0000;1;2519.0000;None;27200.0000
22879;2023-01-17 16:43:29.197000;1;101270;1;1;0.0000;1;2519.0000;None;27200.0000
17802;2023-01-17 18:20:39.840000;1;101270;1;1;0.0000;1;16574.0000;None;179000.0000
17802;2023-01-17 17:11:42.613000;1;101270;1;1;0.0000;1;16574.0000;None;179000.0000
22898;2023-01-17 19:43:23.527000;1;101270;1;1;0.0000;1;5759.0000;None;62200.0000
22893;2023-01-17 18:50:43.403000;1;101270;1;1;0.0000;1;1074.0000;None;11600.0000
17838;2023-01-17 18:06:56.197000;1;101270;1;1;0.0000;1;2352.0000;None;25400.0000
17844;2023-01-17 18:25:15.197000;1;101270;1;1;0.0000;1;1815.0000;None;19600.0000
22891;2023-01-17 18:24:49.847000;1;101270;1;1;0.0000;1;1074.0000;None;11600.0000
17840;2023-01-17 18:10:14.117000;1;101270;1;1;0.0000;1;1611.0000;None;17400.0000
17840;2023-01-17 18:10:14.117000;1;101270;1;1;0.0000;1;1611.0000;None;17400.0000
22892;2023-01-17 18:30:28.597000;1;101310;1;2;39600.0000;1;5833.0000;None;63000.0000
17796;2023-01-17 16:38:46.153000;3;101333;1;1;14800.0000;1;3815.0000;None;41200.0000
17796;2023-01-17 16:38:46.153000;3;101333;1;1;14800.0000;1;3815.0000;None;41200.0000
22858;2023-01-17 15:17:39.347000;3;101333;1;1;14800.0000;1;2796.0000;None;30200.0000
17735;2023-01-17 11:26:01.617000;3;101333;1;1;14800.0000;1;4093.0000;None;44200.0000
22900;2023-01-17 20:25:46.777000;3;101333;1;1;14800.0000;1;2000.0000;None;21600.0000
22882;2023-01-17 16:57:37.410000;3;101333;1;1;14800.0000;1;1907.0000;None;20600.0000
17819;2023-01-17 17:24:29.647000;3;101333;1;1;14800.0000;1;2000.0000;None;21600.0000
22828;2023-01-17 10:23:40.403000;1;101458;1;1;3800.0000;1;9111.0000;None;98400.0000
17752;2023-01-17 13:29:18.607000;1;101502;1;1;0.0000;1;4685.0000;None;50600.0000
17822;2023-01-17 17:27:06.420000;1;101502;1;1;0.0000;1;9926.0000;None;107200.0000
17822;2023-01-17 17:27:06.420000;1;101502;1;1;0.0000;1;9926.0000;None;107200.0000
17823;2023-01-17 17:02:04.783000;1;101503;1;1;0.0000;1;25889.0000;None;279600.0000
17823;2023-01-17 18:08:48.427000;1;101503;1;1;0.0000;1;25889.0000;None;279600.0000
17855;2023-01-17 20:52:35.877000;1;101503;1;1;None;1;18593.0000;None;200800.0000
17857;2023-01-17 19:58:36.580000;1;101503;1;1;0.0000;1;14500.0000;None;156600.0000
17853;2023-01-17 19:46:53.373000;1;101503;1;1;0.0000;1;3741.0000;None;40400.0000
22899;2023-01-17 19:52:19.800000;1;101503;1;1;0.0000;1;3648.0000;None;39400.0000
17855;2023-01-17 20:24:17.097000;1;101503;1;1;0.0000;1;18593.0000;None;200800.0000
22898;2023-01-17 19:54:07.927000;1;101503;1;1;0.0000;1;5759.0000;None;62200.0000
17842;2023-01-17 18:23:05.107000;1;101503;1;1;0.0000;1;6241.0000;None;67400.0000
17862;2023-01-17 21:13:07.783000;1;101503;1;1;0.0000;1;5407.0000;None;58400.0000
17753;2023-01-17 13:30:12.587000;1;101503;1;1;0.0000;1;None;None;25800.0000
22845;2023-01-17 13:25:26.683000;1;101503;1;1;0.0000;1;21019.0000;None;227000.0000
22845;2023-01-17 13:25:26.683000;1;101503;1;1;0.0000;1;21019.0000;None;227000.0000
22845;2023-01-17 13:25:26.683000;1;101503;1;1;0.0000;1;21019.0000;None;227000.0000
22845;2023-01-17 13:25:26.683000;1;101503;1;1;0.0000;1;21019.0000;None;227000.0000
17751;2023-01-17 13:20:10.360000;1;101503;1;1;0.0000;1;3852.0000;None;41600.0000
17748;2023-01-17 13:10:09.240000;1;101503;1;1;0.0000;1;3019.0000;None;32600.0000
17740;2023-01-17 12:02:14.657000;1;101503;1;1;0.0000;1;10685.0000;None;115400.0000
17739;2023-01-17 11:46:55.720000;1;101503;1;1;0.0000;1;4019.0000;None;43400.0000
17743;2023-01-17 12:45:45.453000;1;101503;1;1;0.0000;1;8944.0000;None;96600.0000
22850;2023-01-17 14:21:34.190000;1;101503;1;1;0.0000;1;8019.0000;None;86600.0000
22849;2023-01-17 14:07:52.373000;1;101503;1;1;0.0000;1;9185.0000;None;99200.0000
17755;2023-01-17 13:36:20.423000;1;101503;1;1;0.0000;1;9852.0000;None;106400.0000
17795;2023-01-17 16:34:36.257000;1;101503;1;1;0.0000;1;3000.0000;None;32400.0000
17792;2023-01-17 16:31:13.417000;1;101503;1;1;None;1;4741.0000;None;51200.0000
17783;2023-01-17 16:16:02.470000;1;101503;1;1;0.0000;1;5204.0000;None;56200.0000
22873;2023-01-17 16:18:17.810000;1;101503;1;1;0.0000;1;4667.0000;None;50400.0000
17815;2023-01-17 16:48:31.237000;6;101511;1;1;0.0000;1;13630.0000;None;147200.0000
17725;2023-01-17 09:13:30.203000;6;101543;1;1;0.0000;1;3519.0000;None;38000.0000
22824;2023-01-17 08:40:03.007000;6;101543;1;1;0.0000;1;4889.0000;None;52800.0000
22824;2023-01-17 08:40:03.007000;6;101543;1;1;0.0000;1;4889.0000;None;52800.0000
17724;2023-01-17 08:12:03.237000;6;101543;1;1;0.0000;1;1889.0000;None;20400.0000
17724;2023-01-17 08:12:03.237000;6;101543;1;1;0.0000;1;1889.0000;None;20400.0000
22838;2023-01-17 12:19:37.670000;6;101543;1;1;0.0000;1;1796.0000;None;19400.0000
17769;2023-01-17 15:09:57.323000;1;101549;1;1;7800.0000;1;None;None;52400.0000
17755;2023-01-17 13:36:20.423000;6;101575;1;1;0.0000;1;9852.0000;None;106400.0000
17755;2023-01-17 13:36:20.423000;6;101575;1;1;0.0000;1;9852.0000;None;106400.0000
17756;2023-01-17 13:36:33.297000;6;101575;1;1;0.0000;1;1704.0000;None;18400.0000
17779;2023-01-17 16:01:59.383000;6;101575;1;1;0.0000;1;4982.0000;None;53800.0000
17779;2023-01-17 16:07:26.317000;6;101575;1;1;None;1;4982.0000;None;53800.0000
17779;2023-01-17 16:07:26.317000;6;101575;1;1;None;1;4982.0000;None;53800.0000
17740;2023-01-17 12:02:14.657000;6;101575;1;1;0.0000;1;10685.0000;None;115400.0000
17744;2023-01-17 12:51:45.277000;6;101575;1;1;0.0000;1;11741.0000;None;126800.0000
17752;2023-01-17 13:32:32.057000;6;101575;1;1;0.0000;1;4685.0000;None;50600.0000
22834;2023-01-17 12:03:29.483000;6;101575;1;1;0.0000;1;5296.0000;None;57200.0000
17823;2023-01-17 18:08:48.427000;8;101576;1;1;0.0000;1;25889.0000;None;279600.0000
17853;2023-01-17 19:46:53.373000;8;101576;1;1;0.0000;1;3741.0000;None;40400.0000
22899;2023-01-17 19:52:19.800000;8;101576;1;1;0.0000;1;3648.0000;None;39400.0000
22899;2023-01-17 19:52:19.800000;8;101576;1;1;0.0000;1;3648.0000;None;39400.0000
17857;2023-01-17 19:58:36.580000;8;101576;1;1;0.0000;1;14500.0000;None;156600.0000
22845;2023-01-17 13:25:26.683000;8;101576;1;1;0.0000;1;21019.0000;None;227000.0000
17748;2023-01-17 13:10:09.240000;8;101576;1;1;0.0000;1;3019.0000;None;32600.0000
17783;2023-01-17 16:16:02.470000;8;101576;1;1;0.0000;1;5204.0000;None;56200.0000
17792;2023-01-17 16:31:13.417000;8;101576;1;1;None;1;4741.0000;None;51200.0000
17755;2023-01-17 13:36:20.423000;8;101576;1;1;0.0000;1;9852.0000;None;106400.0000
22849;2023-01-17 14:07:52.373000;8;101576;1;1;0.0000;1;9185.0000;None;99200.0000
22838;2023-01-17 12:19:37.670000;1;101617;1;1;0.0000;1;1796.0000;None;19400.0000
22841;2023-01-17 12:03:39.577000;1;101617;1;1;0.0000;1;2519.0000;None;27200.0000
22841;2023-01-17 12:03:39.577000;1;101617;1;1;0.0000;1;2519.0000;None;27200.0000
22874;2023-01-17 15:50:05.043000;1;101647;1;1;10800.0000;1;7333.0000;None;79200.0000
17772;2023-01-17 15:36:47.227000;3;101656;1;1;5800.0000;1;1074.0000;None;11600.0000
17772;2023-01-17 15:36:47.227000;3;101656;1;1;5800.0000;1;1074.0000;None;11600.0000
17755;2023-01-17 14:17:20.997000;3;101656;1;1;5800.0000;1;9852.0000;None;106400.0000
22855;2023-01-17 14:56:23.533000;3;101656;1;1;5800.0000;1;18370.0000;None;198400.0000
17846;2023-01-17 19:06:54.590000;2;101709;1;1;28800.0000;1;30019.0000;None;324200.0000
17846;2023-01-17 19:06:54.590000;2;101709;1;1;28800.0000;1;30019.0000;None;324200.0000
17846;2023-01-17 21:17:50.333000;2;101709;1;2;57600.0000;1;30019.0000;None;324200.0000
17846;2023-01-17 20:47:37.160000;2;101709;1;2;57600.0000;1;30019.0000;None;324200.0000
17846;2023-01-17 19:39:52.663000;2;101709;1;2;57600.0000;1;30019.0000;None;324200.0000
17846;2023-01-17 20:16:56.257000;2;101709;1;2;57600.0000;1;30019.0000;None;324200.0000
17828;2023-01-17 17:49:09.867000;2;101727;1;1;30800.0000;1;4111.0000;None;44400.0000
17826;2023-01-17 17:34:51.473000;2;101727;1;1;30800.0000;1;2852.0000;None;30800.0000
17803;2023-01-17 16:50:06.507000;2;101727;1;1;30800.0000;1;2852.0000;None;30800.0000
17837;2023-01-17 18:00:19.607000;2;101728;1;1;33800.0000;1;4315.0000;None;46600.0000
22842;2023-01-17 12:06:06.937000;2;101728;1;1;33800.0000;1;14574.0000;None;157400.0000
22855;2023-01-17 17:08:49.027000;2;101734;1;1;65800.0000;1;18370.0000;None;198400.0000
22855;2023-01-17 17:49:52.090000;2;101734;1;1;65800.0000;1;18370.0000;None;198400.0000
22860;2023-01-17 15:22:37.230000;2;101878;1;1;29800.0000;1;6056.0000;None;65400.0000
22860;2023-01-17 16:10:22.007000;2;101878;1;1;29800.0000;1;6056.0000;None;65400.0000
22849;2023-01-17 14:07:52.373000;2;101878;1;1;29800.0000;1;9185.0000;None;99200.0000
22849;2023-01-17 14:46:59.357000;2;101878;1;1;29800.0000;1;9185.0000;None;99200.0000
17807;2023-01-17 16:55:37.300000;2;101878;1;1;29800.0000;1;5963.0000;None;64400.0000
17807;2023-01-17 17:42:13.513000;2;101878;1;1;29800.0000;1;5963.0000;None;64400.0000
17739;2023-01-17 11:46:55.720000;1;102025;1;1;31800.0000;1;4019.0000;None;43400.0000
22845;2023-01-17 13:25:26.683000;1;102030;1;1;25800.0000;1;21019.0000;None;227000.0000
22845;2023-01-17 13:25:26.683000;1;102030;1;1;25800.0000;1;21019.0000;None;227000.0000
17855;2023-01-17 20:52:35.877000;1;102030;1;1;25800.0000;1;18593.0000;None;200800.0000
17747;2023-01-17 13:12:28.893000;1;102035;1;1;32800.0000;1;8889.0000;None;96000.0000
17740;2023-01-17 12:02:14.657000;1;102062;1;1;53800.0000;1;10685.0000;None;115400.0000
17751;2023-01-17 13:20:10.360000;1;102069;1;1;35800.0000;1;3852.0000;None;41600.0000
22834;2023-01-17 12:11:15.003000;3;102102;1;1;9800.0000;1;5296.0000;None;57200.0000
22831;2023-01-17 11:05:51.393000;3;102102;1;1;9800.0000;1;1444.0000;None;15600.0000
22853;2023-01-17 14:40:28.813000;3;102102;1;1;9800.0000;1;4648.0000;None;50200.0000
22867;2023-01-17 15:36:29.783000;3;102102;1;1;9800.0000;1;3352.0000;None;36200.0000
17791;2023-01-17 16:30:36.740000;3;102102;1;1;9800.0000;1;1537.0000;None;16600.0000
17799;2023-01-17 17:41:49.523000;3;102102;1;1;9800.0000;1;5333.0000;None;57600.0000
22883;2023-01-17 17:00:13.477000;3;102102;1;1;9800.0000;1;1981.0000;None;21400.0000
22879;2023-01-17 16:52:19.763000;3;102102;1;1;9800.0000;1;2519.0000;None;27200.0000
17726;2023-01-17 09:59:19.260000;3;102120;1;1;5800.0000;1;3056.0000;None;33000.0000
17731;2023-01-17 10:30:20.583000;1;102128;1;1;2800.0000;1;None;None;2800.0000
17780;2023-01-17 16:12:00.957000;1;102128;1;1;2800.0000;1;None;None;2800.0000
17730;2023-01-17 10:46:31.810000;1;102192;1;1;4800.0000;1;12870.0000;None;139000.0000
17730;2023-01-17 10:29:43.473000;1;102192;1;1;4800.0000;1;12870.0000;None;139000.0000
17806;2023-01-17 16:54:04.257000;1;102206;1;1;1000.0000;1;2407.0000;None;26000.0000
17806;2023-01-17 16:54:04.257000;1;102212;1;1;1800.0000;1;2407.0000;None;26000.0000
17797;2023-01-17 16:48:36.713000;1;102212;1;1;1800.0000;1;1241.0000;None;13400.0000
17730;2023-01-17 10:29:43.473000;1;102254;1;1;4800.0000;1;12870.0000;None;139000.0000
17730;2023-01-17 10:46:31.810000;1;102254;1;1;4800.0000;1;12870.0000;None;139000.0000
17725;2023-01-17 09:32:35.023000;1;102254;1;1;4800.0000;1;3519.0000;None;38000.0000
22896;2023-01-17 17:51:37.407000;1;102256;1;2;7600.0000;1;4111.0000;None;44400.0000
22898;2023-01-17 19:54:07.927000;1;102260;1;1;3800.0000;1;5759.0000;None;62200.0000
17823;2023-01-17 18:08:48.427000;1;102260;1;1;3800.0000;1;25889.0000;None;279600.0000
22845;2023-01-17 13:25:26.683000;1;102260;1;1;3800.0000;1;21019.0000;None;227000.0000
22845;2023-01-17 13:25:26.683000;1;102260;1;1;3800.0000;1;21019.0000;None;227000.0000
17792;2023-01-17 16:31:13.417000;1;102260;1;1;3800.0000;1;4741.0000;None;51200.0000
17783;2023-01-17 16:16:02.470000;1;102260;1;1;3800.0000;1;5204.0000;None;56200.0000
22849;2023-01-17 14:07:52.373000;1;102260;1;1;3800.0000;1;9185.0000;None;99200.0000
17755;2023-01-17 13:36:20.423000;1;102260;1;1;3800.0000;1;9852.0000;None;106400.0000
17734;2023-01-17 11:40:13.403000;3;102402;1;1;7800.0000;1;2870.0000;None;31000.0000
17739;2023-01-17 11:46:55.720000;3;102402;1;1;7800.0000;1;4019.0000;None;43400.0000
17847;2023-01-17 18:51:16.150000;1;102412;1;1;1800.0000;1;1667.0000;None;18000.0000
17847;2023-01-17 18:51:16.150000;1;102412;1;1;1800.0000;1;1667.0000;None;18000.0000
17847;2023-01-17 18:51:16.150000;1;102412;1;1;1800.0000;1;1667.0000;None;18000.0000
22887;2023-01-17 18:01:15.070000;1;102412;1;1;1800.0000;1;1426.0000;None;15400.0000
17815;2023-01-17 17:12:49.507000;1;102415;1;1;2800.0000;1;13630.0000;None;147200.0000
17804;2023-01-17 16:51:52.597000;1;102415;1;1;2800.0000;1;1407.0000;None;15200.0000
17804;2023-01-17 16:56:23.280000;1;102415;1;1;2800.0000;1;1407.0000;None;15200.0000
22863;2023-01-17 17:37:23.403000;1;102415;1;1;2800.0000;1;7074.0000;None;76400.0000
17855;2023-01-17 20:04:39.093000;2;102537;1;1;83800.0000;1;18593.0000;None;200800.0000
17735;2023-01-17 11:18:58.950000;1;102554;1;1;8800.0000;1;4093.0000;None;44200.0000
22828;2023-01-17 10:23:40.403000;1;102574;1;1;10800.0000;1;9111.0000;None;98400.0000
22870;2023-01-17 15:46:39.297000;3;102619;1;1;6800.0000;1;3111.0000;None;33600.0000
17815;2023-01-17 17:08:28.493000;3;102619;1;1;6800.0000;1;13630.0000;None;147200.0000
22855;2023-01-17 14:56:23.533000;3;102630;1;1;8800.0000;1;18370.0000;None;198400.0000
17726;2023-01-17 09:37:57.763000;3;102630;1;1;8800.0000;1;3056.0000;None;33000.0000
17725;2023-01-17 09:12:48.700000;3;102630;1;1;8800.0000;1;3519.0000;None;38000.0000
17735;2023-01-17 11:18:58.950000;3;102630;1;1;8800.0000;1;4093.0000;None;44200.0000
17815;2023-01-17 17:08:28.493000;3;102635;1;1;7800.0000;1;13630.0000;None;147200.0000
17825;2023-01-17 17:34:14.520000;3;102635;1;1;7800.0000;1;1704.0000;None;18400.0000
17853;2023-01-17 19:46:53.373000;3;102635;1;1;7800.0000;1;3741.0000;None;40400.0000
17736;2023-01-17 11:28:42.690000;3;102635;1;1;7800.0000;1;1491.0000;None;16100.0000
17732;2023-01-17 10:42:25.903000;3;102635;1;1;7800.0000;1;3056.0000;None;33000.0000
17732;2023-01-17 11:16:01.147000;3;102635;1;1;7800.0000;1;3056.0000;None;33000.0000
22828;2023-01-17 10:16:07.857000;3;102635;1;1;7800.0000;1;9111.0000;None;98400.0000
22828;2023-01-17 10:42:28.663000;3;102635;1;1;7800.0000;1;9111.0000;None;98400.0000
17747;2023-01-17 13:01:15.967000;3;102635;1;1;7800.0000;1;8889.0000;None;96000.0000
17786;2023-01-17 16:18:54.220000;3;102635;1;1;7800.0000;1;7500.0000;None;81000.0000
17788;2023-01-17 16:26:38.173000;3;102635;1;1;7800.0000;1;2537.0000;None;27400.0000
17802;2023-01-17 19:30:22.087000;3;102641;1;1;10800.0000;1;16574.0000;None;179000.0000
17802;2023-01-17 19:30:22.087000;3;102641;1;1;10800.0000;1;16574.0000;None;179000.0000
17802;2023-01-17 19:33:58.557000;3;102641;1;1;10800.0000;1;16574.0000;None;179000.0000
17734;2023-01-17 12:10:49.243000;3;102649;1;1;4800.0000;1;2870.0000;None;31000.0000
22881;2023-01-17 16:50:07.523000;3;102651;1;1;8800.0000;1;3685.0000;None;39800.0000
17795;2023-01-17 16:34:36.257000;3;102653;1;1;4800.0000;1;3000.0000;None;32400.0000
17778;2023-01-17 16:06:36.237000;3;102653;1;1;4800.0000;1;2241.0000;None;24200.0000
22829;2023-01-17 10:24:21.423000;3;102747;1;1;4800.0000;1;981.0000;None;10600.0000
22838;2023-01-17 11:39:15.170000;3;102747;1;1;4800.0000;1;1796.0000;None;19400.0000
22874;2023-01-17 16:41:06.040000;3;102748;1;1;14800.0000;1;7333.0000;None;79200.0000
22874;2023-01-17 16:11:05.353000;3;102748;1;1;14800.0000;1;7333.0000;None;79200.0000
17809;2023-01-17 17:02:22.477000;2;102775;1;1;44800.0000;1;4148.0000;None;44800.0000
17781;2023-01-17 16:12:36.413000;1;102813;1;1;3000.0000;1;1444.0000;None;15600.0000
22824;2023-01-17 08:45:25.630000;1;103047;1;1;21800.0000;1;4889.0000;None;52800.0000
17811;2023-01-17 17:08:53.697000;1;103166;1;1;18800.0000;1;6093.0000;None;65800.0000
17811;2023-01-17 17:24:11.847000;1;103166;1;1;18800.0000;1;6093.0000;None;65800.0000
22870;2023-01-17 15:46:39.297000;1;103214;1;1;26800.0000;1;3111.0000;None;33600.0000
17786;2023-01-17 16:18:54.220000;1;103214;1;1;26800.0000;1;7500.0000;None;81000.0000
22863;2023-01-17 15:32:26.657000;1;103214;1;1;26800.0000;1;7074.0000;None;76400.0000
22853;2023-01-17 14:29:03.173000;1;103214;1;1;26800.0000;1;4648.0000;None;50200.0000
17817;2023-01-17 17:46:03.940000;1;103248;1;1;16800.0000;1;10537.0000;None;113800.0000
17802;2023-01-17 19:30:22.087000;1;103250;1;1;44800.0000;1;16574.0000;None;179000.0000
17802;2023-01-17 19:30:22.087000;1;103250;1;1;44800.0000;1;16574.0000;None;179000.0000
17747;2023-01-17 13:12:28.893000;1;103251;1;1;24800.0000;1;8889.0000;None;96000.0000
17747;2023-01-17 13:12:28.893000;1;103251;1;1;24800.0000;1;8889.0000;None;96000.0000
17737;2023-01-17 11:30:44.600000;1;103272;1;1;26800.0000;1;3019.0000;None;32600.0000
17754;2023-01-17 13:35:36.463000;1;103272;1;1;26800.0000;1;7370.0000;None;79600.0000
17769;2023-01-17 15:09:57.323000;1;103272;1;1;26800.0000;1;None;None;52400.0000
22842;2023-01-17 12:40:10.853000;1;103290;1;1;30800.0000;1;14574.0000;None;157400.0000
17741;2023-01-17 12:41:11.703000;1;103290;1;1;30800.0000;1;10889.0000;None;117600.0000
17817;2023-01-17 17:46:03.940000;1;103296;1;1;39800.0000;1;10537.0000;None;113800.0000
17823;2023-01-17 18:08:48.427000;1;103296;1;1;39800.0000;1;25889.0000;None;279600.0000
17750;2023-01-17 13:19:43.003000;1;103297;1;1;39800.0000;1;3685.0000;None;39800.0000
22842;2023-01-17 12:40:10.853000;1;103316;1;1;44800.0000;1;14574.0000;None;157400.0000
22873;2023-01-17 16:18:17.810000;1;103378;1;1;37800.0000;1;4667.0000;None;50400.0000
22850;2023-01-17 14:21:34.190000;1;103384;1;1;47800.0000;1;8019.0000;None;86600.0000
17855;2023-01-17 20:24:17.097000;1;103386;1;1;45800.0000;1;18593.0000;None;200800.0000
17857;2023-01-17 19:58:36.580000;1;103587;1;1;49800.0000;1;14500.0000;None;156600.0000
17842;2023-01-17 18:23:05.107000;1;103587;1;1;49800.0000;1;6241.0000;None;67400.0000
17768;2023-01-17 14:54:00.010000;1;103624;1;1;39800.0000;1;12982.0000;None;140200.0000
17822;2023-01-17 17:27:06.420000;1;103635;1;1;47800.0000;1;9926.0000;None;107200.0000
17822;2023-01-17 17:27:06.420000;1;103635;1;1;47800.0000;1;9926.0000;None;107200.0000
17862;2023-01-17 21:13:07.783000;1;103646;1;1;44800.0000;1;5407.0000;None;58400.0000
17752;2023-01-17 13:29:18.607000;1;103646;1;1;44800.0000;1;4685.0000;None;50600.0000
17786;2023-01-17 16:18:54.220000;1;103647;1;1;34800.0000;1;7500.0000;None;81000.0000
17817;2023-01-17 17:46:03.940000;1;103653;1;1;39800.0000;1;10537.0000;None;113800.0000
17815;2023-01-17 16:48:31.237000;1;103654;1;1;41800.0000;1;13630.0000;None;147200.0000
17754;2023-01-17 13:35:36.463000;1;103763;1;1;14800.0000;1;7370.0000;None;79600.0000
17754;2023-01-17 13:35:36.463000;1;103763;1;1;14800.0000;1;7370.0000;None;79600.0000
17740;2023-01-17 12:02:14.657000;1;103763;1;1;14800.0000;1;10685.0000;None;115400.0000
17740;2023-01-17 12:02:14.657000;1;103763;1;1;14800.0000;1;10685.0000;None;115400.0000
17755;2023-01-17 14:17:20.997000;1;103771;1;1;24800.0000;1;9852.0000;None;106400.0000
22898;2023-01-17 19:43:23.527000;1;103771;1;1;24800.0000;1;5759.0000;None;62200.0000
17761;2023-01-17 14:31:59.503000;1;103879;1;1;4800.0000;1;2870.0000;None;31000.0000
22881;2023-01-17 16:50:07.523000;1;103890;1;1;5800.0000;1;3685.0000;None;39800.0000
22881;2023-01-17 16:50:07.523000;1;103893;1;1;5800.0000;1;3685.0000;None;39800.0000
22865;2023-01-17 17:24:37.460000;1;103893;1;1;5800.0000;1;7611.0000;None;82200.0000
17774;2023-01-17 15:58:22.637000;1;103961;1;1;16800.0000;1;2722.0000;None;29400.0000
17759;2023-01-17 14:30:34.567000;1;103961;1;1;16800.0000;1;2185.0000;None;23600.0000
17768;2023-01-17 15:27:33.250000;1;103961;1;1;16800.0000;1;12982.0000;None;140200.0000
17823;2023-01-17 17:02:04.783000;1;103961;1;1;16800.0000;1;25889.0000;None;279600.0000
22828;2023-01-17 10:23:40.403000;1;103975;1;1;17800.0000;1;9111.0000;None;98400.0000
17743;2023-01-17 13:12:43.743000;1;103992;1;1;6800.0000;1;8944.0000;None;96600.0000
17766;2023-01-17 14:31:52.910000;1;103992;1;1;6800.0000;1;2778.0000;None;30000.0000
17805;2023-01-17 16:41:36.197000;1;103992;1;1;6800.0000;1;1259.0000;None;13600.0000
17829;2023-01-17 17:41:34.303000;1;104004;1;1;16800.0000;1;None;None;16800.0000
22828;2023-01-17 10:23:40.403000;1;104015;1;1;7800.0000;1;9111.0000;None;98400.0000
17798;2023-01-17 17:18:35.070000;2;104099;1;1;31800.0000;1;22222.0000;None;240000.0000
17798;2023-01-17 16:41:10.777000;2;104099;1;1;31800.0000;1;22222.0000;None;240000.0000
17798;2023-01-17 16:41:10.777000;2;104099;1;1;31800.0000;1;22222.0000;None;240000.0000
17798;2023-01-17 17:51:32.270000;2;104099;1;2;63600.0000;1;22222.0000;None;240000.0000
17798;2023-01-17 17:18:35.070000;2;104099;1;1;31800.0000;1;22222.0000;None;240000.0000
17798;2023-01-17 17:40:22.367000;2;104099;1;1;31800.0000;1;22222.0000;None;240000.0000
17834;2023-01-17 17:58:18.283000;2;104099;1;1;31800.0000;1;2944.0000;None;31800.0000
17855;2023-01-17 20:06:06.403000;2;104099;1;1;31800.0000;1;18593.0000;None;200800.0000
17744;2023-01-17 13:06:53.453000;1;104150;1;2;21600.0000;1;11741.0000;None;126800.0000
17839;2023-01-17 18:10:29.877000;1;104150;1;1;10800.0000;1;2444.0000;None;26400.0000
17810;2023-01-17 17:16:53.333000;1;104150;1;1;10800.0000;1;5296.0000;None;57200.0000
17744;2023-01-17 13:06:53.453000;1;104151;1;1;6800.0000;1;11741.0000;None;126800.0000
17744;2023-01-17 13:06:53.453000;1;104152;1;1;8800.0000;1;11741.0000;None;126800.0000
17828;2023-01-17 17:41:00.130000;1;104152;1;1;8800.0000;1;4111.0000;None;44400.0000
17794;2023-01-17 16:33:31.797000;1;104156;1;1;6800.0000;1;2519.0000;None;27200.0000
22861;2023-01-17 15:26:06.963000;1;104157;1;1;5800.0000;1;1704.0000;None;18400.0000
22824;2023-01-17 08:45:18.077000;1;104157;1;1;5800.0000;1;4889.0000;None;52800.0000
17735;2023-01-17 11:18:25.623000;1;104158;1;1;11800.0000;1;4093.0000;None;44200.0000
17744;2023-01-17 13:06:53.453000;1;104160;1;2;11600.0000;1;11741.0000;None;126800.0000
17744;2023-01-17 13:06:53.453000;1;104166;1;1;8800.0000;1;11741.0000;None;126800.0000
22865;2023-01-17 17:24:37.460000;1;104167;1;1;6800.0000;1;7611.0000;None;82200.0000
17744;2023-01-17 13:06:53.453000;1;104171;1;1;11800.0000;1;11741.0000;None;126800.0000
17813;2023-01-17 17:14:47.110000;1;104171;1;1;11800.0000;1;2259.0000;None;24400.0000
17744;2023-01-17 13:06:53.453000;1;104172;1;2;19600.0000;1;11741.0000;None;126800.0000
17744;2023-01-17 13:06:53.453000;1;104174;1;3;20400.0000;1;11741.0000;None;126800.0000
17734;2023-01-17 11:40:13.403000;6;104291;2;1;0.0000;1;2870.0000;None;31000.0000
17734;2023-01-17 11:40:13.403000;6;104291;2;1;0.0000;1;2870.0000;None;31000.0000
17734;2023-01-17 11:40:13.403000;6;104291;2;1;0.0000;1;2870.0000;None;31000.0000
17734;2023-01-17 11:40:13.403000;6;104291;2;1;0.0000;1;2870.0000;None;31000.0000
17735;2023-01-17 11:18:58.950000;6;104374;1;1;0.0000;1;4093.0000;None;44200.0000
17725;2023-01-17 09:32:35.023000;6;104374;1;1;0.0000;1;3519.0000;None;38000.0000
22824;2023-01-17 08:46:43.280000;3;104554;1;1;4800.0000;1;4889.0000;None;52800.0000
22828;2023-01-17 11:40:35.547000;3;104554;1;1;4800.0000;1;9111.0000;None;98400.0000
17727;2023-01-17 10:01:58.653000;3;104554;1;1;4800.0000;1;1333.0000;None;14400.0000
17727;2023-01-17 10:01:58.653000;3;104554;1;1;4800.0000;1;1333.0000;None;14400.0000
17727;2023-01-17 10:01:58.653000;3;104554;1;1;4800.0000;1;1333.0000;None;14400.0000
17734;2023-01-17 11:29:31.497000;3;104554;1;1;4800.0000;1;2870.0000;None;31000.0000
17743;2023-01-17 13:12:43.743000;3;104554;1;1;4800.0000;1;8944.0000;None;96600.0000
22839;2023-01-17 11:39:43.817000;3;104554;1;1;4800.0000;1;1519.0000;None;16400.0000
22837;2023-01-17 11:39:00.317000;3;104554;1;1;4800.0000;1;981.0000;None;10600.0000
22865;2023-01-17 17:13:18.483000;3;104554;1;1;4800.0000;1;7611.0000;None;82200.0000
22862;2023-01-17 15:30:20.910000;3;104554;1;1;4800.0000;1;981.0000;None;10600.0000
22855;2023-01-17 17:08:49.027000;3;104554;1;1;4800.0000;1;18370.0000;None;198400.0000
22846;2023-01-17 14:10:23.837000;3;104554;1;1;4800.0000;1;4019.0000;None;43400.0000
22846;2023-01-17 14:12:39.303000;3;104554;1;1;4800.0000;1;4019.0000;None;43400.0000
17754;2023-01-17 14:18:26.993000;3;104554;1;1;4800.0000;1;7370.0000;None;79600.0000
22846;2023-01-17 15:18:27.737000;3;104554;1;1;4800.0000;1;4019.0000;None;43400.0000
17823;2023-01-17 15:34:24.550000;3;104554;1;1;4800.0000;1;25889.0000;None;279600.0000
17825;2023-01-17 17:34:14.520000;3;104554;1;1;4800.0000;1;1704.0000;None;18400.0000
17828;2023-01-17 17:41:00.130000;3;104554;1;1;4800.0000;1;4111.0000;None;44400.0000
17804;2023-01-17 17:52:08.233000;3;104554;1;1;4800.0000;1;1407.0000;None;15200.0000
17804;2023-01-17 16:51:52.597000;3;104554;1;1;4800.0000;1;1407.0000;None;15200.0000
17810;2023-01-17 15:45:00.743000;3;104554;1;1;4800.0000;1;5296.0000;None;57200.0000
17807;2023-01-17 16:55:37.300000;3;104554;1;1;4800.0000;1;5963.0000;None;64400.0000
17725;2023-01-17 09:32:35.023000;1;104556;1;1;8800.0000;1;3519.0000;None;38000.0000
22845;2023-01-17 13:25:26.683000;2;104685;1;1;25800.0000;1;21019.0000;None;227000.0000
22845;2023-01-17 13:25:26.683000;2;104685;1;1;25800.0000;1;21019.0000;None;227000.0000
22845;2023-01-17 13:48:03.357000;2;104685;1;1;25800.0000;1;21019.0000;None;227000.0000
22845;2023-01-17 13:49:54.467000;2;104685;1;1;25800.0000;1;21019.0000;None;227000.0000
22847;2023-01-17 14:02:47.847000;2;104685;1;1;25800.0000;1;5148.0000;None;55600.0000
17816;2023-01-17 17:40:38;2;104685;1;1;25800.0000;1;2926.0000;None;31600.0000
17768;2023-01-17 14:54:00.010000;1;104932;1;1;44800.0000;1;12982.0000;None;140200.0000
22854;2023-01-17 15:55:28.620000;1;104932;1;1;44800.0000;1;10444.0000;None;112800.0000
22854;2023-01-17 15:55:28.620000;1;104932;1;1;44800.0000;1;10444.0000;None;112800.0000
22855;2023-01-17 17:08:49.027000;6;105044;1;1;0.0000;1;18370.0000;None;198400.0000
17768;2023-01-17 15:43:54.763000;6;105082;1;1;2000.0000;1;12982.0000;None;140200.0000
17755;2023-01-17 14:17:20.997000;6;105082;1;1;2000.0000;1;9852.0000;None;106400.0000
17755;2023-01-17 14:17:20.997000;6;105082;1;1;2000.0000;1;9852.0000;None;106400.0000
17757;2023-01-17 13:44:29.360000;6;105082;1;1;2000.0000;1;1352.0000;None;14600.0000
17779;2023-01-17 18:08:57.427000;6;105082;1;1;2000.0000;1;4982.0000;None;53800.0000
17794;2023-01-17 16:39:45.237000;6;105082;1;1;2000.0000;1;2519.0000;None;27200.0000
17787;2023-01-17 16:21:11.807000;6;105082;1;1;2000.0000;1;815.0000;None;8800.0000
17730;2023-01-17 10:26:58.800000;6;105082;1;1;2000.0000;1;12870.0000;None;139000.0000
22828;2023-01-17 10:16:07.857000;6;105082;1;1;2000.0000;1;9111.0000;None;98400.0000
22830;2023-01-17 10:50:54.913000;6;105082;1;1;2000.0000;1;1889.0000;None;20400.0000
17730;2023-01-17 10:59:44.007000;6;105082;1;1;2000.0000;1;12870.0000;None;139000.0000
17730;2023-01-17 10:29:01.640000;6;105082;1;1;2000.0000;1;12870.0000;None;139000.0000
17811;2023-01-17 17:24:11.847000;6;105082;1;1;2000.0000;1;6093.0000;None;65800.0000
17823;2023-01-17 17:27:54.697000;6;105082;1;1;2000.0000;1;25889.0000;None;279600.0000
17833;2023-01-17 17:56:47.630000;6;105082;1;1;2000.0000;1;1889.0000;None;20400.0000
22828;2023-01-17 10:23:40.403000;6;105167;1;1;0.0000;1;9111.0000;None;98400.0000
17799;2023-01-17 16:41:31.277000;1;105421;1;1;17800.0000;1;5333.0000;None;57600.0000
17758;2023-01-17 13:45:52.410000;1;105421;1;1;17800.0000;1;2722.0000;None;29400.0000
17769;2023-01-17 15:09:57.323000;1;105421;1;1;17800.0000;1;None;None;52400.0000
17845;2023-01-17 18:37:40.143000;1;105421;1;1;17800.0000;1;2185.0000;None;23600.0000
22895;2023-01-17 18:58:10.373000;1;105421;1;1;17800.0000;1;1648.0000;None;17800.0000
17739;2023-01-17 11:46:55.720000;1;105603;1;1;3800.0000;1;4019.0000;None;43400.0000
17846;2023-01-17 21:17:50.333000;6;105631;1;1;0.0000;1;30019.0000;None;324200.0000
17725;2023-01-17 09:13:30.203000;4;105633;1;1;0.0000;1;3519.0000;None;38000.0000
17798;2023-01-17 17:51:32.270000;3;105735;1;1;0.0000;1;22222.0000;None;240000.0000
17798;2023-01-17 17:40:22.367000;3;105735;1;1;0.0000;1;22222.0000;None;240000.0000
17798;2023-01-17 17:18:35.070000;3;105735;1;1;0.0000;1;22222.0000;None;240000.0000
17798;2023-01-17 16:41:10.777000;3;105735;1;1;0.0000;1;22222.0000;None;240000.0000
17798;2023-01-17 17:18:35.070000;3;105735;1;1;0.0000;1;22222.0000;None;240000.0000
17846;2023-01-17 20:47:37.160000;3;105735;1;1;None;1;30019.0000;None;324200.0000
17846;2023-01-17 20:16:56.257000;3;105735;1;1;0.0000;1;30019.0000;None;324200.0000
17846;2023-01-17 19:39:52.663000;3;105735;1;1;None;1;30019.0000;None;324200.0000
17846;2023-01-17 19:06:54.590000;3;105735;1;1;0.0000;1;30019.0000;None;324200.0000
17846;2023-01-17 19:06:54.590000;3;105735;1;1;0.0000;1;30019.0000;None;324200.0000
17834;2023-01-17 17:58:18.283000;3;105735;1;1;0.0000;1;2944.0000;None;31800.0000
17855;2023-01-17 20:06:06.403000;3;105735;1;1;0.0000;1;18593.0000;None;200800.0000
17745;2023-01-17 12:56:53.650000;1;106268;1;1;0.0000;1;10444.0000;None;112800.0000
17745;2023-01-17 13:14:05.863000;1;106268;1;1;None;1;10444.0000;None;112800.0000
17741;2023-01-17 12:26:34.697000;1;106270;1;1;0.0000;1;10889.0000;None;117600.0000
17741;2023-01-17 12:26:34.697000;1;106270;1;1;0.0000;1;10889.0000;None;117600.0000
17743;2023-01-17 12:50:12.607000;1;106270;1;1;0.0000;1;8944.0000;None;96600.0000
17745;2023-01-17 12:56:53.650000;1;106271;1;1;0.0000;1;10444.0000;None;112800.0000
17745;2023-01-17 13:14:05.863000;1;106277;2;1;None;1;10444.0000;None;112800.0000
17745;2023-01-17 12:56:53.650000;1;106277;2;1;0.0000;1;10444.0000;None;112800.0000
17730;2023-01-17 10:26:58.800000;4;106279;1;1;0.0000;1;12870.0000;None;139000.0000
17741;2023-01-17 12:26:34.697000;1;106286;1;1;0.0000;1;10889.0000;None;117600.0000
17739;2023-01-17 11:46:55.720000;4;106287;2;1;0.0000;1;4019.0000;None;43400.0000
17739;2023-01-17 11:46:55.720000;4;106287;2;1;0.0000;1;4019.0000;None;43400.0000
17739;2023-01-17 11:46:55.720000;4;106287;2;1;0.0000;1;4019.0000;None;43400.0000
17739;2023-01-17 11:46:55.720000;4;106287;2;1;0.0000;1;4019.0000;None;43400.0000
22898;2023-01-17 19:54:07.927000;1;106366;1;1;27800.0000;1;5759.0000;None;62200.0000
17806;2023-01-17 16:54:04.257000;1;106689;1;1;2800.0000;1;2407.0000;None;26000.0000
17802;2023-01-17 17:42:35.670000;1;106689;1;1;2800.0000;1;16574.0000;None;179000.0000
22858;2023-01-17 15:51:05.970000;1;106689;1;1;2800.0000;1;2796.0000;None;30200.0000
22863;2023-01-17 17:37:23.403000;1;106689;1;1;2800.0000;1;7074.0000;None;76400.0000
17743;2023-01-17 12:50:12.607000;1;106800;2;1;0.0000;1;8944.0000;None;96600.0000
17741;2023-01-17 12:26:34.697000;1;106800;2;1;0.0000;1;10889.0000;None;117600.0000
17745;2023-01-17 12:56:53.650000;1;106800;2;1;0.0000;1;10444.0000;None;112800.0000
17736;2023-01-17 11:39:52.207000;1;107283;1;10;1500.0000;1;1491.0000;None;16100.0000
17852;2023-01-17 19:26:39.330000;1;107283;1;20;3000.0000;1;None;None;6000.0000
17852;2023-01-17 19:26:39.330000;1;107283;1;20;3000.0000;1;None;None;6000.0000
17846;2023-01-17 18:42:27.847000;3;107745;1;1;15800.0000;1;30019.0000;None;324200.0000
17802;2023-01-17 19:30:22.087000;1;108005;1;1;None;1;16574.0000;None;179000.0000
17802;2023-01-17 19:30:22.087000;1;108005;1;1;None;1;16574.0000;None;179000.0000
17802;2023-01-17 19:30:22.087000;1;108005;1;1;None;1;16574.0000;None;179000.0000
17802;2023-01-17 19:30:22.087000;1;108005;1;1;None;1;16574.0000;None;179000.0000
17817;2023-01-17 17:46:03.940000;1;108005;1;1;0.0000;1;10537.0000;None;113800.0000
17817;2023-01-17 17:46:03.940000;1;108005;1;1;0.0000;1;10537.0000;None;113800.0000
17817;2023-01-17 17:46:03.940000;1;108005;1;1;0.0000;1;10537.0000;None;113800.0000
17817;2023-01-17 17:46:03.940000;1;108005;1;1;0.0000;1;10537.0000;None;113800.0000
17817;2023-01-17 17:46:03.940000;1;108005;1;1;0.0000;1;10537.0000;None;113800.0000
17817;2023-01-17 17:46:03.940000;1;108005;1;1;0.0000;1;10537.0000;None;113800.0000
17745;2023-01-17 12:56:53.650000;1;108005;1;1;0.0000;1;10444.0000;None;112800.0000
17745;2023-01-17 13:14:05.863000;1;108005;1;1;None;1;10444.0000;None;112800.0000
17745;2023-01-17 12:56:53.650000;1;108005;1;1;0.0000;1;10444.0000;None;112800.0000
17741;2023-01-17 12:26:34.697000;1;108005;1;1;0.0000;1;10889.0000;None;117600.0000
17769;2023-01-17 15:09:57.323000;1;108005;1;1;0.0000;1;None;None;52400.0000
17769;2023-01-17 15:09:57.323000;1;108005;1;1;0.0000;1;None;None;52400.0000
22854;2023-01-17 15:55:28.620000;1;108005;1;1;0.0000;1;10444.0000;None;112800.0000
22854;2023-01-17 15:55:28.620000;1;108005;1;1;0.0000;1;10444.0000;None;112800.0000
17768;2023-01-17 14:54:00.010000;1;108006;1;1;0.0000;1;12982.0000;None;140200.0000
17768;2023-01-17 14:54:00.010000;1;108006;1;1;0.0000;1;12982.0000;None;140200.0000
17754;2023-01-17 13:35:36.463000;1;108006;1;1;0.0000;1;7370.0000;None;79600.0000
17786;2023-01-17 16:18:54.220000;1;108006;1;1;0.0000;1;7500.0000;None;81000.0000
17741;2023-01-17 12:41:11.703000;1;108006;1;1;0.0000;1;10889.0000;None;117600.0000
17741;2023-01-17 12:41:11.703000;1;108006;1;1;0.0000;1;10889.0000;None;117600.0000
17741;2023-01-17 12:26:34.697000;1;108006;1;1;0.0000;1;10889.0000;None;117600.0000
22842;2023-01-17 12:40:10.853000;1;108006;1;1;0.0000;1;14574.0000;None;157400.0000
22842;2023-01-17 12:40:10.853000;1;108006;1;1;0.0000;1;14574.0000;None;157400.0000
17737;2023-01-17 11:30:44.600000;1;108006;1;1;0.0000;1;3019.0000;None;32600.0000
17737;2023-01-17 11:30:44.600000;1;108006;1;1;0.0000;1;3019.0000;None;32600.0000
17823;2023-01-17 18:08:48.427000;1;108006;1;1;0.0000;1;25889.0000;None;279600.0000
17823;2023-01-17 18:08:48.427000;1;108006;1;1;0.0000;1;25889.0000;None;279600.0000
17743;2023-01-17 12:50:12.607000;1;108008;1;1;0.0000;1;8944.0000;None;96600.0000
17747;2023-01-17 13:12:28.893000;1;108008;1;1;0.0000;1;8889.0000;None;96000.0000
17747;2023-01-17 13:12:28.893000;1;108008;1;1;0.0000;1;8889.0000;None;96000.0000
17750;2023-01-17 13:19:43.003000;1;108008;1;1;0.0000;1;3685.0000;None;39800.0000
17750;2023-01-17 13:19:43.003000;1;108008;1;1;0.0000;1;3685.0000;None;39800.0000
17750;2023-01-17 13:19:43.003000;1;108008;1;1;0.0000;1;3685.0000;None;39800.0000
17860;2023-01-17 20:08:46.903000;3;108191;1;1;0.0000;1;1815.0000;None;19600.0000
17820;2023-01-17 16:42:00.967000;3;108192;1;1;0.0000;1;2148.0000;None;23200.0000
17749;2023-01-17 13:11:19.127000;1;108353;1;1;19800.0000;1;5815.0000;None;62800.0000
17749;2023-01-17 13:11:19.127000;1;108353;1;1;19800.0000;1;5815.0000;None;62800.0000
22842;2023-01-17 12:20:06.077000;3;108531;1;1;6800.0000;1;14574.0000;None;157400.0000
17799;2023-01-17 17:13:29.827000;3;108531;1;1;6800.0000;1;5333.0000;None;57600.0000
17795;2023-01-17 16:38:35.567000;3;108531;1;1;6800.0000;1;3000.0000;None;32400.0000
17781;2023-01-17 16:12:36.413000;3;108531;1;1;6800.0000;1;1444.0000;None;15600.0000
17754;2023-01-17 14:18:26.993000;3;108531;1;1;6800.0000;1;7370.0000;None;79600.0000
17761;2023-01-17 14:06:13.900000;3;108531;1;1;6800.0000;1;2870.0000;None;31000.0000
22863;2023-01-17 17:28:25.630000;3;108531;1;1;6800.0000;1;7074.0000;None;76400.0000
22865;2023-01-17 15:33:46.557000;3;108531;1;1;6800.0000;1;7611.0000;None;82200.0000
22902;2023-01-17 20:37:51.307000;3;108531;1;1;6800.0000;1;1889.0000;None;20400.0000
17855;2023-01-17 21:10:05.787000;3;108531;1;1;6800.0000;1;18593.0000;None;200800.0000
17855;2023-01-17 21:10:05.787000;3;108531;1;1;6800.0000;1;18593.0000;None;200800.0000
17847;2023-01-17 18:45:27.340000;3;108531;1;1;6800.0000;1;1667.0000;None;18000.0000
22892;2023-01-17 19:16:33.283000;3;108531;1;1;6800.0000;1;5833.0000;None;63000.0000
22887;2023-01-17 17:54:46.477000;3;108531;1;1;6800.0000;1;1426.0000;None;15400.0000
17779;2023-01-17 18:00:52.643000;3;108533;1;1;8800.0000;1;4982.0000;None;53800.0000
17779;2023-01-17 18:08:57.427000;3;108533;1;1;8800.0000;1;4982.0000;None;53800.0000
22867;2023-01-17 15:36:29.783000;3;108533;1;1;8800.0000;1;3352.0000;None;36200.0000
17740;2023-01-17 12:45:36.003000;3;108533;1;1;8800.0000;1;10685.0000;None;115400.0000
22832;2023-01-17 11:10:52.957000;3;108533;1;1;8800.0000;1;1352.0000;None;14600.0000
17839;2023-01-17 18:08:18.850000;3;108533;1;1;8800.0000;1;2444.0000;None;26400.0000
17842;2023-01-17 18:24:53.070000;3;108533;1;1;8800.0000;1;6241.0000;None;67400.0000
17842;2023-01-17 18:24:53.070000;3;108533;1;1;8800.0000;1;6241.0000;None;67400.0000
17823;2023-01-17 17:27:54.697000;3;108533;1;1;8800.0000;1;25889.0000;None;279600.0000
17801;2023-01-17 15:58:07.793000;3;108539;1;1;8800.0000;1;1889.0000;None;20400.0000
22847;2023-01-17 14:06:01.437000;1;109101;1;1;29800.0000;1;5148.0000;None;55600.0000
22863;2023-01-17 17:37:23.403000;1;109102;1;1;19800.0000;1;7074.0000;None;76400.0000
17755;2023-01-17 13:36:20.423000;1;109554;1;1;13800.0000;1;9852.0000;None;106400.0000
17815;2023-01-17 17:12:49.507000;1;109554;1;1;13800.0000;1;13630.0000;None;147200.0000
17815;2023-01-17 17:12:49.507000;1;109554;1;1;13800.0000;1;13630.0000;None;147200.0000
17815;2023-01-17 16:48:31.237000;1;109554;1;1;13800.0000;1;13630.0000;None;147200.0000
17815;2023-01-17 16:48:31.237000;1;109556;1;1;11800.0000;1;13630.0000;None;147200.0000
17730;2023-01-17 10:29:43.473000;3;200003;1;1;8800.0000;1;12870.0000;None;139000.0000
17730;2023-01-17 10:29:43.473000;3;200003;1;1;8800.0000;1;12870.0000;None;139000.0000
17730;2023-01-17 11:14:30.957000;3;200003;1;1;8800.0000;1;12870.0000;None;139000.0000
17730;2023-01-17 12:32:53.880000;3;200003;1;1;8800.0000;1;12870.0000;None;139000.0000
17730;2023-01-17 13:11:52.747000;3;200003;1;1;8800.0000;1;12870.0000;None;139000.0000
17730;2023-01-17 13:11:52.747000;3;200003;1;1;8800.0000;1;12870.0000;None;139000.0000
17779;2023-01-17 16:01:59.383000;3;200007;1;1;10800.0000;1;4982.0000;None;53800.0000
17779;2023-01-17 16:07:26.317000;3;200007;1;1;10800.0000;1;4982.0000;None;53800.0000
17783;2023-01-17 16:13:04.023000;3;200007;1;1;10800.0000;1;5204.0000;None;56200.0000
17788;2023-01-17 16:26:38.173000;3;200008;1;1;13800.0000;1;2537.0000;None;27400.0000
17823;2023-01-17 15:34:24.550000;2;200152;1;1;109800.0000;1;25889.0000;None;279600.0000
17857;2023-01-17 20:02:51.527000;2;200608;1;1;106800.0000;1;14500.0000;None;156600.0000
22873;2023-01-17 16:30:47.200000;3;200644;1;1;5800.0000;1;4667.0000;None;50400.0000
17799;2023-01-17 17:41:49.523000;3;200644;1;1;5800.0000;1;5333.0000;None;57600.0000
17798;2023-01-17 16:41:10.777000;3;200644;1;1;5800.0000;1;22222.0000;None;240000.0000
17755;2023-01-17 13:36:20.423000;3;200644;1;1;5800.0000;1;9852.0000;None;106400.0000
17756;2023-01-17 13:36:33.297000;3;200644;1;1;5800.0000;1;1704.0000;None;18400.0000
17765;2023-01-17 14:20:13.907000;3;200644;1;1;5800.0000;1;1074.0000;None;11600.0000
22855;2023-01-17 15:54:15.297000;3;200644;1;1;5800.0000;1;18370.0000;None;198400.0000
22854;2023-01-17 14:48:09.190000;3;200644;1;1;5800.0000;1;10444.0000;None;112800.0000
22854;2023-01-17 15:55:28.620000;3;200644;1;1;5800.0000;1;10444.0000;None;112800.0000
22854;2023-01-17 15:55:28.620000;3;200644;1;1;5800.0000;1;10444.0000;None;112800.0000
17737;2023-01-17 11:30:44.600000;3;200644;1;1;5800.0000;1;3019.0000;None;32600.0000
22834;2023-01-17 12:03:29.483000;3;200644;1;1;5800.0000;1;5296.0000;None;57200.0000
22840;2023-01-17 11:48:35.097000;3;200644;1;1;5800.0000;1;1074.0000;None;11600.0000
17745;2023-01-17 12:56:53.650000;3;200644;1;1;5800.0000;1;10444.0000;None;112800.0000
17745;2023-01-17 12:56:53.650000;3;200644;1;1;5800.0000;1;10444.0000;None;112800.0000
17744;2023-01-17 12:51:45.277000;3;200644;1;1;5800.0000;1;11741.0000;None;126800.0000
22893;2023-01-17 18:50:43.403000;3;200644;1;1;5800.0000;1;1074.0000;None;11600.0000
22898;2023-01-17 19:43:23.527000;3;200644;1;1;5800.0000;1;5759.0000;None;62200.0000
17853;2023-01-17 19:46:53.373000;3;200644;1;1;5800.0000;1;3741.0000;None;40400.0000
17840;2023-01-17 18:10:14.117000;3;200644;1;1;5800.0000;1;1611.0000;None;17400.0000
17840;2023-01-17 18:10:14.117000;3;200644;1;1;5800.0000;1;1611.0000;None;17400.0000
17810;2023-01-17 17:16:53.333000;3;200644;1;1;5800.0000;1;5296.0000;None;57200.0000
17817;2023-01-17 17:23:37.323000;3;200644;1;1;5800.0000;1;10537.0000;None;113800.0000
17817;2023-01-17 17:23:37.323000;3;200644;1;1;5800.0000;1;10537.0000;None;113800.0000
22881;2023-01-17 17:12:06.427000;3;200644;1;1;5800.0000;1;3685.0000;None;39800.0000
17810;2023-01-17 15:50:14.417000;3;200644;1;2;11600.0000;1;5296.0000;None;57200.0000
22882;2023-01-17 16:57:37.410000;3;201146;1;1;5800.0000;1;1907.0000;None;20600.0000
17801;2023-01-17 16:47:40.260000;3;201146;1;1;5800.0000;1;1889.0000;None;20400.0000
17802;2023-01-17 17:11:42.613000;3;201146;1;1;5800.0000;1;16574.0000;None;179000.0000
17802;2023-01-17 18:20:39.840000;3;201146;1;1;5800.0000;1;16574.0000;None;179000.0000
17815;2023-01-17 17:19:46.420000;3;201146;1;1;5800.0000;1;13630.0000;None;147200.0000
17813;2023-01-17 17:21:52.340000;3;201146;1;1;5800.0000;1;2259.0000;None;24400.0000
17823;2023-01-17 15:47:36.383000;3;201146;1;1;5800.0000;1;25889.0000;None;279600.0000
17823;2023-01-17 18:08:48.427000;3;201146;1;1;5800.0000;1;25889.0000;None;279600.0000
17840;2023-01-17 18:10:14.117000;3;201146;1;1;5800.0000;1;1611.0000;None;17400.0000
22891;2023-01-17 18:24:49.847000;3;201146;1;1;5800.0000;1;1074.0000;None;11600.0000
22888;2023-01-17 18:00:28.223000;3;201146;1;1;5800.0000;1;3593.0000;None;38800.0000
17833;2023-01-17 17:56:47.630000;3;201146;1;1;5800.0000;1;1889.0000;None;20400.0000
22896;2023-01-17 19:37:11.020000;3;201146;1;1;5800.0000;1;4111.0000;None;44400.0000
17744;2023-01-17 12:51:45.277000;3;201146;1;1;5800.0000;1;11741.0000;None;126800.0000
17745;2023-01-17 13:22:43.557000;3;201146;1;1;5800.0000;1;10444.0000;None;112800.0000
17740;2023-01-17 12:02:14.657000;3;201146;1;1;5800.0000;1;10685.0000;None;115400.0000
17740;2023-01-17 12:02:14.657000;3;201146;1;1;5800.0000;1;10685.0000;None;115400.0000
22836;2023-01-17 11:32:02.433000;3;201146;1;1;5800.0000;1;1611.0000;None;17400.0000
22841;2023-01-17 12:23:48.750000;3;201146;1;1;5800.0000;1;2519.0000;None;27200.0000
22828;2023-01-17 11:40:35.547000;3;201146;1;1;5800.0000;1;9111.0000;None;98400.0000
22828;2023-01-17 10:44:38.307000;3;201146;1;1;5800.0000;1;9111.0000;None;98400.0000
17766;2023-01-17 14:32:06.837000;3;201146;1;1;5800.0000;1;2778.0000;None;30000.0000
22855;2023-01-17 16:24:17.090000;3;201146;1;1;5800.0000;1;18370.0000;None;198400.0000
22855;2023-01-17 14:56:23.533000;3;201146;1;1;5800.0000;1;18370.0000;None;198400.0000
22855;2023-01-17 15:07:31.537000;3;201146;1;1;5800.0000;1;18370.0000;None;198400.0000
22865;2023-01-17 15:33:46.557000;3;201146;1;1;5800.0000;1;7611.0000;None;82200.0000
22858;2023-01-17 15:03:10.917000;3;201146;1;1;5800.0000;1;2796.0000;None;30200.0000
22846;2023-01-17 15:18:27.737000;3;201146;1;1;5800.0000;1;4019.0000;None;43400.0000
17758;2023-01-17 13:55:57.153000;3;201146;1;1;5800.0000;1;2722.0000;None;29400.0000
22846;2023-01-17 14:46:12.417000;3;201146;1;1;5800.0000;1;4019.0000;None;43400.0000
22846;2023-01-17 14:10:23.837000;3;201146;1;1;5800.0000;1;4019.0000;None;43400.0000
17798;2023-01-17 16:41:10.777000;3;201146;1;1;5800.0000;1;22222.0000;None;240000.0000
17799;2023-01-17 17:41:49.523000;3;201146;1;1;5800.0000;1;5333.0000;None;57600.0000
17798;2023-01-17 17:37:07.270000;3;201146;1;1;5800.0000;1;22222.0000;None;240000.0000
17793;2023-01-17 16:33:13.220000;3;201146;1;1;5800.0000;1;1593.0000;None;17200.0000
22865;2023-01-17 16:22:55.810000;3;201146;1;1;5800.0000;1;7611.0000;None;82200.0000
17860;2023-01-17 20:08:46.903000;2;201187;1;1;9800.0000;1;1815.0000;None;19600.0000
17860;2023-01-17 20:08:46.903000;2;201187;1;1;9800.0000;1;1815.0000;None;19600.0000
17838;2023-01-17 18:06:56.197000;2;201187;1;1;9800.0000;1;2352.0000;None;25400.0000
17838;2023-01-17 18:06:56.197000;2;201187;1;1;9800.0000;1;2352.0000;None;25400.0000
17822;2023-01-17 17:27:06.420000;3;201211;1;1;5800.0000;1;9926.0000;None;107200.0000
17774;2023-01-17 15:58:22.637000;3;201211;1;1;5800.0000;1;2722.0000;None;29400.0000
17796;2023-01-17 17:03:36.967000;3;201211;1;1;5800.0000;1;3815.0000;None;41200.0000
17758;2023-01-17 13:45:52.410000;3;201211;1;1;5800.0000;1;2722.0000;None;29400.0000
22859;2023-01-17 15:52:47.030000;3;201211;1;1;5800.0000;1;1611.0000;None;17400.0000
22865;2023-01-17 16:22:55.810000;3;201211;1;1;5800.0000;1;7611.0000;None;82200.0000
17768;2023-01-17 15:02:10.420000;3;201211;1;1;5800.0000;1;12982.0000;None;140200.0000
22831;2023-01-17 11:05:51.393000;3;201211;1;1;5800.0000;1;1444.0000;None;15600.0000
17741;2023-01-17 12:24:01.393000;3;201211;1;1;5800.0000;1;10889.0000;None;117600.0000
17743;2023-01-17 12:50:12.607000;3;201211;1;1;5800.0000;1;8944.0000;None;96600.0000
17743;2023-01-17 12:45:45.453000;3;201211;1;1;5800.0000;1;8944.0000;None;96600.0000
17741;2023-01-17 13:01:26.737000;3;201211;1;1;5800.0000;1;10889.0000;None;117600.0000
22839;2023-01-17 11:39:43.817000;3;201211;1;1;5800.0000;1;1519.0000;None;16400.0000
17747;2023-01-17 13:44:37.680000;3;201211;1;1;5800.0000;1;8889.0000;None;96000.0000
17748;2023-01-17 13:10:09.240000;3;201211;1;1;5800.0000;1;3019.0000;None;32600.0000
17744;2023-01-17 12:51:45.277000;3;201211;1;1;5800.0000;1;11741.0000;None;126800.0000
17751;2023-01-17 13:20:10.360000;3;201211;1;1;5800.0000;1;3852.0000;None;41600.0000
17753;2023-01-17 13:30:12.587000;3;201211;1;1;5800.0000;1;None;None;25800.0000
17811;2023-01-17 17:36:27.343000;3;201237;1;1;5800.0000;1;6093.0000;None;65800.0000
17817;2023-01-17 17:23:37.323000;3;201237;1;1;5800.0000;1;10537.0000;None;113800.0000
17838;2023-01-17 18:06:56.197000;3;201237;1;1;5800.0000;1;2352.0000;None;25400.0000
17844;2023-01-17 18:25:15.197000;3;201269;1;1;5800.0000;1;1815.0000;None;19600.0000
22899;2023-01-17 20:14:40.753000;3;201269;1;1;5800.0000;1;3648.0000;None;39400.0000
22896;2023-01-17 17:40:14.687000;3;201269;1;1;5800.0000;1;4111.0000;None;44400.0000
22893;2023-01-17 18:50:43.403000;3;201269;1;1;5800.0000;1;1074.0000;None;11600.0000
17818;2023-01-17 18:40:58.480000;3;201269;1;1;5800.0000;1;2148.0000;None;23200.0000
17820;2023-01-17 16:42:00.967000;3;201269;1;1;5800.0000;1;2148.0000;None;23200.0000
22879;2023-01-17 16:43:29.197000;3;201269;1;1;5800.0000;1;2519.0000;None;27200.0000
22879;2023-01-17 16:43:29.197000;3;201269;1;1;5800.0000;1;2519.0000;None;27200.0000
17800;2023-01-17 16:29:45.683000;3;201269;1;1;5800.0000;1;2778.0000;None;30000.0000
17808;2023-01-17 17:00:52.383000;3;201269;1;1;5800.0000;1;3315.0000;None;35800.0000
17808;2023-01-17 17:29:57.567000;3;201269;1;3;17400.0000;1;3315.0000;None;35800.0000
17752;2023-01-17 13:32:32.057000;3;201269;1;1;5800.0000;1;4685.0000;None;50600.0000
17740;2023-01-17 12:02:14.657000;3;201269;1;1;5800.0000;1;10685.0000;None;115400.0000
17754;2023-01-17 13:35:36.463000;3;201269;1;1;5800.0000;1;7370.0000;None;79600.0000
17754;2023-01-17 13:35:36.463000;3;201269;1;1;5800.0000;1;7370.0000;None;79600.0000
17755;2023-01-17 13:36:20.423000;3;201269;1;1;5800.0000;1;9852.0000;None;106400.0000
17794;2023-01-17 16:33:31.797000;3;201269;1;1;5800.0000;1;2519.0000;None;27200.0000
22875;2023-01-17 16:27:33.740000;3;201269;1;1;5800.0000;1;537.0000;None;5800.0000
17741;2023-01-17 12:26:34.697000;1;201546;1;1;31800.0000;1;10889.0000;None;117600.0000
22841;2023-01-17 12:03:39.577000;1;201567;1;1;8800.0000;1;2519.0000;None;27200.0000
22838;2023-01-17 12:19:37.670000;1;201567;1;1;8800.0000;1;1796.0000;None;19400.0000
17725;2023-01-17 09:13:30.203000;1;201567;1;1;8800.0000;1;3519.0000;None;38000.0000
17724;2023-01-17 08:12:03.237000;1;201567;1;1;8800.0000;1;1889.0000;None;20400.0000
22824;2023-01-17 08:40:03.007000;1;201567;1;1;8800.0000;1;4889.0000;None;52800.0000
17844;2023-01-17 18:25:15.197000;2;201615;1;1;13800.0000;1;1815.0000;None;19600.0000
22842;2023-01-17 12:06:06.937000;2;201615;1;1;13800.0000;1;14574.0000;None;157400.0000
22842;2023-01-17 12:06:06.937000;2;201615;1;1;13800.0000;1;14574.0000;None;157400.0000
17749;2023-01-17 13:11:19.127000;3;201958;1;1;5800.0000;1;5815.0000;None;62800.0000
17783;2023-01-17 15:58:22.637000;3;201958;1;1;5800.0000;1;5204.0000;None;56200.0000
17793;2023-01-17 16:33:13.220000;3;201958;1;1;5800.0000;1;1593.0000;None;17200.0000
17765;2023-01-17 15:00:24.587000;3;201958;1;1;5800.0000;1;1074.0000;None;11600.0000
17802;2023-01-17 19:30:22.087000;3;201958;1;1;5800.0000;1;16574.0000;None;179000.0000
17810;2023-01-17 15:45:00.743000;3;201958;1;1;5800.0000;1;5296.0000;None;57200.0000
17745;2023-01-17 12:56:53.650000;1;202712;1;1;31800.0000;1;10444.0000;None;112800.0000
17745;2023-01-17 12:56:53.650000;1;202712;1;1;31800.0000;1;10444.0000;None;112800.0000
17745;2023-01-17 13:14:05.863000;1;202712;1;1;31800.0000;1;10444.0000;None;112800.0000
17741;2023-01-17 12:26:34.697000;1;202712;1;1;31800.0000;1;10889.0000;None;117600.0000
17743;2023-01-17 12:50:12.607000;1;202712;1;1;31800.0000;1;8944.0000;None;96600.0000
