23036;2023-01-20 11:50:46.477000;7;1001;1;1;0.0000;1;2519.0000;None;27200.0000
18204;2023-01-20 12:43:00.307000;7;1011;1;1;0.0000;1;10889.0000;None;117600.0000
18168;2023-01-20 09:59:48.560000;7;1011;1;1;0.0000;1;12278.0000;None;132600.0000
18255;2023-01-20 18:00:16.117000;7;1011;1;1;0.0000;1;48834.0000;None;527400.0000
23087;2023-01-20 17:32:44.167000;7;1027;1;1;0.0000;1;7037.0000;None;76000.0000
18266;2023-01-20 18:03:32.710000;7;1027;1;1;0.0000;1;15926.0000;None;172000.0000
18266;2023-01-20 18:03:32.710000;7;1027;1;1;0.0000;1;15926.0000;None;172000.0000
18168;2023-01-20 09:59:48.560000;7;1027;1;1;0.0000;1;12278.0000;None;132600.0000
18181;2023-01-20 10:25:14.503000;7;1027;1;1;0.0000;1;2926.0000;None;31600.0000
18223;2023-01-20 14:32:30.677000;7;1027;1;1;None;1;5000.0000;None;54000.0000
18205;2023-01-20 13:06:44.873000;7;1027;1;1;0.0000;1;10185.0000;None;110000.0000
18204;2023-01-20 13:34:55.867000;7;1027;1;1;0.0000;1;10889.0000;None;117600.0000
18212;2023-01-20 13:55:41.293000;7;1039;1;1;0.0000;1;18593.0000;None;200800.0000
18228;2023-01-20 14:49:49.993000;7;1039;1;1;0.0000;1;6944.0000;None;75000.0000
23095;2023-01-20 18:46:02.113000;7;1039;1;1;0.0000;1;6833.0000;None;73800.0000
18266;2023-01-20 18:03:32.710000;7;1039;1;1;0.0000;1;15926.0000;None;172000.0000
18260;2023-01-20 17:56:47.773000;7;1039;1;1;0.0000;1;5593.0000;None;60400.0000
18242;2023-01-20 16:58:37.917000;7;1039;1;1;0.0000;1;4167.0000;None;45000.0000
18253;2023-01-20 17:26:57.660000;7;1135;1;1;0.0000;1;1889.0000;None;20400.0000
18247;2023-01-20 17:20:15.180000;7;1135;1;1;0.0000;1;5019.0000;None;54200.0000
18272;2023-01-20 18:53:49.623000;7;1135;1;1;0.0000;1;3722.0000;None;40200.0000
18266;2023-01-20 18:03:32.710000;7;1135;1;1;0.0000;1;15926.0000;None;172000.0000
18266;2023-01-20 18:03:32.710000;7;1135;1;1;0.0000;1;15926.0000;None;172000.0000
18276;2023-01-20 20:14:53.970000;7;1135;1;1;0.0000;1;27630.0000;None;298400.0000
18228;2023-01-20 14:49:49.993000;7;1135;1;1;0.0000;1;6944.0000;None;75000.0000
23030;2023-01-20 11:14:45.830000;7;1135;1;1;0.0000;1;10907.0000;None;117800.0000
23027;2023-01-20 10:40:45.537000;7;1135;1;1;None;1;6500.0000;None;70200.0000
23027;2023-01-20 10:40:45.537000;7;1135;1;1;None;1;6500.0000;None;70200.0000
18181;2023-01-20 10:25:14.503000;7;1135;1;1;0.0000;1;2926.0000;None;31600.0000
18174;2023-01-20 09:58:06.207000;7;1135;1;1;0.0000;1;2074.0000;None;22400.0000
18168;2023-01-20 09:59:48.560000;7;1135;1;1;0.0000;1;12278.0000;None;132600.0000
18160;2023-01-20 08:38:31.587000;7;1135;1;1;0.0000;1;7870.0000;None;85000.0000
18163;2023-01-20 08:58:38.837000;7;1135;1;1;0.0000;1;4852.0000;None;52400.0000
18165;2023-01-20 09:18:21.907000;7;1135;1;1;0.0000;1;6352.0000;None;68600.0000
18165;2023-01-20 09:18:21.907000;7;1135;1;1;0.0000;1;6352.0000;None;68600.0000
18179;2023-01-20 10:07:56.637000;7;1157;1;1;0.0000;1;None;None;16600.0000
18223;2023-01-20 14:40:18.587000;7;1157;1;1;0.0000;1;5000.0000;None;54000.0000
18255;2023-01-20 20:25:39.647000;7;1157;1;1;0.0000;1;48834.0000;None;527400.0000
23034;2023-01-20 11:37:39.447000;7;1195;1;1;0.0000;1;3889.0000;None;42000.0000
23033;2023-01-20 11:22:46.243000;7;1207;1;1;0.0000;1;1259.0000;None;13600.0000
18216;2023-01-20 13:56:04.180000;7;1207;1;1;0.0000;1;537.0000;None;5800.0000
23048;2023-01-20 14:58:22.867000;7;1207;1;1;0.0000;1;1741.0000;None;18800.0000
18161;2023-01-20 08:48:02.980000;7;1207;1;1;0.0000;1;1444.0000;None;15600.0000
18258;2023-01-20 18:50:28.263000;7;1207;1;1;0.0000;1;1889.0000;None;20400.0000
18254;2023-01-20 17:29:20.743000;7;1207;1;1;0.0000;1;10056.0000;None;108600.0000
18229;2023-01-20 15:19:05.063000;7;1207;1;1;0.0000;1;None;None;57600.0000
18199;2023-01-20 11:49:36.747000;7;1247;1;1;0.0000;1;2444.0000;None;26400.0000
18215;2023-01-20 14:14:56.060000;7;1294;1;1;0.0000;1;14445.0000;None;156000.0000
23064;2023-01-20 17:58:12.917000;7;1294;1;1;0.0000;1;9537.0000;None;103000.0000
23076;2023-01-20 17:14:52.683000;7;2001;1;1;0.0000;1;1981.0000;None;21400.0000
18241;2023-01-20 16:54:16.537000;7;2002;1;1;0.0000;1;2333.0000;None;25200.0000
18241;2023-01-20 16:54:16.537000;7;2002;1;1;0.0000;1;2333.0000;None;25200.0000
23079;2023-01-20 16:59:02.207000;7;2002;1;1;0.0000;1;1074.0000;None;11600.0000
23078;2023-01-20 16:58:39.547000;7;2002;1;3;0.0000;1;12852.0000;None;138800.0000
23075;2023-01-20 16:43:35.580000;7;2002;1;1;0.0000;1;14722.0000;None;159000.0000
23076;2023-01-20 16:49:12.217000;7;2002;1;1;0.0000;1;1981.0000;None;21400.0000
23086;2023-01-20 17:31:28.227000;7;2002;1;1;0.0000;1;1889.0000;None;20400.0000
23086;2023-01-20 17:50:15.580000;7;2002;1;1;0.0000;1;1889.0000;None;20400.0000
23086;2023-01-20 17:29:19.480000;7;2002;1;1;0.0000;1;1889.0000;None;20400.0000
18246;2023-01-20 17:06:19.907000;7;2002;1;1;0.0000;1;1259.0000;None;13600.0000
18246;2023-01-20 17:24:19.087000;7;2002;1;1;0.0000;1;1259.0000;None;13600.0000
23091;2023-01-20 18:22:57.900000;7;2002;1;1;0.0000;1;1796.0000;None;19400.0000
18255;2023-01-20 19:13:45.373000;7;2002;1;1;None;1;48834.0000;None;527400.0000
18255;2023-01-20 17:34:54.327000;7;2002;1;1;0.0000;1;48834.0000;None;527400.0000
18255;2023-01-20 18:00:16.117000;7;2002;1;1;0.0000;1;48834.0000;None;527400.0000
23100;2023-01-20 19:13:16.790000;7;2002;1;1;0.0000;1;3019.0000;None;32600.0000
23093;2023-01-20 18:33:49.363000;7;2002;1;1;0.0000;1;10500.0000;None;113400.0000
23093;2023-01-20 18:33:49.363000;7;2002;1;1;0.0000;1;10500.0000;None;113400.0000
23099;2023-01-20 18:50:17.157000;7;2002;1;1;0.0000;1;7722.0000;None;83400.0000
23099;2023-01-20 18:50:17.157000;7;2002;1;1;0.0000;1;7722.0000;None;83400.0000
23024;2023-01-20 10:11:35.517000;7;2002;1;1;0.0000;1;1611.0000;None;17400.0000
23025;2023-01-20 10:13:02.087000;7;2002;1;1;0.0000;1;8722.0000;None;94200.0000
23026;2023-01-20 10:21:09.840000;7;2002;1;1;0.0000;1;1796.0000;None;19400.0000
18210;2023-01-20 13:14:15.647000;7;2002;1;1;0.0000;1;8630.0000;None;93200.0000
18210;2023-01-20 13:14:15.647000;7;2002;1;1;0.0000;1;8630.0000;None;93200.0000
23049;2023-01-20 15:09:24.053000;7;2002;1;1;0.0000;1;4315.0000;None;46600.0000
23051;2023-01-20 15:18:05.823000;7;2002;1;1;0.0000;1;6482.0000;None;70000.0000
18221;2023-01-20 14:37:44.913000;7;2002;1;1;0.0000;1;2074.0000;None;22400.0000
18212;2023-01-20 13:15:57.637000;7;2008;1;2;None;1;18593.0000;None;200800.0000
18186;2023-01-20 10:51:45.380000;7;2008;1;2;0.0000;1;2963.0000;None;32000.0000
18276;2023-01-20 19:51:52.457000;7;2008;1;1;0.0000;1;27630.0000;None;298400.0000
18276;2023-01-20 19:51:52.457000;7;2008;1;1;0.0000;1;27630.0000;None;298400.0000
23107;2023-01-20 20:58:49.527000;7;2008;1;3;None;1;25463.0000;None;275000.0000
23087;2023-01-20 17:52:17.410000;7;2008;1;2;0.0000;1;7037.0000;None;76000.0000
23089;2023-01-20 18:17:30.640000;7;2008;1;2;0.0000;1;1889.0000;None;20400.0000
23073;2023-01-20 16:36:26.590000;7;2008;1;2;0.0000;1;3741.0000;None;40400.0000
18237;2023-01-20 16:07:21.363000;7;2009;1;1;0.0000;1;10056.0000;None;108600.0000
18237;2023-01-20 15:50:40.090000;7;2009;1;1;0.0000;1;10056.0000;None;108600.0000
18237;2023-01-20 15:50:40.090000;7;2009;1;1;0.0000;1;10056.0000;None;108600.0000
18238;2023-01-20 16:44:44.737000;7;2009;1;1;0.0000;1;1352.0000;None;14600.0000
23070;2023-01-20 16:22:53.187000;7;2009;1;1;0.0000;1;630.0000;None;6800.0000
23055;2023-01-20 15:17:59.273000;7;2009;1;1;0.0000;1;630.0000;None;6800.0000
23063;2023-01-20 15:48:41.203000;7;2009;1;1;0.0000;1;3537.0000;None;38200.0000
23089;2023-01-20 17:45:34.837000;7;2009;1;2;0.0000;1;1889.0000;None;20400.0000
23090;2023-01-20 18:01:21.877000;7;2009;1;1;0.0000;1;5685.0000;None;61400.0000
23088;2023-01-20 17:36:49.550000;7;2009;1;1;0.0000;1;1259.0000;None;13600.0000
23088;2023-01-20 17:36:49.550000;7;2009;1;1;0.0000;1;1259.0000;None;13600.0000
18257;2023-01-20 17:45:17.890000;7;2009;1;1;0.0000;1;10185.0000;None;110000.0000
18274;2023-01-20 19:06:15.747000;7;2009;1;1;0.0000;1;630.0000;None;6800.0000
18270;2023-01-20 18:50:48.330000;7;2009;1;1;0.0000;1;3185.0000;None;34400.0000
18270;2023-01-20 18:50:48.330000;7;2009;1;1;0.0000;1;3185.0000;None;34400.0000
18264;2023-01-20 18:19:22.060000;7;2009;1;1;0.0000;1;1722.0000;None;18600.0000
18264;2023-01-20 18:19:22.060000;7;2009;1;1;0.0000;1;1722.0000;None;18600.0000
23093;2023-01-20 18:18:20.933000;7;2009;1;1;None;1;10500.0000;None;113400.0000
23095;2023-01-20 18:27:32.330000;7;2009;1;1;None;1;6833.0000;None;73800.0000
23095;2023-01-20 18:27:32.330000;7;2009;1;1;None;1;6833.0000;None;73800.0000
18184;2023-01-20 10:41:01.663000;7;2009;1;1;0.0000;1;3278.0000;None;35400.0000
18182;2023-01-20 10:26:02.237000;7;2009;1;1;0.0000;1;1796.0000;None;19400.0000
18174;2023-01-20 10:06:11.157000;7;2009;1;1;0.0000;1;2074.0000;None;22400.0000
18175;2023-01-20 09:58:27.357000;7;2009;1;1;0.0000;1;1167.0000;None;12600.0000
18161;2023-01-20 08:48:02.980000;7;2009;1;1;0.0000;1;1444.0000;None;15600.0000
18168;2023-01-20 10:44:17.860000;7;2009;1;1;0.0000;1;12278.0000;None;132600.0000
18168;2023-01-20 09:36:18.913000;7;2009;1;1;0.0000;1;12278.0000;None;132600.0000
18187;2023-01-20 10:55:59.017000;7;2009;1;1;0.0000;1;3259.0000;None;35200.0000
23034;2023-01-20 11:34:58.587000;7;2009;1;1;0.0000;1;3889.0000;None;42000.0000
18190;2023-01-20 11:06:07.420000;7;2009;1;1;0.0000;1;630.0000;None;6800.0000
18191;2023-01-20 11:09:30.813000;7;2009;1;1;0.0000;1;1259.0000;None;13600.0000
18191;2023-01-20 11:09:30.813000;7;2009;1;1;0.0000;1;1259.0000;None;13600.0000
18200;2023-01-20 13:16:46.307000;7;2009;1;1;0.0000;1;5519.0000;None;59600.0000
18200;2023-01-20 12:52:18.100000;7;2009;1;1;0.0000;1;5519.0000;None;59600.0000
18201;2023-01-20 12:11:07.767000;7;2009;1;1;None;1;1981.0000;None;21400.0000
18202;2023-01-20 12:40:16.277000;7;2009;1;1;0.0000;1;3389.0000;None;36600.0000
18200;2023-01-20 11:48:00.377000;7;2009;1;1;0.0000;1;5519.0000;None;59600.0000
18199;2023-01-20 11:47:01.057000;7;2009;1;1;0.0000;1;2444.0000;None;26400.0000
18196;2023-01-20 11:37:52.880000;7;2009;1;1;0.0000;1;1352.0000;None;14600.0000
18206;2023-01-20 13:05:39.953000;7;2009;1;1;0.0000;1;1259.0000;None;13600.0000
18221;2023-01-20 14:37:44.913000;7;2009;1;1;0.0000;1;2074.0000;None;22400.0000
18217;2023-01-20 14:01:21.617000;7;2009;1;2;0.0000;1;1259.0000;None;13600.0000
23043;2023-01-20 14:02:04.847000;7;2009;1;1;0.0000;1;1815.0000;None;19600.0000
23043;2023-01-20 14:02:04.847000;7;2009;1;1;0.0000;1;1815.0000;None;19600.0000
23047;2023-01-20 14:56:23.903000;7;2009;1;1;0.0000;1;1259.0000;None;13600.0000
18228;2023-01-20 14:53:06.580000;7;2009;1;1;0.0000;1;6944.0000;None;75000.0000
18228;2023-01-20 14:53:06.580000;7;2009;1;1;0.0000;1;6944.0000;None;75000.0000
23089;2023-01-20 18:17:30.640000;7;2016;1;2;0.0000;1;1889.0000;None;20400.0000
23068;2023-01-20 16:20:54.377000;7;2016;1;1;0.0000;1;1167.0000;None;12600.0000
18237;2023-01-20 18:00:09.530000;7;2016;1;1;0.0000;1;10056.0000;None;108600.0000
18240;2023-01-20 17:07:28.017000;7;2016;1;1;0.0000;1;4593.0000;None;49600.0000
18274;2023-01-20 19:06:15.747000;7;2028;1;1;0.0000;1;630.0000;None;6800.0000
18274;2023-01-20 19:06:15.747000;7;2028;1;1;0.0000;1;630.0000;None;6800.0000
18274;2023-01-20 19:06:15.780000;7;2028;1;1;0.0000;1;630.0000;None;6800.0000
18274;2023-01-20 19:06:15.780000;7;2028;1;1;0.0000;1;630.0000;None;6800.0000
18200;2023-01-20 11:48:00.377000;7;2028;1;1;0.0000;1;5519.0000;None;59600.0000
18197;2023-01-20 11:43:05.640000;7;2033;1;1;0.0000;1;1889.0000;None;20400.0000
18197;2023-01-20 11:43:05.640000;7;2033;1;1;0.0000;1;1889.0000;None;20400.0000
18197;2023-01-20 11:57:15.460000;7;2033;1;1;0.0000;1;1889.0000;None;20400.0000
18197;2023-01-20 11:57:15.460000;7;2033;1;1;0.0000;1;1889.0000;None;20400.0000
18184;2023-01-20 10:41:01.663000;7;2033;1;1;0.0000;1;3278.0000;None;35400.0000
18179;2023-01-20 10:07:56.637000;7;2034;1;1;0.0000;1;None;None;16600.0000
18168;2023-01-20 10:44:17.860000;7;2034;1;1;0.0000;1;12278.0000;None;132600.0000
18161;2023-01-20 08:48:02.980000;7;2034;1;1;0.0000;1;1444.0000;None;15600.0000
23037;2023-01-20 11:51:05.030000;7;2034;1;1;0.0000;1;1167.0000;None;12600.0000
23028;2023-01-20 10:47:27.800000;7;2034;1;1;0.0000;1;537.0000;None;5800.0000
23029;2023-01-20 11:00:59.527000;7;2034;1;1;0.0000;1;537.0000;None;5800.0000
23048;2023-01-20 14:58:22.867000;7;2034;1;1;0.0000;1;1741.0000;None;18800.0000
23026;2023-01-20 10:21:09.840000;7;2036;1;1;0.0000;1;1796.0000;None;19400.0000
18200;2023-01-20 13:04:44.270000;7;2042;1;1;0.0000;1;5519.0000;None;59600.0000
18197;2023-01-20 11:41:33.483000;7;2042;1;1;0.0000;1;1889.0000;None;20400.0000
18240;2023-01-20 19:41:03.280000;7;2042;1;2;0.0000;1;4593.0000;None;49600.0000
18234;2023-01-20 16:04:30.987000;7;2042;1;1;0.0000;1;981.0000;None;10600.0000
18258;2023-01-20 17:44:10.177000;7;2042;1;1;None;1;1889.0000;None;20400.0000
23037;2023-01-20 11:51:05.030000;7;2044;1;1;0.0000;1;1167.0000;None;12600.0000
18219;2023-01-20 14:13:30.470000;7;2045;1;1;0.0000;1;537.0000;None;5800.0000
18251;2023-01-20 17:06:09.040000;7;2046;1;1;0.0000;1;1704.0000;None;18400.0000
18236;2023-01-20 17:47:39.703000;7;2050;1;1;0.0000;1;5444.0000;None;58800.0000
23027;2023-01-20 11:06:12.300000;7;2050;1;1;0.0000;1;6500.0000;None;70200.0000
23030;2023-01-20 11:14:45.830000;7;2050;1;1;0.0000;1;10907.0000;None;117800.0000
18189;2023-01-20 11:05:26.133000;7;2051;1;1;0.0000;1;2519.0000;None;27200.0000
18189;2023-01-20 11:05:26.133000;7;2051;1;1;0.0000;1;2519.0000;None;27200.0000
18221;2023-01-20 14:37:44.913000;7;2051;1;1;0.0000;1;2074.0000;None;22400.0000
18162;2023-01-20 08:58:08.427000;7;2051;1;1;None;1;2611.0000;None;28200.0000
23063;2023-01-20 15:48:41.203000;7;2051;1;1;0.0000;1;3537.0000;None;38200.0000
23076;2023-01-20 17:14:52.683000;7;2051;1;1;0.0000;1;1981.0000;None;21400.0000
23076;2023-01-20 17:14:52.683000;7;2052;1;1;0.0000;1;1981.0000;None;21400.0000
18238;2023-01-20 16:44:44.737000;7;2052;1;1;0.0000;1;1352.0000;None;14600.0000
18238;2023-01-20 16:44:44.737000;7;2052;1;1;0.0000;1;1352.0000;None;14600.0000
23096;2023-01-20 18:28:20.173000;7;2052;1;200;0.0000;1;2241.0000;None;24200.0000
18270;2023-01-20 18:50:48.330000;7;2052;1;1;0.0000;1;3185.0000;None;34400.0000
18270;2023-01-20 18:50:48.330000;7;2052;1;1;0.0000;1;3185.0000;None;34400.0000
18270;2023-01-20 18:50:48.330000;7;2052;1;1;0.0000;1;3185.0000;None;34400.0000
18270;2023-01-20 18:50:48.330000;7;2052;1;1;0.0000;1;3185.0000;None;34400.0000
18269;2023-01-20 18:56:43.410000;7;2052;1;1;0.0000;1;2296.0000;None;24800.0000
18269;2023-01-20 18:56:43.410000;7;2052;1;1;0.0000;1;2296.0000;None;24800.0000
18269;2023-01-20 18:56:43.410000;7;2052;1;1;0.0000;1;2296.0000;None;24800.0000
18269;2023-01-20 18:56:43.410000;7;2052;1;1;0.0000;1;2296.0000;None;24800.0000
18269;2023-01-20 18:56:43.410000;7;2052;1;1;0.0000;1;2296.0000;None;24800.0000
18269;2023-01-20 18:56:43.410000;7;2052;1;1;0.0000;1;2296.0000;None;24800.0000
18269;2023-01-20 19:15:56.117000;7;2052;1;1;0.0000;1;2296.0000;None;24800.0000
18269;2023-01-20 19:15:56.117000;7;2052;1;1;0.0000;1;2296.0000;None;24800.0000
18269;2023-01-20 19:15:56.117000;7;2052;1;1;0.0000;1;2296.0000;None;24800.0000
18269;2023-01-20 19:15:56.117000;7;2052;1;1;0.0000;1;2296.0000;None;24800.0000
18269;2023-01-20 19:15:56.117000;7;2052;1;1;0.0000;1;2296.0000;None;24800.0000
18161;2023-01-20 08:48:02.980000;7;2052;1;1;0.0000;1;1444.0000;None;15600.0000
18168;2023-01-20 10:44:17.860000;7;2052;1;1;0.0000;1;12278.0000;None;132600.0000
18168;2023-01-20 10:44:17.860000;7;2052;1;1;0.0000;1;12278.0000;None;132600.0000
18168;2023-01-20 09:36:18.913000;7;2052;1;1;0.0000;1;12278.0000;None;132600.0000
18168;2023-01-20 09:36:18.913000;7;2052;1;1;0.0000;1;12278.0000;None;132600.0000
18168;2023-01-20 09:36:18.913000;7;2052;1;1;0.0000;1;12278.0000;None;132600.0000
18168;2023-01-20 09:36:18.913000;7;2052;1;1;0.0000;1;12278.0000;None;132600.0000
18173;2023-01-20 09:48:44.363000;7;2052;1;1;0.0000;1;1426.0000;None;15400.0000
18173;2023-01-20 09:48:44.363000;7;2052;1;1;0.0000;1;1426.0000;None;15400.0000
18173;2023-01-20 09:48:44.363000;7;2052;1;1;0.0000;1;1426.0000;None;15400.0000
18173;2023-01-20 09:48:44.363000;7;2052;1;1;0.0000;1;1426.0000;None;15400.0000
18172;2023-01-20 09:45:01.527000;7;2052;1;1;0.0000;1;1259.0000;None;13600.0000
18172;2023-01-20 09:45:01.527000;7;2052;1;1;0.0000;1;1259.0000;None;13600.0000
23025;2023-01-20 11:30:56.563000;7;2052;1;1;0.0000;1;8722.0000;None;94200.0000
23025;2023-01-20 11:30:56.563000;7;2052;1;1;0.0000;1;8722.0000;None;94200.0000
23025;2023-01-20 11:30:56.563000;7;2052;1;1;0.0000;1;8722.0000;None;94200.0000
23025;2023-01-20 11:35:35.677000;7;2052;1;1;0.0000;1;8722.0000;None;94200.0000
23025;2023-01-20 11:35:35.677000;7;2052;1;1;0.0000;1;8722.0000;None;94200.0000
23025;2023-01-20 11:35:35.677000;7;2052;1;1;0.0000;1;8722.0000;None;94200.0000
18184;2023-01-20 10:41:01.663000;7;2052;1;1;0.0000;1;3278.0000;None;35400.0000
18182;2023-01-20 10:26:02.237000;7;2052;1;1;0.0000;1;1796.0000;None;19400.0000
18182;2023-01-20 10:26:02.237000;7;2052;1;1;0.0000;1;1796.0000;None;19400.0000
18183;2023-01-20 10:29:51.760000;7;2052;1;1;0.0000;1;537.0000;None;5800.0000
18183;2023-01-20 10:29:51.760000;7;2052;1;1;0.0000;1;537.0000;None;5800.0000
18180;2023-01-20 10:30:02.097000;7;2052;1;1;0.0000;1;3593.0000;None;38800.0000
18180;2023-01-20 10:30:02.097000;7;2052;1;1;0.0000;1;3593.0000;None;38800.0000
18175;2023-01-20 09:58:27.357000;7;2052;1;1;0.0000;1;1167.0000;None;12600.0000
18175;2023-01-20 09:58:27.357000;7;2052;1;1;0.0000;1;1167.0000;None;12600.0000
18174;2023-01-20 10:06:11.157000;7;2052;1;1;0.0000;1;2074.0000;None;22400.0000
18174;2023-01-20 10:06:11.157000;7;2052;1;1;0.0000;1;2074.0000;None;22400.0000
18174;2023-01-20 10:06:11.157000;7;2052;1;1;0.0000;1;2074.0000;None;22400.0000
18206;2023-01-20 13:05:39.953000;7;2052;1;1;0.0000;1;1259.0000;None;13600.0000
18206;2023-01-20 13:05:39.953000;7;2052;1;1;0.0000;1;1259.0000;None;13600.0000
23040;2023-01-20 13:54:16.107000;7;2052;1;1;0.0000;1;1259.0000;None;13600.0000
23040;2023-01-20 13:54:16.107000;7;2052;1;1;0.0000;1;1259.0000;None;13600.0000
23040;2023-01-20 13:54:16.107000;7;2052;1;1;0.0000;1;1259.0000;None;13600.0000
23040;2023-01-20 13:54:16.107000;7;2052;1;1;0.0000;1;1259.0000;None;13600.0000
18189;2023-01-20 11:05:26.133000;7;2052;1;1;0.0000;1;2519.0000;None;27200.0000
18189;2023-01-20 11:05:26.133000;7;2052;1;1;0.0000;1;2519.0000;None;27200.0000
23027;2023-01-20 10:48:21.053000;7;2052;1;1;0.0000;1;6500.0000;None;70200.0000
23027;2023-01-20 10:48:21.053000;7;2052;1;1;0.0000;1;6500.0000;None;70200.0000
23027;2023-01-20 11:38:37.140000;7;2052;1;1;0.0000;1;6500.0000;None;70200.0000
23027;2023-01-20 11:38:37.140000;7;2052;1;1;0.0000;1;6500.0000;None;70200.0000
23027;2023-01-20 11:38:37.140000;7;2052;1;1;0.0000;1;6500.0000;None;70200.0000
23027;2023-01-20 11:38:37.140000;7;2052;1;1;0.0000;1;6500.0000;None;70200.0000
23027;2023-01-20 11:38:37.140000;7;2052;1;1;0.0000;1;6500.0000;None;70200.0000
23027;2023-01-20 11:38:37.140000;7;2052;1;1;0.0000;1;6500.0000;None;70200.0000
23027;2023-01-20 10:48:21.053000;7;2052;1;1;0.0000;1;6500.0000;None;70200.0000
23027;2023-01-20 10:48:21.053000;7;2052;1;1;0.0000;1;6500.0000;None;70200.0000
23027;2023-01-20 10:48:21.053000;7;2052;1;1;0.0000;1;6500.0000;None;70200.0000
23027;2023-01-20 11:06:01.827000;7;2052;1;1;0.0000;1;6500.0000;None;70200.0000
23027;2023-01-20 11:06:01.827000;7;2052;1;1;0.0000;1;6500.0000;None;70200.0000
23027;2023-01-20 11:06:01.827000;7;2052;1;1;0.0000;1;6500.0000;None;70200.0000
18191;2023-01-20 11:09:30.813000;7;2052;1;1;0.0000;1;1259.0000;None;13600.0000
18191;2023-01-20 11:09:30.813000;7;2052;1;1;0.0000;1;1259.0000;None;13600.0000
18191;2023-01-20 11:09:30.813000;7;2052;1;1;0.0000;1;1259.0000;None;13600.0000
18191;2023-01-20 11:09:30.813000;7;2052;1;1;0.0000;1;1259.0000;None;13600.0000
18190;2023-01-20 11:06:07.420000;7;2052;1;1;0.0000;1;630.0000;None;6800.0000
18190;2023-01-20 11:06:07.420000;7;2052;1;1;0.0000;1;630.0000;None;6800.0000
23030;2023-01-20 11:40:04.930000;7;2052;1;1;0.0000;1;10907.0000;None;117800.0000
23030;2023-01-20 11:40:04.930000;7;2052;1;1;0.0000;1;10907.0000;None;117800.0000
23030;2023-01-20 11:40:04.930000;7;2052;1;1;0.0000;1;10907.0000;None;117800.0000
23034;2023-01-20 11:34:58.587000;7;2052;1;1;0.0000;1;3889.0000;None;42000.0000
23034;2023-01-20 11:34:58.587000;7;2052;1;1;0.0000;1;3889.0000;None;42000.0000
23037;2023-01-20 11:51:05.030000;7;2052;1;1;0.0000;1;1167.0000;None;12600.0000
18201;2023-01-20 12:11:07.767000;7;2052;1;1;None;1;1981.0000;None;21400.0000
18201;2023-01-20 12:11:07.767000;7;2052;1;1;None;1;1981.0000;None;21400.0000
18200;2023-01-20 13:16:46.307000;7;2052;1;1;0.0000;1;5519.0000;None;59600.0000
18200;2023-01-20 13:16:46.307000;7;2052;1;1;0.0000;1;5519.0000;None;59600.0000
18200;2023-01-20 12:07:37.287000;7;2052;1;1;0.0000;1;5519.0000;None;59600.0000
18200;2023-01-20 12:07:37.287000;7;2052;1;1;0.0000;1;5519.0000;None;59600.0000
18200;2023-01-20 12:07:37.287000;7;2052;1;1;0.0000;1;5519.0000;None;59600.0000
18202;2023-01-20 12:40:16.277000;7;2052;1;1;0.0000;1;3389.0000;None;36600.0000
18202;2023-01-20 12:40:16.277000;7;2052;1;1;0.0000;1;3389.0000;None;36600.0000
18199;2023-01-20 11:47:01.057000;7;2052;1;1;0.0000;1;2444.0000;None;26400.0000
18199;2023-01-20 11:47:01.057000;7;2052;1;1;0.0000;1;2444.0000;None;26400.0000
18200;2023-01-20 11:48:00.377000;7;2052;1;1;0.0000;1;5519.0000;None;59600.0000
18200;2023-01-20 11:48:00.377000;7;2052;1;1;0.0000;1;5519.0000;None;59600.0000
18196;2023-01-20 11:37:52.880000;7;2052;1;1;0.0000;1;1352.0000;None;14600.0000
18196;2023-01-20 11:37:52.880000;7;2052;1;1;0.0000;1;1352.0000;None;14600.0000
23035;2023-01-20 11:40:12.230000;7;2052;1;1;0.0000;1;1167.0000;None;12600.0000
23035;2023-01-20 11:40:12.230000;7;2052;1;1;0.0000;1;1167.0000;None;12600.0000
18193;2023-01-20 11:32:44.733000;7;2052;1;1;0.0000;1;2074.0000;None;22400.0000
18193;2023-01-20 11:24:11.600000;7;2052;1;1;0.0000;1;2074.0000;None;22400.0000
18193;2023-01-20 11:24:11.600000;7;2052;1;1;0.0000;1;2074.0000;None;22400.0000
18193;2023-01-20 11:24:11.600000;7;2052;1;1;0.0000;1;2074.0000;None;22400.0000
18193;2023-01-20 11:24:11.600000;7;2052;1;1;0.0000;1;2074.0000;None;22400.0000
23052;2023-01-20 15:05:43.517000;7;2057;1;1;0.0000;1;1352.0000;None;14600.0000
18178;2023-01-20 10:03:48.770000;7;2057;1;1;0.0000;1;2704.0000;None;29200.0000
18178;2023-01-20 11:06:23.057000;7;2057;1;1;0.0000;1;2704.0000;None;29200.0000
4075;2023-01-20 10:25:14.503000;7;2057;1;1;0.0000;1;2185.0000;None;23600.0000
23058;2023-01-20 15:29:03.360000;7;2057;1;1;0.0000;1;3963.0000;None;42800.0000
23076;2023-01-20 17:14:52.683000;7;2060;1;1;0.0000;1;1981.0000;None;21400.0000
23096;2023-01-20 18:28:20.173000;7;2060;1;1;0.0000;1;2241.0000;None;24200.0000
23046;2023-01-20 15:55:24.280000;7;2060;1;1;0.0000;1;1796.0000;None;19400.0000
18196;2023-01-20 11:37:52.880000;7;2060;1;1;0.0000;1;1352.0000;None;14600.0000
18198;2023-01-20 11:46:06.487000;7;2060;1;1;0.0000;1;722.0000;None;7800.0000
23035;2023-01-20 12:40:49.510000;7;2065;1;1;0.0000;1;1167.0000;None;12600.0000
18161;2023-01-20 08:48:02.980000;7;2065;1;1;0.0000;1;1444.0000;None;15600.0000
18160;2023-01-20 08:38:01.150000;7;2065;1;1;0.0000;1;7870.0000;None;85000.0000
18160;2023-01-20 08:38:01.150000;7;2065;1;1;0.0000;1;7870.0000;None;85000.0000
18240;2023-01-20 19:41:03.280000;7;2072;1;2;0.0000;1;4593.0000;None;49600.0000
18234;2023-01-20 16:04:30.987000;7;2072;1;1;0.0000;1;981.0000;None;10600.0000
23037;2023-01-20 11:51:05.030000;7;2089;1;1;0.0000;1;1167.0000;None;12600.0000
23064;2023-01-20 17:05:57.057000;7;2094;1;2;0.0000;1;9537.0000;None;103000.0000
23027;2023-01-20 10:40:45.537000;6;100523;1;1;None;1;6500.0000;None;70200.0000
18162;2023-01-20 09:06:01.950000;6;100523;1;1;0.0000;1;2611.0000;None;28200.0000
18163;2023-01-20 08:58:38.837000;6;100523;1;1;0.0000;1;4852.0000;None;52400.0000
18163;2023-01-20 08:58:38.837000;1;100590;1;1;5800.0000;1;4852.0000;None;52400.0000
18160;2023-01-20 08:38:31.587000;1;100590;1;3;17400.0000;1;7870.0000;None;85000.0000
18173;2023-01-20 09:48:44.363000;1;100590;1;1;5800.0000;1;1426.0000;None;15400.0000
18170;2023-01-20 09:37:51.267000;1;100590;1;1;5800.0000;1;4000.0000;None;43200.0000
18170;2023-01-20 09:37:51.267000;1;100590;1;1;5800.0000;1;4000.0000;None;43200.0000
18168;2023-01-20 09:59:48.560000;1;100590;1;1;5800.0000;1;12278.0000;None;132600.0000
18184;2023-01-20 10:35:13.407000;1;100590;1;1;5800.0000;1;3278.0000;None;35400.0000
18180;2023-01-20 10:27:37.073000;1;100590;1;1;5800.0000;1;3593.0000;None;38800.0000
23036;2023-01-20 11:50:46.477000;1;100590;1;1;5800.0000;1;2519.0000;None;27200.0000
23036;2023-01-20 11:50:46.477000;1;100590;1;1;5800.0000;1;2519.0000;None;27200.0000
23045;2023-01-20 14:39:55.400000;1;100590;1;1;5800.0000;1;8222.0000;None;88800.0000
23051;2023-01-20 15:47:08.917000;3;100596;1;1;5800.0000;1;6482.0000;None;70000.0000
23039;2023-01-20 13:28:46.623000;3;100596;1;1;5800.0000;1;4389.0000;None;47400.0000
23028;2023-01-20 10:47:27.800000;3;100596;1;1;5800.0000;1;537.0000;None;5800.0000
23029;2023-01-20 11:00:59.527000;3;100596;1;1;5800.0000;1;537.0000;None;5800.0000
18252;2023-01-20 17:41:24.607000;3;100596;1;1;5800.0000;1;1444.0000;None;15600.0000
18282;2023-01-20 21:13:50.867000;3;100606;1;2;13600.0000;1;1259.0000;None;13600.0000
18283;2023-01-20 21:25:13.083000;3;100606;1;1;6800.0000;1;3463.0000;None;37400.0000
23093;2023-01-20 18:18:20.933000;3;100606;1;1;6800.0000;1;10500.0000;None;113400.0000
18263;2023-01-20 18:12:03.427000;3;100606;1;1;6800.0000;1;4907.0000;None;53000.0000
18264;2023-01-20 18:19:22.060000;3;100606;1;1;6800.0000;1;1722.0000;None;18600.0000
23093;2023-01-20 18:45:12.660000;3;100606;1;1;6800.0000;1;10500.0000;None;113400.0000
18266;2023-01-20 18:39:14.173000;3;100606;1;1;6800.0000;1;15926.0000;None;172000.0000
18266;2023-01-20 18:34:51.400000;3;100606;1;1;6800.0000;1;15926.0000;None;172000.0000
18270;2023-01-20 18:50:48.330000;3;100606;1;1;6800.0000;1;3185.0000;None;34400.0000
18270;2023-01-20 18:50:48.330000;3;100606;1;1;6800.0000;1;3185.0000;None;34400.0000
18274;2023-01-20 19:06:15.747000;3;100606;1;1;6800.0000;1;630.0000;None;6800.0000
18251;2023-01-20 17:06:09.040000;3;100606;1;1;6800.0000;1;1704.0000;None;18400.0000
18253;2023-01-20 17:26:57.660000;3;100606;1;1;6800.0000;1;1889.0000;None;20400.0000
23084;2023-01-20 17:23:35.397000;3;100606;1;1;6800.0000;1;1167.0000;None;12600.0000
18254;2023-01-20 18:10:36.270000;3;100606;1;1;6800.0000;1;10056.0000;None;108600.0000
18254;2023-01-20 18:10:36.270000;3;100606;1;1;6800.0000;1;10056.0000;None;108600.0000
18254;2023-01-20 19:07:08.063000;3;100606;1;2;13600.0000;1;10056.0000;None;108600.0000
18257;2023-01-20 17:45:17.890000;3;100606;1;1;6800.0000;1;10185.0000;None;110000.0000
18257;2023-01-20 18:12:53.360000;3;100606;1;1;6800.0000;1;10185.0000;None;110000.0000
18257;2023-01-20 18:12:53.360000;3;100606;1;1;6800.0000;1;10185.0000;None;110000.0000
23089;2023-01-20 17:45:34.837000;3;100606;1;2;13600.0000;1;1889.0000;None;20400.0000
23090;2023-01-20 18:01:21.877000;3;100606;1;2;13600.0000;1;5685.0000;None;61400.0000
18260;2023-01-20 18:02:50.710000;3;100606;1;1;6800.0000;1;5593.0000;None;60400.0000
18260;2023-01-20 18:02:50.710000;3;100606;1;1;6800.0000;1;5593.0000;None;60400.0000
23088;2023-01-20 17:36:49.550000;3;100606;1;1;6800.0000;1;1259.0000;None;13600.0000
18256;2023-01-20 17:42:43.863000;3;100606;1;1;6800.0000;1;1704.0000;None;18400.0000
23088;2023-01-20 17:36:49.550000;3;100606;1;1;6800.0000;1;1259.0000;None;13600.0000
23064;2023-01-20 15:56:46.647000;3;100606;1;1;6800.0000;1;9537.0000;None;103000.0000
23070;2023-01-20 16:22:53.187000;3;100606;1;1;6800.0000;1;630.0000;None;6800.0000
18235;2023-01-20 16:11:56.140000;3;100606;1;1;6800.0000;1;630.0000;None;6800.0000
23069;2023-01-20 16:22:42.643000;3;100606;1;2;13600.0000;1;6315.0000;None;68200.0000
23063;2023-01-20 15:48:41.203000;3;100606;1;1;6800.0000;1;3537.0000;None;38200.0000
23062;2023-01-20 15:56:42.653000;3;100606;1;2;13600.0000;1;2167.0000;None;23400.0000
23060;2023-01-20 15:34:51.840000;3;100606;1;1;6800.0000;1;3352.0000;None;36200.0000
18242;2023-01-20 16:59:13.227000;3;100606;1;1;6800.0000;1;4167.0000;None;45000.0000
23077;2023-01-20 16:53:43.730000;3;100606;1;2;13600.0000;1;1259.0000;None;13600.0000
18240;2023-01-20 17:07:28.017000;3;100606;1;1;6800.0000;1;4593.0000;None;49600.0000
18237;2023-01-20 16:07:21.363000;3;100606;1;1;6800.0000;1;10056.0000;None;108600.0000
18237;2023-01-20 15:50:40.090000;3;100606;1;1;6800.0000;1;10056.0000;None;108600.0000
23027;2023-01-20 11:38:37.140000;3;100606;1;1;6800.0000;1;6500.0000;None;70200.0000
23027;2023-01-20 10:48:21.053000;3;100606;1;1;6800.0000;1;6500.0000;None;70200.0000
23034;2023-01-20 11:34:58.587000;3;100606;1;1;6800.0000;1;3889.0000;None;42000.0000
23034;2023-01-20 11:23:10.637000;3;100606;1;1;6800.0000;1;3889.0000;None;42000.0000
23032;2023-01-20 11:15:11.317000;3;100606;1;1;6800.0000;1;1259.0000;None;13600.0000
23031;2023-01-20 11:15:01.807000;3;100606;1;1;6800.0000;1;2519.0000;None;27200.0000
23031;2023-01-20 11:15:01.807000;3;100606;1;1;6800.0000;1;2519.0000;None;27200.0000
18191;2023-01-20 11:09:30.813000;3;100606;1;1;6800.0000;1;1259.0000;None;13600.0000
18191;2023-01-20 11:09:30.813000;3;100606;1;1;6800.0000;1;1259.0000;None;13600.0000
18197;2023-01-20 11:43:05.640000;3;100606;1;1;6800.0000;1;1889.0000;None;20400.0000
18197;2023-01-20 11:57:15.460000;3;100606;1;1;6800.0000;1;1889.0000;None;20400.0000
18200;2023-01-20 11:48:00.377000;3;100606;1;1;6800.0000;1;5519.0000;None;59600.0000
18199;2023-01-20 11:47:01.057000;3;100606;1;1;6800.0000;1;2444.0000;None;26400.0000
18196;2023-01-20 11:37:52.880000;3;100606;1;1;6800.0000;1;1352.0000;None;14600.0000
18193;2023-01-20 11:32:44.733000;3;100606;1;1;6800.0000;1;2074.0000;None;22400.0000
18195;2023-01-20 11:35:46.093000;3;100606;1;1;6800.0000;1;1259.0000;None;13600.0000
18195;2023-01-20 11:35:46.093000;3;100606;1;1;6800.0000;1;1259.0000;None;13600.0000
18194;2023-01-20 11:31:30.477000;3;100606;1;1;6800.0000;1;1630.0000;None;17600.0000
23037;2023-01-20 11:51:05.030000;3;100606;1;1;6800.0000;1;1167.0000;None;12600.0000
18200;2023-01-20 12:07:37.287000;3;100606;1;1;6800.0000;1;5519.0000;None;59600.0000
18200;2023-01-20 13:16:46.307000;3;100606;1;1;6800.0000;1;5519.0000;None;59600.0000
18201;2023-01-20 12:11:07.767000;3;100606;1;1;6800.0000;1;1981.0000;None;21400.0000
23041;2023-01-20 14:26:39.137000;3;100606;1;1;6800.0000;1;5574.0000;None;60200.0000
23040;2023-01-20 13:54:16.107000;3;100606;1;1;6800.0000;1;1259.0000;None;13600.0000
23040;2023-01-20 13:54:16.107000;3;100606;1;1;6800.0000;1;1259.0000;None;13600.0000
18215;2023-01-20 13:45:53.050000;3;100606;1;1;6800.0000;1;14445.0000;None;156000.0000
18214;2023-01-20 14:08:40.077000;3;100606;1;1;6800.0000;1;8889.0000;None;96000.0000
18214;2023-01-20 15:17:14.650000;3;100606;1;1;6800.0000;1;8889.0000;None;96000.0000
23051;2023-01-20 15:47:08.917000;3;100606;1;1;6800.0000;1;6482.0000;None;70000.0000
23052;2023-01-20 15:05:43.517000;3;100606;1;1;6800.0000;1;1352.0000;None;14600.0000
23054;2023-01-20 15:12:52.183000;3;100606;1;1;6800.0000;1;1167.0000;None;12600.0000
23048;2023-01-20 14:58:22.867000;3;100606;1;1;6800.0000;1;1741.0000;None;18800.0000
23048;2023-01-20 14:58:22.867000;3;100606;1;1;6800.0000;1;1741.0000;None;18800.0000
23047;2023-01-20 14:56:23.903000;3;100606;1;1;6800.0000;1;1259.0000;None;13600.0000
18222;2023-01-20 14:29:04.217000;3;100606;1;1;6800.0000;1;4222.0000;None;45600.0000
18223;2023-01-20 14:32:30.677000;3;100606;1;1;6800.0000;1;5000.0000;None;54000.0000
18223;2023-01-20 14:32:30.677000;3;100606;1;1;6800.0000;1;5000.0000;None;54000.0000
18223;2023-01-20 14:32:30.677000;3;100606;1;1;6800.0000;1;5000.0000;None;54000.0000
18217;2023-01-20 14:01:21.617000;3;100606;1;2;13600.0000;1;1259.0000;None;13600.0000
18178;2023-01-20 10:55:03.877000;3;100606;1;1;6800.0000;1;2704.0000;None;29200.0000
18175;2023-01-20 09:58:27.357000;3;100606;1;1;6800.0000;1;1167.0000;None;12600.0000
18184;2023-01-20 10:41:01.663000;3;100606;1;1;6800.0000;1;3278.0000;None;35400.0000
18182;2023-01-20 11:11:17.810000;3;100606;1;1;6800.0000;1;1796.0000;None;19400.0000
18182;2023-01-20 10:26:02.237000;3;100606;1;1;6800.0000;1;1796.0000;None;19400.0000
18168;2023-01-20 09:36:18.913000;3;100606;1;1;6800.0000;1;12278.0000;None;132600.0000
18166;2023-01-20 09:22:36.280000;3;100606;1;1;6800.0000;1;630.0000;None;6800.0000
18167;2023-01-20 09:25:20.367000;3;100606;1;1;6800.0000;1;630.0000;None;6800.0000
18173;2023-01-20 09:48:44.363000;3;100606;1;1;6800.0000;1;1426.0000;None;15400.0000
18172;2023-01-20 09:45:01.527000;3;100606;1;1;6800.0000;1;1259.0000;None;13600.0000
18161;2023-01-20 08:48:02.980000;3;100606;1;1;6800.0000;1;1444.0000;None;15600.0000
18160;2023-01-20 08:57:03.167000;3;100607;1;1;6800.0000;1;7870.0000;None;85000.0000
18160;2023-01-20 08:57:03.167000;3;100607;1;1;6800.0000;1;7870.0000;None;85000.0000
18162;2023-01-20 09:18:40.567000;3;100607;1;1;6800.0000;1;2611.0000;None;28200.0000
18163;2023-01-20 08:58:38.837000;3;100607;1;1;6800.0000;1;4852.0000;None;52400.0000
18164;2023-01-20 09:03:41.657000;3;100607;1;1;6800.0000;1;3185.0000;None;34400.0000
18171;2023-01-20 10:06:38.657000;3;100607;1;1;6800.0000;1;6241.0000;None;67400.0000
18168;2023-01-20 09:36:18.913000;3;100607;1;1;6800.0000;1;12278.0000;None;132600.0000
18168;2023-01-20 10:44:17.860000;3;100607;1;1;6800.0000;1;12278.0000;None;132600.0000
23026;2023-01-20 10:42:37.060000;3;100607;1;1;6800.0000;1;1796.0000;None;19400.0000
18174;2023-01-20 10:06:11.157000;3;100607;1;1;6800.0000;1;2074.0000;None;22400.0000
18177;2023-01-20 10:01:32.157000;3;100607;1;1;6800.0000;1;1167.0000;None;12600.0000
23055;2023-01-20 15:17:59.273000;3;100607;1;1;6800.0000;1;630.0000;None;6800.0000
18206;2023-01-20 13:05:39.953000;3;100607;1;1;6800.0000;1;1259.0000;None;13600.0000
18202;2023-01-20 12:40:16.277000;3;100607;1;1;6800.0000;1;3389.0000;None;36600.0000
23035;2023-01-20 11:40:12.230000;3;100607;1;1;6800.0000;1;1167.0000;None;12600.0000
23033;2023-01-20 11:22:46.243000;3;100607;1;1;6800.0000;1;1259.0000;None;13600.0000
23033;2023-01-20 11:22:46.243000;3;100607;1;1;6800.0000;1;1259.0000;None;13600.0000
18192;2023-01-20 11:17:49.727000;3;100607;1;1;6800.0000;1;1167.0000;None;12600.0000
23034;2023-01-20 11:23:10.637000;3;100607;1;1;6800.0000;1;3889.0000;None;42000.0000
18190;2023-01-20 11:06:07.420000;3;100607;1;1;6800.0000;1;630.0000;None;6800.0000
23076;2023-01-20 17:14:52.683000;3;100607;1;1;6800.0000;1;1981.0000;None;21400.0000
18238;2023-01-20 16:44:44.737000;3;100607;1;1;6800.0000;1;1352.0000;None;14600.0000
23087;2023-01-20 17:34:45.453000;3;100607;1;1;6800.0000;1;7037.0000;None;76000.0000
18259;2023-01-20 17:50:37.697000;3;100607;1;1;6800.0000;1;3093.0000;None;33400.0000
18259;2023-01-20 17:50:37.697000;3;100607;1;1;6800.0000;1;3093.0000;None;33400.0000
23085;2023-01-20 17:30:24.770000;3;100607;1;1;6800.0000;1;6815.0000;None;73600.0000
18251;2023-01-20 17:25:42.677000;3;100607;1;1;6800.0000;1;1704.0000;None;18400.0000
23096;2023-01-20 18:28:20.173000;3;100607;1;1;6800.0000;1;2241.0000;None;24200.0000
23096;2023-01-20 18:35:15.400000;3;100607;1;1;6800.0000;1;2241.0000;None;24200.0000
18266;2023-01-20 18:17:11.743000;3;100613;1;1;5800.0000;1;15926.0000;None;172000.0000
18269;2023-01-20 19:15:56.117000;3;100613;1;1;5800.0000;1;2296.0000;None;24800.0000
18266;2023-01-20 18:28:47.897000;3;100613;1;1;5800.0000;1;15926.0000;None;172000.0000
23072;2023-01-20 17:40:25.203000;3;100613;1;1;5800.0000;1;5315.0000;None;57400.0000
18180;2023-01-20 10:11:10.567000;3;100613;1;1;5800.0000;1;3593.0000;None;38800.0000
18180;2023-01-20 10:30:02.097000;3;100613;1;1;5800.0000;1;3593.0000;None;38800.0000
23025;2023-01-20 11:23:58.190000;3;100613;1;1;5800.0000;1;8722.0000;None;94200.0000
18183;2023-01-20 10:29:51.760000;3;100613;1;1;5800.0000;1;537.0000;None;5800.0000
18181;2023-01-20 10:31:31.890000;3;100614;1;1;5800.0000;1;2926.0000;None;31600.0000
18182;2023-01-20 11:05:56.517000;3;100614;1;1;5800.0000;1;1796.0000;None;19400.0000
23025;2023-01-20 11:30:56.563000;3;100614;1;1;5800.0000;1;8722.0000;None;94200.0000
23025;2023-01-20 12:19:05.803000;3;100614;1;1;5800.0000;1;8722.0000;None;94200.0000
23026;2023-01-20 10:42:37.060000;3;100614;1;1;5800.0000;1;1796.0000;None;19400.0000
23025;2023-01-20 11:35:35.677000;3;100614;1;1;5800.0000;1;8722.0000;None;94200.0000
23025;2023-01-20 10:33:44.600000;3;100614;1;1;5800.0000;1;8722.0000;None;94200.0000
23025;2023-01-20 10:33:44.600000;3;100614;1;1;5800.0000;1;8722.0000;None;94200.0000
23025;2023-01-20 10:48:44.647000;3;100614;1;1;5800.0000;1;8722.0000;None;94200.0000
23025;2023-01-20 10:55:47.700000;3;100614;1;1;5800.0000;1;8722.0000;None;94200.0000
23025;2023-01-20 10:13:02.087000;3;100614;1;1;5800.0000;1;8722.0000;None;94200.0000
18179;2023-01-20 10:07:56.637000;3;100614;1;1;5800.0000;1;None;None;16600.0000
23024;2023-01-20 10:30:00.643000;3;100614;1;1;5800.0000;1;1611.0000;None;17400.0000
18177;2023-01-20 10:01:32.157000;3;100614;1;1;5800.0000;1;1167.0000;None;12600.0000
18175;2023-01-20 09:58:27.357000;3;100614;1;1;5800.0000;1;1167.0000;None;12600.0000
18165;2023-01-20 09:36:38.910000;3;100614;1;1;5800.0000;1;6352.0000;None;68600.0000
18165;2023-01-20 09:17:08.327000;3;100614;1;1;5800.0000;1;6352.0000;None;68600.0000
18163;2023-01-20 10:14:21.037000;3;100614;1;1;5800.0000;1;4852.0000;None;52400.0000
18164;2023-01-20 08:58:46.737000;3;100614;1;1;5800.0000;1;3185.0000;None;34400.0000
18159;2023-01-20 07:21:20.223000;3;100614;1;1;5800.0000;1;4833.0000;None;52200.0000
18159;2023-01-20 06:56:35.973000;3;100614;1;1;5800.0000;1;4833.0000;None;52200.0000
18159;2023-01-20 06:56:35.973000;3;100614;1;1;5800.0000;1;4833.0000;None;52200.0000
18159;2023-01-20 06:56:35.973000;3;100614;1;1;5800.0000;1;4833.0000;None;52200.0000
18159;2023-01-20 06:56:35.973000;3;100614;1;1;5800.0000;1;4833.0000;None;52200.0000
18159;2023-01-20 07:16:41.373000;3;100614;1;1;5800.0000;1;4833.0000;None;52200.0000
18159;2023-01-20 07:16:41.373000;3;100614;1;1;5800.0000;1;4833.0000;None;52200.0000
18159;2023-01-20 07:16:41.373000;3;100614;1;1;5800.0000;1;4833.0000;None;52200.0000
18159;2023-01-20 07:16:41.373000;3;100614;1;1;5800.0000;1;4833.0000;None;52200.0000
18188;2023-01-20 10:57:55.377000;3;100614;1;1;5800.0000;1;796.0000;None;8600.0000
23027;2023-01-20 10:48:21.053000;3;100614;1;1;5800.0000;1;6500.0000;None;70200.0000
23027;2023-01-20 11:38:37.140000;3;100614;1;1;5800.0000;1;6500.0000;None;70200.0000
23027;2023-01-20 11:06:01.827000;3;100614;1;1;5800.0000;1;6500.0000;None;70200.0000
23030;2023-01-20 12:20:17.830000;3;100614;1;1;5800.0000;1;10907.0000;None;117800.0000
23030;2023-01-20 11:40:04.930000;3;100614;1;1;5800.0000;1;10907.0000;None;117800.0000
23030;2023-01-20 11:40:04.930000;3;100614;1;1;5800.0000;1;10907.0000;None;117800.0000
23030;2023-01-20 11:14:45.830000;3;100614;1;1;5800.0000;1;10907.0000;None;117800.0000
18193;2023-01-20 11:24:11.600000;3;100614;1;1;5800.0000;1;2074.0000;None;22400.0000
18203;2023-01-20 12:39:59.800000;3;100614;1;1;5800.0000;1;6278.0000;None;67800.0000
23037;2023-01-20 11:51:05.030000;3;100614;1;1;5800.0000;1;1167.0000;None;12600.0000
18204;2023-01-20 13:37:27.703000;3;100614;1;1;5800.0000;1;10889.0000;None;117600.0000
18204;2023-01-20 13:42:53.437000;3;100614;1;1;5800.0000;1;10889.0000;None;117600.0000
18214;2023-01-20 15:17:14.650000;3;100614;1;1;5800.0000;1;8889.0000;None;96000.0000
18213;2023-01-20 13:42:33.203000;3;100614;1;1;5800.0000;1;2907.0000;None;31400.0000
18211;2023-01-20 13:54:08.610000;3;100614;1;1;5800.0000;1;4741.0000;None;51200.0000
18215;2023-01-20 14:40:57.217000;3;100614;1;1;5800.0000;1;14445.0000;None;156000.0000
18216;2023-01-20 13:56:04.180000;3;100614;1;1;5800.0000;1;537.0000;None;5800.0000
23053;2023-01-20 15:08:44.823000;3;100614;1;3;17400.0000;1;1611.0000;None;17400.0000
23046;2023-01-20 15:55:24.280000;3;100614;1;1;5800.0000;1;1796.0000;None;19400.0000
23046;2023-01-20 14:50:43.423000;3;100614;1;1;5800.0000;1;1796.0000;None;19400.0000
18228;2023-01-20 15:08:35.977000;3;100614;1;1;5800.0000;1;6944.0000;None;75000.0000
23042;2023-01-20 14:01:51.277000;3;100614;1;1;5800.0000;1;1074.0000;None;11600.0000
23042;2023-01-20 14:01:51.277000;3;100614;1;1;5800.0000;1;1074.0000;None;11600.0000
18219;2023-01-20 14:13:30.470000;3;100614;1;1;5800.0000;1;537.0000;None;5800.0000
23074;2023-01-20 16:36:34.420000;3;100614;1;1;5800.0000;1;981.0000;None;10600.0000
23075;2023-01-20 16:47:28.163000;3;100614;1;1;5800.0000;1;14722.0000;None;159000.0000
18242;2023-01-20 16:59:13.227000;3;100614;1;1;5800.0000;1;4167.0000;None;45000.0000
23078;2023-01-20 19:11:33.623000;3;100614;1;1;5800.0000;1;12852.0000;None;138800.0000
23078;2023-01-20 18:16:49.987000;3;100614;1;1;5800.0000;1;12852.0000;None;138800.0000
18243;2023-01-20 17:00:19.977000;3;100614;1;1;5800.0000;1;1167.0000;None;12600.0000
23059;2023-01-20 15:34:26.097000;3;100614;1;1;5800.0000;1;537.0000;None;5800.0000
23058;2023-01-20 15:29:03.360000;3;100614;1;1;5800.0000;1;3963.0000;None;42800.0000
23058;2023-01-20 15:29:03.360000;3;100614;1;1;5800.0000;1;3963.0000;None;42800.0000
23057;2023-01-20 15:25:52.533000;3;100614;1;1;5800.0000;1;537.0000;None;5800.0000
23068;2023-01-20 16:20:54.377000;3;100614;1;1;5800.0000;1;1167.0000;None;12600.0000
23071;2023-01-20 16:25:27.667000;3;100614;1;2;11600.0000;1;1889.0000;None;20400.0000
23067;2023-01-20 16:02:38.410000;3;100614;1;2;11600.0000;1;5111.0000;None;55200.0000
23091;2023-01-20 18:00:49.080000;3;100614;1;1;5800.0000;1;1796.0000;None;19400.0000
23087;2023-01-20 17:34:45.453000;3;100614;1;1;5800.0000;1;7037.0000;None;76000.0000
18256;2023-01-20 17:42:43.863000;3;100614;1;1;5800.0000;1;1704.0000;None;18400.0000
18256;2023-01-20 17:42:43.863000;3;100614;1;1;5800.0000;1;1704.0000;None;18400.0000
23084;2023-01-20 17:23:35.397000;3;100614;1;1;5800.0000;1;1167.0000;None;12600.0000
23085;2023-01-20 17:34:50.217000;3;100614;1;1;5800.0000;1;6815.0000;None;73600.0000
23085;2023-01-20 17:30:24.770000;3;100614;1;1;5800.0000;1;6815.0000;None;73600.0000
18247;2023-01-20 17:12:04.890000;3;100614;1;1;5800.0000;1;5019.0000;None;54200.0000
18249;2023-01-20 17:36:14.810000;3;100614;1;1;5800.0000;1;1611.0000;None;17400.0000
18249;2023-01-20 17:21:55.517000;3;100614;1;1;5800.0000;1;1611.0000;None;17400.0000
18269;2023-01-20 18:56:43.410000;3;100614;1;1;5800.0000;1;2296.0000;None;24800.0000
18263;2023-01-20 18:12:03.427000;3;100614;1;1;5800.0000;1;4907.0000;None;53000.0000
23093;2023-01-20 18:18:20.933000;3;100614;1;1;5800.0000;1;10500.0000;None;113400.0000
18275;2023-01-20 17:00:19.977000;3;100614;1;1;5800.0000;1;10593.0000;None;114400.0000
18275;2023-01-20 18:41:45.833000;3;100614;1;1;5800.0000;1;10593.0000;None;114400.0000
18281;2023-01-20 21:05:36.437000;3;100614;1;1;5800.0000;1;1148.0000;None;12400.0000
18281;2023-01-20 21:05:36.437000;3;100614;1;1;5800.0000;1;1148.0000;None;12400.0000
18186;2023-01-20 10:51:45.380000;3;100615;1;1;8800.0000;1;2963.0000;None;32000.0000
18201;2023-01-20 12:19:58.440000;1;100625;1;1;8800.0000;1;1981.0000;None;21400.0000
23025;2023-01-20 10:33:44.600000;1;100625;1;1;8800.0000;1;8722.0000;None;94200.0000
23025;2023-01-20 12:19:05.803000;1;100625;1;1;8800.0000;1;8722.0000;None;94200.0000
18221;2023-01-20 14:26:57.277000;3;100626;1;1;9800.0000;1;2074.0000;None;22400.0000
18186;2023-01-20 10:57:32.647000;1;101069;1;1;2800.0000;1;2963.0000;None;32000.0000
23096;2023-01-20 18:28:20.173000;1;101069;1;1;2800.0000;1;2241.0000;None;24200.0000
18242;2023-01-20 16:58:37.917000;1;101069;1;1;2800.0000;1;4167.0000;None;45000.0000
18268;2023-01-20 18:42:12.440000;3;101208;1;2;25600.0000;1;6685.0000;None;72200.0000
18286;2023-01-20 21:24:58.067000;3;101208;1;1;12800.0000;1;1185.0000;None;12800.0000
18233;2023-01-20 15:56:07.020000;3;101219;1;1;10800.0000;1;1000.0000;None;10800.0000
18194;2023-01-20 11:31:30.477000;3;101219;1;1;10800.0000;1;1630.0000;None;17600.0000
18186;2023-01-20 10:51:45.380000;3;101228;1;1;8800.0000;1;2963.0000;None;32000.0000
18231;2023-01-20 15:33:27.007000;3;101228;1;1;8800.0000;1;1259.0000;None;13600.0000
23056;2023-01-20 15:24:59.003000;3;101231;1;1;5800.0000;1;1704.0000;None;18400.0000
18241;2023-01-20 17:12:10.983000;3;101231;1;2;11600.0000;1;2333.0000;None;25200.0000
23080;2023-01-20 17:07:50.290000;3;101231;1;1;5800.0000;1;4130.0000;None;44600.0000
18249;2023-01-20 17:36:14.810000;3;101231;1;1;5800.0000;1;1611.0000;None;17400.0000
18275;2023-01-20 18:37:04.837000;3;101231;1;1;5800.0000;1;10593.0000;None;114400.0000
18275;2023-01-20 17:23:10.680000;3;101231;1;1;5800.0000;1;10593.0000;None;114400.0000
18275;2023-01-20 17:23:10.680000;3;101231;1;1;5800.0000;1;10593.0000;None;114400.0000
18275;2023-01-20 17:23:10.680000;3;101231;1;1;5800.0000;1;10593.0000;None;114400.0000
18275;2023-01-20 19:19:19.860000;3;101231;1;1;5800.0000;1;10593.0000;None;114400.0000
18192;2023-01-20 11:17:49.727000;3;101231;1;1;5800.0000;1;1167.0000;None;12600.0000
18201;2023-01-20 12:11:07.767000;3;101231;1;1;5800.0000;1;1981.0000;None;21400.0000
23054;2023-01-20 15:12:52.183000;3;101231;1;1;5800.0000;1;1167.0000;None;12600.0000
18214;2023-01-20 13:57:49.953000;3;101231;1;1;5800.0000;1;8889.0000;None;96000.0000
18214;2023-01-20 14:02:40.093000;3;101231;1;1;5800.0000;1;8889.0000;None;96000.0000
18215;2023-01-20 13:45:53.050000;1;101257;1;1;26800.0000;1;14445.0000;None;156000.0000
18268;2023-01-20 18:37:49.293000;1;101257;1;1;26800.0000;1;6685.0000;None;72200.0000
23081;2023-01-20 17:13:41.087000;1;101257;1;1;26800.0000;1;8130.0000;None;87800.0000
18230;2023-01-20 15:31:33.853000;1;101257;1;1;26800.0000;1;3111.0000;None;33600.0000
23075;2023-01-20 17:03:23.557000;1;101261;1;1;35800.0000;1;14722.0000;None;159000.0000
23075;2023-01-20 16:43:35.580000;1;101261;1;1;35800.0000;1;14722.0000;None;159000.0000
23083;2023-01-20 17:42:39.090000;1;101261;1;1;35800.0000;1;10444.0000;None;112800.0000
18255;2023-01-20 20:47:55.977000;1;101261;1;1;35800.0000;1;48834.0000;None;527400.0000
18255;2023-01-20 18:00:16.117000;1;101261;1;1;35800.0000;1;48834.0000;None;527400.0000
18275;2023-01-20 19:21:49.247000;1;101261;1;1;35800.0000;1;10593.0000;None;114400.0000
23107;2023-01-20 21:09:46.550000;1;101261;1;1;35800.0000;1;25463.0000;None;275000.0000
18275;2023-01-20 18:37:04.837000;1;101270;1;1;0.0000;1;10593.0000;None;114400.0000
18275;2023-01-20 18:41:45.833000;1;101270;1;1;0.0000;1;10593.0000;None;114400.0000
18275;2023-01-20 18:11:11.413000;1;101270;1;1;0.0000;1;10593.0000;None;114400.0000
18273;2023-01-20 19:04:00.327000;1;101270;1;1;0.0000;1;10537.0000;None;113800.0000
23095;2023-01-20 19:57:45.843000;1;101270;1;1;0.0000;1;6833.0000;None;73800.0000
23095;2023-01-20 19:57:45.843000;1;101270;1;1;0.0000;1;6833.0000;None;73800.0000
23093;2023-01-20 18:33:49.363000;1;101270;1;1;0.0000;1;10500.0000;None;113400.0000
23093;2023-01-20 18:33:49.363000;1;101270;1;1;0.0000;1;10500.0000;None;113400.0000
23107;2023-01-20 20:58:57.370000;1;101270;1;1;0.0000;1;25463.0000;None;275000.0000
18255;2023-01-20 17:34:54.327000;1;101270;1;1;0.0000;1;48834.0000;None;527400.0000
18255;2023-01-20 18:00:16.117000;1;101270;1;1;0.0000;1;48834.0000;None;527400.0000
23091;2023-01-20 18:22:57.900000;1;101270;1;1;0.0000;1;1796.0000;None;19400.0000
18258;2023-01-20 18:50:28.263000;1;101270;1;1;0.0000;1;1889.0000;None;20400.0000
18248;2023-01-20 17:18:19.327000;1;101270;1;1;0.0000;1;6444.0000;None;69600.0000
18248;2023-01-20 17:18:19.327000;1;101270;1;1;0.0000;1;6444.0000;None;69600.0000
18248;2023-01-20 17:33:46.660000;1;101270;1;1;0.0000;1;6444.0000;None;69600.0000
18248;2023-01-20 17:33:46.660000;1;101270;1;1;0.0000;1;6444.0000;None;69600.0000
18246;2023-01-20 17:24:19.087000;1;101270;1;1;0.0000;1;1259.0000;None;13600.0000
18246;2023-01-20 17:06:19.907000;1;101270;1;1;0.0000;1;1259.0000;None;13600.0000
23086;2023-01-20 17:50:15.580000;1;101270;1;1;0.0000;1;1889.0000;None;20400.0000
23086;2023-01-20 17:29:19.480000;1;101270;1;1;0.0000;1;1889.0000;None;20400.0000
23086;2023-01-20 17:31:28.227000;1;101270;1;1;0.0000;1;1889.0000;None;20400.0000
23075;2023-01-20 16:43:35.580000;1;101270;1;1;0.0000;1;14722.0000;None;159000.0000
23076;2023-01-20 16:49:12.217000;1;101270;1;1;0.0000;1;1981.0000;None;21400.0000
18243;2023-01-20 17:00:19.977000;1;101270;1;1;0.0000;1;1167.0000;None;12600.0000
23079;2023-01-20 16:59:02.207000;1;101270;1;1;0.0000;1;1074.0000;None;11600.0000
23078;2023-01-20 16:58:39.547000;1;101270;1;3;0.0000;1;12852.0000;None;138800.0000
18240;2023-01-20 16:54:05.787000;1;101270;1;1;0.0000;1;4593.0000;None;49600.0000
23058;2023-01-20 15:29:03.360000;1;101270;1;1;0.0000;1;3963.0000;None;42800.0000
23063;2023-01-20 15:51:55.807000;1;101270;1;1;0.0000;1;3537.0000;None;38200.0000
23064;2023-01-20 17:05:57.057000;1;101270;1;1;0.0000;1;9537.0000;None;103000.0000
23025;2023-01-20 10:13:02.087000;1;101270;1;1;0.0000;1;8722.0000;None;94200.0000
18178;2023-01-20 10:03:48.770000;1;101270;1;1;0.0000;1;2704.0000;None;29200.0000
23024;2023-01-20 10:11:35.517000;1;101270;1;1;0.0000;1;1611.0000;None;17400.0000
18180;2023-01-20 10:11:10.567000;1;101270;1;1;0.0000;1;3593.0000;None;38800.0000
18162;2023-01-20 08:58:08.427000;1;101270;1;1;None;1;2611.0000;None;28200.0000
18168;2023-01-20 10:22:22.690000;1;101270;1;1;0.0000;1;12278.0000;None;132600.0000
18205;2023-01-20 12:43:33.053000;1;101270;1;1;0.0000;1;10185.0000;None;110000.0000
18206;2023-01-20 12:55:45.753000;1;101270;1;1;0.0000;1;1259.0000;None;13600.0000
18205;2023-01-20 12:43:33.053000;1;101270;1;1;0.0000;1;10185.0000;None;110000.0000
18210;2023-01-20 13:14:15.647000;1;101270;1;1;0.0000;1;8630.0000;None;93200.0000
18210;2023-01-20 13:14:15.647000;1;101270;1;1;0.0000;1;8630.0000;None;93200.0000
23051;2023-01-20 15:18:05.823000;1;101270;1;1;0.0000;1;6482.0000;None;70000.0000
23047;2023-01-20 14:53:16.370000;1;101270;1;1;0.0000;1;1259.0000;None;13600.0000
18221;2023-01-20 14:37:44.913000;1;101270;1;1;0.0000;1;2074.0000;None;22400.0000
18204;2023-01-20 12:41:59.540000;1;101270;1;1;0.0000;1;10889.0000;None;117600.0000
18204;2023-01-20 12:41:59.540000;1;101270;1;1;0.0000;1;10889.0000;None;117600.0000
18199;2023-01-20 11:47:01.057000;1;101270;1;1;0.0000;1;2444.0000;None;26400.0000
18197;2023-01-20 11:41:33.483000;1;101270;1;1;0.0000;1;1889.0000;None;20400.0000
18193;2023-01-20 11:24:11.600000;1;101270;1;1;0.0000;1;2074.0000;None;22400.0000
18193;2023-01-20 11:24:11.600000;1;101270;1;1;0.0000;1;2074.0000;None;22400.0000
23030;2023-01-20 11:22:30.690000;1;101270;1;1;None;1;10907.0000;None;117800.0000
23030;2023-01-20 11:22:30.690000;1;101270;1;1;None;1;10907.0000;None;117800.0000
18186;2023-01-20 10:51:45.380000;1;101270;1;1;0.0000;1;2963.0000;None;32000.0000
23064;2023-01-20 15:56:46.647000;1;101310;1;1;20800.0000;1;9537.0000;None;103000.0000
18270;2023-01-20 18:50:48.330000;1;101310;1;1;20800.0000;1;3185.0000;None;34400.0000
18273;2023-01-20 19:04:00.327000;1;101310;1;1;20800.0000;1;10537.0000;None;113800.0000
18273;2023-01-20 19:04:00.327000;3;101333;1;1;15800.0000;1;10537.0000;None;113800.0000
18200;2023-01-20 12:52:18.100000;3;101333;1;1;15800.0000;1;5519.0000;None;59600.0000
23050;2023-01-20 15:03:04.507000;3;101333;1;2;31600.0000;1;2926.0000;None;31600.0000
18170;2023-01-20 09:34:42.247000;3;101333;1;1;15800.0000;1;4000.0000;None;43200.0000
18170;2023-01-20 09:34:42.247000;3;101333;1;1;15800.0000;1;4000.0000;None;43200.0000
4075;2023-01-20 10:41:42.417000;3;101333;1;1;15800.0000;1;2185.0000;None;23600.0000
18160;2023-01-20 08:38:31.587000;1;101458;1;1;3800.0000;1;7870.0000;None;85000.0000
18204;2023-01-20 12:43:00.307000;1;101502;1;1;0.0000;1;10889.0000;None;117600.0000
18204;2023-01-20 12:43:00.307000;1;101502;1;1;0.0000;1;10889.0000;None;117600.0000
23030;2023-01-20 11:14:45.830000;1;101503;1;1;0.0000;1;10907.0000;None;117800.0000
18215;2023-01-20 13:45:53.050000;1;101503;1;1;0.0000;1;14445.0000;None;156000.0000
18181;2023-01-20 10:25:14.503000;1;101503;1;1;0.0000;1;2926.0000;None;31600.0000
18276;2023-01-20 20:14:53.970000;1;101503;1;1;0.0000;1;27630.0000;None;298400.0000
23107;2023-01-20 21:09:46.550000;1;101503;1;1;0.0000;1;25463.0000;None;275000.0000
18280;2023-01-20 20:46:00.483000;1;101503;1;1;0.0000;1;4315.0000;None;46600.0000
18275;2023-01-20 19:21:49.247000;1;101503;1;1;0.0000;1;10593.0000;None;114400.0000
18268;2023-01-20 18:37:49.293000;1;101503;1;1;0.0000;1;6685.0000;None;72200.0000
18230;2023-01-20 15:31:33.853000;1;101503;1;1;0.0000;1;3111.0000;None;33600.0000
23080;2023-01-20 17:04:18.190000;1;101503;1;1;0.0000;1;4130.0000;None;44600.0000
23075;2023-01-20 17:03:23.557000;1;101503;1;1;0.0000;1;14722.0000;None;159000.0000
23075;2023-01-20 16:43:35.580000;1;101503;1;1;0.0000;1;14722.0000;None;159000.0000
18254;2023-01-20 17:32:56.083000;1;101503;1;1;0.0000;1;10056.0000;None;108600.0000
23081;2023-01-20 17:13:41.087000;1;101503;1;1;0.0000;1;8130.0000;None;87800.0000
23083;2023-01-20 17:42:39.090000;1;101503;1;1;0.0000;1;10444.0000;None;112800.0000
23090;2023-01-20 17:56:21.800000;1;101503;1;1;0.0000;1;5685.0000;None;61400.0000
18255;2023-01-20 18:00:16.117000;1;101503;1;1;0.0000;1;48834.0000;None;527400.0000
18255;2023-01-20 20:47:55.977000;1;101503;1;1;0.0000;1;48834.0000;None;527400.0000
18255;2023-01-20 20:47:55.977000;1;101503;1;1;0.0000;1;48834.0000;None;527400.0000
23078;2023-01-20 18:16:49.987000;6;101511;1;1;0.0000;1;12852.0000;None;138800.0000
18263;2023-01-20 18:11:57.240000;6;101511;1;1;0.0000;1;4907.0000;None;53000.0000
18212;2023-01-20 13:55:41.293000;6;101511;1;1;0.0000;1;18593.0000;None;200800.0000
18225;2023-01-20 14:38:23.680000;6;101511;1;1;0.0000;1;5611.0000;None;60600.0000
18174;2023-01-20 09:58:06.207000;6;101543;1;1;0.0000;1;2074.0000;None;22400.0000
18174;2023-01-20 09:58:06.207000;6;101543;1;1;0.0000;1;2074.0000;None;22400.0000
18171;2023-01-20 10:02:29.227000;6;101543;1;1;0.0000;1;6241.0000;None;67400.0000
18171;2023-01-20 10:02:29.227000;6;101543;1;1;0.0000;1;6241.0000;None;67400.0000
18171;2023-01-20 09:42:37.897000;6;101543;1;1;0.0000;1;6241.0000;None;67400.0000
18171;2023-01-20 09:42:37.897000;6;101543;1;1;0.0000;1;6241.0000;None;67400.0000
18171;2023-01-20 09:42:37.897000;6;101543;1;1;0.0000;1;6241.0000;None;67400.0000
18171;2023-01-20 09:42:37.897000;6;101543;1;1;0.0000;1;6241.0000;None;67400.0000
23025;2023-01-20 10:13:02.087000;6;101575;1;1;0.0000;1;8722.0000;None;94200.0000
23024;2023-01-20 10:11:35.517000;6;101575;1;1;0.0000;1;1611.0000;None;17400.0000
18221;2023-01-20 14:37:44.913000;6;101575;1;1;0.0000;1;2074.0000;None;22400.0000
18210;2023-01-20 13:14:15.647000;6;101575;1;1;0.0000;1;8630.0000;None;93200.0000
18210;2023-01-20 13:14:15.647000;6;101575;1;1;0.0000;1;8630.0000;None;93200.0000
18268;2023-01-20 18:37:49.293000;8;101576;1;1;0.0000;1;6685.0000;None;72200.0000
23107;2023-01-20 21:09:46.550000;8;101576;1;1;0.0000;1;25463.0000;None;275000.0000
23075;2023-01-20 16:43:35.580000;8;101576;1;1;0.0000;1;14722.0000;None;159000.0000
23075;2023-01-20 16:43:35.580000;8;101576;1;1;0.0000;1;14722.0000;None;159000.0000
18230;2023-01-20 15:31:33.853000;8;101576;1;1;0.0000;1;3111.0000;None;33600.0000
18255;2023-01-20 20:47:55.977000;8;101576;1;1;0.0000;1;48834.0000;None;527400.0000
18255;2023-01-20 18:00:16.117000;8;101576;1;1;0.0000;1;48834.0000;None;527400.0000
18255;2023-01-20 18:00:16.117000;8;101576;1;1;0.0000;1;48834.0000;None;527400.0000
23083;2023-01-20 17:42:39.090000;8;101576;1;1;0.0000;1;10444.0000;None;112800.0000
23081;2023-01-20 17:13:41.087000;8;101576;1;1;0.0000;1;8130.0000;None;87800.0000
18204;2023-01-20 12:43:00.307000;8;101576;1;1;0.0000;1;10889.0000;None;117600.0000
18213;2023-01-20 13:42:33.203000;3;101656;1;1;5800.0000;1;2907.0000;None;31400.0000
18221;2023-01-20 14:37:44.913000;3;101656;1;1;5800.0000;1;2074.0000;None;22400.0000
18229;2023-01-20 15:50:29.297000;2;101709;1;1;28800.0000;1;None;None;57600.0000
18229;2023-01-20 15:19:05.063000;2;101709;1;1;28800.0000;1;None;None;57600.0000
18257;2023-01-20 17:45:17.890000;2;101727;1;1;30800.0000;1;10185.0000;None;110000.0000
18266;2023-01-20 18:18:05.320000;2;101727;1;1;30800.0000;1;15926.0000;None;172000.0000
18266;2023-01-20 18:03:46.747000;2;101727;1;1;30800.0000;1;15926.0000;None;172000.0000
23078;2023-01-20 16:58:39.547000;2;101728;1;1;33800.0000;1;12852.0000;None;138800.0000
23072;2023-01-20 16:30:03.920000;2;101730;1;1;25800.0000;1;5315.0000;None;57400.0000
23072;2023-01-20 17:30:24.367000;2;101730;1;1;25800.0000;1;5315.0000;None;57400.0000
18255;2023-01-20 18:00:16.117000;2;101733;1;1;31800.0000;1;48834.0000;None;527400.0000
18255;2023-01-20 19:13:45.373000;2;101733;1;1;31800.0000;1;48834.0000;None;527400.0000
18255;2023-01-20 19:49:46.527000;2;101733;1;1;31800.0000;1;48834.0000;None;527400.0000
18255;2023-01-20 20:33:38.307000;2;101733;1;1;31800.0000;1;48834.0000;None;527400.0000
18255;2023-01-20 20:24:58.270000;2;101733;1;1;31800.0000;1;48834.0000;None;527400.0000
18254;2023-01-20 17:29:20.743000;2;101772;1;1;15800.0000;1;10056.0000;None;108600.0000
18254;2023-01-20 17:29:20.743000;2;101772;1;1;15800.0000;1;10056.0000;None;108600.0000
18271;2023-01-20 18:52:15.807000;2;101844;1;1;31800.0000;1;4111.0000;None;44400.0000
18276;2023-01-20 19:40:08.517000;2;101844;1;1;31800.0000;1;27630.0000;None;298400.0000
18280;2023-01-20 20:46:00.483000;1;102025;1;1;31800.0000;1;4315.0000;None;46600.0000
18255;2023-01-20 20:47:55.977000;1;102025;1;1;31800.0000;1;48834.0000;None;527400.0000
18263;2023-01-20 18:11:57.240000;1;102030;1;1;25800.0000;1;4907.0000;None;53000.0000
18181;2023-01-20 10:25:14.503000;1;102030;1;1;25800.0000;1;2926.0000;None;31600.0000
18276;2023-01-20 20:14:53.970000;1;102065;1;1;29800.0000;1;27630.0000;None;298400.0000
18252;2023-01-20 17:26:34.723000;3;102102;1;1;9800.0000;1;1444.0000;None;15600.0000
18240;2023-01-20 17:15:42.677000;3;102102;1;1;9800.0000;1;4593.0000;None;49600.0000
18240;2023-01-20 17:22:33.780000;3;102102;1;1;9800.0000;1;4593.0000;None;49600.0000
23064;2023-01-20 15:56:46.647000;3;102102;1;1;9800.0000;1;9537.0000;None;103000.0000
23064;2023-01-20 15:56:46.647000;3;102102;1;1;9800.0000;1;9537.0000;None;103000.0000
23025;2023-01-20 10:48:44.647000;3;102102;1;1;9800.0000;1;8722.0000;None;94200.0000
18189;2023-01-20 11:05:26.133000;3;102102;1;2;19600.0000;1;2519.0000;None;27200.0000
18199;2023-01-20 11:47:01.057000;3;102102;1;1;9800.0000;1;2444.0000;None;26400.0000
18242;2023-01-20 16:58:17.403000;1;102128;1;1;2800.0000;1;4167.0000;None;45000.0000
18271;2023-01-20 18:52:41.423000;1;102128;1;1;2800.0000;1;4111.0000;None;44400.0000
23064;2023-01-20 17:58:12.917000;1;102187;1;1;3800.0000;1;9537.0000;None;103000.0000
18215;2023-01-20 14:14:56.060000;1;102187;1;1;3800.0000;1;14445.0000;None;156000.0000
18180;2023-01-20 10:27:37.073000;1;102206;1;1;1000.0000;1;3593.0000;None;38800.0000
18173;2023-01-20 09:48:44.363000;1;102206;1;1;1000.0000;1;1426.0000;None;15400.0000
18173;2023-01-20 09:48:44.363000;1;102212;1;1;1800.0000;1;1426.0000;None;15400.0000
18180;2023-01-20 10:27:37.073000;1;102212;1;1;1800.0000;1;3593.0000;None;38800.0000
23060;2023-01-20 15:34:51.840000;1;102233;1;1;5800.0000;1;3352.0000;None;36200.0000
18168;2023-01-20 09:59:48.560000;1;102256;1;1;3800.0000;1;12278.0000;None;132600.0000
23075;2023-01-20 16:43:35.580000;1;102260;1;1;3800.0000;1;14722.0000;None;159000.0000
23083;2023-01-20 17:42:39.090000;1;102260;1;1;3800.0000;1;10444.0000;None;112800.0000
18255;2023-01-20 20:47:55.977000;1;102260;1;1;3800.0000;1;48834.0000;None;527400.0000
18255;2023-01-20 18:00:16.117000;1;102260;1;1;3800.0000;1;48834.0000;None;527400.0000
23063;2023-01-20 15:56:20.903000;1;102342;1;1;14800.0000;1;3537.0000;None;38200.0000
23034;2023-01-20 11:37:39.447000;1;102342;1;1;14800.0000;1;3889.0000;None;42000.0000
23038;2023-01-20 12:12:29.390000;3;102402;1;1;7800.0000;1;722.0000;None;7800.0000
18188;2023-01-20 10:57:55.377000;1;102415;1;1;2800.0000;1;796.0000;None;8600.0000
18236;2023-01-20 16:33:46.427000;1;102415;1;1;2800.0000;1;5444.0000;None;58800.0000
18247;2023-01-20 17:13:18.330000;3;102426;1;1;3800.0000;1;5019.0000;None;54200.0000
18189;2023-01-20 11:05:26.133000;3;102426;1;2;7600.0000;1;2519.0000;None;27200.0000
18165;2023-01-20 09:18:21.907000;1;102554;1;1;9800.0000;1;6352.0000;None;68600.0000
18165;2023-01-20 09:18:21.907000;1;102554;1;1;9800.0000;1;6352.0000;None;68600.0000
23030;2023-01-20 11:14:45.830000;1;102574;1;1;10800.0000;1;10907.0000;None;117800.0000
18228;2023-01-20 14:53:06.580000;3;102616;1;1;6800.0000;1;6944.0000;None;75000.0000
18263;2023-01-20 19:05:20.473000;3;102619;1;1;7800.0000;1;4907.0000;None;53000.0000
18162;2023-01-20 08:58:08.427000;3;102630;1;1;8800.0000;1;2611.0000;None;28200.0000
18168;2023-01-20 10:25:25.057000;3;102630;1;1;8800.0000;1;12278.0000;None;132600.0000
18168;2023-01-20 10:20:17.917000;3;102635;1;1;8800.0000;1;12278.0000;None;132600.0000
18168;2023-01-20 09:27:30.320000;3;102635;1;1;8800.0000;1;12278.0000;None;132600.0000
18161;2023-01-20 08:48:02.980000;3;102635;1;1;8800.0000;1;1444.0000;None;15600.0000
18160;2023-01-20 08:38:01.150000;3;102635;1;1;8800.0000;1;7870.0000;None;85000.0000
18165;2023-01-20 09:18:21.907000;3;102635;1;1;8800.0000;1;6352.0000;None;68600.0000
18160;2023-01-20 08:38:01.150000;3;102635;1;1;8800.0000;1;7870.0000;None;85000.0000
18220;2023-01-20 14:24:14.717000;3;102635;1;1;8800.0000;1;4500.0000;None;48600.0000
23030;2023-01-20 11:14:45.830000;3;102635;1;1;8800.0000;1;10907.0000;None;117800.0000
18187;2023-01-20 10:55:59.017000;3;102635;1;1;8800.0000;1;3259.0000;None;35200.0000
18200;2023-01-20 13:04:44.270000;3;102635;1;1;8800.0000;1;5519.0000;None;59600.0000
23036;2023-01-20 11:50:46.477000;3;102635;1;1;8800.0000;1;2519.0000;None;27200.0000
18275;2023-01-20 18:37:04.837000;3;102635;1;1;8800.0000;1;10593.0000;None;114400.0000
18275;2023-01-20 19:19:19.860000;3;102635;1;1;8800.0000;1;10593.0000;None;114400.0000
18258;2023-01-20 17:44:10.177000;3;102635;1;1;8800.0000;1;1889.0000;None;20400.0000
23071;2023-01-20 16:25:27.667000;3;102635;1;1;8800.0000;1;1889.0000;None;20400.0000
23075;2023-01-20 16:47:28.163000;3;102635;1;1;8800.0000;1;14722.0000;None;159000.0000
23075;2023-01-20 16:40:22.003000;3;102635;1;1;8800.0000;1;14722.0000;None;159000.0000
23035;2023-01-20 12:40:49.510000;3;102649;1;1;5800.0000;1;1167.0000;None;12600.0000
18234;2023-01-20 16:04:30.987000;3;102649;1;1;5800.0000;1;981.0000;None;10600.0000
18273;2023-01-20 19:10:15.373000;3;102651;1;1;9800.0000;1;10537.0000;None;113800.0000
18272;2023-01-20 19:16:49.547000;3;102653;1;1;4800.0000;1;3722.0000;None;40200.0000
18272;2023-01-20 18:53:49.623000;3;102653;1;1;4800.0000;1;3722.0000;None;40200.0000
23081;2023-01-20 17:13:41.087000;3;102653;1;2;9600.0000;1;8130.0000;None;87800.0000
18248;2023-01-20 17:18:19.327000;3;102653;1;1;4800.0000;1;6444.0000;None;69600.0000
18248;2023-01-20 17:33:46.660000;3;102653;1;1;4800.0000;1;6444.0000;None;69600.0000
23045;2023-01-20 14:39:55.400000;3;102653;1;1;4800.0000;1;8222.0000;None;88800.0000
23044;2023-01-20 14:10:11.933000;3;102653;1;1;4800.0000;1;4130.0000;None;44600.0000
18272;2023-01-20 19:12:56.767000;3;102663;1;1;10800.0000;1;3722.0000;None;40200.0000
23081;2023-01-20 17:13:41.087000;3;102747;1;1;4800.0000;1;8130.0000;None;87800.0000
18240;2023-01-20 19:41:03.280000;3;102747;1;2;9600.0000;1;4593.0000;None;49600.0000
23069;2023-01-20 16:22:42.660000;3;102749;1;1;5800.0000;1;6315.0000;None;68200.0000
18279;2023-01-20 20:40:25.943000;1;102813;1;1;3000.0000;1;556.0000;None;6000.0000
18279;2023-01-20 20:40:25.943000;1;102813;1;1;3000.0000;1;556.0000;None;6000.0000
18199;2023-01-20 11:49:36.747000;1;102813;1;1;3000.0000;1;2444.0000;None;26400.0000
23048;2023-01-20 14:34:51.700000;1;102905;1;1;5200.0000;1;1741.0000;None;18800.0000
18244;2023-01-20 17:19:57.123000;1;102910;1;1;5200.0000;1;1296.0000;None;14000.0000
23082;2023-01-20 17:16:11.157000;2;102933;1;1;25800.0000;1;12852.0000;None;138800.0000
23082;2023-01-20 17:50:56.880000;2;102933;1;1;25800.0000;1;12852.0000;None;138800.0000
18211;2023-01-20 13:15:04.360000;1;103042;1;1;20800.0000;1;4741.0000;None;51200.0000
18160;2023-01-20 08:38:31.587000;1;103047;1;1;22800.0000;1;7870.0000;None;85000.0000
18168;2023-01-20 09:59:48.560000;1;103047;1;1;22800.0000;1;12278.0000;None;132600.0000
18184;2023-01-20 10:35:13.407000;1;103047;1;1;22800.0000;1;3278.0000;None;35400.0000
18168;2023-01-20 09:59:48.560000;1;103056;1;1;24800.0000;1;12278.0000;None;132600.0000
18214;2023-01-20 13:46:26.373000;1;103076;1;1;39800.0000;1;8889.0000;None;96000.0000
18215;2023-01-20 13:46:32.607000;1;103076;1;1;39800.0000;1;14445.0000;None;156000.0000
23041;2023-01-20 14:10:53.830000;1;103076;1;1;39800.0000;1;5574.0000;None;60200.0000
18205;2023-01-20 12:48:58.783000;1;103076;1;1;39800.0000;1;10185.0000;None;110000.0000
18205;2023-01-20 12:48:58.783000;1;103076;1;1;39800.0000;1;10185.0000;None;110000.0000
18210;2023-01-20 13:46:08.667000;1;103076;1;1;39800.0000;1;8630.0000;None;93200.0000
18210;2023-01-20 13:46:16.547000;1;103076;1;1;39800.0000;1;8630.0000;None;93200.0000
23049;2023-01-20 15:01:47.540000;1;103076;1;1;39800.0000;1;4315.0000;None;46600.0000
23051;2023-01-20 15:04:44.273000;1;103076;1;1;39800.0000;1;6482.0000;None;70000.0000
23044;2023-01-20 14:10:11.933000;1;103076;1;1;39800.0000;1;4130.0000;None;44600.0000
23045;2023-01-20 14:35:06.123000;1;103076;1;1;39800.0000;1;8222.0000;None;88800.0000
23081;2023-01-20 17:13:41.087000;1;103076;1;1;39800.0000;1;8130.0000;None;87800.0000
4083;2023-01-20 15:01:47.540000;1;103076;1;1;39800.0000;1;3685.0000;None;39800.0000
23075;2023-01-20 16:37:39.617000;1;103076;1;1;39800.0000;1;14722.0000;None;159000.0000
23107;2023-01-20 20:58:49.527000;1;103076;1;1;39800.0000;1;25463.0000;None;275000.0000
18244;2023-01-20 17:04:55.890000;1;103095;1;1;8800.0000;1;1296.0000;None;14000.0000
4084;2023-01-20 16:21:27.737000;1;103102;1;1;7800.0000;1;None;None;15600.0000
4084;2023-01-20 16:21:27.737000;1;103102;1;1;7800.0000;1;None;None;15600.0000
23025;2023-01-20 10:39:19.370000;1;103102;1;1;7800.0000;1;8722.0000;None;94200.0000
18213;2023-01-20 13:42:33.203000;1;103166;1;1;19800.0000;1;2907.0000;None;31400.0000
18272;2023-01-20 18:53:49.623000;1;103166;1;1;19800.0000;1;3722.0000;None;40200.0000
18266;2023-01-20 18:36:43.360000;1;103166;1;1;19800.0000;1;15926.0000;None;172000.0000
18268;2023-01-20 18:59:28.707000;1;103166;1;1;19800.0000;1;6685.0000;None;72200.0000
18284;2023-01-20 21:24:26.857000;1;103166;1;1;19800.0000;1;1833.0000;None;19800.0000
23093;2023-01-20 18:35:43.013000;1;103214;1;1;26800.0000;1;10500.0000;None;113400.0000
23067;2023-01-20 15:58:29.673000;1;103214;1;1;26800.0000;1;5111.0000;None;55200.0000
18242;2023-01-20 16:58:37.917000;1;103214;1;1;26800.0000;1;4167.0000;None;45000.0000
18248;2023-01-20 18:07:42.770000;1;103214;1;1;26800.0000;1;6444.0000;None;69600.0000
18255;2023-01-20 20:25:39.647000;1;103214;1;1;26800.0000;1;48834.0000;None;527400.0000
18215;2023-01-20 14:14:56.060000;1;103214;1;1;26800.0000;1;14445.0000;None;156000.0000
23060;2023-01-20 15:34:51.840000;1;103248;1;1;16800.0000;1;3352.0000;None;36200.0000
18228;2023-01-20 14:49:49.993000;1;103251;1;1;25800.0000;1;6944.0000;None;75000.0000
23093;2023-01-20 18:34:09.667000;1;103251;1;1;25800.0000;1;10500.0000;None;113400.0000
18208;2023-01-20 13:12:34.067000;1;103252;1;1;17800.0000;1;None;None;142400.0000
18208;2023-01-20 13:12:34.067000;1;103252;1;1;17800.0000;1;None;None;142400.0000
18208;2023-01-20 13:12:34.067000;1;103252;1;1;17800.0000;1;None;None;142400.0000
18208;2023-01-20 13:12:34.067000;1;103252;1;1;17800.0000;1;None;None;142400.0000
18208;2023-01-20 13:12:34.067000;1;103252;1;1;17800.0000;1;None;None;142400.0000
18208;2023-01-20 13:12:34.067000;1;103252;1;1;17800.0000;1;None;None;142400.0000
18208;2023-01-20 13:12:34.067000;1;103252;1;1;17800.0000;1;None;None;142400.0000
18208;2023-01-20 13:12:34.067000;1;103252;1;1;17800.0000;1;None;None;142400.0000
18283;2023-01-20 21:20:16.467000;1;103271;1;1;25800.0000;1;3463.0000;None;37400.0000
23093;2023-01-20 18:34:09.667000;1;103272;1;1;27800.0000;1;10500.0000;None;113400.0000
23069;2023-01-20 16:22:42.660000;1;103316;1;1;48800.0000;1;6315.0000;None;68200.0000
18266;2023-01-20 18:03:32.710000;1;103322;1;1;26800.0000;1;15926.0000;None;172000.0000
18266;2023-01-20 18:03:32.710000;1;103322;1;1;26800.0000;1;15926.0000;None;172000.0000
18273;2023-01-20 19:04:00.327000;1;103327;1;1;39800.0000;1;10537.0000;None;113800.0000
23080;2023-01-20 17:04:18.190000;1;103378;1;1;38800.0000;1;4130.0000;None;44600.0000
23090;2023-01-20 17:56:21.800000;1;103384;1;1;47800.0000;1;5685.0000;None;61400.0000
18254;2023-01-20 17:32:56.083000;1;103587;1;1;49800.0000;1;10056.0000;None;108600.0000
23030;2023-01-20 11:14:45.830000;1;103587;1;1;49800.0000;1;10907.0000;None;117800.0000
18273;2023-01-20 19:04:00.327000;1;103630;1;1;20800.0000;1;10537.0000;None;113800.0000
23078;2023-01-20 18:16:49.987000;1;103646;1;1;47800.0000;1;12852.0000;None;138800.0000
18212;2023-01-20 13:55:41.293000;1;103646;1;1;47800.0000;1;18593.0000;None;200800.0000
18225;2023-01-20 14:38:23.680000;1;103646;1;1;47800.0000;1;5611.0000;None;60600.0000
18220;2023-01-20 14:24:14.717000;1;103647;1;1;39800.0000;1;4500.0000;None;48600.0000
18247;2023-01-20 17:20:15.180000;1;103647;1;1;39800.0000;1;5019.0000;None;54200.0000
23056;2023-01-20 15:24:59.003000;3;103732;1;1;7800.0000;1;1704.0000;None;18400.0000
18200;2023-01-20 12:57:53.333000;1;103759;1;1;10800.0000;1;5519.0000;None;59600.0000
18174;2023-01-20 10:01:21.413000;1;103893;1;1;5800.0000;1;2074.0000;None;22400.0000
23045;2023-01-20 15:02:45.070000;1;103961;1;1;16800.0000;1;8222.0000;None;88800.0000
18212;2023-01-20 14:33:10.707000;1;103961;1;1;16800.0000;1;18593.0000;None;200800.0000
18212;2023-01-20 14:33:10.707000;1;103961;1;1;16800.0000;1;18593.0000;None;200800.0000
18215;2023-01-20 14:14:56.060000;1;103961;1;1;16800.0000;1;14445.0000;None;156000.0000
23067;2023-01-20 15:58:29.673000;1;103961;1;1;16800.0000;1;5111.0000;None;55200.0000
23064;2023-01-20 15:56:46.647000;1;103961;1;1;16800.0000;1;9537.0000;None;103000.0000
18237;2023-01-20 15:50:40.090000;1;103961;1;1;16800.0000;1;10056.0000;None;108600.0000
18237;2023-01-20 16:05:57.423000;1;103975;1;1;18800.0000;1;10056.0000;None;108600.0000
23081;2023-01-20 17:59:01.813000;1;103992;1;1;6800.0000;1;8130.0000;None;87800.0000
18253;2023-01-20 17:26:57.660000;1;103992;1;2;13600.0000;1;1889.0000;None;20400.0000
23034;2023-01-20 11:32:03.697000;1;103992;1;1;6800.0000;1;3889.0000;None;42000.0000
23032;2023-01-20 11:15:11.317000;1;103992;1;1;6800.0000;1;1259.0000;None;13600.0000
23031;2023-01-20 11:15:01.807000;1;103992;1;1;6800.0000;1;2519.0000;None;27200.0000
23031;2023-01-20 11:15:01.807000;1;103992;1;1;6800.0000;1;2519.0000;None;27200.0000
18204;2023-01-20 13:34:55.867000;1;104004;1;1;16800.0000;1;10889.0000;None;117600.0000
18205;2023-01-20 13:06:44.873000;1;104004;1;1;16800.0000;1;10185.0000;None;110000.0000
18223;2023-01-20 14:40:18.587000;1;104004;1;1;16800.0000;1;5000.0000;None;54000.0000
18223;2023-01-20 14:32:30.677000;1;104004;1;1;16800.0000;1;5000.0000;None;54000.0000
18228;2023-01-20 14:49:49.993000;1;104004;1;1;16800.0000;1;6944.0000;None;75000.0000
23087;2023-01-20 17:32:44.167000;1;104004;1;1;16800.0000;1;7037.0000;None;76000.0000
23064;2023-01-20 17:58:12.917000;1;104004;1;1;16800.0000;1;9537.0000;None;103000.0000
23073;2023-01-20 16:36:26.590000;1;104004;1;1;16800.0000;1;3741.0000;None;40400.0000
23073;2023-01-20 17:17:54.207000;1;104004;1;1;16800.0000;1;3741.0000;None;40400.0000
23027;2023-01-20 10:48:21.053000;1;104015;1;1;9800.0000;1;6500.0000;None;70200.0000
18165;2023-01-20 09:18:21.907000;1;104015;1;1;9800.0000;1;6352.0000;None;68600.0000
18163;2023-01-20 08:58:38.837000;1;104015;1;1;9800.0000;1;4852.0000;None;52400.0000
18180;2023-01-20 10:14:11.880000;1;104150;1;1;11800.0000;1;3593.0000;None;38800.0000
18257;2023-01-20 17:43:17.027000;1;104150;1;1;11800.0000;1;10185.0000;None;110000.0000
18264;2023-01-20 18:23:11.570000;1;104150;1;1;11800.0000;1;1722.0000;None;18600.0000
18266;2023-01-20 18:32:22.143000;1;104150;1;1;11800.0000;1;15926.0000;None;172000.0000
18257;2023-01-20 17:59:49.407000;1;104152;1;1;9800.0000;1;10185.0000;None;110000.0000
18261;2023-01-20 18:26:08.473000;1;104156;1;1;6800.0000;1;7037.0000;None;76000.0000
18261;2023-01-20 17:57:54.847000;1;104156;1;1;6800.0000;1;7037.0000;None;76000.0000
18187;2023-01-20 10:55:39.817000;1;104157;1;1;5800.0000;1;3259.0000;None;35200.0000
18257;2023-01-20 17:59:49.407000;1;104158;1;1;11800.0000;1;10185.0000;None;110000.0000
18257;2023-01-20 17:43:17.027000;1;104160;1;1;5800.0000;1;10185.0000;None;110000.0000
18257;2023-01-20 17:43:17.027000;1;104166;1;1;9800.0000;1;10185.0000;None;110000.0000
18257;2023-01-20 17:59:49.407000;1;104166;1;1;9800.0000;1;10185.0000;None;110000.0000
18179;2023-01-20 10:07:56.637000;1;104172;1;1;10800.0000;1;None;None;16600.0000
18187;2023-01-20 10:55:39.817000;1;104172;1;1;10800.0000;1;3259.0000;None;35200.0000
18261;2023-01-20 17:57:54.847000;1;104172;1;1;10800.0000;1;7037.0000;None;76000.0000
18269;2023-01-20 18:47:45.517000;1;104172;1;1;10800.0000;1;2296.0000;None;24800.0000
23095;2023-01-20 18:27:32.330000;1;104172;1;1;10800.0000;1;6833.0000;None;73800.0000
23038;2023-01-20 12:12:29.390000;6;104291;2;1;0.0000;1;722.0000;None;7800.0000
23038;2023-01-20 12:12:29.390000;6;104291;2;1;0.0000;1;722.0000;None;7800.0000
23038;2023-01-20 12:12:29.390000;6;104291;2;1;0.0000;1;722.0000;None;7800.0000
23038;2023-01-20 12:12:29.390000;6;104291;2;1;0.0000;1;722.0000;None;7800.0000
18165;2023-01-20 09:18:21.907000;6;104374;1;1;0.0000;1;6352.0000;None;68600.0000
18160;2023-01-20 08:38:31.587000;6;104374;1;1;0.0000;1;7870.0000;None;85000.0000
18163;2023-01-20 10:14:21.037000;3;104554;1;1;4800.0000;1;4852.0000;None;52400.0000
18163;2023-01-20 10:14:21.037000;3;104554;1;1;4800.0000;1;4852.0000;None;52400.0000
18163;2023-01-20 08:58:38.837000;3;104554;1;1;4800.0000;1;4852.0000;None;52400.0000
18171;2023-01-20 10:06:38.657000;3;104554;1;1;4800.0000;1;6241.0000;None;67400.0000
23024;2023-01-20 10:11:35.517000;3;104554;1;1;4800.0000;1;1611.0000;None;17400.0000
18186;2023-01-20 10:51:45.380000;3;104554;1;1;4800.0000;1;2963.0000;None;32000.0000
23030;2023-01-20 11:14:45.830000;3;104554;1;1;4800.0000;1;10907.0000;None;117800.0000
18212;2023-01-20 14:33:10.707000;3;104554;1;1;4800.0000;1;18593.0000;None;200800.0000
18212;2023-01-20 14:33:10.707000;3;104554;1;1;4800.0000;1;18593.0000;None;200800.0000
18214;2023-01-20 13:57:49.953000;3;104554;1;1;4800.0000;1;8889.0000;None;96000.0000
18283;2023-01-20 21:25:13.083000;3;104554;1;1;4800.0000;1;3463.0000;None;37400.0000
18258;2023-01-20 17:44:10.177000;3;104554;1;1;4800.0000;1;1889.0000;None;20400.0000
18251;2023-01-20 17:25:42.677000;3;104554;1;1;4800.0000;1;1704.0000;None;18400.0000
18247;2023-01-20 17:12:04.890000;3;104554;1;1;4800.0000;1;5019.0000;None;54200.0000
23082;2023-01-20 18:56:53.400000;3;104554;1;1;4800.0000;1;12852.0000;None;138800.0000
23074;2023-01-20 16:36:34.420000;3;104554;1;1;4800.0000;1;981.0000;None;10600.0000
23078;2023-01-20 18:16:49.987000;3;104554;1;1;4800.0000;1;12852.0000;None;138800.0000
23079;2023-01-20 17:13:00.837000;3;104554;1;1;4800.0000;1;1074.0000;None;11600.0000
23064;2023-01-20 17:05:57.057000;3;104554;1;1;4800.0000;1;9537.0000;None;103000.0000
18234;2023-01-20 16:10:19.967000;3;104554;1;1;4800.0000;1;981.0000;None;10600.0000
18236;2023-01-20 16:26:24.807000;3;104554;1;1;4800.0000;1;5444.0000;None;58800.0000
23056;2023-01-20 15:24:59.003000;3;104554;1;1;4800.0000;1;1704.0000;None;18400.0000
18231;2023-01-20 15:33:27.007000;3;104554;1;1;4800.0000;1;1259.0000;None;13600.0000
23027;2023-01-20 10:40:45.537000;1;104556;1;1;9800.0000;1;6500.0000;None;70200.0000
23027;2023-01-20 10:40:45.537000;1;104556;1;1;9800.0000;1;6500.0000;None;70200.0000
18171;2023-01-20 09:43:08.597000;1;104556;1;1;9800.0000;1;6241.0000;None;67400.0000
18171;2023-01-20 09:53:46.820000;1;104556;1;1;9800.0000;1;6241.0000;None;67400.0000
18163;2023-01-20 08:58:38.837000;1;104556;1;1;9800.0000;1;4852.0000;None;52400.0000
18160;2023-01-20 08:38:31.587000;1;104556;1;1;9800.0000;1;7870.0000;None;85000.0000
18162;2023-01-20 09:06:01.950000;1;104556;1;1;9800.0000;1;2611.0000;None;28200.0000
23083;2023-01-20 18:06:26.487000;2;104685;1;1;25800.0000;1;10444.0000;None;112800.0000
23083;2023-01-20 17:42:39.090000;2;104685;1;1;25800.0000;1;10444.0000;None;112800.0000
18261;2023-01-20 18:00:24.513000;2;104685;1;2;51600.0000;1;7037.0000;None;76000.0000
23100;2023-01-20 19:06:03.490000;2;104685;1;1;25800.0000;1;3019.0000;None;32600.0000
18276;2023-01-20 19:51:52.457000;2;104685;1;1;25800.0000;1;27630.0000;None;298400.0000
18276;2023-01-20 20:14:53.970000;2;104685;1;1;25800.0000;1;27630.0000;None;298400.0000
18276;2023-01-20 19:30:11.777000;2;104685;1;1;25800.0000;1;27630.0000;None;298400.0000
18276;2023-01-20 19:37:53.097000;2;104685;1;1;25800.0000;1;27630.0000;None;298400.0000
18200;2023-01-20 11:48:16.670000;1;104698;1;1;3800.0000;1;5519.0000;None;59600.0000
18260;2023-01-20 17:56:47.773000;1;104932;1;1;46800.0000;1;5593.0000;None;60400.0000
23030;2023-01-20 11:14:45.830000;6;105167;1;1;0.0000;1;10907.0000;None;117800.0000
18165;2023-01-20 09:18:21.907000;6;105167;1;1;0.0000;1;6352.0000;None;68600.0000
18171;2023-01-20 09:53:46.820000;6;105167;1;1;0.0000;1;6241.0000;None;67400.0000
18171;2023-01-20 09:43:08.597000;6;105167;1;1;0.0000;1;6241.0000;None;67400.0000
23027;2023-01-20 10:40:45.537000;6;105167;1;1;None;1;6500.0000;None;70200.0000
23087;2023-01-20 17:32:44.167000;1;105281;1;1;20000.0000;1;7037.0000;None;76000.0000
18259;2023-01-20 17:48:42.597000;1;105421;1;1;19800.0000;1;3093.0000;None;33400.0000
23087;2023-01-20 17:32:44.167000;1;105421;1;1;19800.0000;1;7037.0000;None;76000.0000
23085;2023-01-20 17:34:50.217000;1;105421;1;1;19800.0000;1;6815.0000;None;73600.0000
18228;2023-01-20 14:49:49.993000;1;105421;1;1;19800.0000;1;6944.0000;None;75000.0000
18255;2023-01-20 18:00:16.117000;6;105520;1;1;0.0000;1;48834.0000;None;527400.0000
18255;2023-01-20 18:00:16.117000;6;105520;1;1;0.0000;1;48834.0000;None;527400.0000
18255;2023-01-20 19:49:46.527000;6;105520;1;1;0.0000;1;48834.0000;None;527400.0000
18255;2023-01-20 19:13:45.373000;6;105520;1;1;None;1;48834.0000;None;527400.0000
18255;2023-01-20 19:49:46.527000;6;105520;1;1;0.0000;1;48834.0000;None;527400.0000
18255;2023-01-20 20:24:58.270000;6;105520;1;1;0.0000;1;48834.0000;None;527400.0000
18255;2023-01-20 20:33:38.307000;6;105520;1;1;0.0000;1;48834.0000;None;527400.0000
18254;2023-01-20 17:29:20.743000;3;105735;1;1;0.0000;1;10056.0000;None;108600.0000
18254;2023-01-20 17:29:20.743000;3;105735;1;1;0.0000;1;10056.0000;None;108600.0000
18229;2023-01-20 15:19:05.063000;3;105735;1;1;0.0000;1;None;None;57600.0000
18229;2023-01-20 15:50:29.297000;3;105735;1;1;0.0000;1;None;None;57600.0000
18276;2023-01-20 19:40:08.517000;3;105735;1;1;0.0000;1;27630.0000;None;298400.0000
18271;2023-01-20 18:52:15.807000;3;105735;1;1;0.0000;1;4111.0000;None;44400.0000
18162;2023-01-20 09:06:01.950000;1;106056;1;1;2800.0000;1;2611.0000;None;28200.0000
23039;2023-01-20 12:43:32.187000;1;106270;1;1;0.0000;1;4389.0000;None;47400.0000
18222;2023-01-20 14:13:00.400000;1;106271;1;1;0.0000;1;4222.0000;None;45600.0000
18204;2023-01-20 12:43:00.307000;1;106277;2;1;0.0000;1;10889.0000;None;117600.0000
18204;2023-01-20 12:43:00.307000;1;106277;2;1;0.0000;1;10889.0000;None;117600.0000
18204;2023-01-20 12:43:00.307000;1;106286;2;1;0.0000;1;10889.0000;None;117600.0000
18204;2023-01-20 12:43:00.307000;1;106286;2;1;0.0000;1;10889.0000;None;117600.0000
18222;2023-01-20 14:13:00.400000;1;106286;1;1;0.0000;1;4222.0000;None;45600.0000
18165;2023-01-20 09:18:21.907000;1;106343;1;1;18800.0000;1;6352.0000;None;68600.0000
23039;2023-01-20 12:43:32.187000;1;106800;2;1;0.0000;1;4389.0000;None;47400.0000
18281;2023-01-20 21:05:36.437000;1;107031;1;8;800.0000;1;1148.0000;None;12400.0000
18269;2023-01-20 19:00:39.797000;1;107316;1;12;2400.0000;1;2296.0000;None;24800.0000
18260;2023-01-20 17:56:47.773000;1;108005;1;1;0.0000;1;5593.0000;None;60400.0000
18260;2023-01-20 17:56:47.773000;1;108005;1;1;0.0000;1;5593.0000;None;60400.0000
18222;2023-01-20 14:13:00.400000;1;108005;1;1;0.0000;1;4222.0000;None;45600.0000
18220;2023-01-20 14:24:14.717000;1;108006;1;1;0.0000;1;4500.0000;None;48600.0000
18228;2023-01-20 14:49:49.993000;1;108006;1;1;0.0000;1;6944.0000;None;75000.0000
23039;2023-01-20 12:43:32.187000;1;108006;1;1;0.0000;1;4389.0000;None;47400.0000
18208;2023-01-20 13:12:34.067000;1;108006;1;1;0.0000;1;None;None;142400.0000
18208;2023-01-20 13:12:34.067000;1;108006;1;1;0.0000;1;None;None;142400.0000
18208;2023-01-20 13:12:34.067000;1;108006;1;1;0.0000;1;None;None;142400.0000
18208;2023-01-20 13:12:34.067000;1;108006;1;1;0.0000;1;None;None;142400.0000
18208;2023-01-20 13:12:34.067000;1;108006;1;1;0.0000;1;None;None;142400.0000
18208;2023-01-20 13:12:34.067000;1;108006;1;1;0.0000;1;None;None;142400.0000
18208;2023-01-20 13:12:34.067000;1;108006;1;1;0.0000;1;None;None;142400.0000
18208;2023-01-20 13:12:34.067000;1;108006;1;1;0.0000;1;None;None;142400.0000
18208;2023-01-20 13:12:34.067000;1;108006;1;1;0.0000;1;None;None;142400.0000
18208;2023-01-20 13:12:34.067000;1;108006;1;1;0.0000;1;None;None;142400.0000
18208;2023-01-20 13:12:34.067000;1;108006;1;1;0.0000;1;None;None;142400.0000
18208;2023-01-20 13:12:34.067000;1;108006;1;1;0.0000;1;None;None;142400.0000
18208;2023-01-20 13:12:34.067000;1;108006;1;1;0.0000;1;None;None;142400.0000
18208;2023-01-20 13:12:34.067000;1;108006;1;1;0.0000;1;None;None;142400.0000
18208;2023-01-20 13:12:34.067000;1;108006;1;1;0.0000;1;None;None;142400.0000
18208;2023-01-20 13:12:34.067000;1;108006;1;1;0.0000;1;None;None;142400.0000
23069;2023-01-20 16:22:42.660000;1;108006;1;1;0.0000;1;6315.0000;None;68200.0000
23093;2023-01-20 18:34:09.667000;1;108006;1;1;0.0000;1;10500.0000;None;113400.0000
23093;2023-01-20 18:34:09.667000;1;108006;1;1;0.0000;1;10500.0000;None;113400.0000
18273;2023-01-20 19:04:00.327000;1;108006;1;1;0.0000;1;10537.0000;None;113800.0000
18273;2023-01-20 19:04:00.327000;1;108006;1;1;0.0000;1;10537.0000;None;113800.0000
18273;2023-01-20 19:04:00.327000;1;108008;1;1;0.0000;1;10537.0000;None;113800.0000
18273;2023-01-20 19:04:00.327000;1;108008;1;1;0.0000;1;10537.0000;None;113800.0000
18266;2023-01-20 18:03:32.710000;1;108008;1;2;0.0000;1;15926.0000;None;172000.0000
18266;2023-01-20 18:03:32.710000;1;108008;1;2;0.0000;1;15926.0000;None;172000.0000
18283;2023-01-20 21:20:16.467000;1;108008;1;2;0.0000;1;3463.0000;None;37400.0000
23060;2023-01-20 15:34:51.840000;1;108008;1;2;0.0000;1;3352.0000;None;36200.0000
18247;2023-01-20 17:20:15.180000;1;108008;1;1;0.0000;1;5019.0000;None;54200.0000
18247;2023-01-20 17:20:15.180000;1;108008;1;1;0.0000;1;5019.0000;None;54200.0000
23099;2023-01-20 18:50:17.157000;2;108101;1;2;73600.0000;1;7722.0000;None;83400.0000
18237;2023-01-20 17:05:51.920000;2;108118;1;1;39800.0000;1;10056.0000;None;108600.0000
18255;2023-01-20 20:33:38.307000;2;108123;1;1;42800.0000;1;48834.0000;None;527400.0000
18255;2023-01-20 19:13:45.373000;2;108123;1;1;42800.0000;1;48834.0000;None;527400.0000
18255;2023-01-20 19:49:46.527000;2;108123;1;1;42800.0000;1;48834.0000;None;527400.0000
18255;2023-01-20 20:24:58.270000;2;108123;1;1;42800.0000;1;48834.0000;None;527400.0000
18255;2023-01-20 18:00:16.117000;2;108123;1;1;42800.0000;1;48834.0000;None;527400.0000
23085;2023-01-20 17:30:24.770000;3;108191;1;1;0.0000;1;6815.0000;None;73600.0000
18168;2023-01-20 09:59:48.560000;1;108351;1;1;21800.0000;1;12278.0000;None;132600.0000
18164;2023-01-20 09:03:51.260000;1;108353;1;1;21800.0000;1;3185.0000;None;34400.0000
4075;2023-01-20 10:25:14.503000;3;108531;1;1;7800.0000;1;2185.0000;None;23600.0000
18178;2023-01-20 11:06:23.057000;3;108531;1;1;7800.0000;1;2704.0000;None;29200.0000
18178;2023-01-20 10:03:48.770000;3;108531;1;1;7800.0000;1;2704.0000;None;29200.0000
23046;2023-01-20 15:55:24.280000;3;108531;1;1;7800.0000;1;1796.0000;None;19400.0000
23052;2023-01-20 15:05:43.517000;3;108531;1;1;7800.0000;1;1352.0000;None;14600.0000
18198;2023-01-20 11:46:06.487000;3;108531;1;1;7800.0000;1;722.0000;None;7800.0000
18196;2023-01-20 11:37:52.880000;3;108531;1;1;7800.0000;1;1352.0000;None;14600.0000
23076;2023-01-20 17:14:52.683000;3;108531;1;1;7800.0000;1;1981.0000;None;21400.0000
23058;2023-01-20 15:29:03.360000;3;108531;1;1;7800.0000;1;3963.0000;None;42800.0000
23096;2023-01-20 18:28:20.173000;3;108531;1;1;7800.0000;1;2241.0000;None;24200.0000
18187;2023-01-20 10:55:59.017000;3;108533;1;1;9800.0000;1;3259.0000;None;35200.0000
23043;2023-01-20 14:02:04.847000;3;108533;1;1;9800.0000;1;1815.0000;None;19600.0000
23043;2023-01-20 14:02:04.847000;3;108533;1;1;9800.0000;1;1815.0000;None;19600.0000
18215;2023-01-20 13:45:53.050000;3;108533;1;1;9800.0000;1;14445.0000;None;156000.0000
18215;2023-01-20 13:45:53.050000;3;108533;1;1;9800.0000;1;14445.0000;None;156000.0000
23095;2023-01-20 18:27:32.330000;3;108533;1;1;9800.0000;1;6833.0000;None;73800.0000
23095;2023-01-20 18:27:32.330000;3;108533;1;1;9800.0000;1;6833.0000;None;73800.0000
23063;2023-01-20 15:48:41.203000;3;108533;1;1;9800.0000;1;3537.0000;None;38200.0000
23085;2023-01-20 17:34:50.217000;3;108533;1;1;9800.0000;1;6815.0000;None;73600.0000
23095;2023-01-20 18:46:02.113000;1;109101;1;1;29800.0000;1;6833.0000;None;73800.0000
18202;2023-01-20 12:34:13.533000;1;109101;1;1;29800.0000;1;3389.0000;None;36600.0000
23061;2023-01-20 15:35:39.487000;2;109110;1;1;35800.0000;1;3315.0000;None;35800.0000
23066;2023-01-20 15:47:58.770000;1;109554;1;1;13800.0000;1;None;None;13800.0000
18211;2023-01-20 13:15:04.360000;1;109555;1;1;9800.0000;1;4741.0000;None;51200.0000
23062;2023-01-20 15:53:06.373000;1;109555;1;1;9800.0000;1;2167.0000;None;23400.0000
23082;2023-01-20 20:32:52.173000;1;109556;1;4;47200.0000;1;12852.0000;None;138800.0000
18248;2023-01-20 17:18:19.327000;3;200006;1;1;9800.0000;1;6444.0000;None;69600.0000
18248;2023-01-20 17:33:46.660000;3;200006;1;1;9800.0000;1;6444.0000;None;69600.0000
18255;2023-01-20 17:34:54.327000;3;200006;1;1;9800.0000;1;48834.0000;None;527400.0000
18271;2023-01-20 18:52:15.807000;3;200006;1;1;9800.0000;1;4111.0000;None;44400.0000
18215;2023-01-20 13:45:53.050000;3;200006;1;1;9800.0000;1;14445.0000;None;156000.0000
23027;2023-01-20 11:06:12.300000;3;200006;1;1;9800.0000;1;6500.0000;None;70200.0000
18193;2023-01-20 11:24:11.600000;3;200006;1;1;9800.0000;1;2074.0000;None;22400.0000
23098;2023-01-20 18:39:38.657000;2;200061;1;1;135800.0000;1;12574.0000;None;135800.0000
18212;2023-01-20 13:15:57.637000;2;200152;1;1;109800.0000;1;18593.0000;None;200800.0000
18225;2023-01-20 14:41:25.563000;2;200480;1;1;12800.0000;1;5611.0000;None;60600.0000
23085;2023-01-20 17:28:09.410000;2;200480;1;1;12800.0000;1;6815.0000;None;73600.0000
23085;2023-01-20 17:30:24.770000;2;200480;1;1;12800.0000;1;6815.0000;None;73600.0000
18237;2023-01-20 18:00:09.530000;2;200480;1;1;12800.0000;1;10056.0000;None;108600.0000
23075;2023-01-20 16:43:35.580000;3;200644;1;1;6800.0000;1;14722.0000;None;159000.0000
23073;2023-01-20 16:36:26.590000;3;200644;1;1;6800.0000;1;3741.0000;None;40400.0000
23075;2023-01-20 16:47:28.163000;3;200644;1;1;6800.0000;1;14722.0000;None;159000.0000
23075;2023-01-20 17:03:23.557000;3;200644;1;1;6800.0000;1;14722.0000;None;159000.0000
23079;2023-01-20 16:59:02.207000;3;200644;1;1;6800.0000;1;1074.0000;None;11600.0000
18243;2023-01-20 17:00:19.977000;3;200644;1;1;6800.0000;1;1167.0000;None;12600.0000
18241;2023-01-20 16:54:16.537000;3;200644;1;1;6800.0000;1;2333.0000;None;25200.0000
18241;2023-01-20 16:54:16.537000;3;200644;1;1;6800.0000;1;2333.0000;None;25200.0000
18240;2023-01-20 16:54:05.787000;3;200644;1;1;6800.0000;1;4593.0000;None;49600.0000
23064;2023-01-20 17:05:57.057000;3;200644;1;1;6800.0000;1;9537.0000;None;103000.0000
23086;2023-01-20 17:50:15.580000;3;200644;1;1;6800.0000;1;1889.0000;None;20400.0000
18248;2023-01-20 18:07:42.770000;3;200644;1;1;6800.0000;1;6444.0000;None;69600.0000
18246;2023-01-20 17:24:19.087000;3;200644;1;1;6800.0000;1;1259.0000;None;13600.0000
18246;2023-01-20 17:06:19.907000;3;200644;1;1;6800.0000;1;1259.0000;None;13600.0000
18255;2023-01-20 18:00:16.117000;3;200644;1;1;6800.0000;1;48834.0000;None;527400.0000
23091;2023-01-20 18:22:57.900000;3;200644;1;1;6800.0000;1;1796.0000;None;19400.0000
23089;2023-01-20 18:17:30.640000;3;200644;1;1;6800.0000;1;1889.0000;None;20400.0000
23093;2023-01-20 18:33:49.363000;3;200644;1;1;6800.0000;1;10500.0000;None;113400.0000
23051;2023-01-20 15:18:05.823000;3;200644;1;1;6800.0000;1;6482.0000;None;70000.0000
18221;2023-01-20 14:37:44.913000;3;200644;1;1;6800.0000;1;2074.0000;None;22400.0000
18214;2023-01-20 16:09:11.897000;3;200644;1;1;6800.0000;1;8889.0000;None;96000.0000
18210;2023-01-20 13:14:15.647000;3;200644;1;1;6800.0000;1;8630.0000;None;93200.0000
18210;2023-01-20 13:14:15.647000;3;200644;1;1;6800.0000;1;8630.0000;None;93200.0000
18205;2023-01-20 12:43:33.053000;3;200644;1;1;6800.0000;1;10185.0000;None;110000.0000
18205;2023-01-20 12:43:33.053000;3;200644;1;1;6800.0000;1;10185.0000;None;110000.0000
18204;2023-01-20 12:41:59.540000;3;200644;1;1;6800.0000;1;10889.0000;None;117600.0000
18199;2023-01-20 11:47:01.057000;3;200644;1;1;6800.0000;1;2444.0000;None;26400.0000
23025;2023-01-20 10:13:02.087000;3;200644;1;1;6800.0000;1;8722.0000;None;94200.0000
18180;2023-01-20 10:11:10.567000;3;201146;1;1;6800.0000;1;3593.0000;None;38800.0000
18178;2023-01-20 10:03:48.770000;3;201146;1;1;6800.0000;1;2704.0000;None;29200.0000
18168;2023-01-20 10:22:22.690000;3;201146;1;1;6800.0000;1;12278.0000;None;132600.0000
18171;2023-01-20 09:43:08.597000;3;201146;1;1;6800.0000;1;6241.0000;None;67400.0000
23036;2023-01-20 11:40:44.850000;3;201146;1;1;6800.0000;1;2519.0000;None;27200.0000
23030;2023-01-20 11:22:30.690000;3;201146;1;1;6800.0000;1;10907.0000;None;117800.0000
23030;2023-01-20 11:14:45.830000;3;201146;1;1;6800.0000;1;10907.0000;None;117800.0000
23030;2023-01-20 11:14:45.830000;3;201146;1;1;6800.0000;1;10907.0000;None;117800.0000
18186;2023-01-20 10:51:45.380000;3;201146;1;1;6800.0000;1;2963.0000;None;32000.0000
23039;2023-01-20 12:43:32.187000;3;201146;1;1;6800.0000;1;4389.0000;None;47400.0000
18214;2023-01-20 15:17:14.650000;3;201146;1;1;6800.0000;1;8889.0000;None;96000.0000
23047;2023-01-20 14:53:16.370000;3;201146;1;1;6800.0000;1;1259.0000;None;13600.0000
18263;2023-01-20 18:28:04.167000;3;201146;1;1;6800.0000;1;4907.0000;None;53000.0000
23095;2023-01-20 19:57:45.843000;3;201146;1;1;6800.0000;1;6833.0000;None;73800.0000
23095;2023-01-20 19:57:45.843000;3;201146;1;1;6800.0000;1;6833.0000;None;73800.0000
18273;2023-01-20 19:04:00.327000;3;201146;1;1;6800.0000;1;10537.0000;None;113800.0000
18276;2023-01-20 19:51:52.457000;3;201146;1;1;6800.0000;1;27630.0000;None;298400.0000
23107;2023-01-20 20:58:57.370000;3;201146;1;1;6800.0000;1;25463.0000;None;275000.0000
23091;2023-01-20 18:00:49.080000;3;201146;1;1;6800.0000;1;1796.0000;None;19400.0000
23087;2023-01-20 17:52:17.410000;3;201146;1;1;6800.0000;1;7037.0000;None;76000.0000
23086;2023-01-20 17:31:28.227000;3;201146;1;1;6800.0000;1;1889.0000;None;20400.0000
23086;2023-01-20 17:29:19.480000;3;201146;1;1;6800.0000;1;1889.0000;None;20400.0000
23064;2023-01-20 17:58:12.917000;3;201146;1;1;6800.0000;1;9537.0000;None;103000.0000
18236;2023-01-20 17:47:39.703000;3;201146;1;1;6800.0000;1;5444.0000;None;58800.0000
23060;2023-01-20 15:34:51.840000;3;201146;1;1;6800.0000;1;3352.0000;None;36200.0000
23058;2023-01-20 15:29:03.360000;3;201146;1;1;6800.0000;1;3963.0000;None;42800.0000
23058;2023-01-20 15:29:03.360000;3;201146;1;1;6800.0000;1;3963.0000;None;42800.0000
23076;2023-01-20 16:49:12.217000;3;201146;1;1;6800.0000;1;1981.0000;None;21400.0000
23083;2023-01-20 18:18:29.940000;2;201187;1;1;10800.0000;1;10444.0000;None;112800.0000
23083;2023-01-20 17:22:29.293000;2;201187;1;1;10800.0000;1;10444.0000;None;112800.0000
18278;2023-01-20 14:38:49.153000;2;201187;1;1;10800.0000;1;1000.0000;None;10800.0000
23092;2023-01-20 18:15:53.173000;2;201187;1;2;21600.0000;1;2000.0000;None;21600.0000
23051;2023-01-20 15:04:44.273000;2;201187;1;1;10800.0000;1;6482.0000;None;70000.0000
23045;2023-01-20 14:37:45.513000;2;201187;1;1;10800.0000;1;8222.0000;None;88800.0000
23045;2023-01-20 14:23:40.197000;2;201187;1;1;10800.0000;1;8222.0000;None;88800.0000
18203;2023-01-20 12:40:57.203000;2;201187;1;1;10800.0000;1;6278.0000;None;67800.0000
18203;2023-01-20 12:40:57.203000;2;201187;1;1;10800.0000;1;6278.0000;None;67800.0000
18203;2023-01-20 12:58:40.287000;2;201187;1;1;10800.0000;1;6278.0000;None;67800.0000
23041;2023-01-20 14:11:25.123000;3;201211;1;1;6800.0000;1;5574.0000;None;60200.0000
23041;2023-01-20 13:54:23.700000;3;201211;1;1;6800.0000;1;5574.0000;None;60200.0000
18172;2023-01-20 10:37:43.473000;3;201211;1;1;6800.0000;1;1259.0000;None;13600.0000
23026;2023-01-20 10:21:09.840000;3;201211;1;1;6800.0000;1;1796.0000;None;19400.0000
23107;2023-01-20 20:58:57.370000;3;201211;1;1;6800.0000;1;25463.0000;None;275000.0000
23100;2023-01-20 19:13:16.790000;3;201211;1;1;6800.0000;1;3019.0000;None;32600.0000
18248;2023-01-20 17:56:38.033000;3;201211;1;1;6800.0000;1;6444.0000;None;69600.0000
23082;2023-01-20 18:28:32.993000;3;201211;1;1;6800.0000;1;12852.0000;None;138800.0000
23082;2023-01-20 17:16:11.157000;3;201211;1;1;6800.0000;1;12852.0000;None;138800.0000
18237;2023-01-20 16:07:21.363000;3;201211;1;1;6800.0000;1;10056.0000;None;108600.0000
23078;2023-01-20 18:16:49.987000;3;201211;1;1;6800.0000;1;12852.0000;None;138800.0000
23078;2023-01-20 17:08:47.977000;3;201211;1;1;6800.0000;1;12852.0000;None;138800.0000
23078;2023-01-20 16:58:39.547000;3;201211;1;1;6800.0000;1;12852.0000;None;138800.0000
18230;2023-01-20 15:31:33.853000;3;201211;1;1;6800.0000;1;3111.0000;None;33600.0000
23063;2023-01-20 15:51:55.807000;3;201237;1;1;6800.0000;1;3537.0000;None;38200.0000
23082;2023-01-20 17:48:36.430000;3;201237;1;1;6800.0000;1;12852.0000;None;138800.0000
18258;2023-01-20 18:50:28.263000;3;201237;1;1;6800.0000;1;1889.0000;None;20400.0000
18275;2023-01-20 18:11:11.413000;3;201237;1;1;6800.0000;1;10593.0000;None;114400.0000
23024;2023-01-20 10:11:35.517000;3;201269;1;1;6800.0000;1;1611.0000;None;17400.0000
18204;2023-01-20 12:41:59.540000;3;201269;1;1;6800.0000;1;10889.0000;None;117600.0000
18197;2023-01-20 11:41:33.483000;3;201269;1;1;6800.0000;1;1889.0000;None;20400.0000
18275;2023-01-20 18:37:04.837000;3;201269;1;1;6800.0000;1;10593.0000;None;114400.0000
18275;2023-01-20 18:41:45.833000;3;201269;1;1;6800.0000;1;10593.0000;None;114400.0000
23093;2023-01-20 18:33:49.363000;3;201269;1;1;6800.0000;1;10500.0000;None;113400.0000
23068;2023-01-20 16:20:54.377000;3;201269;1;1;6800.0000;1;1167.0000;None;12600.0000
23078;2023-01-20 16:58:39.547000;3;201269;1;3;20400.0000;1;12852.0000;None;138800.0000
18240;2023-01-20 17:07:28.017000;3;201269;1;1;6800.0000;1;4593.0000;None;49600.0000
18276;2023-01-20 20:14:53.970000;2;201406;1;1;126800.0000;1;27630.0000;None;298400.0000
18222;2023-01-20 14:13:00.400000;1;201546;1;1;38800.0000;1;4222.0000;None;45600.0000
18174;2023-01-20 09:58:06.207000;1;201567;1;1;9800.0000;1;2074.0000;None;22400.0000
18171;2023-01-20 10:02:29.227000;1;201567;1;1;9800.0000;1;6241.0000;None;67400.0000
18171;2023-01-20 09:42:37.897000;1;201567;1;1;9800.0000;1;6241.0000;None;67400.0000
18171;2023-01-20 09:42:37.897000;1;201567;1;1;9800.0000;1;6241.0000;None;67400.0000
18211;2023-01-20 13:15:04.360000;2;201615;1;1;14800.0000;1;4741.0000;None;51200.0000
18203;2023-01-20 12:58:40.287000;2;201615;1;1;14800.0000;1;6278.0000;None;67800.0000
18203;2023-01-20 12:40:57.203000;2;201615;1;1;14800.0000;1;6278.0000;None;67800.0000
18280;2023-01-20 20:49:43.910000;2;201615;1;1;14800.0000;1;4315.0000;None;46600.0000
23097;2023-01-20 18:29:44.677000;2;201615;1;2;29600.0000;1;2741.0000;None;29600.0000
18236;2023-01-20 17:07:07.727000;2;201615;1;2;29600.0000;1;5444.0000;None;58800.0000
18236;2023-01-20 17:47:39.703000;2;201615;1;1;14800.0000;1;5444.0000;None;58800.0000
23082;2023-01-20 17:50:56.880000;2;201615;1;1;14800.0000;1;12852.0000;None;138800.0000
18204;2023-01-20 12:43:00.307000;1;201678;1;1;37800.0000;1;10889.0000;None;117600.0000
18204;2023-01-20 12:43:00.307000;1;201678;1;1;37800.0000;1;10889.0000;None;117600.0000
18214;2023-01-20 13:45:16.643000;3;201958;1;1;6800.0000;1;8889.0000;None;96000.0000
18206;2023-01-20 12:55:45.753000;3;201958;1;1;6800.0000;1;1259.0000;None;13600.0000
23049;2023-01-20 15:09:24.053000;3;201958;1;1;6800.0000;1;4315.0000;None;46600.0000
23058;2023-01-20 15:29:03.360000;3;202112;1;1;9800.0000;1;3963.0000;None;42800.0000
23099;2023-01-20 18:50:17.157000;3;202112;1;1;9800.0000;1;7722.0000;None;83400.0000
23107;2023-01-20 20:58:49.527000;2;202366;1;1;185800.0000;1;25463.0000;None;275000.0000
18238;2023-01-20 16:44:44.737000;3;202708;1;1;7800.0000;1;1352.0000;None;14600.0000
23039;2023-01-20 12:43:32.187000;1;202712;1;1;34800.0000;1;4389.0000;None;47400.0000
