0001;10;00;M;000270000000000;1395;;100581;2;19444
0001;10;00;M;000270000000000;1395;;100582;3;50833
0001;10;00;M;000270000000000;1395;;100583;5;155556
0001;10;00;M;000030000000000;1395;;100596;1;5370
0001;10;00;M;000030000000000;1395;;100606;1;6296
0001;10;00;M;000030000000000;1395;;100613;1;5370
0001;10;00;M;000030000000000;1395;;100614;10;53704
0001;10;00;M;000270000000000;1395;;100624;1;926
0001;10;00;M;000270000000000;1395;;100845;2;54074
0001;10;00;M;000270000000000;1395;;100846;5;142130
0001;10;00;M;000270000000000;1395;;100847;1;25093
0001;10;00;M;000270000000000;1395;;100848;1;27037
0001;10;00;M;000270000000000;1395;;100850;2;42407
0001;10;00;M;000270000000000;1395;;100851;4;88889
0001;10;00;M;000270000000000;1395;;100852;1;25093
0001;10;00;M;000270000000000;1395;;100853;5;130000
0001;10;00;M;000270000000000;1395;;100855;2;52778
0001;10;00;M;000270000000000;1395;;100857;1;14444
0001;10;00;M;000270000000000;1395;;100860;1;13426
0001;10;00;M;000270000000000;1395;;100953;1;38704
0001;10;00;M;000270000000000;1395;;100954;2;71759
0001;10;00;M;000270000000000;1395;;100974;3;51944
0001;10;00;M;000270000000000;1395;;100995;3;31667
0001;10;00;M;000270000000000;1395;;101061;20;0
0001;10;00;M;000270000000000;1395;;101073;1;64630
0001;10;00;M;000270000000000;1395;;101122;1;33889
0001;10;00;M;000270000000000;1395;;101212;1;23889
0001;10;00;M;000270000000000;1395;;101323;2;54722
0001;10;00;M;000270000000000;1395;;101433;2;0
0001;10;00;M;000270000000000;1395;;101436;1;0
0001;10;00;M;000270000000000;1395;;101438;7;0
0001;10;00;M;000270000000000;1395;;101522;6;0
0001;10;00;M;000270000000000;1395;;101525;4;0
0001;10;00;M;000270000000000;1395;;101535;2;0
0001;10;00;M;000270000000000;1395;;101546;1;0
0001;10;00;M;000270000000000;1395;;101552;2;0
0001;10;00;M;000270000000000;1395;;101563;1;0
0001;10;00;M;000270000000000;1395;;101613;1;0
0001;10;00;M;000270000000000;1395;;101623;1;0
0001;10;00;M;000270000000000;1395;;101624;6;0
0001;10;00;M;000030000000000;1395;;101641;7;0
0001;10;00;M;000270000000000;1395;;101929;3;49167
0001;10;00;M;000270000000000;1395;;101954;1;18333
0001;10;00;M;000270000000000;1395;;101962;1;60000
0001;10;00;M;000270000000000;1395;;101996;1;14630
0001;10;00;M;000270000000000;1395;;102003;2;8889
0001;10;00;M;000270000000000;1395;;102042;2;68148
0001;10;00;M;000270000000000;1395;;102141;1;1667
0001;10;00;M;000270000000000;1395;;102197;4;21481
0001;10;00;M;000270000000000;1395;;102226;4;6667
0001;10;00;M;000270000000000;1395;;102228;1;10000
0001;10;00;M;000270000000000;1395;;102238;2;4630
0001;10;00;M;000270000000000;1395;;102239;2;11296
0001;10;00;M;000270000000000;1395;;102255;1;5370
0001;10;00;M;000270000000000;1395;;102286;9;12500
0001;10;00;M;000270000000000;1395;;102407;1;33889
0001;10;00;M;000270000000000;1395;;102483;2;73519
0001;10;00;M;000270000000000;1395;;102491;1;32222
0001;10;00;M;000270000000000;1395;;102492;1;39722
0001;10;00;M;000270000000000;1395;;102495;3;92778
0001;10;00;M;000270000000000;1395;;102498;1;31944
0001;10;00;M;000270000000000;1395;;102502;1;42407
0001;10;00;M;000030000000000;1395;;102616;1;5370
0001;10;00;M;000030000000000;1395;;102630;5;40741
0001;10;00;M;000030000000000;1395;;102635;11;80926
0001;10;00;M;000030000000000;1395;;102637;10;92130
0001;10;00;M;000030000000000;1395;;102651;1;8148
0001;10;00;M;000270000000000;1395;;102666;2;61852
0001;10;00;M;000270000000000;1395;;102670;6;203333
0001;10;00;M;000270000000000;1395;;102671;2;73519
0001;10;00;M;000270000000000;1395;;102672;1;31944
0001;10;00;M;000270000000000;1395;;102673;2;69630
0001;10;00;M;000270000000000;1395;;102675;3;81111
0001;10;00;M;000270000000000;1395;;102676;4;115926
0001;10;00;M;000270000000000;1395;;102677;4;126204
0001;10;00;M;000270000000000;1395;;102678;3;104444
0001;10;00;M;000270000000000;1395;;102680;6;200556
0001;10;00;M;000270000000000;1395;;102682;2;32778
0001;10;00;M;000270000000000;1395;;102683;1;19259
0001;10;00;M;000270000000000;1395;;102684;1;16389
0001;10;00;M;000270000000000;1395;;102685;2;38519
0001;10;00;M;000030000000000;1395;;102747;3;13611
0001;10;00;M;000270000000000;1395;;102790;1;34815
0001;10;00;M;000030000000000;1395;;102887;2;21111
0001;10;00;M;000270000000000;1395;;102908;1;5093
0001;10;00;M;000270000000000;1395;;102909;3;15278
0001;10;00;M;000270000000000;1395;;102910;1;5093
0001;10;00;M;000270000000000;1395;;102927;1;63056
0001;10;00;M;000270000000000;1395;;102952;1;21111
0001;10;00;M;000270000000000;1395;;102982;4;221481
0001;10;00;M;000270000000000;1395;;102995;1;16389
0001;10;00;M;000270000000000;1395;;102997;3;30000
0001;10;00;M;000270000000000;1395;;103034;1;16389
0001;10;00;M;000270000000000;1395;;103092;1;8148
0001;10;00;M;000270000000000;1395;;103095;3;25370
0001;10;00;M;000270000000000;1395;;103100;2;16296
0001;10;00;M;000270000000000;1395;;103132;1;8148
0001;10;00;M;000270000000000;1395;;103134;5;154630
0001;10;00;M;000270000000000;1395;;103171;1;26667
0001;10;00;M;000270000000000;1395;;103372;1;15370
0001;10;00;M;000270000000000;1395;;103488;4;0
0001;10;00;M;000270000000000;1395;;103515;1;38704
0001;10;00;M;000270000000000;1395;;103615;3;108519
0001;10;00;M;000270000000000;1395;;103746;1;36759
0001;10;00;M;000270000000000;1395;;103759;2;21111
0001;10;00;M;000270000000000;1395;;103771;2;23704
0001;10;00;M;000270000000000;1395;;103772;4;65926
0001;10;00;M;000270000000000;1395;;103782;1;25093
0001;10;00;M;000270000000000;1395;;103784;3;84167
0001;10;00;M;000270000000000;1395;;103786;1;36759
0001;10;00;M;000270000000000;1395;;103788;5;177407
0001;10;00;M;000270000000000;1395;;103791;3;110278
0001;10;00;M;000270000000000;1395;;103831;2;75556
0001;10;00;M;000270000000000;1395;;103867;11;296111
0001;10;00;M;000270000000000;1395;;103955;1;35833
0001;10;00;M;000270000000000;1395;;104004;1;15556
0001;10;00;M;000270000000000;1395;;104259;1;13426
0001;10;00;M;000270000000000;1395;;104261;2;36667
0001;10;00;M;000270000000000;1395;;104272;18;66667
0001;10;00;M;000270000000000;1395;;104275;1;8148
0001;10;00;M;000270000000000;1395;;104293;1;40556
0001;10;00;M;000270000000000;1395;;104294;2;110741
0001;10;00;M;000270000000000;1395;;104397;2;0
0001;10;00;M;000270000000000;1395;;104429;2;5185
0001;10;00;M;000270000000000;1395;;104431;6;103889
0001;10;00;M;000270000000000;1395;;104551;4;32593
0001;10;00;M;000030000000000;1395;;104554;2;8889
0001;10;00;M;000270000000000;1395;;104655;1;36759
0001;10;00;M;000270000000000;1395;;104690;4;17778
0001;10;00;M;000270000000000;1395;;104719;4;140000
0001;10;00;M;000270000000000;1395;;104726;1;36852
0001;10;00;M;000270000000000;1395;;104728;1;8056
0001;10;00;M;000270000000000;1395;;104791;3;6667
0001;10;00;M;000270000000000;1395;;105065;1;0
0001;10;00;M;000270000000000;1395;;105090;1;0
0001;10;00;M;000270000000000;1395;;105188;3;95370
0001;10;00;M;000270000000000;1395;;105509;1;0
0001;10;00;M;000270000000000;1395;;106611;2;36667
0001;10;00;M;000270000000000;1395;;107226;1;32870
0001;10;00;M;000270000000000;1395;;107227;1;0
0001;10;00;M;000270000000000;1395;;107228;7;0
0001;10;00;M;000270000000000;1395;;107229;1;0
0001;10;00;M;000270000000000;1395;;107233;1;0
0001;10;00;M;000270000000000;1395;;107242;1;0
0001;10;00;M;000270000000000;1395;;107265;1;2778
0001;10;00;M;000270000000000;1395;;107333;1;63056
0001;10;00;M;000270000000000;1395;;107926;2;77407
0001;10;00;M;000270000000000;1395;;108424;1;36852
0001;10;00;M;000270000000000;1395;;108568;1;1667
0001;10;00;M;000270000000000;1395;;108654;1;15370
0001;10;00;M;000270000000000;1395;;108660;2;38519
0001;10;00;M;000270000000000;1395;;108796;1;45185
0001;10;00;M;000270000000000;1395;;108824;1;12778
0001;10;00;M;000270000000000;1395;;109041;3;198500
0001;10;00;M;000270000000000;1395;;109270;1;27231
0001;10;00;M;000270000000000;1395;;109318;1;35926
0001;10;00;M;000270000000000;1395;;109320;3;91111
0001;10;00;M;000270000000000;1395;;109323;2;97778
0001;10;00;M;000270000000000;1395;;109580;2;65463
0001;10;00;M;000030000000000;1395;;200644;6;32222
0001;10;00;M;000030000000000;1395;;201146;6;32222
0002;10;00;M;000170000000000;1395;;201187;1;9074
0001;10;00;M;000030000000000;1395;;201207;3;16111
0001;10;00;M;000030000000000;1395;;201210;3;19259
0001;10;00;M;000030000000000;1395;;201237;1;5370
0001;10;00;M;000030000000000;1395;;201269;2;10741
0001;10;00;M;000030000000000;1395;;201420;1;6667
0001;10;00;M;000030000000000;1395;;201609;9;48333
0002;10;00;M;000170000000000;1395;;201615;2;25556
0007;10;00;;;1395;;;;250183
0005;10;00;;;1395;;;;563889
