20668;21122022 18:15;7;1000;4;1;0.0000;1;None;None
5874;21122022 14:14;7;1000;4;1;0.0000;1;15259.0000;None
5874;21122022 14:14;7;1000;4;1;0.0000;1;15259.0000;None
6605;21122022 11:06;7;1000;1;1;0.0000;1;None;None
6605;21122022 12:17;7;1000;4;1;0.0000;1;None;None
5849;21122022 09:29;7;1000;4;1;0.0000;1;5648.0000;None
5849;21122022 09:29;7;1000;4;1;0.0000;1;5648.0000;None
20623;21122022 09:27;7;1000;4;1;0.0000;1;None;None
5852;21122022 12:29;7;1000;4;1;0.0000;1;69278.0000;None
5852;21122022 12:13;7;1000;4;1;0.0000;1;69278.0000;None
6608;21122022 12:18;7;1000;4;1;0.0000;1;10111.0000;None
5855;21122022 12:35;7;1000;4;1;0.0000;1;11435.0000;None
5852;21122022 12:13;7;1000;4;1;0.0000;1;69278.0000;None
6607;21122022 11:35;7;1000;4;1;0.0000;1;44852.0000;None
6605;21122022 12:17;7;1000;4;1;0.0000;1;None;None
5867;21122022 13:39;7;1000;4;1;0.0000;1;8241.0000;None
5867;21122022 13:39;7;1000;4;1;0.0000;1;8241.0000;None
5869;21122022 14:38;7;1000;4;1;None;1;35741.0000;None
20648;21122022 13:54;7;1000;4;1;0.0000;1;None;None
6612;21122022 12:32;7;1000;4;1;0.0000;1;12833.0000;None
6612;21122022 12:32;7;1000;4;1;0.0000;1;12833.0000;None
5861;21122022 12:50;7;1000;4;1;0.0000;1;7870.0000;None
6613;21122022 12:56;7;1000;4;1;0.0000;1;12667.0000;None
6613;21122022 12:56;7;1000;4;1;0.0000;1;12667.0000;None
6614;21122022 12:51;7;1000;4;1;0.0000;1;None;None
6619;21122022 12:16;7;1001;1;1;0.0000;1;14111.0000;None
6619;21122022 12:16;7;1001;1;1;0.0000;1;14111.0000;None
5859;21122022 12:40;7;1001;1;1;0.0000;1;9778.0000;None
6609;21122022 12:31;7;1001;1;1;0.0000;1;8056.0000;None
6609;21122022 12:31;7;1001;1;1;0.0000;1;8056.0000;None
5853;21122022 12:33;7;1001;1;1;0.0000;1;26500.0000;None
5852;21122022 12:29;7;1002;1;1;0.0000;1;69278.0000;None
5857;21122022 12:32;7;1002;1;1;0.0000;1;44796.0000;None
5858;21122022 12:42;7;1002;1;1;0.0000;1;8019.0000;None
5874;21122022 14:14;7;1002;1;1;0.0000;1;15259.0000;None
20657;21122022 14:34;7;1002;1;1;0.0000;1;None;None
5865;21122022 13:33;7;1003;2;1;0.0000;1;15407.0000;None
5865;21122022 13:33;7;1006;1;1;0.0000;1;15407.0000;None
5864;21122022 13:27;7;1006;1;1;0.0000;1;28574.0000;None
5864;21122022 13:27;7;1006;1;1;0.0000;1;28574.0000;None
5864;21122022 13:27;7;1006;1;1;0.0000;1;28574.0000;None
5869;21122022 14:38;7;1006;1;1;None;1;35741.0000;None
5869;21122022 14:38;7;1006;1;1;None;1;35741.0000;None
5869;21122022 14:38;7;1006;1;1;None;1;35741.0000;None
5869;21122022 14:38;7;1006;1;1;None;1;35741.0000;None
5869;21122022 14:43;7;1006;1;1;0.0000;1;35741.0000;None
6612;21122022 12:32;7;1006;1;1;0.0000;1;12833.0000;None
5859;21122022 12:40;7;1006;1;1;0.0000;1;9778.0000;None
5861;21122022 12:50;7;1006;1;1;0.0000;1;7870.0000;None
5857;21122022 12:32;7;1006;1;1;0.0000;1;44796.0000;None
6611;21122022 12:44;7;1006;1;1;0.0000;1;20704.0000;None
6615;21122022 13:00;7;1006;1;1;0.0000;1;54815.0000;None
6615;21122022 13:00;7;1006;1;1;0.0000;1;54815.0000;None
6615;21122022 13:00;7;1006;1;1;0.0000;1;54815.0000;None
6615;21122022 13:00;7;1006;1;1;0.0000;1;54815.0000;None
6615;21122022 13:00;7;1006;1;1;0.0000;1;54815.0000;None
6615;21122022 13:00;7;1006;1;1;0.0000;1;54815.0000;None
20639;21122022 12:51;7;1006;1;1;0.0000;1;24259.0000;None
20639;21122022 12:51;7;1006;1;1;0.0000;1;24259.0000;None
5852;21122022 12:29;7;1006;1;1;0.0000;1;69278.0000;None
6607;21122022 11:35;7;1006;1;1;0.0000;1;44852.0000;None
20623;21122022 09:27;7;1006;1;1;0.0000;1;None;None
6634;21122022 14:48;7;1006;1;1;0.0000;1;7815.0000;None
5874;21122022 14:14;7;1006;1;1;0.0000;1;15259.0000;None
20668;21122022 18:15;7;1006;1;1;0.0000;1;None;None
20668;21122022 18:15;7;1006;1;1;0.0000;1;None;None
20674;21122022 18:47;7;1006;1;1;0.0000;1;None;None
20681;21122022 19:47;7;1006;1;1;0.0000;1;None;None
20673;21122022 18:45;7;1007;1;1;0.0000;1;None;None
5876;21122022 18:12;7;1007;1;1;0.0000;1;19074.0000;None
5876;21122022 18:12;7;1007;1;1;0.0000;1;19074.0000;None
5874;21122022 14:14;7;1007;1;1;0.0000;1;15259.0000;None
6607;21122022 11:35;7;1007;1;1;0.0000;1;44852.0000;None
6607;21122022 11:35;7;1007;1;1;0.0000;1;44852.0000;None
6607;21122022 11:35;7;1007;1;1;0.0000;1;44852.0000;None
6614;21122022 12:51;7;1007;1;1;0.0000;1;None;None
20639;21122022 12:51;7;1007;1;1;0.0000;1;24259.0000;None
6610;21122022 12:43;7;1007;1;1;0.0000;1;9093.0000;None
5857;21122022 12:32;7;1007;1;1;0.0000;1;44796.0000;None
5871;21122022 14:23;7;1007;1;1;None;1;41130.0000;None
5865;21122022 13:33;7;1007;1;1;0.0000;1;15407.0000;None
5871;21122022 14:09;7;1034;3;1;0.0000;1;41130.0000;None
5869;21122022 14:43;7;1034;2;1;0.0000;1;35741.0000;None
5869;21122022 14:43;7;1034;3;1;0.0000;1;35741.0000;None
5860;21122022 12:47;7;1034;2;1;0.0000;1;2463.0000;None
6612;21122022 12:32;7;1034;3;1;0.0000;1;12833.0000;None
6617;21122022 13:07;7;1034;3;1;0.0000;1;6593.0000;None
6617;21122022 13:07;7;1034;3;1;0.0000;1;6593.0000;None
5852;21122022 12:00;7;1034;2;-1;None;1;69278.0000;None
5852;21122022 11:59;7;1034;2;1;None;1;69278.0000;None
5857;21122022 12:32;7;1034;3;2;0.0000;1;44796.0000;None
5876;21122022 18:11;7;1034;3;1;0.0000;1;19074.0000;None
20686;21122022 20:15;7;1034;3;1;0.0000;1;None;None
6624;21122022 13:52;7;1203;1;1;0.0000;1;None;None
6626;21122022 13:59;7;1203;1;3;0.0000;1;None;None
6621;21122022 13:37;7;1203;1;1;0.0000;1;None;None
6621;21122022 13:37;7;1203;1;12;0.0000;1;None;None
6631;21122022 14:28;7;1203;1;1;0.0000;1;None;None
5869;21122022 15:26;7;1207;1;2;0.0000;1;35741.0000;None
5857;21122022 12:54;7;1207;1;1;0.0000;1;44796.0000;None
5857;21122022 13:43;7;1207;1;1;0.0000;1;44796.0000;None
5855;21122022 12:07;7;1207;1;1;0.0000;1;11435.0000;None
5852;21122022 11:59;7;1207;1;1;None;1;69278.0000;None
5852;21122022 12:00;7;1207;1;-1;None;1;69278.0000;None
20662;21122022 14:45;7;1344;1;1;0.0000;1;None;None
20681;21122022 19:47;7;1344;1;1;0.0000;1;None;None
20679;21122022 19:44;7;1344;1;1;0.0000;1;None;None
20673;21122022 18:45;7;1344;1;1;0.0000;1;None;None
20674;21122022 18:47;7;1344;1;1;0.0000;1;None;None
20635;21122022 12:07;7;1344;1;1;0.0000;1;None;None
20638;21122022 12:11;7;1344;1;1;0.0000;1;None;None
20624;21122022 10:10;7;1344;1;1;0.0000;1;None;None
20641;21122022 13:14;7;1344;1;1;0.0000;1;None;None
20644;21122022 13:29;7;1344;1;1;0.0000;1;None;None
20645;21122022 13:32;7;1345;1;1;0.0000;1;None;None
20645;21122022 13:32;7;1345;1;1;0.0000;1;None;None
20645;21122022 13:32;7;1345;1;1;0.0000;1;None;None
20646;21122022 13:34;7;1345;1;1;0.0000;1;None;None
20654;21122022 14:12;7;1345;1;1;0.0000;1;None;None
20654;21122022 14:12;7;1345;1;1;0.0000;1;None;None
20654;21122022 14:12;7;1345;1;1;0.0000;1;None;None
20654;21122022 14:12;7;1345;1;1;0.0000;1;None;None
20654;21122022 14:12;7;1345;1;1;0.0000;1;None;None
20655;21122022 14:13;7;1345;1;1;0.0000;1;None;None
20655;21122022 14:13;7;1345;1;1;0.0000;1;None;None
20655;21122022 14:13;7;1345;1;1;0.0000;1;None;None
6631;21122022 14:28;7;1345;1;5;0.0000;1;None;None
20656;21122022 14:31;7;1345;1;1;0.0000;1;None;None
20656;21122022 14:31;7;1345;1;1;0.0000;1;None;None
20656;21122022 14:31;7;1345;1;1;0.0000;1;None;None
6630;21122022 14:21;7;1345;1;6;0.0000;1;None;None
20663;21122022 15:00;7;1345;1;1;0.0000;1;None;None
20663;21122022 15:00;7;1345;1;1;0.0000;1;None;None
20663;21122022 15:00;7;1346;1;1;0.0000;1;None;None
20663;21122022 15:00;7;1346;1;1;0.0000;1;None;None
20663;21122022 15:00;7;1346;1;1;0.0000;1;None;None
20663;21122022 15:00;7;1346;1;1;0.0000;1;None;None
20656;21122022 14:31;7;1346;1;1;0.0000;1;None;None
20656;21122022 14:31;7;1346;1;1;0.0000;1;None;None
20656;21122022 14:31;7;1346;1;1;0.0000;1;None;None
5852;21122022 11:59;7;1346;1;1;0.0000;1;69278.0000;None
20655;21122022 14:13;7;1346;1;1;0.0000;1;None;None
20655;21122022 14:13;7;1346;1;1;0.0000;1;None;None
20655;21122022 14:13;7;1346;1;1;0.0000;1;None;None
20646;21122022 13:34;7;1346;1;1;0.0000;1;None;None
20645;21122022 13:32;7;1346;1;1;0.0000;1;None;None
20645;21122022 13:32;7;1346;1;1;0.0000;1;None;None
20645;21122022 13:32;7;1346;1;1;0.0000;1;None;None
20655;21122022 14:13;7;1347;1;1;0.0000;1;None;None
20655;21122022 14:13;7;1347;1;1;0.0000;1;None;None
20655;21122022 14:13;7;1347;1;1;0.0000;1;None;None
20654;21122022 14:12;7;1347;1;1;0.0000;1;None;None
6625;21122022 13:57;7;1347;1;1;0.0000;1;None;None
20642;21122022 13:17;7;1347;1;1;0.0000;1;None;None
20642;21122022 13:17;7;1347;1;1;0.0000;1;None;None
20642;21122022 13:17;7;1347;1;1;0.0000;1;None;None
20642;21122022 13:17;7;1347;1;1;0.0000;1;None;None
20656;21122022 14:31;7;1347;1;1;0.0000;1;None;None
20656;21122022 14:31;7;1347;1;1;0.0000;1;None;None
20656;21122022 14:31;7;1347;1;1;0.0000;1;None;None
20663;21122022 15:00;7;1347;1;1;0.0000;1;None;None
20663;21122022 15:00;7;1347;1;1;0.0000;1;None;None
20663;21122022 15:00;7;1348;1;1;0.0000;1;None;None
20663;21122022 15:00;7;1348;1;1;0.0000;1;None;None
20656;21122022 14:31;7;1348;1;1;0.0000;1;None;None
20656;21122022 14:31;7;1348;1;1;0.0000;1;None;None
20656;21122022 14:31;7;1348;1;1;0.0000;1;None;None
5852;21122022 11:59;7;1348;1;1;0.0000;1;69278.0000;None
20642;21122022 13:17;7;1348;1;1;0.0000;1;None;None
20642;21122022 13:17;7;1348;1;1;0.0000;1;None;None
6616;21122022 13:05;7;1348;1;1;0.0000;1;None;None
5857;21122022 13:43;7;1348;1;1;0.0000;1;44796.0000;None
20655;21122022 14:13;7;1348;1;1;0.0000;1;None;None
20655;21122022 14:13;7;1348;1;1;0.0000;1;None;None
20655;21122022 14:13;7;1348;1;1;0.0000;1;None;None
20655;21122022 14:13;7;1349;1;1;0.0000;1;None;None
20655;21122022 14:13;7;1349;1;1;0.0000;1;None;None
20655;21122022 14:13;7;1349;1;1;0.0000;1;None;None
20645;21122022 13:32;7;1349;1;1;0.0000;1;None;None
20645;21122022 13:32;7;1349;1;1;0.0000;1;None;None
20645;21122022 13:32;7;1349;1;1;0.0000;1;None;None
20646;21122022 13:34;7;1349;1;1;0.0000;1;None;None
20646;21122022 13:34;7;1349;1;1;0.0000;1;None;None
20646;21122022 13:34;7;1349;1;1;0.0000;1;None;None
20646;21122022 13:34;7;1349;1;1;0.0000;1;None;None
20647;21122022 13:43;7;1349;1;1;0.0000;1;None;None
20647;21122022 13:43;7;1349;1;1;0.0000;1;None;None
5852;21122022 13:11;7;1349;1;3;0.0000;1;69278.0000;None
20656;21122022 14:31;7;1349;1;1;0.0000;1;None;None
20656;21122022 14:31;7;1349;1;1;0.0000;1;None;None
20656;21122022 14:31;7;1349;1;1;0.0000;1;None;None
20663;21122022 15:00;7;1349;1;1;0.0000;1;None;None
20663;21122022 15:00;7;1349;1;1;0.0000;1;None;None
20663;21122022 15:00;7;1350;1;1;0.0000;1;None;None
20663;21122022 15:00;7;1350;1;1;0.0000;1;None;None
20663;21122022 15:00;7;1350;1;1;0.0000;1;None;None
6636;21122022 16:20;7;1350;1;3;0.0000;1;None;None
20645;21122022 13:32;7;1350;1;1;0.0000;1;None;None
20645;21122022 13:32;7;1350;1;1;0.0000;1;None;None
20645;21122022 13:32;7;1350;1;1;0.0000;1;None;None
20655;21122022 14:13;7;1350;1;1;0.0000;1;None;None
20655;21122022 14:13;7;1350;1;1;0.0000;1;None;None
20655;21122022 14:13;7;1350;1;1;0.0000;1;None;None
5848;21122022 09:19;6;100514;3;1;0.0000;1;3556.0000;None
5852;21122022 13:11;1;100581;1;1;10000.0000;1;69278.0000;None
6626;21122022 13:59;1;100581;1;2;20000.0000;1;None;None
6636;21122022 16:20;1;100581;1;1;10000.0000;1;None;None
20663;21122022 15:00;1;100581;1;1;10500.0000;1;None;None
20656;21122022 14:31;1;100581;1;1;10500.0000;1;None;None
6631;21122022 14:28;1;100582;1;1;18000.0000;1;None;None
6630;21122022 14:21;1;100582;1;1;18000.0000;1;None;None
20655;21122022 14:13;1;100582;1;1;18900.0000;1;None;None
20654;21122022 14:12;1;100582;1;1;18900.0000;1;None;None
20646;21122022 13:34;1;100582;1;1;18900.0000;1;None;None
20642;21122022 13:17;1;100582;1;1;18900.0000;1;None;None
6621;21122022 13:37;1;100583;1;1;32000.0000;1;None;None
20645;21122022 13:32;1;100583;1;1;33600.0000;1;None;None
20655;21122022 14:13;1;100583;1;2;67200.0000;1;None;None
20656;21122022 14:31;1;100583;1;1;33600.0000;1;None;None
20663;21122022 15:00;1;100583;1;1;33600.0000;1;None;None
5873;21122022 15:04;3;100596;1;1;5800.0000;1;6759.0000;None
5853;21122022 13:03;3;100596;1;1;5800.0000;1;26500.0000;None
5852;21122022 13:11;3;100606;1;1;6800.0000;1;69278.0000;None
6603;21122022 10:14;3;100606;1;1;6800.0000;1;1167.0000;None
5869;21122022 15:26;3;100606;1;2;13600.0000;1;35741.0000;None
6615;21122022 14:19;3;100612;1;1;9800.0000;1;54815.0000;None
5857;21122022 13:43;3;100612;1;1;9800.0000;1;44796.0000;None
5853;21122022 13:03;3;100612;1;1;9800.0000;1;26500.0000;None
5853;21122022 13:03;3;100614;1;2;11600.0000;1;26500.0000;None
5852;21122022 13:11;3;100614;1;4;23200.0000;1;69278.0000;None
6603;21122022 10:14;3;100614;1;1;5800.0000;1;1167.0000;None
5849;21122022 09:29;3;100614;1;1;5800.0000;1;5648.0000;None
6602;21122022 08:36;3;100614;1;1;5800.0000;1;3093.0000;None
5848;21122022 09:19;3;100614;1;1;5800.0000;1;3556.0000;None
6615;21122022 13:54;3;100614;1;1;5800.0000;1;54815.0000;None
6615;21122022 13:54;3;100614;1;1;5800.0000;1;54815.0000;None
6615;21122022 13:54;3;100614;1;1;5800.0000;1;54815.0000;None
5869;21122022 15:26;3;100614;1;1;5800.0000;1;35741.0000;None
5873;21122022 15:04;3;100614;1;1;5800.0000;1;6759.0000;None
5865;21122022 14:06;3;100614;1;1;5800.0000;1;15407.0000;None
5865;21122022 14:06;3;100614;1;1;5800.0000;1;15407.0000;None
5864;21122022 14:09;3;100614;1;2;11600.0000;1;28574.0000;None
5876;21122022 18:48;3;100614;1;1;5800.0000;1;19074.0000;None
5874;21122022 14:14;1;100624;1;1;1000.0000;1;15259.0000;None
20640;21122022 12:51;1;100842;1;1;24800.0000;1;7426.0000;None
6628;21122022 14:11;1;100843;1;1;25800.0000;1;None;None
20660;21122022 14:40;1;100843;1;1;27100.0000;1;None;None
20652;21122022 14:09;1;100845;1;1;29200.0000;1;None;None
5868;21122022 13:46;1;100845;1;1;27800.0000;1;10167.0000;None
5853;21122022 12:33;1;100845;1;1;27800.0000;1;26500.0000;None
20631;21122022 11:37;1;100845;1;1;29200.0000;1;None;None
20661;21122022 14:43;1;100845;1;1;29200.0000;1;None;None
5871;21122022 14:23;1;100846;1;1;29800.0000;1;41130.0000;None
20640;21122022 12:51;1;100846;1;1;29800.0000;1;7426.0000;None
5862;21122022 12:50;1;100846;1;2;59600.0000;1;9796.0000;None
6617;21122022 13:07;1;100847;1;1;25800.0000;1;6593.0000;None
20652;21122022 14:09;1;100847;1;1;27100.0000;1;None;None
5860;21122022 12:47;1;100850;1;1;21800.0000;1;2463.0000;None
20634;21122022 11:52;1;100850;1;1;22900.0000;1;None;None
20626;21122022 11:17;1;100852;1;1;27100.0000;1;None;None
20624;21122022 10:10;1;100852;1;1;27100.0000;1;None;None
20623;21122022 09:27;1;100853;1;1;29200.0000;1;None;None
5869;21122022 14:38;1;100853;1;1;27800.0000;1;35741.0000;None
6605;21122022 12:17;1;100854;1;1;25800.0000;1;None;None
6607;21122022 12:18;1;100855;1;1;27800.0000;1;44852.0000;None
6607;21122022 12:18;1;100855;1;1;27800.0000;1;44852.0000;None
20633;21122022 11:51;1;100855;1;1;29200.0000;1;None;None
20685;21122022 20:14;1;100856;1;1;15600.0000;1;None;None
20628;21122022 11:31;1;100858;1;1;14500.0000;1;None;None
20680;21122022 19:45;8;100954;1;1;39700.0000;1;None;None
20677;21122022 19:27;8;100954;1;1;39700.0000;1;None;None
20670;21122022 18:16;8;100954;1;1;39700.0000;1;None;None
20661;21122022 14:43;1;100963;1;1;0.0000;1;None;None
20648;21122022 13:54;1;100974;1;1;18700.0000;1;None;None
5849;21122022 09:29;1;100995;1;1;10800.0000;1;5648.0000;None
20686;21122022 20:15;1;100995;1;1;11400.0000;1;None;None
20632;21122022 11:50;8;101026;1;1;33400.0000;1;None;None
5861;21122022 12:50;8;101026;1;1;31800.0000;1;7870.0000;None
5861;21122022 12:50;6;101061;1;2;0.0000;1;7870.0000;None
5860;21122022 12:47;6;101061;1;1;0.0000;1;2463.0000;None
5859;21122022 12:40;6;101061;1;2;0.0000;1;9778.0000;None
6612;21122022 12:32;6;101061;1;2;0.0000;1;12833.0000;None
5858;21122022 12:42;6;101061;1;2;0.0000;1;8019.0000;None
5857;21122022 12:32;6;101061;1;3;0.0000;1;44796.0000;None
6610;21122022 12:43;6;101061;1;2;0.0000;1;9093.0000;None
6611;21122022 12:44;6;101061;1;2;0.0000;1;20704.0000;None
6609;21122022 12:31;6;101061;1;2;0.0000;1;8056.0000;None
6617;21122022 13:07;6;101061;1;2;0.0000;1;6593.0000;None
6615;21122022 13:00;6;101061;1;4;0.0000;1;54815.0000;None
6619;21122022 12:16;6;101061;1;2;0.0000;1;14111.0000;None
5862;21122022 12:50;6;101061;1;2;0.0000;1;9796.0000;None
20640;21122022 12:51;6;101061;1;3;0.0000;1;7426.0000;None
20639;21122022 12:51;6;101061;1;2;0.0000;1;24259.0000;None
5871;21122022 14:23;6;101061;1;3;None;1;41130.0000;None
5873;21122022 14:25;6;101061;1;2;0.0000;1;6759.0000;None
5869;21122022 14:38;6;101061;1;3;None;1;35741.0000;None
5868;21122022 13:46;6;101061;1;1;0.0000;1;10167.0000;None
5866;21122022 13:34;6;101061;1;3;0.0000;1;8630.0000;None
5867;21122022 13:39;6;101061;1;3;0.0000;1;8241.0000;None
5864;21122022 13:27;6;101061;1;2;0.0000;1;28574.0000;None
5865;21122022 13:33;6;101061;1;1;0.0000;1;15407.0000;None
5851;21122022 11:38;6;101061;1;2;0.0000;1;6593.0000;None
6607;21122022 12:18;6;101061;1;4;0.0000;1;44852.0000;None
5853;21122022 12:33;6;101061;1;2;0.0000;1;26500.0000;None
5854;21122022 13:07;6;101061;1;1;0.0000;1;6222.0000;None
5852;21122022 12:13;6;101061;1;3;0.0000;1;69278.0000;None
5852;21122022 12:29;6;101061;1;2;0.0000;1;69278.0000;None
5857;21122022 12:32;6;101061;1;3;0.0000;1;44796.0000;None
6608;21122022 12:18;6;101061;1;1;0.0000;1;10111.0000;None
6608;21122022 12:18;6;101061;1;1;0.0000;1;10111.0000;None
5855;21122022 12:07;6;101061;1;1;0.0000;1;11435.0000;None
6634;21122022 14:48;6;101061;1;1;0.0000;1;7815.0000;None
5874;21122022 14:14;6;101061;1;2;0.0000;1;15259.0000;None
5876;21122022 18:12;6;101061;1;2;0.0000;1;19074.0000;None
6607;21122022 12:18;1;101203;1;1;51800.0000;1;44852.0000;None
20662;21122022 14:45;1;101203;1;1;54400.0000;1;None;None
20629;21122022 11:33;1;101323;1;1;30300.0000;1;None;None
5849;21122022 09:29;3;101333;1;1;14800.0000;1;5648.0000;None
5854;21122022 13:07;1;101433;1;1;0.0000;1;6222.0000;None
5865;21122022 13:33;1;101433;1;1;0.0000;1;15407.0000;None
5865;21122022 13:33;1;101433;1;1;0.0000;1;15407.0000;None
5867;21122022 13:39;1;101433;1;1;0.0000;1;8241.0000;None
5869;21122022 14:38;1;101433;1;1;None;1;35741.0000;None
6613;21122022 12:56;1;101433;1;1;0.0000;1;12667.0000;None
6615;21122022 13:00;1;101433;1;1;0.0000;1;54815.0000;None
6615;21122022 13:00;1;101433;1;1;0.0000;1;54815.0000;None
6611;21122022 12:44;1;101433;1;1;0.0000;1;20704.0000;None
6612;21122022 12:32;1;101433;1;1;0.0000;1;12833.0000;None
5861;21122022 12:50;1;101433;1;1;0.0000;1;7870.0000;None
6634;21122022 14:48;1;101433;1;1;0.0000;1;7815.0000;None
5873;21122022 14:25;6;101438;1;1;0.0000;1;6759.0000;None
20637;21122022 12:11;6;101438;1;1;0.0000;1;None;None
20644;21122022 13:29;6;101442;1;1;0.0000;1;None;None
20644;21122022 13:29;6;101442;1;1;0.0000;1;None;None
5864;21122022 13:27;1;101520;1;1;0.0000;1;28574.0000;None
5851;21122022 11:38;1;101520;1;1;0.0000;1;6593.0000;None
5851;21122022 11:38;1;101522;1;1;0.0000;1;6593.0000;None
6607;21122022 11:35;1;101522;1;1;0.0000;1;44852.0000;None
5852;21122022 12:13;1;101522;1;1;0.0000;1;69278.0000;None
5864;21122022 13:27;1;101522;1;1;0.0000;1;28574.0000;None
5864;21122022 13:27;1;101522;1;1;0.0000;1;28574.0000;None
5868;21122022 13:46;1;101522;1;1;0.0000;1;10167.0000;None
6615;21122022 13:00;1;101522;1;1;0.0000;1;54815.0000;None
20639;21122022 12:51;1;101522;1;1;0.0000;1;24259.0000;None
20639;21122022 12:51;1;101522;1;1;0.0000;1;24259.0000;None
5852;21122022 12:45;6;101535;1;1;0.0000;1;69278.0000;None
5854;21122022 13:07;6;101535;1;1;0.0000;1;6222.0000;None
5857;21122022 12:32;6;101535;1;1;0.0000;1;44796.0000;None
5857;21122022 12:32;6;101535;1;1;0.0000;1;44796.0000;None
20667;21122022 18:12;6;101535;1;1;0.0000;1;None;None
20686;21122022 20:15;6;101543;1;1;0.0000;1;None;None
20686;21122022 20:15;6;101543;1;1;0.0000;1;None;None
20686;21122022 20:15;6;101543;1;1;0.0000;1;None;None
20670;21122022 18:16;6;101546;1;1;0.0000;1;None;None
6607;21122022 12:18;1;101552;1;1;0.0000;1;44852.0000;None
20639;21122022 12:51;1;101552;1;1;0.0000;1;24259.0000;None
5859;21122022 12:40;1;101552;1;1;0.0000;1;9778.0000;None
6611;21122022 12:44;1;101552;1;1;0.0000;1;20704.0000;None
5869;21122022 14:38;1;101552;1;1;None;1;35741.0000;None
5867;21122022 13:39;1;101552;1;1;0.0000;1;8241.0000;None
5865;21122022 13:33;1;101552;1;1;0.0000;1;15407.0000;None
5869;21122022 14:43;1;101552;1;1;0.0000;1;35741.0000;None
20673;21122022 18:45;6;101563;1;1;0.0000;1;None;None
20657;21122022 14:34;6;101563;1;1;0.0000;1;None;None
5857;21122022 12:32;6;101624;1;1;0.0000;1;44796.0000;None
20639;21122022 12:51;6;101624;1;1;0.0000;1;24259.0000;None
5876;21122022 18:12;6;101624;1;1;0.0000;1;19074.0000;None
5876;21122022 18:12;6;101624;1;1;0.0000;1;19074.0000;None
5862;21122022 12:50;3;101641;1;1;0.0000;1;9796.0000;None
5862;21122022 12:50;3;101641;1;2;0.0000;1;9796.0000;None
6611;21122022 12:31;3;101641;1;1;0.0000;1;20704.0000;None
6610;21122022 12:31;3;101641;1;1;0.0000;1;9093.0000;None
6609;21122022 12:31;3;101641;1;1;0.0000;1;8056.0000;None
5859;21122022 12:40;3;101641;1;1;0.0000;1;9778.0000;None
6613;21122022 12:49;3;101641;1;1;0.0000;1;12667.0000;None
5858;21122022 12:36;3;101641;1;1;0.0000;1;8019.0000;None
5858;21122022 12:36;3;101641;1;1;0.0000;1;8019.0000;None
5873;21122022 14:15;3;101641;1;1;None;1;6759.0000;None
5864;21122022 13:27;3;101641;1;2;0.0000;1;28574.0000;None
5855;21122022 12:07;3;101641;1;1;0.0000;1;11435.0000;None
5854;21122022 13:07;3;101641;1;1;0.0000;1;6222.0000;None
5853;21122022 12:14;3;101641;1;1;0.0000;1;26500.0000;None
5852;21122022 12:43;3;101641;1;1;None;1;69278.0000;None
5852;21122022 12:29;3;101641;1;2;0.0000;1;69278.0000;None
6607;21122022 12:18;3;101641;1;1;0.0000;1;44852.0000;None
6607;21122022 12:18;3;101641;1;2;0.0000;1;44852.0000;None
6607;21122022 12:32;3;101641;1;1;0.0000;1;44852.0000;None
5852;21122022 12:08;3;101641;1;3;0.0000;1;69278.0000;None
5865;21122022 13:33;1;101957;1;1;43800.0000;1;15407.0000;None
5865;21122022 13:33;1;101957;1;1;43800.0000;1;15407.0000;None
5869;21122022 14:38;1;101960;1;1;59800.0000;1;35741.0000;None
5869;21122022 14:38;1;101961;1;1;64800.0000;1;35741.0000;None
6634;21122022 14:48;1;101962;1;1;64800.0000;1;7815.0000;None
5859;21122022 12:40;1;102003;1;1;4800.0000;1;9778.0000;None
6619;21122022 12:16;1;102003;1;1;4800.0000;1;14111.0000;None
20686;21122022 20:15;1;102003;1;1;5100.0000;1;None;None
5866;21122022 13:34;1;102042;1;1;36800.0000;1;8630.0000;None
6611;21122022 12:44;1;102056;1;1;56800.0000;1;20704.0000;None
6634;21122022 14:48;1;102132;1;1;6800.0000;1;7815.0000;None
5861;21122022 12:50;1;102132;1;1;6800.0000;1;7870.0000;None
20630;21122022 11:34;1;102133;1;1;1000.0000;1;None;None
20682;21122022 19:48;1;102159;1;1;8200.0000;1;None;None
20643;21122022 13:26;8;102205;1;1;1500.0000;1;None;None
6611;21122022 12:44;1;102228;1;1;10800.0000;1;20704.0000;None
6609;21122022 12:31;1;102228;1;1;10800.0000;1;8056.0000;None
6615;21122022 13:00;1;102228;1;1;10800.0000;1;54815.0000;None
20674;21122022 18:47;1;102228;1;1;11400.0000;1;None;None
20633;21122022 11:51;1;102238;1;1;2500.0000;1;None;None
6612;21122022 12:32;1;102239;1;1;5800.0000;1;12833.0000;None
6615;21122022 13:20;1;102249;1;1;5800.0000;1;54815.0000;None
20674;21122022 18:47;1;102255;1;1;6100.0000;1;None;None
5855;21122022 12:35;1;102286;1;1;1500.0000;1;11435.0000;None
20623;21122022 09:27;1;102286;1;1;1500.0000;1;None;None
20623;21122022 09:27;1;102286;1;1;1500.0000;1;None;None
20623;21122022 09:27;1;102286;1;1;1500.0000;1;None;None
20669;21122022 18:16;1;102286;1;1;1500.0000;1;None;None
6615;21122022 13:20;1;102314;1;1;8800.0000;1;54815.0000;None
5857;21122022 12:32;1;102327;1;1;17800.0000;1;44796.0000;None
20683;21122022 19:54;1;102456;1;1;17700.0000;1;None;None
20629;21122022 11:33;1;102458;1;1;19800.0000;1;None;None
20625;21122022 11:10;1;102458;1;1;19800.0000;1;None;None
20672;21122022 18:18;1;102458;1;1;19800.0000;1;None;None
6615;21122022 13:00;1;102474;1;1;28800.0000;1;54815.0000;None
20681;21122022 19:47;1;102478;1;1;46000.0000;1;None;None
6607;21122022 11:35;1;102485;1;1;37800.0000;1;44852.0000;None
6614;21122022 12:51;1;102487;1;1;32800.0000;1;None;None
20668;21122022 18:15;1;102499;1;1;40800.0000;1;None;None
6615;21122022 13:00;1;102501;1;1;38800.0000;1;54815.0000;None
6612;21122022 12:32;1;102502;1;1;45800.0000;1;12833.0000;None
20668;21122022 18:15;1;102502;1;1;48100.0000;1;None;None
5871;21122022 14:23;1;102505;1;1;39800.0000;1;41130.0000;None
5869;21122022 14:38;1;102506;1;1;37800.0000;1;35741.0000;None
5859;21122022 12:40;1;102506;1;1;37800.0000;1;9778.0000;None
5852;21122022 12:29;1;102506;1;1;37800.0000;1;69278.0000;None
20623;21122022 09:27;1;102522;1;1;10300.0000;1;None;None
20668;21122022 18:15;1;102522;1;1;10300.0000;1;None;None
20674;21122022 18:47;1;102522;1;1;10300.0000;1;None;None
5849;21122022 09:29;1;102561;1;1;9800.0000;1;5648.0000;None
5865;21122022 13:33;3;102616;1;1;5800.0000;1;15407.0000;None
20624;21122022 10:10;3;102619;1;1;7200.0000;1;None;None
20669;21122022 18:16;3;102624;1;1;8200.0000;1;None;None
20624;21122022 10:10;3;102635;1;1;8200.0000;1;None;None
5848;21122022 09:19;3;102635;1;1;7800.0000;1;3556.0000;None
5857;21122022 12:32;3;102635;1;1;7800.0000;1;44796.0000;None
5864;21122022 13:27;3;102635;1;1;7800.0000;1;28574.0000;None
6613;21122022 12:49;3;102635;1;1;7800.0000;1;12667.0000;None
5857;21122022 12:51;3;102635;1;1;7800.0000;1;44796.0000;None
6619;21122022 12:41;3;102635;1;1;7800.0000;1;14111.0000;None
6619;21122022 12:03;3;102635;1;2;15600.0000;1;14111.0000;None
5876;21122022 18:11;3;102637;1;1;9800.0000;1;19074.0000;None
5871;21122022 14:09;3;102637;1;1;9800.0000;1;41130.0000;None
5857;21122022 12:35;3;102644;1;1;5800.0000;1;44796.0000;None
6605;21122022 12:17;3;102651;1;1;8800.0000;1;None;None
6607;21122022 12:18;3;102651;1;1;8800.0000;1;44852.0000;None
20651;21122022 14:07;1;102670;1;1;36600.0000;1;None;None
20648;21122022 13:54;1;102670;1;1;36600.0000;1;None;None
6613;21122022 12:56;1;102671;1;1;37800.0000;1;12667.0000;None
6607;21122022 12:18;1;102671;1;1;37800.0000;1;44852.0000;None
20648;21122022 13:54;1;102672;1;1;34500.0000;1;None;None
20648;21122022 13:54;1;102672;1;1;34500.0000;1;None;None
5871;21122022 14:23;1;102673;1;1;35800.0000;1;41130.0000;None
5868;21122022 13:46;1;102673;1;1;35800.0000;1;10167.0000;None
20641;21122022 13:14;1;102673;1;1;37600.0000;1;None;None
6617;21122022 13:07;1;102673;1;1;35800.0000;1;6593.0000;None
20657;21122022 14:34;1;102675;1;1;29200.0000;1;None;None
5857;21122022 12:32;1;102676;1;1;29800.0000;1;44796.0000;None
5869;21122022 14:38;1;102678;1;1;35800.0000;1;35741.0000;None
5871;21122022 14:23;1;102678;1;4;143200.0000;1;41130.0000;None
6609;21122022 12:31;1;102679;1;1;32800.0000;1;8056.0000;None
20636;21122022 12:10;1;102679;1;1;34500.0000;1;None;None
20636;21122022 12:10;1;102679;1;1;34500.0000;1;None;None
20686;21122022 20:15;1;102679;1;1;34500.0000;1;None;None
6643;21122022 20:35;1;102680;1;1;35800.0000;1;None;None
20630;21122022 11:34;1;102680;1;1;37600.0000;1;None;None
6607;21122022 12:18;1;102680;1;1;35800.0000;1;44852.0000;None
20639;21122022 12:51;1;102680;1;1;35800.0000;1;24259.0000;None
20650;21122022 14:07;1;102680;1;1;37600.0000;1;None;None
5866;21122022 13:34;1;102680;1;1;35800.0000;1;8630.0000;None
20669;21122022 18:16;1;102701;1;1;34500.0000;1;None;None
6607;21122022 11:35;1;102726;1;1;44800.0000;1;44852.0000;None
6607;21122022 12:18;3;102747;1;1;4800.0000;1;44852.0000;None
5857;21122022 12:32;3;102747;1;2;9600.0000;1;44796.0000;None
5869;21122022 14:38;3;102747;1;1;4800.0000;1;35741.0000;None
5869;21122022 13:47;3;102747;1;1;4800.0000;1;35741.0000;None
5869;21122022 13:47;3;102747;1;1;4800.0000;1;35741.0000;None
5869;21122022 13:49;3;102747;1;2;9600.0000;1;35741.0000;None
5867;21122022 13:39;3;102747;1;1;4800.0000;1;8241.0000;None
5871;21122022 14:23;3;102747;1;1;4800.0000;1;41130.0000;None
5871;21122022 14:09;3;102747;1;5;24000.0000;1;41130.0000;None
5871;21122022 14:09;3;102747;1;1;4800.0000;1;41130.0000;None
5869;21122022 15:08;3;102747;1;1;4800.0000;1;35741.0000;None
5869;21122022 14:43;3;102747;1;1;4800.0000;1;35741.0000;None
5871;21122022 14:39;3;102747;1;1;4800.0000;1;41130.0000;None
5871;21122022 14:55;3;102747;1;2;9600.0000;1;41130.0000;None
20639;21122022 12:51;3;102747;1;3;14400.0000;1;24259.0000;None
6617;21122022 13:07;3;102747;1;1;4800.0000;1;6593.0000;None
6617;21122022 13:07;3;102747;1;1;4800.0000;1;6593.0000;None
5860;21122022 12:47;3;102747;1;1;4800.0000;1;2463.0000;None
6612;21122022 12:32;3;102747;1;1;4800.0000;1;12833.0000;None
6612;21122022 12:32;3;102747;1;1;4800.0000;1;12833.0000;None
20674;21122022 18:47;3;102747;1;1;5100.0000;1;None;None
20686;21122022 20:15;3;102747;1;1;5100.0000;1;None;None
20686;21122022 20:15;3;102747;1;1;5100.0000;1;None;None
20685;21122022 20:14;3;102747;1;1;5100.0000;1;None;None
5876;21122022 18:11;3;102747;1;1;4800.0000;1;19074.0000;None
5876;21122022 18:11;3;102747;1;1;4800.0000;1;19074.0000;None
5876;21122022 18:11;3;102748;1;1;14800.0000;1;19074.0000;None
20669;21122022 18:16;3;102748;1;1;15600.0000;1;None;None
20639;21122022 12:51;3;102748;1;1;14800.0000;1;24259.0000;None
20652;21122022 14:09;3;102748;1;1;15600.0000;1;None;None
5866;21122022 13:41;3;102748;1;1;14800.0000;1;8630.0000;None
6608;21122022 12:18;3;102748;1;1;14800.0000;1;10111.0000;None
20631;21122022 11:37;3;102748;1;1;15600.0000;1;None;None
5864;21122022 13:27;3;102749;1;1;5800.0000;1;28574.0000;None
5871;21122022 14:09;3;102749;1;1;5800.0000;1;41130.0000;None
6642;21122022 19:09;8;102778;1;1;19800.0000;1;None;None
5852;21122022 12:13;8;102797;1;1;54800.0000;1;69278.0000;None
5853;21122022 12:33;8;102804;1;1;41800.0000;1;26500.0000;None
20638;21122022 12:11;1;102814;1;1;45000.0000;1;None;None
6608;21122022 12:18;1;102873;1;1;42800.0000;1;10111.0000;None
5876;21122022 18:12;1;102902;1;1;29800.0000;1;19074.0000;None
5858;21122022 12:42;1;102903;1;1;34800.0000;1;8019.0000;None
5857;21122022 12:32;1;102904;1;1;37800.0000;1;44796.0000;None
6638;21122022 16:22;1;102906;1;1;5200.0000;1;None;None
6620;21122022 13:21;1;102908;1;3;15600.0000;1;None;None
5858;21122022 13:26;1;102909;1;1;5200.0000;1;8019.0000;None
5858;21122022 13:27;1;102909;1;1;5200.0000;1;8019.0000;None
5870;21122022 14:30;1;102910;1;1;5200.0000;1;9204.0000;None
20670;21122022 18:16;1;102927;1;1;68100.0000;1;None;None
6610;21122022 12:43;1;102953;1;1;31800.0000;1;9093.0000;None
6615;21122022 13:00;1;102982;1;1;59800.0000;1;54815.0000;None
6615;21122022 13:00;1;102982;1;1;59800.0000;1;54815.0000;None
5864;21122022 13:27;1;102982;1;1;59800.0000;1;28574.0000;None
5864;21122022 13:27;8;103023;1;1;47800.0000;1;28574.0000;None
5857;21122022 13:43;1;103090;1;1;7800.0000;1;44796.0000;None
5857;21122022 13:43;1;103092;1;1;8800.0000;1;44796.0000;None
5857;21122022 13:43;1;103092;1;1;8800.0000;1;44796.0000;None
6627;21122022 14:04;1;103092;1;15;132000.0000;1;None;None
5857;21122022 13:43;1;103095;1;1;8800.0000;1;44796.0000;None
6638;21122022 16:22;1;103095;1;1;8800.0000;1;None;None
5857;21122022 13:43;1;103100;1;1;8800.0000;1;44796.0000;None
5858;21122022 12:42;1;103154;1;1;29800.0000;1;8019.0000;None
6615;21122022 13:54;1;103166;1;1;18800.0000;1;54815.0000;None
5862;21122022 12:50;1;103171;1;1;28800.0000;1;9796.0000;None
5859;21122022 12:40;1;103171;1;1;28800.0000;1;9778.0000;None
5868;21122022 13:46;1;103171;1;1;28800.0000;1;10167.0000;None
6607;21122022 12:18;1;103171;1;1;28800.0000;1;44852.0000;None
6607;21122022 12:18;1;103171;1;1;28800.0000;1;44852.0000;None
5851;21122022 11:38;1;103340;1;1;29800.0000;1;6593.0000;None
5851;21122022 11:38;1;103340;1;1;29800.0000;1;6593.0000;None
5854;21122022 13:07;1;103340;1;1;29800.0000;1;6222.0000;None
6613;21122022 12:56;1;103342;1;1;39800.0000;1;12667.0000;None
6613;21122022 12:56;1;103342;1;1;39800.0000;1;12667.0000;None
20686;21122022 20:15;1;103366;1;1;8200.0000;1;None;None
6615;21122022 13:00;6;103488;1;1;0.0000;1;54815.0000;None
5858;21122022 12:42;6;103488;1;1;0.0000;1;8019.0000;None
6612;21122022 12:32;6;103488;1;1;0.0000;1;12833.0000;None
5857;21122022 12:32;6;103488;1;1;0.0000;1;44796.0000;None
6607;21122022 11:35;6;103488;1;1;0.0000;1;44852.0000;None
20623;21122022 09:27;6;103488;1;1;0.0000;1;None;None
5876;21122022 18:12;6;103488;1;1;0.0000;1;19074.0000;None
20668;21122022 18:15;6;103488;1;1;0.0000;1;None;None
5857;21122022 12:32;1;103515;1;1;41800.0000;1;44796.0000;None
5871;21122022 14:23;1;103515;1;1;41800.0000;1;41130.0000;None
5855;21122022 12:07;8;103539;1;1;32800.0000;1;11435.0000;None
5871;21122022 14:23;1;103551;1;1;48800.0000;1;41130.0000;None
5857;21122022 12:32;1;103551;1;1;48800.0000;1;44796.0000;None
6619;21122022 12:16;1;103551;1;1;48800.0000;1;14111.0000;None
5870;21122022 13:51;1;103552;1;1;38800.0000;1;9204.0000;None
6612;21122022 12:32;1;103565;1;1;34800.0000;1;12833.0000;None
20627;21122022 11:27;8;103615;1;1;39700.0000;1;None;None
20672;21122022 18:18;8;103615;1;1;39700.0000;1;None;None
20678;21122022 19:31;8;103615;1;1;39700.0000;1;None;None
5855;21122022 12:19;1;103651;1;1;42800.0000;1;11435.0000;None
5852;21122022 12:13;8;103690;1;1;39800.0000;1;69278.0000;None
5852;21122022 12:13;1;103700;1;1;32800.0000;1;69278.0000;None
6607;21122022 11:35;1;103701;1;1;34800.0000;1;44852.0000;None
5861;21122022 12:50;1;103701;1;1;34800.0000;1;7870.0000;None
20639;21122022 12:51;1;103701;1;1;34800.0000;1;24259.0000;None
20666;21122022 17:40;1;103714;1;1;59700.0000;1;None;None
20628;21122022 11:31;1;103759;1;1;11400.0000;1;None;None
6614;21122022 12:51;1;103763;1;1;14800.0000;1;None;None
6614;21122022 12:51;1;103773;1;1;9800.0000;1;None;None
5854;21122022 13:07;1;103782;1;1;25800.0000;1;6222.0000;None
20637;21122022 12:11;1;103784;1;2;62600.0000;1;None;None
5857;21122022 12:32;1;103784;1;1;29800.0000;1;44796.0000;None
20644;21122022 13:29;1;103784;1;1;31300.0000;1;None;None
20644;21122022 13:29;1;103784;1;1;31300.0000;1;None;None
5876;21122022 18:12;1;103784;1;1;29800.0000;1;19074.0000;None
5876;21122022 18:12;1;103784;1;1;29800.0000;1;19074.0000;None
20667;21122022 18:12;1;103786;1;1;39700.0000;1;None;None
5852;21122022 12:45;1;103786;1;1;37800.0000;1;69278.0000;None
5857;21122022 12:32;1;103788;1;1;36800.0000;1;44796.0000;None
20639;21122022 12:51;1;103788;1;1;36800.0000;1;24259.0000;None
5873;21122022 14:25;1;103791;1;1;37800.0000;1;6759.0000;None
5853;21122022 12:33;8;103867;1;1;27800.0000;1;26500.0000;None
20625;21122022 11:10;8;103867;1;1;29200.0000;1;None;None
20671;21122022 18:17;8;103867;1;1;29200.0000;1;None;None
6642;21122022 19:09;8;103867;1;1;27800.0000;1;None;None
20676;21122022 19:11;8;103867;1;1;29200.0000;1;None;None
20676;21122022 19:11;8;103867;1;1;29200.0000;1;None;None
20680;21122022 19:45;8;103867;1;1;29200.0000;1;None;None
20683;21122022 19:54;8;103867;1;1;29200.0000;1;None;None
20666;21122022 17:40;8;103867;1;1;29200.0000;1;None;None
5870;21122022 13:51;1;103955;1;1;36800.0000;1;9204.0000;None
6612;21122022 12:32;1;103955;1;1;36800.0000;1;12833.0000;None
6615;21122022 14:19;1;104004;1;1;16800.0000;1;54815.0000;None
5864;21122022 14:09;1;104004;1;1;16800.0000;1;28574.0000;None
20681;21122022 19:47;1;104004;1;1;17700.0000;1;None;None
6602;21122022 08:36;1;104013;1;1;18800.0000;1;3093.0000;None
5852;21122022 11:59;1;104272;1;1;4000.0000;1;69278.0000;None
5852;21122022 11:59;1;104272;1;1;4000.0000;1;69278.0000;None
20647;21122022 13:43;1;104272;1;1;4000.0000;1;None;None
20647;21122022 13:43;1;104272;1;1;4000.0000;1;None;None
6621;21122022 13:37;1;104272;1;1;4000.0000;1;None;None
6624;21122022 13:52;1;104272;1;1;4000.0000;1;None;None
6625;21122022 13:57;1;104272;1;2;8000.0000;1;None;None
6616;21122022 13:05;1;104272;1;2;8000.0000;1;None;None
5857;21122022 13:43;1;104272;1;1;4000.0000;1;44796.0000;None
5857;21122022 13:43;1;104275;1;1;8800.0000;1;44796.0000;None
6639;21122022 17:20;1;104275;1;1;8800.0000;1;None;None
6637;21122022 16:21;1;104275;1;2;17600.0000;1;None;None
5869;21122022 14:43;1;104293;1;1;43800.0000;1;35741.0000;None
5864;21122022 13:27;1;104294;1;1;59800.0000;1;28574.0000;None
6611;21122022 12:44;1;104294;1;1;59800.0000;1;20704.0000;None
20639;21122022 12:51;1;104294;1;1;59800.0000;1;24259.0000;None
20639;21122022 12:51;1;104294;1;1;59800.0000;1;24259.0000;None
6613;21122022 12:56;1;104397;1;1;0.0000;1;12667.0000;None
6615;21122022 13:00;1;104397;1;1;0.0000;1;54815.0000;None
6615;21122022 13:00;1;104397;1;1;0.0000;1;54815.0000;None
5862;21122022 12:50;1;104397;1;1;0.0000;1;9796.0000;None
6619;21122022 12:16;1;104397;1;1;0.0000;1;14111.0000;None
5870;21122022 13:51;1;104397;1;1;0.0000;1;9204.0000;None
6607;21122022 12:18;1;104397;1;1;0.0000;1;44852.0000;None
5852;21122022 12:13;1;104429;1;1;2800.0000;1;69278.0000;None
5867;21122022 13:39;1;104429;1;1;2800.0000;1;8241.0000;None
20638;21122022 12:11;1;104431;1;1;18700.0000;1;None;None
5852;21122022 13:11;3;104554;1;1;4800.0000;1;69278.0000;None
5869;21122022 15:26;3;104554;1;1;4800.0000;1;35741.0000;None
20635;21122022 12:07;1;104619;1;1;0.0000;1;None;None
5852;21122022 12:13;8;104655;1;1;37800.0000;1;69278.0000;None
6640;21122022 17:41;8;104655;1;1;37800.0000;1;4037.0000;None
20683;21122022 19:54;8;104655;1;1;39700.0000;1;None;None
20674;21122022 18:47;6;104683;1;1;0.0000;1;None;None
6619;21122022 12:16;1;104690;1;1;4800.0000;1;14111.0000;None
5859;21122022 12:40;1;104690;1;1;4800.0000;1;9778.0000;None
20686;21122022 20:15;1;104690;1;1;5100.0000;1;None;None
20686;21122022 20:15;1;104690;1;1;5100.0000;1;None;None
6643;21122022 20:35;1;104690;1;1;4800.0000;1;None;None
6643;21122022 20:35;1;104690;1;1;4800.0000;1;None;None
5867;21122022 13:39;1;104719;1;1;37800.0000;1;8241.0000;None
5867;21122022 13:39;1;104719;1;1;37800.0000;1;8241.0000;None
6615;21122022 13:00;1;104727;1;1;69800.0000;1;54815.0000;None
6615;21122022 13:00;1;104727;1;1;69800.0000;1;54815.0000;None
20682;21122022 19:48;8;104728;1;1;8700.0000;1;None;None
5876;21122022 18:12;1;104743;1;1;29800.0000;1;19074.0000;None
6602;21122022 08:36;1;104745;1;1;8800.0000;1;3093.0000;None
20627;21122022 11:27;8;104785;1;1;4000.0000;1;None;None
6615;21122022 13:54;1;104958;1;1;8800.0000;1;54815.0000;None
6615;21122022 13:54;1;104958;1;1;8800.0000;1;54815.0000;None
5857;21122022 13:43;1;104958;1;1;8800.0000;1;44796.0000;None
20641;21122022 13:14;1;104987;1;1;14500.0000;1;None;None
20670;21122022 18:16;6;105090;1;1;0.0000;1;None;None
6614;21122022 12:51;1;105188;1;1;34800.0000;1;None;None
6615;21122022 13:54;1;105421;1;1;17800.0000;1;54815.0000;None
5859;21122022 13:27;1;105421;1;1;17800.0000;1;9778.0000;None
5864;21122022 14:09;1;105421;1;1;17800.0000;1;28574.0000;None
5873;21122022 15:04;1;105421;1;1;17800.0000;1;6759.0000;None
5852;21122022 13:11;1;105421;1;2;35600.0000;1;69278.0000;None
20670;21122022 18:16;6;105509;1;1;0.0000;1;None;None
6611;21122022 12:44;1;105647;1;1;64800.0000;1;20704.0000;None
6619;21122022 12:16;1;105647;1;1;64800.0000;1;14111.0000;None
6615;21122022 13:00;1;105647;1;1;64800.0000;1;54815.0000;None
5852;21122022 12:13;8;105730;1;1;0.0000;1;69278.0000;None
20676;21122022 19:11;8;106077;1;1;34500.0000;1;None;None
5864;21122022 13:27;1;106352;1;1;69800.0000;1;28574.0000;None
5852;21122022 12:13;8;106491;1;1;46800.0000;1;69278.0000;None
20680;21122022 19:45;1;106611;1;1;19800.0000;1;None;None
20686;21122022 20:15;1;106881;1;1;24800.0000;1;None;None
20675;21122022 19:11;6;106923;1;1;0.0000;1;None;None
5853;21122022 12:33;8;107225;1;1;31800.0000;1;26500.0000;None
6609;21122022 12:31;8;107225;1;1;31800.0000;1;8056.0000;None
5857;21122022 12:32;8;107225;1;1;31800.0000;1;44796.0000;None
20675;21122022 19:11;8;107226;1;1;35500.0000;1;None;None
6608;21122022 12:18;8;107227;1;1;0.0000;1;10111.0000;None
5855;21122022 12:19;8;107228;1;1;0.0000;1;11435.0000;None
5853;21122022 12:33;8;107228;1;1;0.0000;1;26500.0000;None
5852;21122022 12:13;8;107228;1;1;0.0000;1;69278.0000;None
5852;21122022 12:13;8;107228;1;1;0.0000;1;69278.0000;None
5852;21122022 12:13;8;107228;1;1;0.0000;1;69278.0000;None
5852;21122022 12:13;8;107228;1;1;0.0000;1;69278.0000;None
5857;21122022 12:32;8;107228;1;1;0.0000;1;44796.0000;None
6609;21122022 12:31;8;107228;1;1;0.0000;1;8056.0000;None
20643;21122022 13:26;8;107228;1;1;0.0000;1;None;None
20675;21122022 19:11;8;107228;1;1;0.0000;1;None;None
20679;21122022 19:44;8;107228;1;1;0.0000;1;None;None
20682;21122022 19:48;8;107228;1;1;0.0000;1;None;None
20666;21122022 17:40;8;107228;1;1;0.0000;1;None;None
20675;21122022 19:11;8;107229;1;1;0.0000;1;None;None
20675;21122022 19:11;8;107238;1;1;0.0000;1;None;None
20675;21122022 19:11;8;107238;1;1;0.0000;1;None;None
20675;21122022 19:11;8;107242;1;1;0.0000;1;None;None
20682;21122022 19:48;8;107259;1;1;2700.0000;1;None;None
20643;21122022 13:26;8;107266;1;1;2100.0000;1;None;None
5852;21122022 12:13;8;107298;1;1;43800.0000;1;69278.0000;None
20679;21122022 19:44;8;107298;1;2;92000.0000;1;None;None
20682;21122022 19:48;8;107926;1;1;41800.0000;1;None;None
6609;21122022 12:31;4;108191;1;1;0.0000;1;8056.0000;None
5852;21122022 12:00;4;108192;1;1;0.0000;1;69278.0000;None
5852;21122022 11:59;4;108192;1;1;None;1;69278.0000;None
5852;21122022 11:59;4;108192;1;-1;0.0000;1;69278.0000;None
5852;21122022 12:00;4;108192;1;-1;None;1;69278.0000;None
5852;21122022 12:00;4;108192;1;1;None;1;69278.0000;None
5852;21122022 11:59;4;108192;1;1;None;1;69278.0000;None
5849;21122022 09:29;1;108353;1;1;19800.0000;1;5648.0000;None
5865;21122022 13:33;1;108423;1;1;49800.0000;1;15407.0000;None
5857;21122022 12:32;1;108424;1;1;39800.0000;1;44796.0000;None
20643;21122022 13:26;8;108660;1;1;20800.0000;1;None;None
20666;21122022 17:40;8;108660;1;2;41600.0000;1;None;None
5869;21122022 14:38;1;108794;1;1;46800.0000;1;35741.0000;None
5857;21122022 12:32;1;108794;1;1;46800.0000;1;44796.0000;None
6610;21122022 12:43;1;108794;1;1;46800.0000;1;9093.0000;None
5876;21122022 18:12;1;108794;1;1;46800.0000;1;19074.0000;None
5874;21122022 14:14;1;108794;1;1;46800.0000;1;15259.0000;None
5874;21122022 14:14;1;108794;1;1;46800.0000;1;15259.0000;None
5852;21122022 12:29;1;108796;1;2;97600.0000;1;69278.0000;None
5871;21122022 14:12;1;108824;1;3;41400.0000;1;41130.0000;None
6643;21122022 20:35;1;108824;1;1;13800.0000;1;None;None
6643;21122022 20:35;1;108824;1;1;13800.0000;1;None;None
6643;21122022 20:35;1;108825;1;1;13800.0000;1;None;None
6643;21122022 20:35;1;108825;1;1;13800.0000;1;None;None
20632;21122022 11:50;8;109041;1;1;71460.0000;1;None;None
20664;21122022 15:47;8;109041;1;1;71460.0000;1;None;None
20665;21122022 16:09;8;109041;1;1;71460.0000;1;None;None
20684;21122022 20:04;8;109041;1;1;71460.0000;1;None;None
5853;21122022 12:33;1;109248;1;4;51200.0000;1;26500.0000;None
20635;21122022 12:07;1;109270;1;1;29410.0000;1;None;None
20661;21122022 14:43;1;109270;1;1;29410.0000;1;None;None
20683;21122022 19:54;8;109295;1;1;37600.0000;1;None;None
20677;21122022 19:27;8;109295;1;1;37600.0000;1;None;None
6608;21122022 12:18;8;109318;1;1;38800.0000;1;10111.0000;None
5852;21122022 12:13;8;109318;1;1;38800.0000;1;69278.0000;None
5852;21122022 12:13;8;109318;1;1;38800.0000;1;69278.0000;None
5852;21122022 12:13;8;109318;1;1;38800.0000;1;69278.0000;None
5855;21122022 12:19;8;109319;1;1;34800.0000;1;11435.0000;None
5874;21122022 14:14;1;109323;1;1;52800.0000;1;15259.0000;None
6607;21122022 11:35;1;109395;1;1;28800.0000;1;44852.0000;None
6607;21122022 11:35;1;109396;1;1;33800.0000;1;44852.0000;None
5848;21122022 09:19;1;109528;1;1;24800.0000;1;3556.0000;None
20623;21122022 09:27;1;109580;1;1;35350.0000;1;None;None
20657;21122022 14:34;1;109580;1;1;35350.0000;1;None;None
20674;21122022 18:47;1;109580;1;1;35350.0000;1;None;None
20673;21122022 18:45;1;109580;1;1;35350.0000;1;None;None
6608;21122022 12:18;2;200480;1;1;12800.0000;1;10111.0000;None
5853;21122022 12:33;2;200480;1;1;12800.0000;1;26500.0000;None
5853;21122022 12:40;2;200480;1;1;12800.0000;1;26500.0000;None
5853;21122022 12:46;2;200480;1;-1;-12800.0000;1;26500.0000;None
5853;21122022 12:01;2;200480;1;1;12800.0000;1;26500.0000;None
6611;21122022 12:31;2;200480;1;1;12800.0000;1;20704.0000;None
6611;21122022 12:31;2;200480;1;1;12800.0000;1;20704.0000;None
20640;21122022 12:51;2;200480;1;1;12800.0000;1;7426.0000;None
20640;21122022 12:51;2;200480;1;1;12800.0000;1;7426.0000;None
6615;21122022 13:00;2;200480;1;5;64000.0000;1;54815.0000;None
6615;21122022 13:54;2;200480;1;1;12800.0000;1;54815.0000;None
5876;21122022 13:54;2;200480;1;1;12800.0000;1;19074.0000;None
5876;21122022 18:47;2;200480;1;-1;-12800.0000;1;19074.0000;None
6643;21122022 20:35;3;200644;1;1;5800.0000;1;None;None
6643;21122022 20:35;3;200644;1;1;5800.0000;1;None;None
5862;21122022 12:50;3;200644;1;1;5800.0000;1;9796.0000;None
6611;21122022 12:31;3;200644;1;1;5800.0000;1;20704.0000;None
6610;21122022 12:31;3;200644;1;1;5800.0000;1;9093.0000;None
5858;21122022 12:36;3;200644;1;1;5800.0000;1;8019.0000;None
5858;21122022 12:36;3;200644;1;1;5800.0000;1;8019.0000;None
5859;21122022 12:40;3;200644;1;1;5800.0000;1;9778.0000;None
5873;21122022 14:15;3;200644;1;1;5800.0000;1;6759.0000;None
20643;21122022 13:26;3;200644;1;1;6100.0000;1;None;None
5864;21122022 13:27;3;200644;1;2;11600.0000;1;28574.0000;None
5852;21122022 12:29;3;200644;1;2;11600.0000;1;69278.0000;None
5852;21122022 12:43;3;200644;1;1;5800.0000;1;69278.0000;None
5853;21122022 12:53;3;200644;1;1;5800.0000;1;26500.0000;None
5853;21122022 12:14;3;200644;1;1;5800.0000;1;26500.0000;None
5854;21122022 13:07;3;200644;1;1;5800.0000;1;6222.0000;None
5854;21122022 13:07;3;200644;1;1;5800.0000;1;6222.0000;None
6607;21122022 12:18;3;200644;1;1;5800.0000;1;44852.0000;None
5851;21122022 11:38;3;201146;1;1;5800.0000;1;6593.0000;None
5855;21122022 12:07;3;201146;1;1;5800.0000;1;11435.0000;None
5869;21122022 14:38;3;201146;1;1;5800.0000;1;35741.0000;None
5861;21122022 12:50;3;201146;1;1;5800.0000;1;7870.0000;None
6613;21122022 12:49;3;201146;1;1;5800.0000;1;12667.0000;None
5862;21122022 12:50;3;201146;1;2;11600.0000;1;9796.0000;None
20639;21122022 12:51;3;201207;1;1;5800.0000;1;24259.0000;None
6619;21122022 12:41;3;201207;1;1;5800.0000;1;14111.0000;None
6613;21122022 12:49;3;201207;1;1;5800.0000;1;12667.0000;None
6612;21122022 12:32;3;201207;1;1;5800.0000;1;12833.0000;None
5857;21122022 12:54;3;201207;1;1;5800.0000;1;44796.0000;None
5868;21122022 13:46;3;201207;1;3;17400.0000;1;10167.0000;None
5866;21122022 13:34;3;201207;1;1;5800.0000;1;8630.0000;None
5869;21122022 15:14;3;201207;1;1;5800.0000;1;35741.0000;None
5870;21122022 13:51;3;201207;1;1;5800.0000;1;9204.0000;None
6607;21122022 12:18;3;201207;1;1;5800.0000;1;44852.0000;None
6607;21122022 12:18;3;201207;1;1;5800.0000;1;44852.0000;None
5876;21122022 13:34;3;201207;1;1;5800.0000;1;19074.0000;None
5876;21122022 18:47;3;201207;1;-1;-5800.0000;1;19074.0000;None
5874;21122022 14:14;3;201207;1;2;11600.0000;1;15259.0000;None
6640;21122022 17:41;3;201207;1;1;5800.0000;1;4037.0000;None
20651;21122022 14:07;3;201210;1;1;7200.0000;1;None;None
6607;21122022 12:18;3;201237;1;1;5800.0000;1;44852.0000;None
6607;21122022 12:18;3;201269;1;2;11600.0000;1;44852.0000;None
6607;21122022 12:32;3;201269;1;1;5800.0000;1;44852.0000;None
5852;21122022 12:08;3;201269;1;3;17400.0000;1;69278.0000;None
6609;21122022 12:31;3;201269;1;1;5800.0000;1;8056.0000;None
20625;21122022 11:10;3;201420;1;1;7200.0000;1;None;None
6607;21122022 12:18;3;201609;1;1;5800.0000;1;44852.0000;None
6607;21122022 12:18;3;201609;1;1;5800.0000;1;44852.0000;None
5851;21122022 11:38;3;201609;1;1;5800.0000;1;6593.0000;None
5855;21122022 12:07;3;201609;1;1;5800.0000;1;11435.0000;None
5857;21122022 12:32;3;201609;1;1;5800.0000;1;44796.0000;None
6609;21122022 12:31;3;201609;1;1;5800.0000;1;8056.0000;None
5857;21122022 13:10;3;201609;1;1;5800.0000;1;44796.0000;None
5859;21122022 12:40;3;201609;1;1;5800.0000;1;9778.0000;None
5861;21122022 12:51;3;201609;1;1;5800.0000;1;7870.0000;None
6614;21122022 12:51;3;201609;1;1;5800.0000;1;None;None
5865;21122022 13:33;3;201609;1;2;11600.0000;1;15407.0000;None
5867;21122022 13:39;3;201609;1;1;5800.0000;1;8241.0000;None
5874;21122022 14:14;3;201609;1;1;5800.0000;1;15259.0000;None
5852;21122022 11:59;2;201615;1;1;13800.0000;1;69278.0000;None
5852;21122022 11:59;2;201615;1;1;13800.0000;1;69278.0000;None
5852;21122022 12:00;2;201615;1;-1;-13800.0000;1;69278.0000;None
5852;21122022 11:59;2;201615;1;-1;-13800.0000;1;69278.0000;None
5853;21122022 12:19;2;201959;1;1;13800.0000;1;26500.0000;None
5853;21122022 12:01;2;201959;1;1;13800.0000;1;26500.0000;None
5853;21122022 12:14;2;201959;1;1;13800.0000;1;26500.0000;None
6610;21122022 12:31;2;201959;1;1;13800.0000;1;9093.0000;None
20638;21122022 12:11;3;202134;1;1;10300.0000;1;None;None
5852;21122022 12:29;2;202604;1;1;12800.0000;1;69278.0000;None
5852;21122022 12:43;2;202604;1;2;25600.0000;1;69278.0000;None
5852;21122022 12:00;2;202604;1;1;12800.0000;1;69278.0000;None
5852;21122022 12:00;2;202604;1;1;12800.0000;1;69278.0000;None
5852;21122022 11:59;2;202604;1;1;12800.0000;1;69278.0000;None
5870;21122022 13:51;2;202604;1;1;12800.0000;1;9204.0000;None
6634;21122022 14:48;2;202604;1;1;12800.0000;1;7815.0000;None
