15602;27112022 17:52;1;101116;1;1;8800.0000;1;None;None
15598;27112022 17:39;1;101116;1;1;9300.0000;1;None;None
15601;27112022 17:44;1;101643;1;3;26700.0000;1;None;None
15588;27112022 16:59;1;101643;1;1;8900.0000;1;None;None
15580;27112022 16:18;1;101643;1;1;8900.0000;1;None;None
15581;27112022 16:21;1;101643;1;1;8900.0000;1;None;None
15587;27112022 16:58;1;101643;1;1;8900.0000;1;None;None
15577;27112022 16:07;1;101643;1;1;8900.0000;1;None;None
15568;27112022 15:18;1;101644;1;1;5900.0000;1;None;None
15565;27112022 14:34;1;101644;1;1;5900.0000;1;None;None
15559;27112022 12:31;1;101644;1;1;5900.0000;1;None;None
15561;27112022 12:55;1;101644;1;1;5900.0000;1;None;None
15561;27112022 12:55;1;101644;1;1;5900.0000;1;None;None
15554;27112022 11:40;1;101644;1;1;5900.0000;1;None;None
15555;27112022 11:41;1;101644;1;1;5900.0000;1;None;None
15572;27112022 15:26;1;101644;1;3;17700.0000;1;None;None
15589;27112022 17:09;1;101644;1;1;5900.0000;1;None;None
15589;27112022 17:09;1;101644;1;1;5900.0000;1;None;None
15590;27112022 17:17;1;101644;1;1;5900.0000;1;None;None
15596;27112022 17:36;1;101644;1;4;23600.0000;1;None;None
15597;27112022 17:38;1;101644;1;1;5900.0000;1;None;None
15597;27112022 17:38;1;101644;1;1;5900.0000;1;None;None
15600;27112022 17:41;1;102534;1;1;38600.0000;1;None;None
15558;27112022 12:10;1;102534;1;1;36800.0000;1;None;None
15597;27112022 17:38;1;102813;1;1;3000.0000;1;None;None
15597;27112022 17:38;1;102813;1;1;3000.0000;1;None;None
15602;27112022 17:52;1;103084;1;1;5000.0000;1;None;None
15589;27112022 17:09;1;103084;1;1;5000.0000;1;None;None
15576;27112022 16:07;1;103084;1;1;5000.0000;1;None;None
15569;27112022 15:23;1;103095;1;1;8800.0000;1;None;None
15578;27112022 16:09;1;103097;1;1;8800.0000;1;None;None
15578;27112022 16:09;1;103100;1;1;8800.0000;1;None;None
15602;27112022 17:52;1;103100;1;1;8800.0000;1;None;None
15564;27112022 14:25;1;104194;1;1;8900.0000;1;None;None
15564;27112022 14:25;1;104194;1;1;8900.0000;1;None;None
15562;27112022 13:15;1;104194;1;1;8900.0000;1;None;None
15562;27112022 13:15;1;104194;1;1;8900.0000;1;None;None
15563;27112022 14:00;1;104194;1;1;8900.0000;1;None;None
15556;27112022 11:58;1;104194;1;1;8900.0000;1;None;None
15556;27112022 11:58;1;104194;1;1;8900.0000;1;None;None
15557;27112022 12:09;1;104194;1;1;8900.0000;1;None;None
15595;27112022 17:35;1;104194;1;1;9400.0000;1;None;None
15595;27112022 17:35;1;104194;1;1;9400.0000;1;None;None
15592;27112022 17:31;1;104194;1;1;8900.0000;1;None;None
15593;27112022 17:33;1;104194;1;1;9400.0000;1;None;None
15590;27112022 17:17;1;104194;1;1;8900.0000;1;None;None
15588;27112022 16:59;1;104194;1;1;8900.0000;1;None;None
15583;27112022 16:38;1;104194;1;1;8900.0000;1;None;None
15585;27112022 16:48;1;104194;1;1;8900.0000;1;None;None
15579;27112022 16:14;1;104194;1;1;8900.0000;1;None;None
15574;27112022 16:04;1;104194;1;1;8900.0000;1;None;None
15575;27112022 16:06;1;104194;1;1;8900.0000;1;None;None
15567;27112022 15:10;1;104194;1;1;8900.0000;1;None;None
15571;27112022 15:25;1;104194;1;1;8900.0000;1;None;None
15571;27112022 15:25;1;104194;1;1;8900.0000;1;None;None
15599;27112022 17:40;1;104275;1;1;9300.0000;1;None;None
15599;27112022 17:40;1;104275;1;1;9300.0000;1;None;None
15565;27112022 14:34;1;104275;1;1;8800.0000;1;None;None
15565;27112022 14:34;1;105428;1;1;5900.0000;1;None;None
15569;27112022 15:23;1;105428;1;1;5900.0000;1;None;None
15560;27112022 12:40;1;105428;1;1;5900.0000;1;None;None
15599;27112022 17:40;1;105428;1;1;6300.0000;1;None;None
15591;27112022 17:18;1;105428;1;1;5900.0000;1;None;None
15592;27112022 17:31;1;105428;1;1;5900.0000;1;None;None
15592;27112022 17:31;1;105428;1;1;5900.0000;1;None;None
15592;27112022 17:31;1;105428;1;1;5900.0000;1;None;None
15593;27112022 17:33;1;105428;1;1;6300.0000;1;None;None
15593;27112022 17:33;1;105428;1;1;6300.0000;1;None;None
15573;27112022 15:32;1;105428;1;1;5900.0000;1;None;None
15577;27112022 16:07;1;105428;1;1;5900.0000;1;None;None
15578;27112022 16:09;1;105428;1;1;5900.0000;1;None;None
15582;27112022 16:22;1;105428;1;1;5900.0000;1;None;None
15582;27112022 16:22;1;105428;1;1;5900.0000;1;None;None
15584;27112022 16:39;1;105428;1;1;5900.0000;1;None;None
15563;27112022 14:00;1;105535;1;1;1000.0000;1;None;None
15564;27112022 14:25;1;106387;1;1;2800.0000;1;None;None
15568;27112022 15:18;1;106387;1;1;2800.0000;1;None;None
15565;27112022 14:34;1;106387;1;1;2800.0000;1;None;None
15578;27112022 16:09;1;106387;1;1;2800.0000;1;None;None
15587;27112022 16:58;1;107612;1;1;5200.0000;1;None;None
15587;27112022 16:58;1;107612;1;1;5200.0000;1;None;None
15594;27112022 17:34;1;108324;1;1;23000.0000;1;None;None
15578;27112022 16:09;1;108679;1;1;5500.0000;1;None;None
15589;27112022 17:09;1;109175;1;1;8800.0000;1;None;None
15590;27112022 17:17;1;109219;1;1;22800.0000;1;None;None
15566;27112022 14:35;1;109219;1;1;22800.0000;1;None;None
15576;27112022 16:07;1;109241;1;1;3200.0000;1;None;None
15572;27112022 15:26;1;109280;1;1;9800.0000;1;None;None
15598;27112022 17:39;1;109284;1;1;9360.0000;1;None;None
15598;27112022 17:39;1;109285;1;1;9360.0000;1;None;None
15566;27112022 14:35;1;109519;1;1;36800.0000;1;None;None
15586;27112022 16:50;3;202133;1;1;9800.0000;1;None;None
