43388;2023-01-04 12:14:43.753000;7;1001;2;1;0.0000;1;22630.0000;None;244400.0000
43388;2023-01-04 12:14:43.753000;7;1001;2;1;0.0000;1;22630.0000;None;244400.0000
13726;2023-01-04 12:42:12.363000;7;1001;2;1;0.0000;1;26093.0000;None;281800.0000
13726;2023-01-04 12:42:12.363000;7;1001;2;1;0.0000;1;26093.0000;None;281800.0000
23206;2023-01-04 12:46:53.837000;7;1001;1;1;0.0000;1;20852.0000;None;225200.0000
23206;2023-01-04 12:46:53.837000;7;1001;1;1;0.0000;1;20852.0000;None;225200.0000
43390;2023-01-04 13:05:15.047000;7;1001;2;1;0.0000;1;17407.0000;None;188000.0000
43390;2023-01-04 13:05:15.047000;7;1001;2;1;0.0000;1;17407.0000;None;188000.0000
43391;2023-01-04 13:13:09.897000;7;1001;2;1;0.0000;1;16741.0000;None;180800.0000
43391;2023-01-04 13:13:09.897000;7;1001;2;1;0.0000;1;16741.0000;None;180800.0000
23207;2023-01-04 13:18:55.457000;7;1001;1;1;0.0000;1;21148.0000;None;228400.0000
23207;2023-01-04 13:18:55.457000;7;1001;1;1;0.0000;1;21148.0000;None;228400.0000
13728;2023-01-04 13:21:15.267000;7;1001;2;1;0.0000;1;52871.0000;None;571000.0000
13728;2023-01-04 13:21:15.267000;7;1001;2;1;0.0000;1;52871.0000;None;571000.0000
13731;2023-01-04 13:41:32.700000;7;1001;2;1;0.0000;1;42445.0000;None;458400.0000
13731;2023-01-04 13:41:32.700000;7;1001;2;1;0.0000;1;42445.0000;None;458400.0000
43393;2023-01-04 14:45:39.233000;7;1001;1;1;0.0000;1;80500.0000;None;869400.0000
43393;2023-01-04 14:45:39.233000;7;1001;1;1;0.0000;1;80500.0000;None;869400.0000
23212;2023-01-04 14:57:55.100000;7;1001;1;1;0.0000;1;36519.0000;None;394400.0000
23212;2023-01-04 14:57:55.100000;7;1001;1;1;0.0000;1;36519.0000;None;394400.0000
43394;2023-01-04 16:01:07.127000;7;1001;1;1;0.0000;1;27926.0000;None;301600.0000
43394;2023-01-04 16:01:07.127000;7;1001;1;1;0.0000;1;27926.0000;None;301600.0000
23214;2023-01-04 16:28:35.067000;7;1001;1;1;0.0000;1;30333.0000;None;327600.0000
23214;2023-01-04 16:28:35.067000;7;1001;1;1;0.0000;1;30333.0000;None;327600.0000
13733;2023-01-04 16:46:28.447000;7;1001;1;1;0.0000;1;57667.0000;None;622800.0000
13733;2023-01-04 16:46:28.447000;7;1001;1;1;0.0000;1;57667.0000;None;622800.0000
42510;2023-01-04 18:50:16.843000;7;1001;1;1;0.0000;1;11870.0000;None;128200.0000
42510;2023-01-04 18:50:16.843000;7;1001;1;1;0.0000;1;11870.0000;None;128200.0000
42511;2023-01-04 18:53:52.263000;7;1001;1;1;0.0000;1;21870.0000;None;236200.0000
42511;2023-01-04 18:53:52.263000;7;1001;1;1;0.0000;1;21870.0000;None;236200.0000
13736;2023-01-04 19:14:18.583000;7;1001;2;1;0.0000;1;35871.0000;None;387400.0000
13736;2023-01-04 19:14:18.583000;7;1001;2;1;0.0000;1;35871.0000;None;387400.0000
13737;2023-01-04 19:31:46.560000;7;1001;1;1;0.0000;1;56871.0000;None;614200.0000
13737;2023-01-04 19:31:46.560000;7;1001;1;1;0.0000;1;56871.0000;None;614200.0000
23217;2023-01-04 19:27:43.777000;7;1001;2;1;0.0000;1;20111.0000;None;217200.0000
23217;2023-01-04 19:27:43.777000;7;1001;2;1;0.0000;1;20111.0000;None;217200.0000
13740;2023-01-04 19:56:21.133000;7;1001;1;1;0.0000;1;12519.0000;None;135200.0000
13740;2023-01-04 19:56:21.133000;7;1001;1;1;0.0000;1;12519.0000;None;135200.0000
23218;2023-01-04 20:05:01.180000;7;1001;1;1;0.0000;1;47704.0000;None;515200.0000
23218;2023-01-04 20:05:01.180000;7;1001;1;1;0.0000;1;47704.0000;None;515200.0000
13741;2023-01-04 20:24:30.203000;7;1001;1;1;0.0000;1;55315.0000;None;597400.0000
13741;2023-01-04 20:24:30.203000;7;1001;1;1;0.0000;1;55315.0000;None;597400.0000
43405;2023-01-04 20:09:14.107000;7;1001;1;1;0.0000;1;59834.0000;None;646200.0000
43405;2023-01-04 20:09:14.107000;7;1001;1;1;0.0000;1;59834.0000;None;646200.0000
43407;2023-01-04 20:29:07.427000;7;1001;1;1;0.0000;1;58704.0000;None;634000.0000
43407;2023-01-04 20:29:07.427000;7;1001;1;1;0.0000;1;58704.0000;None;634000.0000
42519;2023-01-04 20:38:20.507000;7;1001;1;1;0.0000;1;77815.0000;None;840400.0000
42519;2023-01-04 20:38:20.507000;7;1001;1;1;0.0000;1;77815.0000;None;840400.0000
23221;2023-01-04 20:53:51.177000;7;1001;1;1;0.0000;1;32630.0000;None;352400.0000
23221;2023-01-04 20:53:51.177000;7;1001;1;1;0.0000;1;32630.0000;None;352400.0000
13744;2023-01-04 21:16:21.847000;7;1001;2;1;0.0000;1;17185.0000;None;185600.0000
13744;2023-01-04 21:16:21.847000;7;1001;2;1;0.0000;1;17185.0000;None;185600.0000
13744;2023-01-04 21:16:21.847000;7;1002;3;1;0.0000;1;17185.0000;None;185600.0000
42521;2023-01-04 20:58:53.930000;7;1002;3;1;0.0000;1;6259.0000;None;67600.0000
42520;2023-01-04 20:42:38.180000;7;1002;3;1;0.0000;1;29982.0000;None;323800.0000
42519;2023-01-04 20:38:20.507000;7;1002;3;1;0.0000;1;77815.0000;None;840400.0000
23220;2023-01-04 20:34:46.817000;7;1002;1;1;0.0000;1;22093.0000;None;238600.0000
43407;2023-01-04 20:29:07.427000;7;1002;3;1;0.0000;1;58704.0000;None;634000.0000
43407;2023-01-04 20:29:07.427000;7;1002;3;1;0.0000;1;58704.0000;None;634000.0000
43406;2023-01-04 20:09:14.107000;7;1002;3;1;0.0000;1;35000.0000;None;378000.0000
43406;2023-01-04 20:09:14.107000;7;1002;3;1;0.0000;1;35000.0000;None;378000.0000
42517;2023-01-04 20:59:01.263000;7;1002;3;1;0.0000;1;32556.0000;None;351600.0000
13741;2023-01-04 20:24:30.203000;7;1002;3;1;0.0000;1;55315.0000;None;597400.0000
13737;2023-01-04 19:31:46.560000;7;1002;3;1;0.0000;1;56871.0000;None;614200.0000
42514;2023-01-04 19:27:08.663000;7;1002;1;1;0.0000;1;25630.0000;None;276800.0000
42513;2023-01-04 19:12:53.977000;7;1002;1;1;0.0000;1;17815.0000;None;192400.0000
42513;2023-01-04 19:12:53.977000;7;1002;1;1;0.0000;1;17815.0000;None;192400.0000
43400;2023-01-04 18:41:40.300000;7;1002;3;1;0.0000;1;38574.0000;None;416600.0000
43400;2023-01-04 18:41:40.300000;7;1002;3;1;0.0000;1;38574.0000;None;416600.0000
13733;2023-01-04 16:46:28.447000;7;1002;1;1;0.0000;1;57667.0000;None;622800.0000
13727;2023-01-04 13:17:41.357000;7;1002;1;1;0.0000;1;29130.0000;None;314600.0000
42504;2023-01-04 13:31:18.437000;7;1002;3;1;0.0000;1;49463.0000;None;534200.0000
42501;2023-01-04 12:46:28.040000;7;1002;3;1;0.0000;1;35204.0000;None;380200.0000
23213;2023-01-04 15:33:13.667000;7;1004;2;1;0.0000;1;11389.0000;None;123000.0000
43390;2023-01-04 13:05:15.047000;7;1005;1;1;0.0000;1;17407.0000;None;188000.0000
43407;2023-01-04 20:29:07.427000;7;1006;2;1;0.0000;1;58704.0000;None;634000.0000
42501;2023-01-04 12:46:28.040000;7;1006;2;1;0.0000;1;35204.0000;None;380200.0000
42501;2023-01-04 12:46:28.040000;7;1006;2;1;0.0000;1;35204.0000;None;380200.0000
43388;2023-01-04 12:14:43.753000;7;1006;2;1;0.0000;1;22630.0000;None;244400.0000
42504;2023-01-04 13:31:18.437000;7;1006;2;1;0.0000;1;49463.0000;None;534200.0000
13728;2023-01-04 13:21:15.267000;7;1006;2;1;0.0000;1;52871.0000;None;571000.0000
43395;2023-01-04 16:44:32.983000;7;1006;2;1;0.0000;1;83056.0000;None;897000.0000
43395;2023-01-04 16:44:32.983000;7;1006;2;1;0.0000;1;83056.0000;None;897000.0000
42506;2023-01-04 13:53:04.160000;7;1006;2;1;0.0000;1;39371.0000;None;425200.0000
13733;2023-01-04 16:46:28.447000;7;1006;2;1;0.0000;1;57667.0000;None;622800.0000
43397;2023-01-04 18:28:38.153000;7;1006;2;1;0.0000;1;63445.0000;None;685200.0000
43399;2023-01-04 18:46:36.890000;7;1006;2;1;0.0000;1;16574.0000;None;179000.0000
43398;2023-01-04 18:20:12.703000;7;1006;2;1;0.0000;1;15667.0000;None;169200.0000
43401;2023-01-04 19:15:02.697000;7;1006;2;1;0.0000;1;41296.0000;None;446000.0000
23207;2023-01-04 13:18:55.457000;7;1007;1;1;0.0000;1;21148.0000;None;228400.0000
43409;2023-01-04 21:00:23.553000;7;1007;1;1;0.0000;1;27648.0000;None;298600.0000
23221;2023-01-04 20:53:51.177000;7;1011;1;1;0.0000;1;32630.0000;None;352400.0000
43410;2023-01-04 21:50:52.063000;7;1011;1;1;0.0000;1;21111.0000;None;228000.0000
42522;2023-01-04 22:17:09.860000;7;1011;1;1;0.0000;1;38741.0000;None;418400.0000
43406;2023-01-04 20:17:22.227000;7;1011;1;1;0.0000;1;35000.0000;None;378000.0000
42504;2023-01-04 13:11:41.777000;7;1011;1;1;None;1;49463.0000;None;534200.0000
23206;2023-01-04 12:46:53.837000;7;1011;1;1;0.0000;1;20852.0000;None;225200.0000
13730;2023-01-04 13:22:33.730000;7;1011;1;1;0.0000;1;40982.0000;None;442600.0000
13732;2023-01-04 15:01:19.637000;7;1011;1;1;None;1;21000.0000;None;226800.0000
43395;2023-01-04 16:44:32.983000;7;1011;1;1;0.0000;1;83056.0000;None;897000.0000
43395;2023-01-04 16:01:24.953000;7;1011;1;1;0.0000;1;83056.0000;None;897000.0000
43394;2023-01-04 16:01:07.127000;7;1011;1;1;0.0000;1;27926.0000;None;301600.0000
23212;2023-01-04 14:57:55.100000;7;1011;1;1;0.0000;1;36519.0000;None;394400.0000
23212;2023-01-04 14:57:55.100000;7;1011;1;1;0.0000;1;36519.0000;None;394400.0000
13736;2023-01-04 18:54:48.697000;7;1011;1;1;0.0000;1;35871.0000;None;387400.0000
13735;2023-01-04 18:45:49.343000;7;1011;1;1;0.0000;1;45352.0000;None;489800.0000
13735;2023-01-04 19:23:49.183000;7;1011;1;1;0.0000;1;45352.0000;None;489800.0000
42509;2023-01-04 19:36:25.290000;7;1011;1;1;0.0000;1;27945.0000;None;301800.0000
23217;2023-01-04 19:27:43.777000;7;1011;1;1;0.0000;1;20111.0000;None;217200.0000
23217;2023-01-04 19:21:02.990000;7;1011;1;1;0.0000;1;20111.0000;None;217200.0000
43402;2023-01-04 19:35:37.797000;7;1011;1;1;0.0000;1;49371.0000;None;533200.0000
13739;2023-01-04 21:28:12.747000;7;1011;1;1;0.0000;1;56500.0000;None;610200.0000
13739;2023-01-04 20:43:29.807000;7;1011;1;1;0.0000;1;56500.0000;None;610200.0000
13739;2023-01-04 20:43:29.807000;7;1011;1;1;0.0000;1;56500.0000;None;610200.0000
43402;2023-01-04 20:14:05.520000;7;1011;1;1;0.0000;1;49371.0000;None;533200.0000
43405;2023-01-04 21:06:47.007000;7;1011;1;1;0.0000;1;59834.0000;None;646200.0000
43405;2023-01-04 21:06:47.007000;7;1011;1;1;0.0000;1;59834.0000;None;646200.0000
43404;2023-01-04 19:57:44.483000;7;1011;1;1;0.0000;1;20389.0000;None;220200.0000
42516;2023-01-04 19:44:47.180000;7;1011;1;1;0.0000;1;20222.0000;None;218400.0000
43395;2023-01-04 16:01:24.953000;7;1018;1;1;0.0000;1;83056.0000;None;897000.0000
23206;2023-01-04 12:56:45.027000;7;1051;1;1;0.0000;1;20852.0000;None;225200.0000
23206;2023-01-04 12:56:45.027000;7;1053;1;1;0.0000;1;20852.0000;None;225200.0000
43405;2023-01-04 21:08:37.987000;7;1053;1;1;0.0000;1;59834.0000;None;646200.0000
42506;2023-01-04 13:53:04.160000;7;1069;1;1;0.0000;1;39371.0000;None;425200.0000
42505;2023-01-04 13:17:05.773000;7;1077;1;1;0.0000;1;11204.0000;None;121000.0000
42508;2023-01-04 18:13:24.403000;7;1077;1;1;0.0000;1;15389.0000;None;166200.0000
23207;2023-01-04 13:18:55.457000;7;1079;1;1;0.0000;1;21148.0000;None;228400.0000
23219;2023-01-04 20:20:36.683000;7;1079;1;1;0.0000;1;15796.0000;None;170600.0000
42519;2023-01-04 20:38:20.507000;7;1100;1;1;0.0000;1;77815.0000;None;840400.0000
42506;2023-01-04 13:53:04.160000;7;1100;1;1;0.0000;1;39371.0000;None;425200.0000
43405;2023-01-04 21:06:47.007000;7;1100;1;1;None;1;59834.0000;None;646200.0000
43405;2023-01-04 21:18:03.287000;7;1100;1;-1;0.0000;1;59834.0000;None;646200.0000
13740;2023-01-04 19:56:21.133000;7;1101;1;1;0.0000;1;12519.0000;None;135200.0000
13740;2023-01-04 19:56:21.133000;7;1101;1;1;0.0000;1;12519.0000;None;135200.0000
42506;2023-01-04 13:53:04.160000;7;1102;1;1;0.0000;1;39371.0000;None;425200.0000
42507;2023-01-04 13:52:56.597000;7;1129;1;1;0.0000;1;29408.0000;None;317600.0000
42507;2023-01-04 13:52:56.597000;7;1129;1;1;0.0000;1;29408.0000;None;317600.0000
23220;2023-01-04 20:34:46.817000;7;1135;1;1;0.0000;1;22093.0000;None;238600.0000
43409;2023-01-04 21:52:43.017000;7;1135;1;1;0.0000;1;27648.0000;None;298600.0000
43392;2023-01-04 13:48:04.213000;7;1135;1;1;0.0000;1;32426.0000;None;350200.0000
13731;2023-01-04 13:40:57.077000;7;1135;1;1;0.0000;1;42445.0000;None;458400.0000
13731;2023-01-04 14:17:52.187000;7;1135;1;1;None;1;42445.0000;None;458400.0000
42506;2023-01-04 13:53:04.160000;7;1135;1;1;0.0000;1;39371.0000;None;425200.0000
43395;2023-01-04 16:44:32.983000;7;1135;1;1;0.0000;1;83056.0000;None;897000.0000
43395;2023-01-04 16:44:32.983000;7;1135;1;1;0.0000;1;83056.0000;None;897000.0000
23207;2023-01-04 13:18:55.457000;7;1135;1;1;0.0000;1;21148.0000;None;228400.0000
13727;2023-01-04 13:17:41.357000;7;1135;1;1;0.0000;1;29130.0000;None;314600.0000
42504;2023-01-04 13:11:41.777000;7;1135;1;1;None;1;49463.0000;None;534200.0000
43389;2023-01-04 13:32:03.057000;7;1135;1;1;0.0000;1;20556.0000;None;222000.0000
23218;2023-01-04 21:11:40.533000;7;1135;1;1;0.0000;1;47704.0000;None;515200.0000
42508;2023-01-04 18:13:24.403000;7;1135;1;1;0.0000;1;15389.0000;None;166200.0000
43397;2023-01-04 18:51:19.887000;7;1135;1;1;0.0000;1;63445.0000;None;685200.0000
13736;2023-01-04 19:14:18.583000;7;1135;1;1;0.0000;1;35871.0000;None;387400.0000
43401;2023-01-04 19:15:02.697000;7;1135;1;1;0.0000;1;41296.0000;None;446000.0000
42508;2023-01-04 18:13:24.403000;7;1187;1;1;0.0000;1;15389.0000;None;166200.0000
43393;2023-01-04 14:45:39.233000;7;1187;1;1;0.0000;1;80500.0000;None;869400.0000
13733;2023-01-04 16:46:28.447000;7;1205;1;1;0.0000;1;57667.0000;None;622800.0000
42509;2023-01-04 19:01:42.020000;7;1207;1;1;0.0000;1;27945.0000;None;301800.0000
13736;2023-01-04 18:51:56.267000;7;1207;1;1;0.0000;1;35871.0000;None;387400.0000
43403;2023-01-04 19:48:32.040000;7;1207;1;1;0.0000;1;44593.0000;None;481600.0000
42517;2023-01-04 22:02:40.633000;7;1207;1;1;0.0000;1;32556.0000;None;351600.0000
42515;2023-01-04 20:09:49.580000;7;1207;1;1;0.0000;1;82130.0000;None;887000.0000
43394;2023-01-04 15:41:01.917000;7;1207;1;1;0.0000;1;27926.0000;None;301600.0000
42504;2023-01-04 13:52:56.887000;7;1207;1;1;0.0000;1;49463.0000;None;534200.0000
43408;2023-01-04 21:13:50.540000;7;1207;1;1;0.0000;1;32556.0000;None;351600.0000
42519;2023-01-04 20:27:18.637000;7;1207;1;1;0.0000;1;77815.0000;None;840400.0000
13726;2023-01-04 12:40:08.130000;7;1213;1;1;0.0000;1;26093.0000;None;281800.0000
13731;2023-01-04 13:40:57.077000;7;1213;1;1;0.0000;1;42445.0000;None;458400.0000
13737;2023-01-04 19:31:46.560000;7;1213;1;1;0.0000;1;56871.0000;None;614200.0000
13741;2023-01-04 20:24:30.203000;7;1213;1;1;0.0000;1;55315.0000;None;597400.0000
43405;2023-01-04 20:30:31.263000;7;1213;1;1;0.0000;1;59834.0000;None;646200.0000
13740;2023-01-04 19:56:21.133000;7;1213;1;1;0.0000;1;12519.0000;None;135200.0000
43401;2023-01-04 19:15:02.697000;7;1213;1;1;0.0000;1;41296.0000;None;446000.0000
42509;2023-01-04 19:36:25.290000;7;1213;1;1;0.0000;1;27945.0000;None;301800.0000
13741;2023-01-04 20:52:48.053000;7;1214;1;1;None;1;55315.0000;None;597400.0000
13741;2023-01-04 20:52:48.053000;7;1214;1;1;None;1;55315.0000;None;597400.0000
13741;2023-01-04 20:24:30.203000;7;1214;1;1;0.0000;1;55315.0000;None;597400.0000
13741;2023-01-04 20:24:30.203000;7;1214;1;1;0.0000;1;55315.0000;None;597400.0000
13729;2023-01-04 13:09:54.170000;7;1214;1;1;0.0000;1;29556.0000;None;319200.0000
13728;2023-01-04 13:12:39.220000;7;1214;1;1;0.0000;1;52871.0000;None;571000.0000
13728;2023-01-04 13:47:12.447000;7;1220;1;1;None;1;52871.0000;None;571000.0000
13728;2023-01-04 13:48:18.040000;7;1220;1;1;0.0000;1;52871.0000;None;571000.0000
13728;2023-01-04 13:48:18.040000;7;1220;1;1;0.0000;1;52871.0000;None;571000.0000
43391;2023-01-04 13:33:53.727000;7;1220;1;1;0.0000;1;16741.0000;None;180800.0000
43391;2023-01-04 13:33:53.727000;7;1220;1;1;0.0000;1;16741.0000;None;180800.0000
23207;2023-01-04 13:40:12.260000;7;1220;1;1;0.0000;1;21148.0000;None;228400.0000
13726;2023-01-04 13:05:35.170000;7;1220;1;1;None;1;26093.0000;None;281800.0000
13726;2023-01-04 13:05:35.170000;7;1220;1;1;None;1;26093.0000;None;281800.0000
23206;2023-01-04 12:56:45.027000;7;1220;1;1;0.0000;1;20852.0000;None;225200.0000
23206;2023-01-04 12:56:45.027000;7;1220;1;1;0.0000;1;20852.0000;None;225200.0000
43390;2023-01-04 13:23:58.533000;7;1220;1;1;0.0000;1;17407.0000;None;188000.0000
43390;2023-01-04 13:23:58.533000;7;1220;1;1;0.0000;1;17407.0000;None;188000.0000
43388;2023-01-04 12:39:03.570000;7;1220;1;1;0.0000;1;22630.0000;None;244400.0000
13731;2023-01-04 14:08:42.343000;7;1220;1;1;0.0000;1;42445.0000;None;458400.0000
13731;2023-01-04 14:08:42.343000;7;1220;1;1;0.0000;1;42445.0000;None;458400.0000
42507;2023-01-04 14:09:33.420000;7;1220;1;1;0.0000;1;29408.0000;None;317600.0000
42507;2023-01-04 14:09:33.420000;7;1220;1;1;0.0000;1;29408.0000;None;317600.0000
23212;2023-01-04 15:09:51.093000;7;1220;1;1;0.0000;1;36519.0000;None;394400.0000
43393;2023-01-04 15:23:31.273000;7;1220;1;1;0.0000;1;80500.0000;None;869400.0000
23214;2023-01-04 16:48:58.470000;7;1220;1;1;0.0000;1;30333.0000;None;327600.0000
23214;2023-01-04 16:48:58.470000;7;1220;1;1;0.0000;1;30333.0000;None;327600.0000
43394;2023-01-04 16:22:09.157000;7;1220;1;1;0.0000;1;27926.0000;None;301600.0000
13741;2023-01-04 20:52:48.053000;7;1220;1;1;None;1;55315.0000;None;597400.0000
13740;2023-01-04 20:42:33.200000;7;1220;1;1;0.0000;1;12519.0000;None;135200.0000
13740;2023-01-04 20:42:33.200000;7;1220;1;1;0.0000;1;12519.0000;None;135200.0000
23218;2023-01-04 20:22:13.060000;7;1220;1;1;0.0000;1;47704.0000;None;515200.0000
23217;2023-01-04 19:48:34.043000;7;1220;1;1;0.0000;1;20111.0000;None;217200.0000
13737;2023-01-04 19:57:28.240000;7;1220;1;1;0.0000;1;56871.0000;None;614200.0000
13737;2023-01-04 19:57:28.240000;7;1220;1;1;0.0000;1;56871.0000;None;614200.0000
42510;2023-01-04 19:04:58.583000;7;1220;1;1;0.0000;1;11870.0000;None;128200.0000
42510;2023-01-04 19:04:58.583000;7;1220;1;1;0.0000;1;11870.0000;None;128200.0000
13733;2023-01-04 17:21:14.863000;7;1220;1;1;0.0000;1;57667.0000;None;622800.0000
13736;2023-01-04 19:25:51.223000;7;1220;1;1;0.0000;1;35871.0000;None;387400.0000
42511;2023-01-04 19:07:14.287000;7;1220;1;1;0.0000;1;21870.0000;None;236200.0000
42519;2023-01-04 20:51:52.853000;7;1220;1;1;0.0000;1;77815.0000;None;840400.0000
42519;2023-01-04 20:51:52.853000;7;1220;1;1;0.0000;1;77815.0000;None;840400.0000
43407;2023-01-04 20:48:54.030000;7;1220;1;1;0.0000;1;58704.0000;None;634000.0000
43407;2023-01-04 20:48:54.030000;7;1220;1;1;0.0000;1;58704.0000;None;634000.0000
43406;2023-01-04 20:46:52.170000;7;1220;1;1;None;1;35000.0000;None;378000.0000
23221;2023-01-04 21:12:21.737000;7;1220;1;1;0.0000;1;32630.0000;None;352400.0000
13744;2023-01-04 21:33:31.283000;7;1220;1;1;0.0000;1;17185.0000;None;185600.0000
13744;2023-01-04 21:33:31.283000;7;1220;1;1;0.0000;1;17185.0000;None;185600.0000
13744;2023-01-04 21:33:31.283000;7;1220;1;1;0.0000;1;17185.0000;None;185600.0000
43394;2023-01-04 16:28:50.187000;7;1247;1;1;0.0000;1;27926.0000;None;301600.0000
13728;2023-01-04 14:15:47.093000;7;1247;1;1;0.0000;1;52871.0000;None;571000.0000
42504;2023-01-04 13:31:18.437000;7;1302;1;1;0.0000;1;49463.0000;None;534200.0000
42500;2023-01-04 12:19:44.713000;7;1302;1;1;0.0000;1;35315.0000;None;381400.0000
43395;2023-01-04 16:44:32.983000;7;1302;1;1;0.0000;1;83056.0000;None;897000.0000
43409;2023-01-04 20:44:57.760000;7;2002;1;1;0.0000;1;27648.0000;None;298600.0000
43407;2023-01-04 20:11:06.463000;7;2002;1;2;0.0000;1;58704.0000;None;634000.0000
43407;2023-01-04 20:29:07.427000;7;2002;1;1;0.0000;1;58704.0000;None;634000.0000
43392;2023-01-04 13:44:57.340000;7;2002;1;1;0.0000;1;32426.0000;None;350200.0000
43389;2023-01-04 12:48:35.377000;7;2002;1;1;0.0000;1;20556.0000;None;222000.0000
43389;2023-01-04 12:48:35.407000;7;2002;1;1;0.0000;1;20556.0000;None;222000.0000
23216;2023-01-04 19:15:37.663000;7;2002;1;1;0.0000;1;110741.0000;None;1196000.0000
23216;2023-01-04 19:21:29.937000;7;2002;1;1;0.0000;1;110741.0000;None;1196000.0000
23216;2023-01-04 19:21:29.937000;7;2002;1;1;0.0000;1;110741.0000;None;1196000.0000
23216;2023-01-04 19:21:29.937000;7;2002;1;1;0.0000;1;110741.0000;None;1196000.0000
23216;2023-01-04 19:21:29.937000;7;2002;1;1;0.0000;1;110741.0000;None;1196000.0000
43403;2023-01-04 20:38:55.307000;7;2002;1;1;0.0000;1;44593.0000;None;481600.0000
13733;2023-01-04 17:24:19.700000;7;2006;1;1;0.0000;1;57667.0000;None;622800.0000
42504;2023-01-04 12:52:13.020000;7;2006;1;1;0.0000;1;49463.0000;None;534200.0000
23212;2023-01-04 14:57:55.100000;7;2006;1;1;0.0000;1;36519.0000;None;394400.0000
42519;2023-01-04 20:27:18.637000;7;2006;1;1;0.0000;1;77815.0000;None;840400.0000
23220;2023-01-04 20:29:27.730000;7;2006;1;1;0.0000;1;22093.0000;None;238600.0000
43407;2023-01-04 20:11:06.463000;7;2008;1;2;0.0000;1;58704.0000;None;634000.0000
42522;2023-01-04 20:30:27.330000;7;2008;1;3;0.0000;1;38741.0000;None;418400.0000
42522;2023-01-04 22:56:37.363000;7;2008;1;-3;0.0000;1;38741.0000;None;418400.0000
23210;2023-01-04 14:21:25.547000;7;2008;1;1;0.0000;1;19574.0000;None;211400.0000
23210;2023-01-04 14:21:25.547000;7;2008;1;1;0.0000;1;19574.0000;None;211400.0000
13727;2023-01-04 13:01:16.750000;7;2008;1;2;0.0000;1;29130.0000;None;314600.0000
13727;2023-01-04 13:01:16.750000;7;2008;1;2;0.0000;1;29130.0000;None;314600.0000
42505;2023-01-04 13:17:05.773000;7;2008;1;1;0.0000;1;11204.0000;None;121000.0000
42505;2023-01-04 13:17:05.773000;7;2008;1;1;0.0000;1;11204.0000;None;121000.0000
13734;2023-01-04 16:47:14.047000;7;2008;1;1;0.0000;1;None;None;379800.0000
13734;2023-01-04 16:47:14.047000;7;2008;1;1;0.0000;1;None;None;379800.0000
43397;2023-01-04 18:28:38.153000;7;2008;1;1;0.0000;1;63445.0000;None;685200.0000
23216;2023-01-04 19:21:29.937000;7;2008;1;7;0.0000;1;110741.0000;None;1196000.0000
23216;2023-01-04 19:15:37.663000;7;2008;1;6;0.0000;1;110741.0000;None;1196000.0000
42517;2023-01-04 20:07:59.087000;7;2008;1;2;0.0000;1;32556.0000;None;351600.0000
13737;2023-01-04 19:31:46.560000;7;2008;1;3;0.0000;1;56871.0000;None;614200.0000
13737;2023-01-04 20:50:52.447000;7;2008;1;4;0.0000;1;56871.0000;None;614200.0000
42515;2023-01-04 20:13:13.520000;7;2008;1;5;0.0000;1;82130.0000;None;887000.0000
23209;2023-01-04 13:19:27.057000;7;2009;1;1;0.0000;1;25408.0000;None;274400.0000
13744;2023-01-04 21:02:58.003000;7;2036;1;1;0.0000;1;17185.0000;None;185600.0000
13728;2023-01-04 14:07:49.417000;7;2036;1;1;0.0000;1;52871.0000;None;571000.0000
13731;2023-01-04 13:27:37.700000;7;2036;1;1;0.0000;1;42445.0000;None;458400.0000
13737;2023-01-04 19:19:55.127000;7;2036;1;1;0.0000;1;56871.0000;None;614200.0000
42513;2023-01-04 20:24:49.220000;7;2042;1;1;0.0000;1;17815.0000;None;192400.0000
42514;2023-01-04 19:17:01.543000;7;2042;1;1;0.0000;1;25630.0000;None;276800.0000
42514;2023-01-04 19:17:01.543000;7;2042;1;1;0.0000;1;25630.0000;None;276800.0000
43402;2023-01-04 19:25:46.463000;7;2042;1;1;0.0000;1;49371.0000;None;533200.0000
42516;2023-01-04 19:44:47.180000;7;2042;1;1;0.0000;1;20222.0000;None;218400.0000
23215;2023-01-04 19:14:24.980000;7;2042;1;1;0.0000;1;14685.0000;None;158600.0000
42513;2023-01-04 19:12:53.977000;7;2042;1;2;0.0000;1;17815.0000;None;192400.0000
42513;2023-01-04 19:12:53.977000;7;2042;1;2;0.0000;1;17815.0000;None;192400.0000
13735;2023-01-04 19:24:22.127000;7;2042;1;1;0.0000;1;45352.0000;None;489800.0000
43397;2023-01-04 18:28:38.153000;7;2042;1;1;0.0000;1;63445.0000;None;685200.0000
13733;2023-01-04 16:46:28.447000;7;2042;1;1;0.0000;1;57667.0000;None;622800.0000
13730;2023-01-04 13:54:35.507000;7;2042;1;1;0.0000;1;40982.0000;None;442600.0000
42506;2023-01-04 13:25:19.300000;7;2042;1;1;0.0000;1;39371.0000;None;425200.0000
42506;2023-01-04 13:25:19.300000;7;2042;1;1;0.0000;1;39371.0000;None;425200.0000
43395;2023-01-04 16:34:49.437000;7;2042;1;1;None;1;83056.0000;None;897000.0000
43395;2023-01-04 15:55:12.407000;7;2042;1;1;0.0000;1;83056.0000;None;897000.0000
23209;2023-01-04 13:19:27.057000;7;2042;1;1;0.0000;1;25408.0000;None;274400.0000
13727;2023-01-04 13:01:16.750000;7;2042;1;1;0.0000;1;29130.0000;None;314600.0000
42504;2023-01-04 12:52:13.020000;7;2042;1;1;0.0000;1;49463.0000;None;534200.0000
42504;2023-01-04 12:52:13.020000;7;2042;1;1;0.0000;1;49463.0000;None;534200.0000
23206;2023-01-04 12:42:27.853000;7;2042;1;1;0.0000;1;20852.0000;None;225200.0000
23206;2023-01-04 12:42:27.853000;7;2042;1;1;0.0000;1;20852.0000;None;225200.0000
43388;2023-01-04 12:14:07.543000;7;2042;1;1;0.0000;1;22630.0000;None;244400.0000
43388;2023-01-04 12:14:07.543000;7;2042;1;1;0.0000;1;22630.0000;None;244400.0000
43388;2023-01-04 12:14:07.543000;7;2042;1;1;0.0000;1;22630.0000;None;244400.0000
23221;2023-01-04 21:24:33.790000;7;2042;1;1;0.0000;1;32630.0000;None;352400.0000
23221;2023-01-04 21:24:33.790000;7;2042;1;1;0.0000;1;32630.0000;None;352400.0000
23220;2023-01-04 20:29:27.730000;7;2042;1;1;0.0000;1;22093.0000;None;238600.0000
23212;2023-01-04 14:57:55.100000;7;2045;1;1;0.0000;1;36519.0000;None;394400.0000
13734;2023-01-04 16:47:14.047000;7;2046;1;1;0.0000;1;None;None;379800.0000
23219;2023-01-04 20:20:36.683000;7;2046;1;1;0.0000;1;15796.0000;None;170600.0000
43401;2023-01-04 19:14:25.320000;7;2047;1;3;0.0000;1;41296.0000;None;446000.0000
42513;2023-01-04 19:12:53.977000;7;2047;1;2;0.0000;1;17815.0000;None;192400.0000
23217;2023-01-04 19:21:02.990000;7;2047;1;2;0.0000;1;20111.0000;None;217200.0000
43405;2023-01-04 20:36:03.250000;7;2050;1;1;0.0000;1;59834.0000;None;646200.0000
23213;2023-01-04 15:24:49.563000;7;2050;1;2;0.0000;1;11389.0000;None;123000.0000
13731;2023-01-04 13:27:37.700000;7;2050;1;1;0.0000;1;42445.0000;None;458400.0000
43391;2023-01-04 13:00:39.010000;7;2050;1;1;0.0000;1;16741.0000;None;180800.0000
13744;2023-01-04 21:02:58.003000;7;2050;1;1;0.0000;1;17185.0000;None;185600.0000
42510;2023-01-04 19:50:41.970000;7;2057;1;1;0.0000;1;11870.0000;None;128200.0000
13740;2023-01-04 19:55:15.510000;7;2072;1;1;0.0000;1;12519.0000;None;135200.0000
23209;2023-01-04 13:19:27.057000;7;2072;1;1;0.0000;1;25408.0000;None;274400.0000
43388;2023-01-04 12:14:07.543000;7;2072;1;1;0.0000;1;22630.0000;None;244400.0000
42504;2023-01-04 13:04:13.440000;7;2072;1;1;0.0000;1;49463.0000;None;534200.0000
13730;2023-01-04 13:22:33.730000;7;2072;1;1;0.0000;1;40982.0000;None;442600.0000
42506;2023-01-04 13:25:19.300000;7;2077;1;1;0.0000;1;39371.0000;None;425200.0000
42506;2023-01-04 13:25:19.300000;7;2077;1;1;0.0000;1;39371.0000;None;425200.0000
13732;2023-01-04 16:18:52.067000;7;2077;1;1;0.0000;1;21000.0000;None;226800.0000
43405;2023-01-04 20:36:03.250000;7;2077;1;1;0.0000;1;59834.0000;None;646200.0000
42516;2023-01-04 19:44:47.180000;7;2077;1;1;0.0000;1;20222.0000;None;218400.0000
42517;2023-01-04 22:02:40.633000;3;100596;1;1;5800.0000;1;32556.0000;None;351600.0000
42517;2023-01-04 22:07:36.710000;3;100596;1;1;5800.0000;1;32556.0000;None;351600.0000
23216;2023-01-04 20:50:30.637000;3;100596;1;1;5800.0000;1;110741.0000;None;1196000.0000
23216;2023-01-04 20:50:30.637000;3;100596;1;1;5800.0000;1;110741.0000;None;1196000.0000
23210;2023-01-04 14:58:27.287000;3;100596;1;1;5800.0000;1;19574.0000;None;211400.0000
13731;44930,6238657407;3;100596;1;1;5800.0000;1;42445.0000;None;458400.0000
42501;2023-01-04 13:14:35.747000;3;100596;1;1;5800.0000;1;35204.0000;None;380200.0000
43408;2023-01-04 22:06:33.400000;3;100596;1;1;5800.0000;1;32556.0000;None;351600.0000
43408;2023-01-04 22:06:33.400000;3;100596;1;1;5800.0000;1;32556.0000;None;351600.0000
23209;2023-01-04 13:19:27.057000;3;100606;1;1;6800.0000;1;25408.0000;None;274400.0000
42504;2023-01-04 14:18:13.703000;3;100606;1;1;6800.0000;1;49463.0000;None;534200.0000
43393;2023-01-04 16:04:13.953000;3;100606;1;1;6800.0000;1;80500.0000;None;869400.0000
42509;2023-01-04 20:17:38.477000;3;100606;1;1;6800.0000;1;27945.0000;None;301800.0000
42509;2023-01-04 20:17:38.477000;3;100606;1;1;6800.0000;1;27945.0000;None;301800.0000
42513;2023-01-04 20:24:49.220000;3;100606;1;1;6800.0000;1;17815.0000;None;192400.0000
42520;2023-01-04 21:25:45.990000;3;100613;1;1;5800.0000;1;29982.0000;None;323800.0000
23216;2023-01-04 20:50:30.637000;3;100613;1;1;5800.0000;1;110741.0000;None;1196000.0000
42505;2023-01-04 13:42:10.093000;3;100613;1;1;5800.0000;1;11204.0000;None;121000.0000
42504;2023-01-04 14:18:13.703000;3;100614;1;1;5800.0000;1;49463.0000;None;534200.0000
13727;2023-01-04 14:02:27.107000;3;100614;1;1;5800.0000;1;29130.0000;None;314600.0000
23206;2023-01-04 13:34:27.467000;3;100614;1;1;5800.0000;1;20852.0000;None;225200.0000
23206;2023-01-04 13:34:27.467000;3;100614;1;1;5800.0000;1;20852.0000;None;225200.0000
43393;2023-01-04 16:04:13.953000;3;100614;1;1;5800.0000;1;80500.0000;None;869400.0000
43393;2023-01-04 16:04:13.953000;3;100614;1;1;5800.0000;1;80500.0000;None;869400.0000
43393;2023-01-04 16:04:13.953000;3;100614;1;1;5800.0000;1;80500.0000;None;869400.0000
43393;2023-01-04 16:04:13.953000;3;100614;1;1;5800.0000;1;80500.0000;None;869400.0000
23212;2023-01-04 15:00:55.137000;3;100614;1;1;5800.0000;1;36519.0000;None;394400.0000
23212;2023-01-04 15:46:17.633000;3;100614;1;2;11600.0000;1;36519.0000;None;394400.0000
13731;44930,6238657407;3;100614;1;1;5800.0000;1;42445.0000;None;458400.0000
13731;44930,6238657407;3;100614;1;1;5800.0000;1;42445.0000;None;458400.0000
23210;2023-01-04 14:58:27.287000;3;100614;1;1;5800.0000;1;19574.0000;None;211400.0000
13730;2023-01-04 14:28:40.613000;3;100614;1;1;5800.0000;1;40982.0000;None;442600.0000
42506;2023-01-04 14:46:00.063000;3;100614;1;1;5800.0000;1;39371.0000;None;425200.0000
42506;2023-01-04 14:46:00.063000;3;100614;1;1;5800.0000;1;39371.0000;None;425200.0000
42506;2023-01-04 14:46:00.063000;3;100614;1;1;5800.0000;1;39371.0000;None;425200.0000
23216;2023-01-04 20:50:30.637000;3;100614;1;1;5800.0000;1;110741.0000;None;1196000.0000
23216;2023-01-04 20:50:30.637000;3;100614;1;1;5800.0000;1;110741.0000;None;1196000.0000
23216;2023-01-04 20:50:30.637000;3;100614;1;1;5800.0000;1;110741.0000;None;1196000.0000
43407;2023-01-04 21:26:38.333000;3;100614;1;1;5800.0000;1;58704.0000;None;634000.0000
42520;2023-01-04 21:25:45.990000;3;100999;1;1;5800.0000;1;29982.0000;None;323800.0000
43397;2023-01-04 19:42:04.367000;3;100999;1;1;5800.0000;1;63445.0000;None;685200.0000
13733;2023-01-04 17:06:47.313000;3;100999;1;2;11600.0000;1;57667.0000;None;622800.0000
13733;2023-01-04 17:10:14.073000;3;100999;1;1;5800.0000;1;57667.0000;None;622800.0000
13733;2023-01-04 16:46:28.447000;3;100999;1;4;23200.0000;1;57667.0000;None;622800.0000
43395;2023-01-04 17:29:17.887000;3;100999;1;1;5800.0000;1;83056.0000;None;897000.0000
43395;2023-01-04 17:29:17.887000;3;100999;1;1;5800.0000;1;83056.0000;None;897000.0000
43395;2023-01-04 16:44:32.983000;1;101007;1;1;83800.0000;1;83056.0000;None;897000.0000
13727;2023-01-04 13:17:41.357000;1;101007;1;1;83800.0000;1;29130.0000;None;314600.0000
23209;2023-01-04 13:20:03.300000;1;101007;1;1;83800.0000;1;25408.0000;None;274400.0000
42510;2023-01-04 18:50:16.843000;1;101007;1;1;83800.0000;1;11870.0000;None;128200.0000
43401;2023-01-04 19:32:57.307000;1;101007;1;1;83800.0000;1;41296.0000;None;446000.0000
43409;2023-01-04 20:44:57.760000;2;101080;1;1;24800.0000;1;27648.0000;None;298600.0000
43410;2023-01-04 21:50:52.063000;2;101327;1;1;38800.0000;1;21111.0000;None;228000.0000
43410;2023-01-04 22:14:58.647000;2;101327;1;-1;-38800.0000;1;21111.0000;None;228000.0000
42519;2023-01-04 20:27:18.637000;2;101327;1;1;38800.0000;1;77815.0000;None;840400.0000
42515;2023-01-04 19:23:44.337000;2;101353;1;1;12800.0000;1;82130.0000;None;887000.0000
42515;2023-01-04 19:23:44.337000;2;101353;1;1;12800.0000;1;82130.0000;None;887000.0000
23218;2023-01-04 20:05:01.180000;1;101370;1;1;146800.0000;1;47704.0000;None;515200.0000
43400;2023-01-04 18:41:40.300000;1;101370;1;1;146800.0000;1;38574.0000;None;416600.0000
23220;2023-01-04 20:34:46.817000;1;101433;1;1;0.0000;1;22093.0000;None;238600.0000
42513;2023-01-04 19:12:53.977000;1;101433;1;1;0.0000;1;17815.0000;None;192400.0000
13727;2023-01-04 13:17:41.357000;1;101433;1;1;0.0000;1;29130.0000;None;314600.0000
23215;2023-01-04 19:14:24.980000;6;101475;1;1;0.0000;1;14685.0000;None;158600.0000
43398;2023-01-04 18:20:12.703000;1;101522;1;1;0.0000;1;15667.0000;None;169200.0000
13733;2023-01-04 16:46:28.447000;1;101522;1;1;0.0000;1;57667.0000;None;622800.0000
43390;2023-01-04 13:05:15.047000;1;101522;1;1;0.0000;1;17407.0000;None;188000.0000
42519;2023-01-04 20:38:20.507000;1;101522;1;1;0.0000;1;77815.0000;None;840400.0000
23213;2023-01-04 15:33:13.667000;1;101552;1;1;0.0000;1;11389.0000;None;123000.0000
42513;2023-01-04 19:12:53.977000;1;101552;1;1;0.0000;1;17815.0000;None;192400.0000
42512;2023-01-04 19:10:12.300000;3;101641;1;1;0.0000;1;7926.0000;None;85600.0000
23216;2023-01-04 19:15:37.663000;3;101641;1;1;0.0000;1;110741.0000;None;1196000.0000
23216;2023-01-04 19:21:29.937000;3;101641;1;1;0.0000;1;110741.0000;None;1196000.0000
23216;2023-01-04 19:21:29.937000;3;101641;1;1;0.0000;1;110741.0000;None;1196000.0000
43398;2023-01-04 18:20:12.703000;3;101641;1;1;0.0000;1;15667.0000;None;169200.0000
42510;2023-01-04 18:42:28.283000;3;101641;1;1;0.0000;1;11870.0000;None;128200.0000
43399;2023-01-04 19:21:38.507000;3;101641;1;1;0.0000;1;16574.0000;None;179000.0000
43403;2023-01-04 20:38:55.307000;3;101641;1;1;0.0000;1;44593.0000;None;481600.0000
13737;2023-01-04 21:12:57.583000;3;101641;1;1;0.0000;1;56871.0000;None;614200.0000
13739;2023-01-04 19:33:49.533000;3;101641;1;1;0.0000;1;56500.0000;None;610200.0000
13739;2023-01-04 19:33:49.533000;3;101641;1;1;0.0000;1;56500.0000;None;610200.0000
13739;2023-01-04 20:43:29.807000;3;101641;1;1;0.0000;1;56500.0000;None;610200.0000
13739;2023-01-04 20:43:29.807000;3;101641;1;1;0.0000;1;56500.0000;None;610200.0000
42515;2023-01-04 20:26:00.337000;3;101641;1;1;0.0000;1;82130.0000;None;887000.0000
42515;2023-01-04 20:26:00.337000;3;101641;1;1;0.0000;1;82130.0000;None;887000.0000
23213;2023-01-04 15:24:49.563000;3;101641;1;2;0.0000;1;11389.0000;None;123000.0000
23209;2023-01-04 13:19:27.057000;3;101641;1;1;0.0000;1;25408.0000;None;274400.0000
23210;2023-01-04 14:21:25.547000;3;101641;1;1;0.0000;1;19574.0000;None;211400.0000
23210;2023-01-04 14:21:25.547000;3;101641;1;1;0.0000;1;19574.0000;None;211400.0000
43392;2023-01-04 13:44:57.340000;3;101641;1;1;0.0000;1;32426.0000;None;350200.0000
42501;2023-01-04 12:50:28.087000;3;101641;1;1;0.0000;1;35204.0000;None;380200.0000
13726;2023-01-04 12:40:08.130000;3;101641;1;1;0.0000;1;26093.0000;None;281800.0000
43388;2023-01-04 12:14:07.543000;3;101641;1;1;0.0000;1;22630.0000;None;244400.0000
43388;2023-01-04 12:14:07.543000;3;101641;1;1;0.0000;1;22630.0000;None;244400.0000
42501;2023-01-04 12:32:52.710000;3;101641;1;1;0.0000;1;35204.0000;None;380200.0000
43391;2023-01-04 13:00:39.010000;3;101641;1;1;0.0000;1;16741.0000;None;180800.0000
13729;2023-01-04 13:21:25.847000;3;101641;1;1;0.0000;1;29556.0000;None;319200.0000
13728;2023-01-04 13:08:01.200000;3;101641;1;1;0.0000;1;52871.0000;None;571000.0000
13728;2023-01-04 13:08:01.200000;3;101641;1;1;0.0000;1;52871.0000;None;571000.0000
43407;2023-01-04 20:29:07.427000;3;101641;1;1;0.0000;1;58704.0000;None;634000.0000
13742;2023-01-04 20:19:34.963000;3;101641;1;1;0.0000;1;10944.0000;None;118200.0000
43407;2023-01-04 20:11:06.463000;3;101641;1;2;0.0000;1;58704.0000;None;634000.0000
43406;2023-01-04 20:09:14.107000;3;101641;1;1;0.0000;1;35000.0000;None;378000.0000
43409;2023-01-04 20:44:57.760000;3;101641;1;1;0.0000;1;27648.0000;None;298600.0000
42520;2023-01-04 20:42:38.180000;3;101641;1;1;0.0000;1;29982.0000;None;323800.0000
42520;2023-01-04 20:42:38.180000;3;101641;1;1;0.0000;1;29982.0000;None;323800.0000
23221;2023-01-04 21:24:33.790000;3;101641;1;1;0.0000;1;32630.0000;None;352400.0000
23221;2023-01-04 21:24:33.790000;3;101641;1;1;0.0000;1;32630.0000;None;352400.0000
42520;2023-01-04 20:42:38.180000;3;101641;1;1;0.0000;1;29982.0000;None;323800.0000
23216;2023-01-04 20:52:40.917000;1;101647;1;2;21600.0000;1;110741.0000;None;1196000.0000
13739;2023-01-04 20:43:29.807000;2;101689;1;1;31800.0000;1;56500.0000;None;610200.0000
43403;2023-01-04 19:48:32.040000;2;101709;1;2;57600.0000;1;44593.0000;None;481600.0000
43403;2023-01-04 20:38:09.253000;2;101722;1;1;28800.0000;1;44593.0000;None;481600.0000
42515;2023-01-04 21:20:35.037000;2;101722;1;1;28800.0000;1;82130.0000;None;887000.0000
43402;2023-01-04 19:25:46.463000;2;101722;1;1;28800.0000;1;49371.0000;None;533200.0000
42508;2023-01-04 18:57:59.293000;2;101722;1;1;28800.0000;1;15389.0000;None;166200.0000
42508;2023-01-04 18:13:24.403000;2;101722;1;2;57600.0000;1;15389.0000;None;166200.0000
42501;2023-01-04 12:40:50.547000;2;101722;1;1;28800.0000;1;35204.0000;None;380200.0000
43408;2023-01-04 20:48:41.127000;2;101727;1;1;32800.0000;1;32556.0000;None;351600.0000
42507;2023-01-04 13:52:56.597000;2;101727;1;1;32800.0000;1;29408.0000;None;317600.0000
23214;2023-01-04 16:56:03.517000;2;101727;1;1;32800.0000;1;30333.0000;None;327600.0000
23214;2023-01-04 16:28:35.067000;2;101727;1;1;32800.0000;1;30333.0000;None;327600.0000
43398;2023-01-04 18:20:12.703000;2;101727;1;1;32800.0000;1;15667.0000;None;169200.0000
42516;2023-01-04 19:44:47.180000;2;101727;1;1;32800.0000;1;20222.0000;None;218400.0000
42516;2023-01-04 20:12:51.823000;2;101727;1;1;32800.0000;1;20222.0000;None;218400.0000
23208;2023-01-04 13:38:20.653000;2;101728;1;1;33800.0000;1;20167.0000;None;217800.0000
23208;2023-01-04 13:06:39.920000;2;101728;1;2;67600.0000;1;20167.0000;None;217800.0000
43397;2023-01-04 19:42:04.367000;2;101733;1;1;31800.0000;1;63445.0000;None;685200.0000
43397;2023-01-04 19:22:59.737000;2;101770;1;1;30800.0000;1;63445.0000;None;685200.0000
42509;2023-01-04 18:35:10.363000;2;101772;1;1;15800.0000;1;27945.0000;None;301800.0000
42509;2023-01-04 19:01:42.020000;2;101772;1;1;15800.0000;1;27945.0000;None;301800.0000
43394;2023-01-04 15:41:01.917000;2;101795;1;1;37800.0000;1;27926.0000;None;301600.0000
42501;2023-01-04 12:40:50.547000;2;101818;1;1;28800.0000;1;35204.0000;None;380200.0000
42501;2023-01-04 13:14:35.747000;2;101818;1;1;28800.0000;1;35204.0000;None;380200.0000
42501;2023-01-04 13:28:58.330000;3;102102;1;1;9800.0000;1;35204.0000;None;380200.0000
42501;2023-01-04 13:28:58.330000;3;102102;1;1;9800.0000;1;35204.0000;None;380200.0000
43395;2023-01-04 18:09:23.197000;3;102102;1;1;9800.0000;1;83056.0000;None;897000.0000
42515;2023-01-04 22:23:12.850000;3;102112;1;3;17400.0000;1;82130.0000;None;887000.0000
42515;2023-01-04 22:23:12.850000;3;102112;1;1;5800.0000;1;82130.0000;None;887000.0000
42505;2023-01-04 13:17:05.773000;1;102132;1;1;4800.0000;1;11204.0000;None;121000.0000
23220;2023-01-04 20:34:46.817000;1;102141;1;1;3800.0000;1;22093.0000;None;238600.0000
13731;2023-01-04 14:17:52.187000;1;102228;1;1;4800.0000;1;42445.0000;None;458400.0000
13731;2023-01-04 13:40:57.077000;1;102228;1;1;4800.0000;1;42445.0000;None;458400.0000
23212;2023-01-04 15:17:49.237000;1;102238;1;1;4800.0000;1;36519.0000;None;394400.0000
13741;2023-01-04 20:40:09.457000;1;102238;1;1;4800.0000;1;55315.0000;None;597400.0000
43408;2023-01-04 20:34:56.357000;1;102238;1;1;4800.0000;1;32556.0000;None;351600.0000
43408;2023-01-04 20:44:19.283000;1;102238;1;1;4800.0000;1;32556.0000;None;351600.0000
43408;2023-01-04 20:48:41.127000;1;102303;1;1;3800.0000;1;32556.0000;None;351600.0000
43408;2023-01-04 20:34:56.357000;1;102303;1;1;3800.0000;1;32556.0000;None;351600.0000
43393;2023-01-04 15:30:59.107000;1;102303;1;1;3800.0000;1;80500.0000;None;869400.0000
23215;2023-01-04 19:14:24.980000;3;102402;1;1;7800.0000;1;14685.0000;None;158600.0000
43405;2023-01-04 20:36:03.250000;3;102617;1;1;6800.0000;1;59834.0000;None;646200.0000
43402;2023-01-04 19:25:46.463000;3;102619;1;1;6800.0000;1;49371.0000;None;533200.0000
13735;2023-01-04 19:24:22.127000;3;102619;1;1;6800.0000;1;45352.0000;None;489800.0000
13735;2023-01-04 18:45:49.343000;3;102619;1;1;6800.0000;1;45352.0000;None;489800.0000
43395;2023-01-04 15:55:12.407000;3;102619;1;1;6800.0000;1;83056.0000;None;897000.0000
23219;2023-01-04 20:20:36.683000;3;102619;1;1;6800.0000;1;15796.0000;None;170600.0000
13735;2023-01-04 18:45:49.343000;3;102620;1;1;7800.0000;1;45352.0000;None;489800.0000
43393;2023-01-04 14:34:38.577000;3;102633;1;1;11800.0000;1;80500.0000;None;869400.0000
43393;2023-01-04 14:34:38.577000;3;102633;1;1;11800.0000;1;80500.0000;None;869400.0000
43393;2023-01-04 15:30:11.647000;3;102633;1;1;11800.0000;1;80500.0000;None;869400.0000
43393;2023-01-04 15:30:11.647000;3;102633;1;1;11800.0000;1;80500.0000;None;869400.0000
43395;2023-01-04 15:48:28.087000;3;102635;1;1;7800.0000;1;83056.0000;None;897000.0000
43394;2023-01-04 16:01:07.127000;3;102635;1;1;7800.0000;1;27926.0000;None;301600.0000
43395;2023-01-04 15:55:12.407000;3;102635;1;1;7800.0000;1;83056.0000;None;897000.0000
43395;2023-01-04 16:34:49.437000;3;102635;1;1;7800.0000;1;83056.0000;None;897000.0000
42506;2023-01-04 13:25:19.300000;3;102635;1;1;7800.0000;1;39371.0000;None;425200.0000
43392;2023-01-04 13:44:57.340000;3;102635;1;1;7800.0000;1;32426.0000;None;350200.0000
43391;2023-01-04 13:08:05.600000;3;102635;1;1;7800.0000;1;16741.0000;None;180800.0000
42504;2023-01-04 13:52:56.887000;3;102635;1;1;7800.0000;1;49463.0000;None;534200.0000
42504;2023-01-04 12:52:13.020000;3;102635;1;1;7800.0000;1;49463.0000;None;534200.0000
43389;2023-01-04 12:48:35.377000;3;102635;1;2;15600.0000;1;20556.0000;None;222000.0000
42513;2023-01-04 19:12:53.977000;3;102635;1;2;15600.0000;1;17815.0000;None;192400.0000
13733;2023-01-04 16:46:28.447000;3;102635;1;1;7800.0000;1;57667.0000;None;622800.0000
42513;2023-01-04 20:24:49.220000;3;102635;1;1;7800.0000;1;17815.0000;None;192400.0000
42514;2023-01-04 19:17:01.543000;3;102635;1;1;7800.0000;1;25630.0000;None;276800.0000
42514;2023-01-04 19:17:01.543000;3;102635;1;1;7800.0000;1;25630.0000;None;276800.0000
13739;2023-01-04 19:33:49.533000;3;102637;1;1;9800.0000;1;56500.0000;None;610200.0000
13739;2023-01-04 19:33:49.533000;3;102637;1;1;9800.0000;1;56500.0000;None;610200.0000
13733;2023-01-04 16:46:28.447000;3;102637;1;1;9800.0000;1;57667.0000;None;622800.0000
42506;2023-01-04 13:25:19.300000;3;102637;1;1;9800.0000;1;39371.0000;None;425200.0000
43395;2023-01-04 16:30:18.107000;3;102637;1;1;9800.0000;1;83056.0000;None;897000.0000
43395;2023-01-04 15:55:12.407000;3;102637;1;1;9800.0000;1;83056.0000;None;897000.0000
43395;2023-01-04 17:16:24.927000;3;102637;1;1;9800.0000;1;83056.0000;None;897000.0000
23211;2023-01-04 14:34:36.767000;3;102637;1;1;9800.0000;1;14648.0000;None;158200.0000
23211;2023-01-04 14:34:36.767000;3;102637;1;1;9800.0000;1;14648.0000;None;158200.0000
43406;2023-01-04 20:15:36.680000;3;102639;1;1;9800.0000;1;35000.0000;None;378000.0000
42504;2023-01-04 12:52:13.020000;3;102639;1;1;9800.0000;1;49463.0000;None;534200.0000
42501;2023-01-04 12:32:52.710000;3;102639;1;1;9800.0000;1;35204.0000;None;380200.0000
13733;2023-01-04 16:46:28.447000;3;102639;1;1;9800.0000;1;57667.0000;None;622800.0000
13733;2023-01-04 17:24:19.700000;3;102639;1;1;9800.0000;1;57667.0000;None;622800.0000
13733;2023-01-04 17:40:22.517000;3;102639;1;1;9800.0000;1;57667.0000;None;622800.0000
42516;2023-01-04 19:44:47.180000;3;102639;1;1;9800.0000;1;20222.0000;None;218400.0000
13744;2023-01-04 21:02:58.003000;3;102640;1;1;10800.0000;1;17185.0000;None;185600.0000
43395;2023-01-04 15:55:12.407000;3;102644;1;1;5800.0000;1;83056.0000;None;897000.0000
43388;2023-01-04 12:14:07.543000;3;102651;1;1;8800.0000;1;22630.0000;None;244400.0000
42521;2023-01-04 20:58:53.930000;3;102747;1;1;4800.0000;1;6259.0000;None;67600.0000
13742;2023-01-04 20:19:34.963000;3;102747;1;1;4800.0000;1;10944.0000;None;118200.0000
42504;2023-01-04 12:52:13.020000;3;102747;1;1;4800.0000;1;49463.0000;None;534200.0000
42504;2023-01-04 13:04:13.440000;3;102747;1;1;4800.0000;1;49463.0000;None;534200.0000
23212;2023-01-04 14:57:55.100000;3;102747;1;1;4800.0000;1;36519.0000;None;394400.0000
23212;2023-01-04 14:57:55.100000;3;102747;1;1;4800.0000;1;36519.0000;None;394400.0000
13730;2023-01-04 13:22:33.730000;3;102747;1;1;4800.0000;1;40982.0000;None;442600.0000
42506;2023-01-04 13:25:19.300000;3;102747;1;1;4800.0000;1;39371.0000;None;425200.0000
43392;2023-01-04 13:44:57.340000;3;102747;1;1;4800.0000;1;32426.0000;None;350200.0000
13732;2023-01-04 16:18:52.067000;3;102747;1;1;4800.0000;1;21000.0000;None;226800.0000
13740;2023-01-04 19:55:15.510000;3;102747;1;1;4800.0000;1;12519.0000;None;135200.0000
13740;2023-01-04 19:55:15.510000;3;102747;1;1;4800.0000;1;12519.0000;None;135200.0000
23218;2023-01-04 19:58:33.320000;3;102747;1;1;4800.0000;1;47704.0000;None;515200.0000
13739;2023-01-04 20:43:29.807000;3;102747;1;1;4800.0000;1;56500.0000;None;610200.0000
43402;2023-01-04 19:25:46.463000;3;102747;1;1;4800.0000;1;49371.0000;None;533200.0000
43402;2023-01-04 19:46:17.917000;3;102747;1;1;4800.0000;1;49371.0000;None;533200.0000
23215;2023-01-04 19:14:24.980000;3;102747;1;1;4800.0000;1;14685.0000;None;158600.0000
23216;2023-01-04 19:30:14.220000;3;102748;1;1;14800.0000;1;110741.0000;None;1196000.0000
43400;2023-01-04 19:16:03.387000;3;102748;1;1;14800.0000;1;38574.0000;None;416600.0000
13731;2023-01-04 13:27:37.700000;3;102748;1;1;14800.0000;1;42445.0000;None;458400.0000
13731;2023-01-04 13:27:37.700000;3;102748;1;1;14800.0000;1;42445.0000;None;458400.0000
13731;2023-01-04 13:27:37.700000;3;102748;1;1;14800.0000;1;42445.0000;None;458400.0000
13728;2023-01-04 13:08:01.200000;3;102748;1;1;14800.0000;1;52871.0000;None;571000.0000
13728;2023-01-04 13:08:01.200000;3;102748;1;1;14800.0000;1;52871.0000;None;571000.0000
23220;2023-01-04 20:29:27.730000;3;102748;1;1;14800.0000;1;22093.0000;None;238600.0000
23222;2023-01-04 20:49:39.737000;3;102748;1;1;14800.0000;1;17222.0000;None;186000.0000
23209;2023-01-04 13:19:27.057000;3;102749;1;1;5800.0000;1;25408.0000;None;274400.0000
23207;2023-01-04 13:18:55.457000;3;102749;1;1;5800.0000;1;21148.0000;None;228400.0000
23208;2023-01-04 13:06:39.920000;1;102928;1;1;45800.0000;1;20167.0000;None;217800.0000
23208;2023-01-04 13:06:39.920000;1;102928;1;1;45800.0000;1;20167.0000;None;217800.0000
13732;2023-01-04 14:24:02.267000;1;102928;1;1;45800.0000;1;21000.0000;None;226800.0000
43395;2023-01-04 16:01:24.953000;1;102928;1;2;91600.0000;1;83056.0000;None;897000.0000
23216;2023-01-04 19:15:37.663000;1;102928;1;2;91600.0000;1;110741.0000;None;1196000.0000
42515;2023-01-04 20:52:07.470000;1;102928;1;1;45800.0000;1;82130.0000;None;887000.0000
43403;2023-01-04 19:55:00.083000;1;102928;1;1;45800.0000;1;44593.0000;None;481600.0000
42517;2023-01-04 20:59:01.263000;1;102928;1;1;45800.0000;1;32556.0000;None;351600.0000
13741;2023-01-04 20:24:30.203000;1;102928;1;1;45800.0000;1;55315.0000;None;597400.0000
43405;2023-01-04 20:30:31.263000;1;102928;1;1;45800.0000;1;59834.0000;None;646200.0000
43406;2023-01-04 20:17:22.227000;1;102928;1;1;45800.0000;1;35000.0000;None;378000.0000
43390;2023-01-04 13:05:15.047000;1;102932;1;1;63800.0000;1;17407.0000;None;188000.0000
43396;2023-01-04 16:38:52.603000;2;102933;1;1;25800.0000;1;21759.0000;None;235000.0000
43393;2023-01-04 14:34:38.577000;2;102933;1;1;25800.0000;1;80500.0000;None;869400.0000
43396;2023-01-04 16:38:52.603000;2;103221;1;1;25800.0000;1;21759.0000;None;235000.0000
13739;2023-01-04 19:33:49.533000;2;103221;1;1;25800.0000;1;56500.0000;None;610200.0000
43406;2023-01-04 20:09:14.107000;2;103224;1;1;56800.0000;1;35000.0000;None;378000.0000
43407;2023-01-04 20:11:06.463000;2;103224;1;1;56800.0000;1;58704.0000;None;634000.0000
43407;2023-01-04 20:11:06.463000;2;103224;1;1;56800.0000;1;58704.0000;None;634000.0000
43407;2023-01-04 20:11:06.463000;2;103224;1;1;56800.0000;1;58704.0000;None;634000.0000
42519;2023-01-04 20:27:18.637000;2;103224;1;1;56800.0000;1;77815.0000;None;840400.0000
42519;2023-01-04 20:27:18.637000;2;103224;1;1;56800.0000;1;77815.0000;None;840400.0000
43408;2023-01-04 20:34:56.357000;2;103224;1;1;56800.0000;1;32556.0000;None;351600.0000
23221;2023-01-04 20:42:40.703000;2;103224;1;1;56800.0000;1;32630.0000;None;352400.0000
23221;2023-01-04 20:42:40.703000;2;103224;1;1;56800.0000;1;32630.0000;None;352400.0000
23221;2023-01-04 21:24:33.790000;2;103224;1;1;56800.0000;1;32630.0000;None;352400.0000
23221;2023-01-04 21:24:33.790000;2;103224;1;1;56800.0000;1;32630.0000;None;352400.0000
43409;2023-01-04 20:44:57.760000;2;103224;1;1;56800.0000;1;27648.0000;None;298600.0000
43410;2023-01-04 22:11:22.427000;2;103224;1;1;56800.0000;1;21111.0000;None;228000.0000
42522;2023-01-04 22:11:08.573000;2;103224;1;1;56800.0000;1;38741.0000;None;418400.0000
13739;2023-01-04 19:33:49.533000;2;103224;1;1;56800.0000;1;56500.0000;None;610200.0000
43405;2023-01-04 20:02:09.273000;2;103224;1;1;56800.0000;1;59834.0000;None;646200.0000
43403;2023-01-04 20:19:49.750000;2;103224;1;1;56800.0000;1;44593.0000;None;481600.0000
43403;2023-01-04 19:48:32.040000;2;103224;1;1;56800.0000;1;44593.0000;None;481600.0000
43404;2023-01-04 19:54:21.143000;2;103224;1;1;56800.0000;1;20389.0000;None;220200.0000
43404;2023-01-04 19:54:21.143000;2;103224;1;1;56800.0000;1;20389.0000;None;220200.0000
13736;2023-01-04 18:51:56.267000;2;103224;1;1;56800.0000;1;35871.0000;None;387400.0000
13736;2023-01-04 18:51:56.267000;2;103224;1;1;56800.0000;1;35871.0000;None;387400.0000
42511;2023-01-04 18:46:47.297000;2;103224;1;1;56800.0000;1;21870.0000;None;236200.0000
42511;2023-01-04 18:46:47.297000;2;103224;1;1;56800.0000;1;21870.0000;None;236200.0000
43397;2023-01-04 18:36:30.573000;2;103224;1;1;56800.0000;1;63445.0000;None;685200.0000
43397;2023-01-04 18:08:50.087000;2;103224;1;1;56800.0000;1;63445.0000;None;685200.0000
43397;2023-01-04 18:28:38.153000;2;103224;1;1;56800.0000;1;63445.0000;None;685200.0000
13730;2023-01-04 14:28:40.613000;2;103224;1;1;56800.0000;1;40982.0000;None;442600.0000
13730;2023-01-04 13:22:33.730000;2;103224;1;1;56800.0000;1;40982.0000;None;442600.0000
13730;2023-01-04 13:22:33.730000;2;103224;1;1;56800.0000;1;40982.0000;None;442600.0000
42500;2023-01-04 12:30:26.267000;2;103224;1;1;56800.0000;1;35315.0000;None;381400.0000
42500;2023-01-04 13:01:31.347000;2;103224;1;1;56800.0000;1;35315.0000;None;381400.0000
13726;2023-01-04 12:40:08.130000;2;103224;1;1;56800.0000;1;26093.0000;None;281800.0000
13729;2023-01-04 13:29:34.900000;2;103224;1;2;113600.0000;1;29556.0000;None;319200.0000
43410;2023-01-04 22:16:16.817000;1;104336;1;1;57800.0000;1;21111.0000;None;228000.0000
23218;2023-01-04 20:05:01.180000;1;104338;1;1;32800.0000;1;47704.0000;None;515200.0000
43410;2023-01-04 21:50:52.063000;1;104343;1;1;48800.0000;1;21111.0000;None;228000.0000
13744;2023-01-04 21:16:21.847000;1;104343;1;1;48800.0000;1;17185.0000;None;185600.0000
43408;2023-01-04 21:13:50.540000;1;104343;1;1;48800.0000;1;32556.0000;None;351600.0000
23220;2023-01-04 20:34:46.817000;1;104343;1;1;48800.0000;1;22093.0000;None;238600.0000
42516;2023-01-04 19:44:47.180000;1;104343;1;1;48800.0000;1;20222.0000;None;218400.0000
13740;2023-01-04 19:56:21.133000;1;104343;1;1;48800.0000;1;12519.0000;None;135200.0000
13739;2023-01-04 20:43:29.807000;1;104343;1;1;48800.0000;1;56500.0000;None;610200.0000
43402;2023-01-04 19:35:37.797000;1;104343;1;1;48800.0000;1;49371.0000;None;533200.0000
13737;2023-01-04 19:31:46.560000;1;104343;1;1;48800.0000;1;56871.0000;None;614200.0000
23215;2023-01-04 19:48:56.397000;1;104343;1;1;48800.0000;1;14685.0000;None;158600.0000
13727;2023-01-04 12:49:32.430000;1;104343;1;1;48800.0000;1;29130.0000;None;314600.0000
42502;2023-01-04 12:42:20.533000;1;104343;1;1;48800.0000;1;18056.0000;None;195000.0000
23214;2023-01-04 16:28:35.067000;1;104343;1;1;48800.0000;1;30333.0000;None;327600.0000
23214;2023-01-04 16:28:35.067000;1;104343;1;1;48800.0000;1;30333.0000;None;327600.0000
43395;2023-01-04 16:01:24.953000;1;104343;1;1;48800.0000;1;83056.0000;None;897000.0000
23211;2023-01-04 14:36:37.940000;1;104343;1;1;48800.0000;1;14648.0000;None;158200.0000
43394;2023-01-04 15:41:01.917000;1;104343;1;1;48800.0000;1;27926.0000;None;301600.0000
43394;2023-01-04 16:01:07.127000;1;104344;1;1;49800.0000;1;27926.0000;None;301600.0000
13731;2023-01-04 13:41:32.700000;1;104344;1;1;49800.0000;1;42445.0000;None;458400.0000
43390;2023-01-04 12:56:06.557000;1;104344;1;1;49800.0000;1;17407.0000;None;188000.0000
43389;2023-01-04 12:54:42.577000;1;104344;1;1;49800.0000;1;20556.0000;None;222000.0000
23207;2023-01-04 13:18:55.457000;1;104344;1;1;49800.0000;1;21148.0000;None;228400.0000
13729;2023-01-04 13:09:54.170000;1;104344;1;1;49800.0000;1;29556.0000;None;319200.0000
43397;2023-01-04 18:28:38.153000;1;104344;1;1;49800.0000;1;63445.0000;None;685200.0000
43397;2023-01-04 18:28:38.153000;1;104344;1;1;49800.0000;1;63445.0000;None;685200.0000
13739;2023-01-04 20:43:29.807000;1;104344;1;1;49800.0000;1;56500.0000;None;610200.0000
43403;2023-01-04 19:55:00.083000;1;104344;1;1;49800.0000;1;44593.0000;None;481600.0000
43405;2023-01-04 20:09:14.107000;1;104344;1;1;49800.0000;1;59834.0000;None;646200.0000
43408;2023-01-04 20:44:19.283000;1;104344;1;1;49800.0000;1;32556.0000;None;351600.0000
13744;2023-01-04 21:02:58.003000;1;104344;1;1;49800.0000;1;17185.0000;None;185600.0000
42522;2023-01-04 22:11:08.573000;1;104344;1;1;49800.0000;1;38741.0000;None;418400.0000
23221;2023-01-04 20:53:51.177000;1;104344;1;1;49800.0000;1;32630.0000;None;352400.0000
42519;2023-01-04 20:38:20.507000;1;104347;1;1;59800.0000;1;77815.0000;None;840400.0000
13741;2023-01-04 20:24:30.203000;1;104347;1;1;59800.0000;1;55315.0000;None;597400.0000
43402;2023-01-04 19:35:37.797000;1;104347;1;1;59800.0000;1;49371.0000;None;533200.0000
13734;2023-01-04 17:07:56.573000;1;104347;1;1;59800.0000;1;None;None;379800.0000
23216;2023-01-04 19:15:37.663000;1;104347;1;1;59800.0000;1;110741.0000;None;1196000.0000
13728;2023-01-04 13:12:39.220000;1;104347;1;1;59800.0000;1;52871.0000;None;571000.0000
42500;2023-01-04 12:10:03.810000;1;104347;1;1;59800.0000;1;35315.0000;None;381400.0000
23209;2023-01-04 13:20:03.300000;1;104347;1;1;59800.0000;1;25408.0000;None;274400.0000
13731;2023-01-04 13:40:01.640000;1;104347;1;1;59800.0000;1;42445.0000;None;458400.0000
43396;2023-01-04 16:59:21.477000;1;104347;1;1;59800.0000;1;21759.0000;None;235000.0000
43396;2023-01-04 16:38:52.603000;1;104347;1;1;59800.0000;1;21759.0000;None;235000.0000
23212;2023-01-04 14:57:55.100000;1;104347;1;1;59800.0000;1;36519.0000;None;394400.0000
13726;2023-01-04 12:40:08.130000;1;104348;1;1;42800.0000;1;26093.0000;None;281800.0000
13735;2023-01-04 18:45:49.343000;1;104348;1;1;42800.0000;1;45352.0000;None;489800.0000
43405;2023-01-04 21:06:47.007000;1;104348;1;1;42800.0000;1;59834.0000;None;646200.0000
42522;2023-01-04 22:23:10.657000;1;104348;1;1;42800.0000;1;38741.0000;None;418400.0000
42519;2023-01-04 20:38:20.507000;1;104350;1;1;89800.0000;1;77815.0000;None;840400.0000
42519;2023-01-04 20:38:20.507000;1;104350;1;1;89800.0000;1;77815.0000;None;840400.0000
43401;2023-01-04 19:15:02.697000;1;104350;1;1;89800.0000;1;41296.0000;None;446000.0000
42512;2023-01-04 19:10:12.300000;1;104353;1;1;79800.0000;1;7926.0000;None;85600.0000
23216;2023-01-04 20:04:01.917000;1;104353;1;1;79800.0000;1;110741.0000;None;1196000.0000
42509;2023-01-04 19:36:25.290000;1;104353;1;1;79800.0000;1;27945.0000;None;301800.0000
42502;2023-01-04 12:42:20.533000;1;104353;1;1;79800.0000;1;18056.0000;None;195000.0000
13728;2023-01-04 13:21:15.267000;1;104353;1;1;79800.0000;1;52871.0000;None;571000.0000
23212;2023-01-04 14:57:55.100000;1;104353;1;1;79800.0000;1;36519.0000;None;394400.0000
23212;2023-01-04 14:57:55.100000;1;104353;1;1;79800.0000;1;36519.0000;None;394400.0000
23214;2023-01-04 16:54:52.923000;1;104353;1;1;79800.0000;1;30333.0000;None;327600.0000
43395;2023-01-04 16:44:32.983000;1;104353;1;1;79800.0000;1;83056.0000;None;897000.0000
13730;2023-01-04 13:22:33.730000;1;104353;1;1;79800.0000;1;40982.0000;None;442600.0000
13730;2023-01-04 13:22:33.730000;1;104353;1;1;79800.0000;1;40982.0000;None;442600.0000
42506;2023-01-04 13:53:04.160000;1;104353;1;1;79800.0000;1;39371.0000;None;425200.0000
42507;2023-01-04 13:52:56.597000;1;104353;1;1;79800.0000;1;29408.0000;None;317600.0000
42519;2023-01-04 20:38:20.507000;1;104353;1;1;79800.0000;1;77815.0000;None;840400.0000
13728;2023-01-04 14:15:47.093000;1;104354;1;1;15800.0000;1;52871.0000;None;571000.0000
13733;2023-01-04 17:56:07.187000;1;104354;1;1;15800.0000;1;57667.0000;None;622800.0000
13735;2023-01-04 19:51:58.210000;1;104354;1;1;15800.0000;1;45352.0000;None;489800.0000
13741;2023-01-04 21:22:46.730000;1;104354;1;1;15800.0000;1;55315.0000;None;597400.0000
43405;2023-01-04 20:02:09.273000;3;104355;1;1;9800.0000;1;59834.0000;None;646200.0000
23218;2023-01-04 20:45:25.947000;3;104355;1;1;9800.0000;1;47704.0000;None;515200.0000
43401;2023-01-04 18:48:18.790000;3;104355;1;1;9800.0000;1;41296.0000;None;446000.0000
43401;2023-01-04 19:14:25.320000;3;104355;1;2;19600.0000;1;41296.0000;None;446000.0000
43401;2023-01-04 19:53:02.617000;3;104355;1;1;9800.0000;1;41296.0000;None;446000.0000
43397;2023-01-04 18:28:38.153000;3;104355;1;1;9800.0000;1;63445.0000;None;685200.0000
43397;2023-01-04 18:28:38.153000;3;104355;1;1;9800.0000;1;63445.0000;None;685200.0000
23219;2023-01-04 20:20:36.683000;3;104355;1;1;9800.0000;1;15796.0000;None;170600.0000
23219;2023-01-04 20:20:36.683000;3;104355;1;1;9800.0000;1;15796.0000;None;170600.0000
43407;2023-01-04 20:29:19.230000;1;104357;1;1;31800.0000;1;58704.0000;None;634000.0000
13733;2023-01-04 16:46:28.447000;1;104357;1;1;31800.0000;1;57667.0000;None;622800.0000
42510;2023-01-04 18:50:16.843000;1;104357;1;1;31800.0000;1;11870.0000;None;128200.0000
42504;2023-01-04 13:21:12.203000;1;104357;1;1;31800.0000;1;49463.0000;None;534200.0000
13728;2023-01-04 13:21:15.267000;1;104358;1;1;22800.0000;1;52871.0000;None;571000.0000
42520;2023-01-04 20:42:38.180000;1;104359;1;1;59800.0000;1;29982.0000;None;323800.0000
23215;2023-01-04 19:14:24.980000;6;104386;1;1;0.0000;1;14685.0000;None;158600.0000
42501;2023-01-04 12:46:28.040000;1;104388;1;1;0.0000;1;35204.0000;None;380200.0000
23216;2023-01-04 20:52:40.917000;6;104396;1;1;0.0000;1;110741.0000;None;1196000.0000
23216;2023-01-04 20:52:40.917000;6;104396;1;1;0.0000;1;110741.0000;None;1196000.0000
13744;2023-01-04 21:16:21.847000;1;104397;1;1;0.0000;1;17185.0000;None;185600.0000
23207;2023-01-04 13:18:55.457000;1;104397;1;1;0.0000;1;21148.0000;None;228400.0000
23213;2023-01-04 16:08:35.943000;1;104399;1;1;15800.0000;1;11389.0000;None;123000.0000
43393;2023-01-04 16:04:13.953000;1;104399;1;1;15800.0000;1;80500.0000;None;869400.0000
43395;2023-01-04 18:09:23.197000;1;104400;1;1;14800.0000;1;83056.0000;None;897000.0000
42502;2023-01-04 12:34:27.973000;2;104402;1;1;16800.0000;1;18056.0000;None;195000.0000
42502;2023-01-04 12:34:27.973000;2;104402;1;1;16800.0000;1;18056.0000;None;195000.0000
13730;2023-01-04 14:04:35.147000;1;104403;1;1;14800.0000;1;40982.0000;None;442600.0000
23215;2023-01-04 20:19:36.033000;1;104403;1;1;14800.0000;1;14685.0000;None;158600.0000
43401;2023-01-04 20:09:00.177000;1;104403;1;1;14800.0000;1;41296.0000;None;446000.0000
43397;2023-01-04 19:21:44.637000;1;104403;1;3;44400.0000;1;63445.0000;None;685200.0000
43403;2023-01-04 21:17:31.073000;1;104403;1;1;14800.0000;1;44593.0000;None;481600.0000
42515;2023-01-04 21:47:03.170000;1;104403;1;1;14800.0000;1;82130.0000;None;887000.0000
43400;2023-01-04 18:41:40.300000;2;104404;1;1;29800.0000;1;38574.0000;None;416600.0000
42515;2023-01-04 20:52:07.470000;1;104406;1;1;23800.0000;1;82130.0000;None;887000.0000
23206;2023-01-04 12:56:45.027000;1;104406;1;1;23800.0000;1;20852.0000;None;225200.0000
42504;2023-01-04 13:31:18.437000;1;104406;1;1;23800.0000;1;49463.0000;None;534200.0000
43402;2023-01-04 19:35:37.797000;1;104408;1;1;22800.0000;1;49371.0000;None;533200.0000
42516;2023-01-04 20:07:15.897000;1;104413;1;1;2800.0000;1;20222.0000;None;218400.0000
43395;2023-01-04 16:44:32.983000;1;104425;1;1;3800.0000;1;83056.0000;None;897000.0000
42515;2023-01-04 19:53:27.570000;1;104426;1;1;9800.0000;1;82130.0000;None;887000.0000
13735;2023-01-04 18:45:49.343000;1;104431;1;1;24800.0000;1;45352.0000;None;489800.0000
23207;2023-01-04 13:18:55.457000;1;104431;1;1;24800.0000;1;21148.0000;None;228400.0000
23219;2023-01-04 20:20:36.683000;1;104431;1;1;24800.0000;1;15796.0000;None;170600.0000
42522;2023-01-04 22:17:09.860000;1;104438;1;1;63800.0000;1;38741.0000;None;418400.0000
23221;2023-01-04 20:53:51.177000;1;104438;1;1;63800.0000;1;32630.0000;None;352400.0000
43395;2023-01-04 16:01:24.953000;1;104438;1;1;63800.0000;1;83056.0000;None;897000.0000
43396;2023-01-04 16:38:52.603000;1;104438;1;1;63800.0000;1;21759.0000;None;235000.0000
43393;2023-01-04 14:45:39.233000;1;104438;1;1;63800.0000;1;80500.0000;None;869400.0000
43393;2023-01-04 15:00:03.190000;1;104438;1;1;63800.0000;1;80500.0000;None;869400.0000
13732;2023-01-04 15:01:19.637000;1;104438;1;1;63800.0000;1;21000.0000;None;226800.0000
43397;2023-01-04 18:28:38.153000;1;104438;1;1;63800.0000;1;63445.0000;None;685200.0000
13739;2023-01-04 19:33:49.533000;2;104441;1;1;26800.0000;1;56500.0000;None;610200.0000
13741;2023-01-04 21:08:29.287000;2;104441;1;1;26800.0000;1;55315.0000;None;597400.0000
13732;2023-01-04 14:24:02.267000;2;104441;1;1;26800.0000;1;21000.0000;None;226800.0000
23222;2023-01-04 20:43:13.793000;2;104441;1;1;26800.0000;1;17222.0000;None;186000.0000
43406;2023-01-04 20:09:14.107000;2;104441;1;1;26800.0000;1;35000.0000;None;378000.0000
13729;2023-01-04 13:24:08.107000;1;104442;1;1;36800.0000;1;29556.0000;None;319200.0000
23209;2023-01-04 13:20:03.300000;1;104442;1;1;36800.0000;1;25408.0000;None;274400.0000
43402;2023-01-04 19:35:37.797000;1;104442;1;1;36800.0000;1;49371.0000;None;533200.0000
42515;2023-01-04 19:53:27.570000;1;104442;1;1;36800.0000;1;82130.0000;None;887000.0000
13736;2023-01-04 18:54:48.697000;1;104442;1;1;36800.0000;1;35871.0000;None;387400.0000
13731;2023-01-04 13:40:01.640000;1;104445;1;1;8800.0000;1;42445.0000;None;458400.0000
43392;2023-01-04 13:44:57.340000;3;104446;1;1;5800.0000;1;32426.0000;None;350200.0000
23209;2023-01-04 13:19:27.057000;3;104446;1;1;5800.0000;1;25408.0000;None;274400.0000
23220;2023-01-04 20:29:27.730000;3;104446;1;1;5800.0000;1;22093.0000;None;238600.0000
43397;2023-01-04 18:28:38.153000;1;104450;1;1;39800.0000;1;63445.0000;None;685200.0000
43397;2023-01-04 18:28:38.153000;1;104450;1;1;39800.0000;1;63445.0000;None;685200.0000
42509;2023-01-04 19:36:25.290000;1;104453;1;1;21800.0000;1;27945.0000;None;301800.0000
42507;2023-01-04 13:53:04.977000;1;104453;1;1;21800.0000;1;29408.0000;None;317600.0000
43395;2023-01-04 16:44:32.983000;1;104453;1;1;21800.0000;1;83056.0000;None;897000.0000
43392;2023-01-04 13:48:04.213000;1;104454;1;1;69800.0000;1;32426.0000;None;350200.0000
42507;2023-01-04 13:52:56.597000;1;104454;1;1;69800.0000;1;29408.0000;None;317600.0000
23209;2023-01-04 13:20:03.300000;1;104454;1;1;69800.0000;1;25408.0000;None;274400.0000
13728;2023-01-04 13:21:15.267000;1;104454;1;1;69800.0000;1;52871.0000;None;571000.0000
43391;2023-01-04 13:13:09.897000;1;104454;1;1;69800.0000;1;16741.0000;None;180800.0000
23206;2023-01-04 12:46:53.837000;1;104454;1;1;69800.0000;1;20852.0000;None;225200.0000
42519;2023-01-04 19:58:33.320000;2;104456;1;1;58800.0000;1;77815.0000;None;840400.0000
42522;2023-01-04 22:11:08.573000;2;104456;1;1;58800.0000;1;38741.0000;None;418400.0000
13732;2023-01-04 14:24:02.267000;2;104456;1;1;58800.0000;1;21000.0000;None;226800.0000
13741;2023-01-04 20:02:40.647000;2;104459;1;1;27800.0000;1;55315.0000;None;597400.0000
23218;2023-01-04 19:58:45.903000;2;104459;1;1;27800.0000;1;47704.0000;None;515200.0000
23216;2023-01-04 20:37:26.780000;1;104462;1;3;56400.0000;1;110741.0000;None;1196000.0000
13729;2023-01-04 14:02:07.223000;1;104462;1;1;18800.0000;1;29556.0000;None;319200.0000
43393;2023-01-04 16:04:13.953000;1;104463;1;1;16800.0000;1;80500.0000;None;869400.0000
13736;2023-01-04 20:12:01.420000;1;104463;1;1;16800.0000;1;35871.0000;None;387400.0000
43402;2023-01-04 20:39:40.003000;1;104463;1;1;16800.0000;1;49371.0000;None;533200.0000
13741;2023-01-04 20:01:28.763000;2;104465;1;1;25800.0000;1;55315.0000;None;597400.0000
42516;2023-01-04 20:20:05.103000;2;104465;1;1;25800.0000;1;20222.0000;None;218400.0000
13741;2023-01-04 20:01:28.763000;2;104465;1;1;25800.0000;1;55315.0000;None;597400.0000
43405;2023-01-04 21:08:37.987000;1;104466;1;1;129800.0000;1;59834.0000;None;646200.0000
43405;2023-01-04 21:06:47.007000;1;104466;1;1;129800.0000;1;59834.0000;None;646200.0000
43405;2023-01-04 21:06:47.007000;1;104466;1;1;129800.0000;1;59834.0000;None;646200.0000
23218;2023-01-04 20:05:01.180000;1;104466;1;1;129800.0000;1;47704.0000;None;515200.0000
42515;2023-01-04 20:52:07.470000;1;104466;1;1;129800.0000;1;82130.0000;None;887000.0000
43393;2023-01-04 14:45:39.233000;1;104466;1;1;129800.0000;1;80500.0000;None;869400.0000
43393;2023-01-04 14:45:39.233000;1;104466;1;1;129800.0000;1;80500.0000;None;869400.0000
43394;2023-01-04 16:01:07.127000;1;104466;1;1;129800.0000;1;27926.0000;None;301600.0000
42504;2023-01-04 13:31:18.437000;1;104466;1;1;129800.0000;1;49463.0000;None;534200.0000
42515;2023-01-04 20:52:07.470000;1;104467;1;1;119800.0000;1;82130.0000;None;887000.0000
42514;2023-01-04 19:27:08.663000;1;104467;1;1;119800.0000;1;25630.0000;None;276800.0000
43401;2023-01-04 19:15:02.697000;1;104467;1;1;119800.0000;1;41296.0000;None;446000.0000
42504;2023-01-04 13:11:41.777000;1;104468;1;1;65800.0000;1;49463.0000;None;534200.0000
42500;2023-01-04 12:47:21.423000;1;104469;1;1;27800.0000;1;35315.0000;None;381400.0000
13726;2023-01-04 12:40:08.130000;1;104470;1;1;74800.0000;1;26093.0000;None;281800.0000
42505;2023-01-04 13:17:05.773000;1;104470;1;1;74800.0000;1;11204.0000;None;121000.0000
23214;2023-01-04 16:28:35.067000;1;104470;1;1;74800.0000;1;30333.0000;None;327600.0000
23216;2023-01-04 19:54:35.517000;1;104470;1;1;74800.0000;1;110741.0000;None;1196000.0000
23216;2023-01-04 19:15:37.663000;1;104471;1;2;179600.0000;1;110741.0000;None;1196000.0000
13737;2023-01-04 19:31:46.560000;1;104471;1;1;89800.0000;1;56871.0000;None;614200.0000
23212;2023-01-04 14:57:55.100000;1;104471;1;1;89800.0000;1;36519.0000;None;394400.0000
42500;2023-01-04 12:19:44.713000;1;104471;1;1;89800.0000;1;35315.0000;None;381400.0000
23210;2023-01-04 14:21:25.547000;1;104473;1;1;23800.0000;1;19574.0000;None;211400.0000
42522;2023-01-04 22:17:09.860000;8;104476;1;1;48800.0000;1;38741.0000;None;418400.0000
43408;2023-01-04 21:13:50.540000;8;104476;1;1;48800.0000;1;32556.0000;None;351600.0000
42506;2023-01-04 13:25:19.300000;8;104476;1;1;48800.0000;1;39371.0000;None;425200.0000
13737;2023-01-04 19:31:46.560000;8;104476;1;1;48800.0000;1;56871.0000;None;614200.0000
13739;2023-01-04 20:43:29.807000;8;104476;1;1;48800.0000;1;56500.0000;None;610200.0000
13739;2023-01-04 20:43:29.807000;8;104476;1;2;97600.0000;1;56500.0000;None;610200.0000
13739;2023-01-04 21:28:12.747000;8;104476;1;1;48800.0000;1;56500.0000;None;610200.0000
13735;2023-01-04 18:45:49.343000;8;104476;1;2;97600.0000;1;45352.0000;None;489800.0000
13735;2023-01-04 19:23:49.183000;8;104476;1;1;48800.0000;1;45352.0000;None;489800.0000
13733;2023-01-04 16:46:28.447000;8;104476;1;1;48800.0000;1;57667.0000;None;622800.0000
43402;2023-01-04 19:35:37.797000;8;104477;1;1;49800.0000;1;49371.0000;None;533200.0000
43402;2023-01-04 20:11:11.837000;8;104477;1;1;49800.0000;1;49371.0000;None;533200.0000
43407;2023-01-04 20:29:07.427000;8;104477;1;1;49800.0000;1;58704.0000;None;634000.0000
42514;2023-01-04 19:27:08.663000;1;104479;1;1;66800.0000;1;25630.0000;None;276800.0000
23218;2023-01-04 20:05:01.180000;1;104479;1;1;66800.0000;1;47704.0000;None;515200.0000
13736;2023-01-04 19:14:18.583000;1;104479;1;1;66800.0000;1;35871.0000;None;387400.0000
23210;2023-01-04 14:21:25.547000;1;104479;1;1;66800.0000;1;19574.0000;None;211400.0000
43395;2023-01-04 16:44:32.983000;1;104479;1;1;66800.0000;1;83056.0000;None;897000.0000
43395;2023-01-04 16:44:32.983000;1;104479;1;1;66800.0000;1;83056.0000;None;897000.0000
43404;2023-01-04 19:57:44.483000;1;104480;1;1;79800.0000;1;20389.0000;None;220200.0000
23220;2023-01-04 20:34:46.817000;1;104480;1;1;79800.0000;1;22093.0000;None;238600.0000
42519;2023-01-04 20:38:20.507000;1;104480;1;1;79800.0000;1;77815.0000;None;840400.0000
42507;2023-01-04 13:52:56.597000;1;104481;1;1;82800.0000;1;29408.0000;None;317600.0000
42507;2023-01-04 13:52:56.597000;2;104482;1;1;24800.0000;1;29408.0000;None;317600.0000
13730;2023-01-04 14:13:49.193000;6;104483;1;1;0.0000;1;40982.0000;None;442600.0000
23206;2023-01-04 13:34:27.467000;6;104483;1;1;0.0000;1;20852.0000;None;225200.0000
42504;2023-01-04 14:18:13.703000;6;104483;1;1;0.0000;1;49463.0000;None;534200.0000
13735;2023-01-04 19:51:58.210000;6;104483;1;1;0.0000;1;45352.0000;None;489800.0000
42513;2023-01-04 20:24:49.220000;6;104483;1;1;0.0000;1;17815.0000;None;192400.0000
43406;2023-01-04 21:19:23.727000;6;104484;1;1;0.0000;1;35000.0000;None;378000.0000
13735;2023-01-04 19:51:58.210000;6;104484;1;1;0.0000;1;45352.0000;None;489800.0000
42513;2023-01-04 20:24:49.220000;6;104484;1;1;0.0000;1;17815.0000;None;192400.0000
23206;2023-01-04 13:34:27.467000;6;104484;1;1;0.0000;1;20852.0000;None;225200.0000
13730;2023-01-04 14:13:49.193000;6;104484;1;1;0.0000;1;40982.0000;None;442600.0000
42506;2023-01-04 14:50:04.003000;6;104484;1;1;0.0000;1;39371.0000;None;425200.0000
13732;2023-01-04 16:02:34.287000;6;104484;1;1;0.0000;1;21000.0000;None;226800.0000
13732;2023-01-04 16:02:34.287000;6;104487;1;1;0.0000;1;21000.0000;None;226800.0000
42506;2023-01-04 14:50:04.003000;6;104487;1;1;0.0000;1;39371.0000;None;425200.0000
13730;2023-01-04 14:13:49.193000;6;104487;1;1;0.0000;1;40982.0000;None;442600.0000
23206;2023-01-04 13:34:27.467000;6;104487;1;1;0.0000;1;20852.0000;None;225200.0000
42504;2023-01-04 14:18:13.703000;6;104487;1;1;0.0000;1;49463.0000;None;534200.0000
42513;2023-01-04 20:24:49.220000;6;104487;1;1;0.0000;1;17815.0000;None;192400.0000
13735;2023-01-04 19:51:58.210000;6;104487;1;1;0.0000;1;45352.0000;None;489800.0000
43406;2023-01-04 21:19:23.727000;6;104487;1;1;0.0000;1;35000.0000;None;378000.0000
43406;2023-01-04 21:19:23.727000;6;104488;1;1;0.0000;1;35000.0000;None;378000.0000
42504;2023-01-04 14:18:13.703000;6;104488;1;1;0.0000;1;49463.0000;None;534200.0000
13730;2023-01-04 14:13:49.193000;6;104488;1;1;0.0000;1;40982.0000;None;442600.0000
42506;2023-01-04 14:50:04.003000;6;104488;1;1;0.0000;1;39371.0000;None;425200.0000
13732;2023-01-04 16:02:34.287000;6;104488;1;1;0.0000;1;21000.0000;None;226800.0000
43409;2023-01-04 21:00:23.553000;1;104490;1;1;41800.0000;1;27648.0000;None;298600.0000
23206;2023-01-04 12:46:53.837000;1;104491;1;1;54800.0000;1;20852.0000;None;225200.0000
43390;2023-01-04 12:49:32.430000;1;104491;1;1;54800.0000;1;17407.0000;None;188000.0000
43388;2023-01-04 12:14:43.753000;1;104491;1;1;54800.0000;1;22630.0000;None;244400.0000
43388;2023-01-04 12:14:43.753000;1;104491;1;1;54800.0000;1;22630.0000;None;244400.0000
13744;2023-01-04 21:16:21.847000;1;104494;1;1;50800.0000;1;17185.0000;None;185600.0000
42519;2023-01-04 20:38:20.507000;1;104494;1;1;50800.0000;1;77815.0000;None;840400.0000
42501;2023-01-04 12:46:28.040000;1;104494;1;1;50800.0000;1;35204.0000;None;380200.0000
23213;2023-01-04 15:33:13.667000;1;104494;1;1;50800.0000;1;11389.0000;None;123000.0000
43398;2023-01-04 18:20:12.703000;1;104494;1;1;50800.0000;1;15667.0000;None;169200.0000
42509;2023-01-04 20:17:38.477000;1;104498;1;1;24800.0000;1;27945.0000;None;301800.0000
13741;2023-01-04 21:22:46.730000;1;104498;1;1;24800.0000;1;55315.0000;None;597400.0000
23212;2023-01-04 15:46:17.633000;1;104498;1;1;24800.0000;1;36519.0000;None;394400.0000
42501;2023-01-04 13:14:35.747000;1;104498;1;1;24800.0000;1;35204.0000;None;380200.0000
13726;2023-01-04 13:32:32.867000;1;104498;1;1;24800.0000;1;26093.0000;None;281800.0000
43391;2023-01-04 13:54:56.583000;1;104498;1;1;24800.0000;1;16741.0000;None;180800.0000
23207;2023-01-04 14:15:37.523000;1;104498;1;1;24800.0000;1;21148.0000;None;228400.0000
13729;2023-01-04 14:02:07.223000;1;104498;1;1;24800.0000;1;29556.0000;None;319200.0000
23208;2023-01-04 13:38:20.653000;1;104498;1;1;24800.0000;1;20167.0000;None;217800.0000
43408;2023-01-04 21:51:51.457000;1;104498;1;1;24800.0000;1;32556.0000;None;351600.0000
43407;2023-01-04 21:26:38.333000;1;104498;1;1;24800.0000;1;58704.0000;None;634000.0000
23219;2023-01-04 21:24:28.280000;1;104498;1;1;24800.0000;1;15796.0000;None;170600.0000
43409;2023-01-04 21:52:43.017000;1;104498;1;1;24800.0000;1;27648.0000;None;298600.0000
43408;2023-01-04 21:54:29.113000;1;104499;1;1;14800.0000;1;32556.0000;None;351600.0000
13742;2023-01-04 20:19:34.963000;1;104501;1;1;74800.0000;1;10944.0000;None;118200.0000
43392;2023-01-04 13:48:04.213000;1;104501;1;1;74800.0000;1;32426.0000;None;350200.0000
13736;2023-01-04 19:14:18.583000;1;104501;1;1;74800.0000;1;35871.0000;None;387400.0000
23216;2023-01-04 20:04:01.917000;1;104501;1;1;74800.0000;1;110741.0000;None;1196000.0000
13734;2023-01-04 16:58:38.267000;1;104502;1;1;89800.0000;1;None;None;379800.0000
23211;2023-01-04 14:36:37.940000;1;104502;1;1;89800.0000;1;14648.0000;None;158200.0000
42519;2023-01-04 20:38:20.507000;1;104502;1;1;89800.0000;1;77815.0000;None;840400.0000
13729;2023-01-04 13:09:54.170000;1;104503;1;1;49800.0000;1;29556.0000;None;319200.0000
42509;2023-01-04 19:36:25.290000;1;104503;1;1;49800.0000;1;27945.0000;None;301800.0000
43403;2023-01-04 19:55:00.083000;1;104503;1;1;49800.0000;1;44593.0000;None;481600.0000
42516;2023-01-04 19:44:47.180000;1;104505;1;1;29800.0000;1;20222.0000;None;218400.0000
43407;2023-01-04 20:29:07.427000;1;104505;1;1;29800.0000;1;58704.0000;None;634000.0000
13742;2023-01-04 20:19:34.963000;1;104510;1;1;32800.0000;1;10944.0000;None;118200.0000
13741;2023-01-04 20:24:30.203000;1;104510;1;1;32800.0000;1;55315.0000;None;597400.0000
42502;2023-01-04 13:22:30.510000;1;104510;1;1;32800.0000;1;18056.0000;None;195000.0000
13741;2023-01-04 21:22:46.730000;1;104512;1;1;19800.0000;1;55315.0000;None;597400.0000
23218;2023-01-04 21:11:40.533000;1;104513;1;3;0.0000;1;47704.0000;None;515200.0000
43397;2023-01-04 18:51:19.887000;1;104513;1;7;0.0000;1;63445.0000;None;685200.0000
23216;2023-01-04 19:15:37.663000;1;104519;1;2;109600.0000;1;110741.0000;None;1196000.0000
42504;2023-01-04 14:18:13.703000;3;104554;1;1;4800.0000;1;49463.0000;None;534200.0000
42504;2023-01-04 14:18:13.703000;3;104554;1;1;4800.0000;1;49463.0000;None;534200.0000
42504;2023-01-04 14:18:13.703000;3;104554;1;1;4800.0000;1;49463.0000;None;534200.0000
13730;2023-01-04 14:28:40.613000;3;104554;1;1;4800.0000;1;40982.0000;None;442600.0000
42506;2023-01-04 13:53:04.160000;1;104637;1;1;62800.0000;1;39371.0000;None;425200.0000
43395;2023-01-04 16:44:32.983000;1;104637;1;1;62800.0000;1;83056.0000;None;897000.0000
43395;2023-01-04 16:44:32.983000;1;104637;1;1;62800.0000;1;83056.0000;None;897000.0000
42504;2023-01-04 13:31:18.437000;1;104637;1;1;62800.0000;1;49463.0000;None;534200.0000
42504;2023-01-04 13:31:18.437000;1;104637;1;1;62800.0000;1;49463.0000;None;534200.0000
42504;2023-01-04 13:31:18.437000;1;104637;1;1;62800.0000;1;49463.0000;None;534200.0000
13728;2023-01-04 13:21:15.267000;1;104637;1;1;62800.0000;1;52871.0000;None;571000.0000
42501;2023-01-04 12:46:28.040000;1;104637;1;1;62800.0000;1;35204.0000;None;380200.0000
42501;2023-01-04 12:46:28.040000;1;104637;1;1;62800.0000;1;35204.0000;None;380200.0000
42500;2023-01-04 12:19:44.713000;1;104637;1;1;62800.0000;1;35315.0000;None;381400.0000
43401;2023-01-04 19:15:02.697000;1;104637;1;1;62800.0000;1;41296.0000;None;446000.0000
43397;2023-01-04 18:28:38.153000;1;104637;1;1;62800.0000;1;63445.0000;None;685200.0000
13733;2023-01-04 16:46:28.447000;1;104637;1;1;62800.0000;1;57667.0000;None;622800.0000
43399;2023-01-04 18:46:36.890000;1;104637;1;1;62800.0000;1;16574.0000;None;179000.0000
13741;2023-01-04 20:24:30.203000;1;104637;1;1;62800.0000;1;55315.0000;None;597400.0000
13737;2023-01-04 19:31:46.560000;1;104637;1;1;62800.0000;1;56871.0000;None;614200.0000
43407;2023-01-04 20:29:07.427000;1;104637;1;1;62800.0000;1;58704.0000;None;634000.0000
43407;2023-01-04 20:29:07.427000;1;104637;1;1;62800.0000;1;58704.0000;None;634000.0000
43406;2023-01-04 20:09:14.107000;1;104637;1;1;62800.0000;1;35000.0000;None;378000.0000
42521;2023-01-04 20:58:53.930000;1;104637;1;1;62800.0000;1;6259.0000;None;67600.0000
13739;2023-01-04 20:43:29.807000;1;104639;1;1;59800.0000;1;56500.0000;None;610200.0000
43399;2023-01-04 18:46:36.890000;1;104639;1;1;59800.0000;1;16574.0000;None;179000.0000
43393;2023-01-04 14:45:39.233000;1;104639;1;1;59800.0000;1;80500.0000;None;869400.0000
42506;2023-01-04 13:53:04.160000;1;104639;1;1;59800.0000;1;39371.0000;None;425200.0000
43392;2023-01-04 13:48:04.213000;1;104639;1;1;59800.0000;1;32426.0000;None;350200.0000
23220;2023-01-04 20:34:46.817000;1;104643;1;1;69800.0000;1;22093.0000;None;238600.0000
43388;2023-01-04 12:13:39.033000;1;104870;1;1;19800.0000;1;22630.0000;None;244400.0000
13729;2023-01-04 13:24:08.107000;1;104870;1;1;19800.0000;1;29556.0000;None;319200.0000
43391;2023-01-04 13:13:09.897000;1;104871;1;1;26800.0000;1;16741.0000;None;180800.0000
43388;2023-01-04 12:13:39.033000;1;104871;1;1;26800.0000;1;22630.0000;None;244400.0000
23206;2023-01-04 12:46:53.837000;1;104871;1;1;26800.0000;1;20852.0000;None;225200.0000
23215;2023-01-04 19:14:24.980000;1;104871;1;1;26800.0000;1;14685.0000;None;158600.0000
13739;2023-01-04 20:43:29.807000;1;104871;1;1;26800.0000;1;56500.0000;None;610200.0000
43404;2023-01-04 19:57:44.483000;1;104871;1;1;26800.0000;1;20389.0000;None;220200.0000
43408;2023-01-04 21:13:50.540000;1;104871;1;1;26800.0000;1;32556.0000;None;351600.0000
42516;2023-01-04 20:25:16.607000;1;104974;1;1;35800.0000;1;20222.0000;None;218400.0000
43401;2023-01-04 19:14:12.453000;1;104974;1;1;35800.0000;1;41296.0000;None;446000.0000
23215;2023-01-04 19:48:56.397000;1;105004;1;1;49800.0000;1;14685.0000;None;158600.0000
23216;2023-01-04 20:04:01.917000;1;105004;1;1;49800.0000;1;110741.0000;None;1196000.0000
13730;2023-01-04 13:22:33.730000;1;105004;1;1;49800.0000;1;40982.0000;None;442600.0000
23219;2023-01-04 20:20:36.683000;1;105004;1;1;49800.0000;1;15796.0000;None;170600.0000
42520;2023-01-04 20:42:38.180000;1;105009;1;1;76800.0000;1;29982.0000;None;323800.0000
42520;2023-01-04 20:42:38.180000;1;105009;1;1;76800.0000;1;29982.0000;None;323800.0000
43392;2023-01-04 13:48:04.213000;1;105009;1;1;76800.0000;1;32426.0000;None;350200.0000
43389;2023-01-04 13:32:03.057000;1;105009;1;1;76800.0000;1;20556.0000;None;222000.0000
13726;2023-01-04 12:42:12.363000;1;105009;1;1;76800.0000;1;26093.0000;None;281800.0000
42511;2023-01-04 18:53:52.263000;1;105009;1;1;76800.0000;1;21870.0000;None;236200.0000
13734;2023-01-04 16:58:38.267000;1;105009;1;1;76800.0000;1;None;None;379800.0000
13734;2023-01-04 16:58:38.267000;1;105009;1;1;76800.0000;1;None;None;379800.0000
13740;2023-01-04 19:56:21.133000;1;105009;1;1;76800.0000;1;12519.0000;None;135200.0000
13741;2023-01-04 20:24:30.203000;1;105011;1;1;68800.0000;1;55315.0000;None;597400.0000
43405;2023-01-04 21:06:47.007000;1;105011;1;1;68800.0000;1;59834.0000;None;646200.0000
43405;2023-01-04 21:18:03.287000;1;105011;1;-1;-68800.0000;1;59834.0000;None;646200.0000
13736;2023-01-04 19:14:18.583000;1;105011;1;1;68800.0000;1;35871.0000;None;387400.0000
23222;2023-01-04 20:43:13.793000;1;105011;1;1;68800.0000;1;17222.0000;None;186000.0000
23220;2023-01-04 21:09:25.107000;1;105020;1;1;15800.0000;1;22093.0000;None;238600.0000
13741;2023-01-04 21:00:44.727000;2;105024;1;1;33800.0000;1;55315.0000;None;597400.0000
43403;2023-01-04 19:48:32.040000;6;105044;1;1;0.0000;1;44593.0000;None;481600.0000
13739;2023-01-04 20:43:29.807000;1;105065;1;1;0.0000;1;56500.0000;None;610200.0000
42514;2023-01-04 19:27:08.663000;1;105065;1;1;0.0000;1;25630.0000;None;276800.0000
23207;2023-01-04 13:18:55.457000;1;105065;1;1;0.0000;1;21148.0000;None;228400.0000
43409;2023-01-04 21:00:23.553000;1;105065;1;1;0.0000;1;27648.0000;None;298600.0000
42522;2023-01-04 22:11:08.573000;2;105370;1;1;38800.0000;1;38741.0000;None;418400.0000
23218;2023-01-04 19:58:33.320000;2;105370;1;1;38800.0000;1;47704.0000;None;515200.0000
13735;2023-01-04 18:45:49.343000;2;105370;1;1;38800.0000;1;45352.0000;None;489800.0000
42515;2023-01-04 20:09:49.580000;6;105419;1;1;0.0000;1;82130.0000;None;887000.0000
42515;2023-01-04 19:26:40.593000;6;105419;1;1;None;1;82130.0000;None;887000.0000
42515;2023-01-04 19:26:40.593000;6;105419;1;1;None;1;82130.0000;None;887000.0000
43394;2023-01-04 15:41:01.917000;6;105419;1;1;0.0000;1;27926.0000;None;301600.0000
43397;2023-01-04 19:42:04.367000;6;105520;1;1;0.0000;1;63445.0000;None;685200.0000
13735;2023-01-04 19:51:58.210000;6;105701;1;1;0.0000;1;45352.0000;None;489800.0000
42513;2023-01-04 20:24:49.220000;6;105701;1;1;0.0000;1;17815.0000;None;192400.0000
13732;2023-01-04 16:02:34.287000;6;105701;1;1;0.0000;1;21000.0000;None;226800.0000
42506;2023-01-04 14:50:04.003000;6;105701;1;1;0.0000;1;39371.0000;None;425200.0000
42504;2023-01-04 14:18:13.703000;6;105701;1;1;0.0000;1;49463.0000;None;534200.0000
23206;2023-01-04 13:34:27.467000;6;105701;1;1;0.0000;1;20852.0000;None;225200.0000
43406;2023-01-04 21:19:23.727000;6;105701;1;1;0.0000;1;35000.0000;None;378000.0000
13727;2023-01-04 13:17:41.357000;1;105706;1;1;77800.0000;1;29130.0000;None;314600.0000
13733;2023-01-04 16:46:28.447000;1;105706;1;1;77800.0000;1;57667.0000;None;622800.0000
42515;2023-01-04 19:40:37.980000;2;105809;1;1;28800.0000;1;82130.0000;None;887000.0000
42515;2023-01-04 22:23:12.850000;2;105809;1;1;28800.0000;1;82130.0000;None;887000.0000
13731;2023-01-04 13:27:37.700000;2;105809;1;1;28800.0000;1;42445.0000;None;458400.0000
13731;2023-01-04 13:27:37.700000;2;105809;1;1;28800.0000;1;42445.0000;None;458400.0000
23210;2023-01-04 14:21:25.547000;2;105809;1;1;28800.0000;1;19574.0000;None;211400.0000
23210;2023-01-04 14:21:25.547000;2;105809;1;1;28800.0000;1;19574.0000;None;211400.0000
13731;2023-01-04 14:21:54.887000;2;105809;1;1;28800.0000;1;42445.0000;None;458400.0000
13731;2023-01-04 14:23:24.783000;2;105809;1;1;28800.0000;1;42445.0000;None;458400.0000
43393;2023-01-04 14:45:39.233000;2;105809;1;1;28800.0000;1;80500.0000;None;869400.0000
43393;2023-01-04 14:45:39.233000;2;105809;1;1;28800.0000;1;80500.0000;None;869400.0000
13735;2023-01-04 18:45:49.343000;2;106012;1;1;41800.0000;1;45352.0000;None;489800.0000
13735;2023-01-04 18:45:49.343000;2;106012;1;1;41800.0000;1;45352.0000;None;489800.0000
13735;2023-01-04 19:24:22.127000;2;106012;1;1;41800.0000;1;45352.0000;None;489800.0000
13735;2023-01-04 19:24:22.127000;2;106012;1;1;41800.0000;1;45352.0000;None;489800.0000
43402;2023-01-04 20:14:05.520000;1;106018;1;1;69800.0000;1;49371.0000;None;533200.0000
23217;2023-01-04 19:21:02.990000;1;106018;1;1;69800.0000;1;20111.0000;None;217200.0000
43403;2023-01-04 20:36:53.150000;1;106018;1;1;69800.0000;1;44593.0000;None;481600.0000
13728;2023-01-04 13:12:39.220000;1;106018;1;1;69800.0000;1;52871.0000;None;571000.0000
23222;2023-01-04 20:43:13.793000;1;106018;1;1;69800.0000;1;17222.0000;None;186000.0000
42522;2023-01-04 22:17:09.860000;8;106050;1;1;58800.0000;1;38741.0000;None;418400.0000
43407;2023-01-04 20:29:07.427000;8;106050;1;1;58800.0000;1;58704.0000;None;634000.0000
13737;2023-01-04 19:31:46.560000;8;106050;1;1;58800.0000;1;56871.0000;None;614200.0000
43402;2023-01-04 19:35:37.797000;8;106050;1;1;58800.0000;1;49371.0000;None;533200.0000
13733;2023-01-04 16:46:28.447000;8;106050;1;1;58800.0000;1;57667.0000;None;622800.0000
13731;2023-01-04 13:41:32.700000;1;106362;1;1;125800.0000;1;42445.0000;None;458400.0000
42509;2023-01-04 19:36:25.290000;1;106844;1;1;60800.0000;1;27945.0000;None;301800.0000
43402;2023-01-04 20:39:40.003000;1;106981;1;1;21800.0000;1;49371.0000;None;533200.0000
23212;2023-01-04 15:56:48.267000;1;106981;1;1;21800.0000;1;36519.0000;None;394400.0000
43394;2023-01-04 16:28:50.187000;1;106981;1;1;21800.0000;1;27926.0000;None;301600.0000
43395;2023-01-04 18:09:23.197000;1;106981;1;1;21800.0000;1;83056.0000;None;897000.0000
13728;2023-01-04 14:15:47.093000;1;106981;1;1;21800.0000;1;52871.0000;None;571000.0000
13727;2023-01-04 14:00:36.873000;1;106981;1;1;21800.0000;1;29130.0000;None;314600.0000
43389;2023-01-04 13:32:03.057000;1;107176;1;1;79800.0000;1;20556.0000;None;222000.0000
43393;2023-01-04 14:45:39.233000;1;107176;1;1;79800.0000;1;80500.0000;None;869400.0000
42506;2023-01-04 13:53:04.160000;1;107176;1;1;79800.0000;1;39371.0000;None;425200.0000
43398;2023-01-04 18:20:12.703000;1;107176;1;1;79800.0000;1;15667.0000;None;169200.0000
13733;2023-01-04 16:46:28.447000;1;107176;1;1;79800.0000;1;57667.0000;None;622800.0000
13733;2023-01-04 16:46:28.447000;1;107176;1;1;79800.0000;1;57667.0000;None;622800.0000
13733;2023-01-04 16:46:28.447000;1;107176;1;1;79800.0000;1;57667.0000;None;622800.0000
42508;2023-01-04 18:13:24.403000;1;107176;1;1;79800.0000;1;15389.0000;None;166200.0000
43409;2023-01-04 21:00:23.553000;1;107176;1;1;79800.0000;1;27648.0000;None;298600.0000
23219;2023-01-04 20:20:36.683000;1;107524;1;1;44800.0000;1;15796.0000;None;170600.0000
43392;2023-01-04 13:48:04.213000;1;107524;1;1;44800.0000;1;32426.0000;None;350200.0000
23213;2023-01-04 15:33:13.667000;1;107524;1;1;44800.0000;1;11389.0000;None;123000.0000
42515;2023-01-04 19:26:40.593000;2;107767;1;1;48800.0000;1;82130.0000;None;887000.0000
42515;2023-01-04 20:09:49.580000;2;107767;1;1;48800.0000;1;82130.0000;None;887000.0000
13731;2023-01-04 13:40:57.077000;8;107789;1;1;21800.0000;1;42445.0000;None;458400.0000
43395;2023-01-04 16:44:32.983000;1;107893;1;1;67800.0000;1;83056.0000;None;897000.0000
43388;2023-01-04 12:14:43.753000;1;107893;1;1;67800.0000;1;22630.0000;None;244400.0000
43400;2023-01-04 18:41:40.300000;1;107893;1;1;67800.0000;1;38574.0000;None;416600.0000
43407;2023-01-04 20:29:07.427000;1;107893;1;1;67800.0000;1;58704.0000;None;634000.0000
42520;2023-01-04 20:42:38.180000;1;107893;1;1;67800.0000;1;29982.0000;None;323800.0000
23210;2023-01-04 14:26:12.027000;1;108022;1;1;45800.0000;1;19574.0000;None;211400.0000
23218;2023-01-04 19:58:33.320000;1;108023;1;1;57800.0000;1;47704.0000;None;515200.0000
43406;2023-01-04 20:09:14.107000;1;108023;1;1;57800.0000;1;35000.0000;None;378000.0000
43410;2023-01-04 21:50:52.063000;2;108114;1;1;58800.0000;1;21111.0000;None;228000.0000
43400;2023-01-04 18:41:40.300000;2;108114;1;1;58800.0000;1;38574.0000;None;416600.0000
43399;2023-01-04 18:38:37.677000;2;108118;1;1;40800.0000;1;16574.0000;None;179000.0000
42517;2023-01-04 20:04:39.117000;2;108119;1;1;51800.0000;1;32556.0000;None;351600.0000
42515;2023-01-04 19:26:40.593000;2;108121;1;1;37800.0000;1;82130.0000;None;887000.0000
13728;2023-01-04 13:12:39.220000;1;108294;1;1;75800.0000;1;52871.0000;None;571000.0000
13741;2023-01-04 20:24:30.203000;1;108296;1;1;49800.0000;1;55315.0000;None;597400.0000
43407;2023-01-04 20:29:07.427000;1;108296;1;1;49800.0000;1;58704.0000;None;634000.0000
43409;2023-01-04 21:00:23.553000;1;108298;1;1;64800.0000;1;27648.0000;None;298600.0000
42514;2023-01-04 19:27:08.663000;1;108298;1;1;64800.0000;1;25630.0000;None;276800.0000
42513;2023-01-04 19:12:53.977000;1;108298;1;1;64800.0000;1;17815.0000;None;192400.0000
42513;2023-01-04 19:12:53.977000;1;108298;1;1;64800.0000;1;17815.0000;None;192400.0000
23207;2023-01-04 13:18:55.457000;1;108298;1;1;64800.0000;1;21148.0000;None;228400.0000
43393;2023-01-04 14:45:39.233000;1;108337;1;1;139800.0000;1;80500.0000;None;869400.0000
42517;2023-01-04 22:02:40.633000;3;108476;1;1;32800.0000;1;32556.0000;None;351600.0000
42510;2023-01-04 19:50:41.970000;3;108531;1;1;6800.0000;1;11870.0000;None;128200.0000
42505;2023-01-04 13:17:05.773000;1;109230;1;1;21800.0000;1;11204.0000;None;121000.0000
43402;2023-01-04 19:35:37.797000;1;109287;1;1;23800.0000;1;49371.0000;None;533200.0000
13739;2023-01-04 20:43:29.807000;1;109288;1;1;46800.0000;1;56500.0000;None;610200.0000
23207;2023-01-04 13:18:55.457000;1;109288;1;1;46800.0000;1;21148.0000;None;228400.0000
13728;2023-01-04 13:12:39.220000;1;109326;1;1;45800.0000;1;52871.0000;None;571000.0000
42517;2023-01-04 20:59:01.263000;1;109329;1;1;75800.0000;1;32556.0000;None;351600.0000
43400;2023-01-04 18:41:40.300000;1;109329;1;1;75800.0000;1;38574.0000;None;416600.0000
43406;2023-01-04 20:09:14.107000;1;109329;1;1;75800.0000;1;35000.0000;None;378000.0000
43400;2023-01-04 18:41:40.300000;2;109386;1;1;22800.0000;1;38574.0000;None;416600.0000
42519;2023-01-04 20:38:20.507000;1;109577;1;1;27800.0000;1;77815.0000;None;840400.0000
42519;2023-01-04 20:38:20.507000;1;109577;1;1;27800.0000;1;77815.0000;None;840400.0000
42511;2023-01-04 18:53:52.263000;1;109578;1;1;45800.0000;1;21870.0000;None;236200.0000
13741;2023-01-04 20:24:30.203000;1;109578;1;1;45800.0000;1;55315.0000;None;597400.0000
43403;2023-01-04 20:36:53.150000;1;109578;1;1;45800.0000;1;44593.0000;None;481600.0000
42515;2023-01-04 19:53:27.570000;1;109578;1;2;91600.0000;1;82130.0000;None;887000.0000
23217;2023-01-04 19:27:43.777000;1;109578;1;1;45800.0000;1;20111.0000;None;217200.0000
43391;2023-01-04 13:08:05.600000;1;109578;1;1;45800.0000;1;16741.0000;None;180800.0000
42501;2023-01-04 12:32:52.710000;1;109578;1;1;45800.0000;1;35204.0000;None;380200.0000
23217;2023-01-04 19:27:43.777000;1;109590;1;1;95800.0000;1;20111.0000;None;217200.0000
43407;2023-01-04 20:11:06.463000;3;200008;1;1;13800.0000;1;58704.0000;None;634000.0000
23216;2023-01-04 19:21:29.937000;3;200008;1;2;27600.0000;1;110741.0000;None;1196000.0000
13737;2023-01-04 20:50:52.447000;2;200150;1;1;159800.0000;1;56871.0000;None;614200.0000
43406;2023-01-04 21:19:23.727000;1;200223;1;1;26800.0000;1;35000.0000;None;378000.0000
42513;2023-01-04 20:24:49.220000;1;200223;1;1;26800.0000;1;17815.0000;None;192400.0000
13735;2023-01-04 19:51:58.210000;1;200223;1;1;26800.0000;1;45352.0000;None;489800.0000
23206;2023-01-04 13:34:27.467000;1;200223;1;1;26800.0000;1;20852.0000;None;225200.0000
42504;2023-01-04 14:18:13.703000;1;200223;1;1;26800.0000;1;49463.0000;None;534200.0000
13732;2023-01-04 16:02:34.287000;1;200223;1;1;26800.0000;1;21000.0000;None;226800.0000
42506;2023-01-04 14:50:04.003000;1;200223;1;1;26800.0000;1;39371.0000;None;425200.0000
13730;2023-01-04 14:13:49.193000;1;200223;1;1;26800.0000;1;40982.0000;None;442600.0000
43395;2023-01-04 16:44:32.983000;2;200480;1;1;12800.0000;1;83056.0000;None;897000.0000
43395;2023-01-04 16:30:18.107000;2;200480;1;1;12800.0000;1;83056.0000;None;897000.0000
13741;2023-01-04 20:01:28.763000;2;200480;1;1;12800.0000;1;55315.0000;None;597400.0000
43397;2023-01-04 18:28:38.153000;2;200627;1;1;70800.0000;1;63445.0000;None;685200.0000
13734;2023-01-04 16:47:14.047000;2;200627;1;1;70800.0000;1;None;None;379800.0000
13727;2023-01-04 13:01:16.750000;2;200627;1;1;70800.0000;1;29130.0000;None;314600.0000
13728;2023-01-04 13:08:01.200000;3;200644;1;1;5800.0000;1;52871.0000;None;571000.0000
13728;2023-01-04 13:08:01.200000;3;200644;1;1;5800.0000;1;52871.0000;None;571000.0000
13729;2023-01-04 13:21:25.847000;3;200644;1;1;5800.0000;1;29556.0000;None;319200.0000
42504;2023-01-04 13:07:24.053000;3;200644;1;1;5800.0000;1;49463.0000;None;534200.0000
43388;2023-01-04 12:14:07.543000;3;200644;1;1;5800.0000;1;22630.0000;None;244400.0000
43388;2023-01-04 12:14:07.543000;3;200644;1;1;5800.0000;1;22630.0000;None;244400.0000
13731;2023-01-04 13:27:37.700000;3;200644;1;1;5800.0000;1;42445.0000;None;458400.0000
23210;2023-01-04 14:21:25.547000;3;200644;1;1;5800.0000;1;19574.0000;None;211400.0000
43392;2023-01-04 13:44:57.340000;3;200644;1;1;5800.0000;1;32426.0000;None;350200.0000
43399;2023-01-04 19:21:38.507000;3;200644;1;1;5800.0000;1;16574.0000;None;179000.0000
42510;2023-01-04 18:42:28.283000;3;200644;1;1;5800.0000;1;11870.0000;None;128200.0000
42512;2023-01-04 19:10:12.300000;3;200644;1;1;5800.0000;1;7926.0000;None;85600.0000
23216;2023-01-04 19:15:37.663000;3;200644;1;1;5800.0000;1;110741.0000;None;1196000.0000
23215;2023-01-04 20:40:41.943000;3;200644;1;1;5800.0000;1;14685.0000;None;158600.0000
13737;2023-01-04 19:19:55.127000;3;200644;1;1;5800.0000;1;56871.0000;None;614200.0000
13739;2023-01-04 20:43:29.807000;3;200644;1;1;5800.0000;1;56500.0000;None;610200.0000
13739;2023-01-04 19:33:49.533000;3;200644;1;1;5800.0000;1;56500.0000;None;610200.0000
13739;2023-01-04 19:33:49.533000;3;200644;1;1;5800.0000;1;56500.0000;None;610200.0000
42515;2023-01-04 20:26:00.337000;3;200644;1;1;5800.0000;1;82130.0000;None;887000.0000
43410;2023-01-04 21:50:52.063000;3;200644;1;1;5800.0000;1;21111.0000;None;228000.0000
42520;2023-01-04 20:42:38.180000;3;200644;1;1;5800.0000;1;29982.0000;None;323800.0000
23221;2023-01-04 21:24:33.790000;3;200644;1;1;5800.0000;1;32630.0000;None;352400.0000
23221;2023-01-04 21:24:33.790000;3;200644;1;1;5800.0000;1;32630.0000;None;352400.0000
43406;2023-01-04 20:09:14.107000;3;200644;1;1;5800.0000;1;35000.0000;None;378000.0000
13742;2023-01-04 20:19:34.963000;3;200644;1;1;5800.0000;1;10944.0000;None;118200.0000
43407;2023-01-04 20:29:07.427000;3;201146;1;1;5800.0000;1;58704.0000;None;634000.0000
42519;2023-01-04 20:27:18.637000;3;201146;1;1;5800.0000;1;77815.0000;None;840400.0000
42519;2023-01-04 20:27:18.637000;3;201146;1;1;5800.0000;1;77815.0000;None;840400.0000
42519;2023-01-04 20:27:18.637000;3;201146;1;1;5800.0000;1;77815.0000;None;840400.0000
43408;2023-01-04 21:48:31.417000;3;201146;1;1;5800.0000;1;32556.0000;None;351600.0000
13744;2023-01-04 21:02:58.003000;3;201146;1;1;5800.0000;1;17185.0000;None;185600.0000
23223;2023-01-04 22:30:46.260000;3;201146;1;1;5800.0000;1;537.0000;None;5800.0000
42515;2023-01-04 20:26:00.337000;3;201146;1;1;5800.0000;1;82130.0000;None;887000.0000
42515;2023-01-04 20:35:03.930000;3;201146;1;1;5800.0000;1;82130.0000;None;887000.0000
43402;2023-01-04 19:25:46.463000;3;201146;1;1;5800.0000;1;49371.0000;None;533200.0000
23217;2023-01-04 19:21:02.990000;3;201146;1;1;5800.0000;1;20111.0000;None;217200.0000
13737;2023-01-04 21:12:57.583000;3;201146;1;1;5800.0000;1;56871.0000;None;614200.0000
43403;2023-01-04 20:38:55.307000;3;201146;1;1;5800.0000;1;44593.0000;None;481600.0000
43405;2023-01-04 20:36:03.250000;3;201146;1;1;5800.0000;1;59834.0000;None;646200.0000
23216;2023-01-04 19:21:29.937000;3;201146;1;1;5800.0000;1;110741.0000;None;1196000.0000
23216;2023-01-04 21:03:27.330000;3;201146;1;1;5800.0000;1;110741.0000;None;1196000.0000
42513;2023-01-04 19:12:53.977000;3;201146;1;1;5800.0000;1;17815.0000;None;192400.0000
13735;2023-01-04 19:24:22.127000;3;201146;1;1;5800.0000;1;45352.0000;None;489800.0000
43398;2023-01-04 18:20:12.703000;3;201146;1;1;5800.0000;1;15667.0000;None;169200.0000
43393;2023-01-04 15:30:11.647000;3;201146;1;1;5800.0000;1;80500.0000;None;869400.0000
23213;2023-01-04 15:24:49.563000;3;201146;1;2;11600.0000;1;11389.0000;None;123000.0000
43394;2023-01-04 16:01:07.127000;3;201146;1;1;5800.0000;1;27926.0000;None;301600.0000
42501;2023-01-04 12:32:52.710000;3;201146;1;1;5800.0000;1;35204.0000;None;380200.0000
13726;2023-01-04 12:40:08.130000;3;201146;1;1;5800.0000;1;26093.0000;None;281800.0000
23206;2023-01-04 12:42:27.853000;3;201146;1;1;5800.0000;1;20852.0000;None;225200.0000
23206;2023-01-04 12:42:27.853000;3;201146;1;1;5800.0000;1;20852.0000;None;225200.0000
23209;2023-01-04 13:19:27.057000;3;201146;1;1;5800.0000;1;25408.0000;None;274400.0000
13728;2023-01-04 14:07:49.417000;3;201146;1;1;5800.0000;1;52871.0000;None;571000.0000
13727;2023-01-04 13:01:16.750000;3;201146;1;1;5800.0000;1;29130.0000;None;314600.0000
43391;2023-01-04 13:00:39.010000;3;201146;1;1;5800.0000;1;16741.0000;None;180800.0000
43390;2023-01-04 12:49:32.430000;2;201187;1;1;9800.0000;1;17407.0000;None;188000.0000
43390;2023-01-04 12:49:32.430000;2;201187;1;1;9800.0000;1;17407.0000;None;188000.0000
23214;2023-01-04 16:28:35.067000;2;201187;1;1;9800.0000;1;30333.0000;None;327600.0000
42509;2023-01-04 18:35:10.363000;2;201187;1;1;9800.0000;1;27945.0000;None;301800.0000
42509;2023-01-04 19:01:42.020000;2;201187;1;1;9800.0000;1;27945.0000;None;301800.0000
43399;2023-01-04 18:38:37.677000;2;201187;1;1;9800.0000;1;16574.0000;None;179000.0000
13736;2023-01-04 18:51:56.267000;2;201187;1;1;9800.0000;1;35871.0000;None;387400.0000
43405;2023-01-04 21:22:46.300000;2;201187;1;1;9800.0000;1;59834.0000;None;646200.0000
43405;2023-01-04 21:22:46.300000;2;201187;1;1;9800.0000;1;59834.0000;None;646200.0000
43405;2023-01-04 20:36:03.250000;2;201187;1;1;9800.0000;1;59834.0000;None;646200.0000
43405;2023-01-04 20:36:03.250000;2;201187;1;1;9800.0000;1;59834.0000;None;646200.0000
42514;2023-01-04 19:17:01.543000;2;201187;1;1;9800.0000;1;25630.0000;None;276800.0000
43402;2023-01-04 19:25:46.463000;2;201187;1;1;9800.0000;1;49371.0000;None;533200.0000
13744;2023-01-04 21:49:09.570000;2;201187;1;1;9800.0000;1;17185.0000;None;185600.0000
13744;2023-01-04 21:02:58.003000;2;201187;1;1;9800.0000;1;17185.0000;None;185600.0000
42519;2023-01-04 20:27:18.637000;2;201187;1;1;9800.0000;1;77815.0000;None;840400.0000
43406;2023-01-04 20:57:26.617000;2;201187;1;1;9800.0000;1;35000.0000;None;378000.0000
23222;2023-01-04 20:43:13.793000;3;201206;1;1;5800.0000;1;17222.0000;None;186000.0000
43397;2023-01-04 18:28:38.153000;3;201206;1;1;5800.0000;1;63445.0000;None;685200.0000
13734;2023-01-04 16:47:14.047000;3;201206;1;1;5800.0000;1;None;None;379800.0000
42507;2023-01-04 13:52:56.597000;3;201206;1;1;5800.0000;1;29408.0000;None;317600.0000
13730;2023-01-04 13:54:35.507000;3;201206;1;1;5800.0000;1;40982.0000;None;442600.0000
23207;2023-01-04 13:18:55.457000;3;201206;1;1;5800.0000;1;21148.0000;None;228400.0000
23207;2023-01-04 13:18:55.457000;3;201206;1;1;5800.0000;1;21148.0000;None;228400.0000
23212;2023-01-04 15:25:53.203000;3;201211;1;1;6800.0000;1;36519.0000;None;394400.0000
43402;2023-01-04 19:25:46.463000;3;201211;1;1;6800.0000;1;49371.0000;None;533200.0000
43402;2023-01-04 20:03:49.273000;3;201211;1;1;6800.0000;1;49371.0000;None;533200.0000
42520;2023-01-04 20:42:38.180000;3;201211;1;1;6800.0000;1;29982.0000;None;323800.0000
42520;2023-01-04 20:42:38.180000;3;201211;1;1;6800.0000;1;29982.0000;None;323800.0000
42519;2023-01-04 21:17:29.517000;3;201211;1;1;6800.0000;1;77815.0000;None;840400.0000
43408;2023-01-04 21:13:50.540000;3;201211;1;1;6800.0000;1;32556.0000;None;351600.0000
43408;2023-01-04 20:34:56.357000;3;201211;1;1;6800.0000;1;32556.0000;None;351600.0000
42520;2023-01-04 20:42:38.180000;3;201269;1;1;5800.0000;1;29982.0000;None;323800.0000
42520;2023-01-04 20:42:38.180000;3;201269;1;1;5800.0000;1;29982.0000;None;323800.0000
43409;2023-01-04 20:44:57.760000;3;201269;1;1;5800.0000;1;27648.0000;None;298600.0000
42501;2023-01-04 12:50:28.087000;3;201269;1;1;5800.0000;1;35204.0000;None;380200.0000
42517;2023-01-04 20:07:59.087000;2;201363;1;1;133800.0000;1;32556.0000;None;351600.0000
42515;2023-01-04 20:13:13.520000;2;201406;1;1;126800.0000;1;82130.0000;None;887000.0000
13741;2023-01-04 20:01:28.763000;2;201615;1;1;13800.0000;1;55315.0000;None;597400.0000
42500;2023-01-04 12:10:03.810000;2;201615;1;1;13800.0000;1;35315.0000;None;381400.0000
42500;2023-01-04 12:36:43.677000;2;201615;1;1;13800.0000;1;35315.0000;None;381400.0000
42505;2023-01-04 13:17:05.773000;2;201615;1;1;13800.0000;1;11204.0000;None;121000.0000
43395;2023-01-04 16:44:32.983000;2;201615;1;1;13800.0000;1;83056.0000;None;897000.0000
43395;2023-01-04 15:55:12.407000;2;201615;1;1;13800.0000;1;83056.0000;None;897000.0000
42506;2023-01-04 13:38:55.447000;2;201615;1;1;13800.0000;1;39371.0000;None;425200.0000
42506;2023-01-04 14:16:00.787000;2;201615;1;1;13800.0000;1;39371.0000;None;425200.0000
13737;2023-01-04 19:31:46.560000;2;201665;1;1;133800.0000;1;56871.0000;None;614200.0000
42522;2023-01-04 20:30:27.330000;3;201704;1;1;13800.0000;1;38741.0000;None;418400.0000
42522;2023-01-04 22:56:37.363000;3;201704;1;-1;-13800.0000;1;38741.0000;None;418400.0000
23216;2023-01-04 19:50:11.737000;2;202365;1;1;151800.0000;1;110741.0000;None;1196000.0000
23216;2023-01-04 19:15:37.663000;2;202365;1;1;151800.0000;1;110741.0000;None;1196000.0000
