0001;10;00;M;000270000000000;1805;;100523;2;0
0001;10;00;M;000270000000000;1805;;100590;13;69815
0001;10;00;M;000030000000000;1805;;100596;5;26852
0001;10;00;M;000030000000000;1805;;100606;97;610741
0001;10;00;M;000030000000000;1805;;100607;29;182593
0001;10;00;M;000030000000000;1805;;100613;8;42963
0001;10;00;M;000030000000000;1805;;100614;87;467222
0001;10;00;M;000030000000000;1805;;100615;1;8148
0001;10;00;M;000270000000000;1805;;100625;3;24444
0001;10;00;M;000030000000000;1805;;100626;1;9074
0001;10;00;M;000270000000000;1805;;101069;3;7778
0001;10;00;M;000030000000000;1805;;101208;3;35556
0001;10;00;M;000030000000000;1805;;101219;2;20000
0001;10;00;M;000030000000000;1805;;101228;2;16296
0001;10;00;M;000030000000000;1805;;101231;15;80556
0001;10;00;M;000270000000000;1805;;101257;4;99259
0001;10;00;M;000270000000000;1805;;101261;7;232037
0001;10;00;M;000270000000000;1805;;101270;53;0
0001;10;00;M;000270000000000;1805;;101310;3;57778
0001;10;00;M;000030000000000;1805;;101333;7;102407
0001;10;00;M;000270000000000;1805;;101458;1;3519
0001;10;00;M;000270000000000;1805;;101502;2;0
0001;10;00;M;000270000000000;1805;;101503;19;0
0001;10;00;M;000270000000000;1805;;101511;4;0
0001;10;00;M;000270000000000;1805;;101543;8;0
0001;10;00;M;000270000000000;1805;;101575;5;0
0001;10;00;M;000270000000000;1805;;101576;11;0
0001;10;00;M;000030000000000;1805;;101656;2;10741
0002;10;00;M;000170000000000;1805;;101709;2;53333
0002;10;00;M;000170000000000;1805;;101727;3;85556
0002;10;00;M;000170000000000;1805;;101728;1;31296
0002;10;00;M;000170000000000;1805;;101730;2;47778
0002;10;00;M;000170000000000;1805;;101733;5;147222
0002;10;00;M;000170000000000;1805;;101772;2;29259
0002;10;00;M;000170000000000;1805;;101844;2;58889
0001;10;00;M;000270000000000;1805;;102025;2;58889
0001;10;00;M;000270000000000;1805;;102030;2;47778
0001;10;00;M;000270000000000;1805;;102065;1;27593
0001;10;00;M;000030000000000;1805;;102102;9;81667
0001;10;00;M;000270000000000;1805;;102128;2;5185
0001;10;00;M;000270000000000;1805;;102187;2;7037
0001;10;00;M;000270000000000;1805;;102206;2;1852
0001;10;00;M;000270000000000;1805;;102212;2;3333
0001;10;00;M;000270000000000;1805;;102233;1;5370
0001;10;00;M;000270000000000;1805;;102256;1;3519
0001;10;00;M;000270000000000;1805;;102260;4;14074
0001;10;00;M;000270000000000;1805;;102342;2;27407
0001;10;00;M;000030000000000;1805;;102402;1;7222
0001;10;00;M;000270000000000;1805;;102415;2;5185
0001;10;00;M;000030000000000;1805;;102426;3;10556
0001;10;00;M;000270000000000;1805;;102554;2;18148
0001;10;00;M;000270000000000;1805;;102574;1;10000
0001;10;00;M;000030000000000;1805;;102616;1;6296
0001;10;00;M;000030000000000;1805;;102619;1;7222
0001;10;00;M;000030000000000;1805;;102630;2;16296
0001;10;00;M;000030000000000;1805;;102635;17;138519
0001;10;00;M;000030000000000;1805;;102649;2;10741
0001;10;00;M;000030000000000;1805;;102651;1;9074
0001;10;00;M;000030000000000;1805;;102653;8;35556
0001;10;00;M;000030000000000;1805;;102663;1;10000
0001;10;00;M;000030000000000;1805;;102747;3;13333
0001;10;00;M;000030000000000;1805;;102749;1;5370
0001;10;00;M;000270000000000;1805;;102813;3;8333
0001;10;00;M;000270000000000;1805;;102905;1;4815
0001;10;00;M;000270000000000;1805;;102910;1;4815
0002;10;00;M;000170000000000;1805;;102933;2;47778
0001;10;00;M;000270000000000;1805;;103042;1;19259
0001;10;00;M;000270000000000;1805;;103047;3;63333
0001;10;00;M;000270000000000;1805;;103056;1;22963
0001;10;00;M;000270000000000;1805;;103076;15;552778
0001;10;00;M;000270000000000;1805;;103095;1;8148
0001;10;00;M;000270000000000;1805;;103102;3;21667
0001;10;00;M;000270000000000;1805;;103166;5;91667
0001;10;00;M;000270000000000;1805;;103214;6;148889
0001;10;00;M;000270000000000;1805;;103248;1;15556
0001;10;00;M;000270000000000;1805;;103251;2;47778
0001;10;00;M;000270000000000;1805;;103252;8;131852
0001;10;00;M;000270000000000;1805;;103271;1;23889
0001;10;00;M;000270000000000;1805;;103272;1;25741
0001;10;00;M;000270000000000;1805;;103316;1;45185
0001;10;00;M;000270000000000;1805;;103322;2;49630
0001;10;00;M;000270000000000;1805;;103327;1;36852
0001;10;00;M;000270000000000;1805;;103378;1;35926
0001;10;00;M;000270000000000;1805;;103384;1;44259
0001;10;00;M;000270000000000;1805;;103587;2;92222
0001;10;00;M;000270000000000;1805;;103630;1;19259
0001;10;00;M;000270000000000;1805;;103646;3;132778
0001;10;00;M;000270000000000;1805;;103647;2;73704
0001;10;00;M;000030000000000;1805;;103732;1;7222
0001;10;00;M;000270000000000;1805;;103759;1;10000
0001;10;00;M;000270000000000;1805;;103893;1;5370
0001;10;00;M;000270000000000;1805;;103961;7;108889
0001;10;00;M;000270000000000;1805;;103975;1;17407
0001;10;00;M;000270000000000;1805;;103992;7;44074
0001;10;00;M;000270000000000;1805;;104004;9;140000
0001;10;00;M;000270000000000;1805;;104015;3;27222
0001;10;00;M;000270000000000;1805;;104150;4;43704
0001;10;00;M;000270000000000;1805;;104152;1;9074
0001;10;00;M;000270000000000;1805;;104156;2;12593
0001;10;00;M;000270000000000;1805;;104157;1;5370
0001;10;00;M;000270000000000;1805;;104158;1;10926
0001;10;00;M;000270000000000;1805;;104160;1;5370
0001;10;00;M;000270000000000;1805;;104166;2;18148
0001;10;00;M;000270000000000;1805;;104172;5;50000
0001;10;00;M;000270000000000;1805;;104291;4;0
0001;10;00;M;000270000000000;1805;;104374;2;0
0001;10;00;M;000030000000000;1805;;104554;23;102222
0001;10;00;M;000270000000000;1805;;104556;7;63519
0002;10;00;M;000170000000000;1805;;104685;9;215000
0001;10;00;M;000270000000000;1805;;104698;1;3519
0001;10;00;M;000270000000000;1805;;104932;1;43333
0001;10;00;M;000270000000000;1805;;105167;4;0
0001;10;00;M;000270000000000;1805;;105281;1;18519
0001;10;00;M;000270000000000;1805;;105421;4;73333
0001;10;00;M;000270000000000;1805;;105520;6;0
0001;10;00;M;000030000000000;1805;;105735;6;0
0001;10;00;M;000270000000000;1805;;106056;1;2593
0001;10;00;M;000270000000000;1805;;106270;1;0
0001;10;00;M;000270000000000;1805;;106271;1;0
0001;10;00;M;000270000000000;1805;;106277;2;0
0001;10;00;M;000270000000000;1805;;106286;3;0
0001;10;00;M;000270000000000;1805;;106343;1;17407
0001;10;00;M;000270000000000;1805;;106800;1;0
0001;10;00;M;000270000000000;1805;;107031;8;741
0001;10;00;M;000270000000000;1805;;107316;12;2222
0001;10;00;M;000270000000000;1805;;108005;3;0
0001;10;00;M;000270000000000;1805;;108006;24;0
0001;10;00;M;000270000000000;1805;;108008;12;0
0002;10;00;M;000170000000000;1805;;108101;2;68148
0002;10;00;M;000170000000000;1805;;108118;1;36852
0002;10;00;M;000170000000000;1805;;108123;5;198148
0001;10;00;M;000030000000000;1805;;108191;1;0
0001;10;00;M;000270000000000;1805;;108351;1;20185
0001;10;00;M;000270000000000;1805;;108353;1;20185
0001;10;00;M;000030000000000;1805;;108531;10;72222
0001;10;00;M;000030000000000;1805;;108533;9;81667
0001;10;00;M;000270000000000;1805;;109101;2;55185
0002;10;00;M;000170000000000;1805;;109110;1;33148
0001;10;00;M;000270000000000;1805;;109554;1;12778
0001;10;00;M;000270000000000;1805;;109555;2;18148
0001;10;00;M;000270000000000;1805;;109556;4;43704
0001;10;00;M;000030000000000;1805;;200006;7;63519
0002;10;00;M;000170000000000;1805;;200061;1;125741
0002;10;00;M;000170000000000;1805;;200152;1;101667
0002;10;00;M;000170000000000;1805;;200480;4;47407
0001;10;00;M;000030000000000;1805;;200644;28;176296
0001;10;00;M;000030000000000;1805;;201146;28;176296
0002;10;00;M;000170000000000;1805;;201187;11;110000
0001;10;00;M;000030000000000;1805;;201211;14;88148
0001;10;00;M;000030000000000;1805;;201237;4;25185
0001;10;00;M;000030000000000;1805;;201269;11;69259
0002;10;00;M;000170000000000;1805;;201406;1;117407
0001;10;00;M;000270000000000;1805;;201546;1;35926
0001;10;00;M;000270000000000;1805;;201567;4;36296
0002;10;00;M;000170000000000;1805;;201615;10;137037
0001;10;00;M;000270000000000;1805;;201678;2;70000
0001;10;00;M;000030000000000;1805;;201958;3;18889
0001;10;00;M;000030000000000;1805;;202112;2;18148
0002;10;00;M;000170000000000;1805;;202366;1;172037
0001;10;00;M;000030000000000;1805;;202708;1;7222
0001;10;00;M;000270000000000;1805;;202712;1;32222
0005;10;00;;;1805;;;;661141
0007;10;00;;;1805;;;;803653
