21600;2023-01-04 12:23:32.737000;7;1001;1;1;0.0000;1;27833.0000;None;300600.0000
21601;2023-01-04 12:43:20.053000;7;1001;1;1;0.0000;1;65760.0000;None;710200.0000
21611;2023-01-04 14:39:29.290000;7;1001;1;1;0.0000;1;21093.0000;None;227800.0000
21622;2023-01-04 20:58:51.663000;7;1002;1;1;0.0000;1;12852.0000;None;138800.0000
21602;2023-01-04 12:51:13.957000;7;1002;1;1;0.0000;1;25556.0000;None;276000.0000
21604;2023-01-04 13:04:48.487000;7;1002;1;1;0.0000;1;20056.0000;None;216600.0000
21605;2023-01-04 13:43:27.433000;7;1002;1;1;0.0000;1;58000.0000;None;626400.0000
21605;2023-01-04 13:43:27.433000;7;1002;1;1;0.0000;1;58000.0000;None;626400.0000
21600;2023-01-04 12:23:32.737000;7;1002;1;1;0.0000;1;27833.0000;None;300600.0000
21600;2023-01-04 12:23:32.737000;7;1002;1;1;0.0000;1;27833.0000;None;300600.0000
21601;2023-01-04 12:43:20.053000;7;1003;2;1;0.0000;1;65760.0000;None;710200.0000
21601;2023-01-04 12:43:20.053000;7;1003;2;1;0.0000;1;65760.0000;None;710200.0000
21615;2023-01-04 19:26:46.760000;7;1003;2;1;0.0000;1;43908.0000;None;474200.0000
21620;2023-01-04 20:49:03.780000;7;1004;1;1;0.0000;1;23982.0000;None;259000.0000
21623;2023-01-04 21:06:54.300000;7;1006;1;1;0.0000;1;14796.0000;None;159800.0000
21621;2023-01-04 20:27:48.013000;7;1006;1;1;0.0000;1;34908.0000;None;377000.0000
21616;2023-01-04 19:44:28.660000;7;1006;1;1;0.0000;1;39908.0000;None;431000.0000
21607;2023-01-04 13:31:55.520000;7;1006;1;1;0.0000;1;24870.0000;None;268600.0000
21607;2023-01-04 13:31:55.520000;7;1006;1;1;0.0000;1;24870.0000;None;268600.0000
21608;2023-01-04 13:47:14.467000;7;1006;1;1;0.0000;1;8963.0000;None;96800.0000
21602;2023-01-04 12:51:13.957000;7;1006;1;1;0.0000;1;25556.0000;None;276000.0000
21606;2023-01-04 13:15:04.570000;7;1006;1;3;0.0000;1;26482.0000;None;286000.0000
21600;2023-01-04 12:23:32.737000;7;1007;1;1;0.0000;1;27833.0000;None;300600.0000
21619;2023-01-04 20:56:18.730000;7;1007;1;1;0.0000;1;66000.0000;None;712800.0000
21619;2023-01-04 20:56:18.730000;7;1007;1;1;0.0000;1;66000.0000;None;712800.0000
21623;2023-01-04 21:06:54.300000;7;1007;1;1;0.0000;1;14796.0000;None;159800.0000
21600;2023-01-04 12:23:32.737000;7;1008;1;1;0.0000;1;27833.0000;None;300600.0000
21603;2023-01-04 13:00:39.040000;7;1008;1;1;0.0000;1;13019.0000;None;140600.0000
21605;2023-01-04 13:43:27.433000;7;1011;1;1;0.0000;1;58000.0000;None;626400.0000
21605;2023-01-04 13:43:27.433000;7;1011;1;1;0.0000;1;58000.0000;None;626400.0000
21617;2023-01-04 19:07:15.633000;7;1020;1;1;0.0000;1;20796.0000;None;224600.0000
21617;2023-01-04 19:07:15.633000;7;1020;1;1;0.0000;1;20796.0000;None;224600.0000
21608;2023-01-04 13:47:14.467000;7;1026;1;1;0.0000;1;8963.0000;None;96800.0000
21603;2023-01-04 13:07:27.160000;7;1032;1;1;0.0000;1;13019.0000;None;140600.0000
21603;2023-01-04 13:07:27.160000;7;1032;1;1;0.0000;1;13019.0000;None;140600.0000
21603;2023-01-04 13:07:27.160000;7;1032;1;1;0.0000;1;13019.0000;None;140600.0000
21609;2023-01-04 14:07:27.230000;7;1045;1;1;0.0000;1;33241.0000;None;359000.0000
21607;2023-01-04 13:31:55.520000;7;1045;1;1;0.0000;1;24870.0000;None;268600.0000
21607;2023-01-04 13:31:55.520000;7;1045;1;1;0.0000;1;24870.0000;None;268600.0000
21603;2023-01-04 13:00:39.040000;7;1059;1;1;0.0000;1;13019.0000;None;140600.0000
21602;2023-01-04 12:51:13.957000;7;1059;1;1;0.0000;1;25556.0000;None;276000.0000
21600;2023-01-04 12:23:32.737000;7;1059;1;1;0.0000;1;27833.0000;None;300600.0000
21600;2023-01-04 12:23:32.737000;7;1059;1;1;0.0000;1;27833.0000;None;300600.0000
21603;2023-01-04 13:00:39.040000;7;1125;1;1;0.0000;1;13019.0000;None;140600.0000
21601;2023-01-04 12:43:20.053000;7;1128;1;1;0.0000;1;65760.0000;None;710200.0000
21601;2023-01-04 12:43:20.053000;7;1128;1;1;0.0000;1;65760.0000;None;710200.0000
21605;2023-01-04 13:43:27.433000;7;1128;1;1;0.0000;1;58000.0000;None;626400.0000
21605;2023-01-04 13:43:27.433000;7;1128;1;1;0.0000;1;58000.0000;None;626400.0000
21615;2023-01-04 19:26:46.760000;7;1128;1;1;0.0000;1;43908.0000;None;474200.0000
21615;2023-01-04 19:26:46.760000;7;1128;1;1;0.0000;1;43908.0000;None;474200.0000
21622;2023-01-04 20:58:51.663000;7;1128;1;1;0.0000;1;12852.0000;None;138800.0000
21621;2023-01-04 20:27:48.013000;7;1128;1;1;0.0000;1;34908.0000;None;377000.0000
21620;2023-01-04 20:49:03.780000;7;1128;1;1;0.0000;1;23982.0000;None;259000.0000
21616;2023-01-04 19:44:28.660000;7;1135;1;1;0.0000;1;39908.0000;None;431000.0000
21616;2023-01-04 19:44:28.660000;7;1135;1;1;0.0000;1;39908.0000;None;431000.0000
21609;2023-01-04 14:07:27.230000;7;1135;1;1;0.0000;1;33241.0000;None;359000.0000
21610;2023-01-04 14:06:16.643000;7;1135;1;1;0.0000;1;None;None;31300.0000
21612;2023-01-04 16:13:11.050000;7;1135;1;1;0.0000;1;4389.0000;None;47400.0000
21613;2023-01-04 16:28:46.503000;7;1135;1;1;0.0000;1;None;None;95200.0000
21603;2023-01-04 13:00:39.040000;7;1135;1;1;0.0000;1;13019.0000;None;140600.0000
21603;2023-01-04 13:00:39.040000;7;1135;1;1;0.0000;1;13019.0000;None;140600.0000
21604;2023-01-04 13:04:48.487000;7;1135;1;1;0.0000;1;20056.0000;None;216600.0000
21604;2023-01-04 13:04:48.487000;7;1135;1;1;0.0000;1;20056.0000;None;216600.0000
21603;2023-01-04 13:00:39.040000;7;1135;1;1;0.0000;1;13019.0000;None;140600.0000
21603;2023-01-04 13:00:39.040000;7;1135;1;1;0.0000;1;13019.0000;None;140600.0000
21603;2023-01-04 13:00:39.040000;7;1135;1;1;0.0000;1;13019.0000;None;140600.0000
21602;2023-01-04 12:51:13.957000;7;1135;1;1;0.0000;1;25556.0000;None;276000.0000
21600;2023-01-04 12:23:32.737000;7;1135;1;1;0.0000;1;27833.0000;None;300600.0000
21600;2023-01-04 12:23:32.737000;7;1135;1;1;0.0000;1;27833.0000;None;300600.0000
21599;2023-01-04 14:05:28.210000;7;1135;1;1;0.0000;1;None;None;83600.0000
21626;2023-01-04 21:53:28.773000;7;1135;1;1;0.0000;1;None;None;39800.0000
21604;2023-01-04 13:04:48.487000;7;1159;1;1;0.0000;1;20056.0000;None;216600.0000
21599;2023-01-04 12:02:27.057000;7;1204;1;1;0.0000;1;None;None;83600.0000
21599;2023-01-04 12:02:27.057000;7;1204;1;1;0.0000;1;None;None;83600.0000
21600;2023-01-04 12:54:12.513000;7;1204;1;1;0.0000;1;27833.0000;None;300600.0000
21600;2023-01-04 12:54:12.513000;7;1204;1;1;0.0000;1;27833.0000;None;300600.0000
21611;2023-01-04 14:53:51.703000;7;1204;1;1;0.0000;1;21093.0000;None;227800.0000
21620;2023-01-04 20:07:00.930000;7;1207;1;1;0.0000;1;23982.0000;None;259000.0000
21611;2023-01-04 14:33:10.880000;7;1207;1;-1;0.0000;1;21093.0000;None;227800.0000
21611;2023-01-04 14:31:42.523000;7;1207;1;1;None;1;21093.0000;None;227800.0000
21599;2023-01-04 14:05:28.210000;7;1207;1;1;0.0000;1;None;None;83600.0000
21607;2023-01-04 13:20:10.897000;7;1214;1;1;0.0000;1;24870.0000;None;268600.0000
21607;2023-01-04 13:20:10.897000;7;1214;1;1;0.0000;1;24870.0000;None;268600.0000
21616;2023-01-04 19:04:26.197000;7;1214;1;1;0.0000;1;39908.0000;None;431000.0000
21616;2023-01-04 19:04:26.197000;7;1214;1;1;0.0000;1;39908.0000;None;431000.0000
21616;2023-01-04 19:04:26.197000;7;1214;1;1;0.0000;1;39908.0000;None;431000.0000
21619;2023-01-04 20:20:43.383000;7;1214;1;1;0.0000;1;66000.0000;None;712800.0000
21619;2023-01-04 20:20:43.383000;7;1214;1;1;0.0000;1;66000.0000;None;712800.0000
21619;2023-01-04 20:20:43.383000;7;1214;1;1;0.0000;1;66000.0000;None;712800.0000
21620;2023-01-04 20:07:00.930000;7;1214;1;1;0.0000;1;23982.0000;None;259000.0000
21621;2023-01-04 20:27:48.013000;7;1214;1;1;0.0000;1;34908.0000;None;377000.0000
21621;2023-01-04 20:27:48.013000;7;1214;1;1;0.0000;1;34908.0000;None;377000.0000
21621;2023-01-04 20:27:48.013000;7;1214;1;1;0.0000;1;34908.0000;None;377000.0000
21621;2023-01-04 20:27:48.013000;7;1214;1;1;0.0000;1;34908.0000;None;377000.0000
21616;2023-01-04 20:39:45.653000;7;1216;1;1;0.0000;1;39908.0000;None;431000.0000
21616;2023-01-04 20:39:45.653000;7;1217;1;1;0.0000;1;39908.0000;None;431000.0000
21616;2023-01-04 20:39:45.653000;7;1218;1;1;0.0000;1;39908.0000;None;431000.0000
21609;2023-01-04 14:21:32.060000;7;1220;1;1;0.0000;1;33241.0000;None;359000.0000
21609;2023-01-04 14:21:32.060000;7;1220;1;1;0.0000;1;33241.0000;None;359000.0000
21601;2023-01-04 13:02:13.230000;7;1220;1;1;0.0000;1;65760.0000;None;710200.0000
21601;2023-01-04 13:02:13.230000;7;1220;1;1;0.0000;1;65760.0000;None;710200.0000
21609;2023-01-04 13:57:57.847000;7;1230;1;1;0.0000;1;33241.0000;None;359000.0000
21616;2023-01-04 19:44:28.660000;7;1230;1;1;0.0000;1;39908.0000;None;431000.0000
21610;2023-01-04 14:06:16.643000;7;1319;1;1;0.0000;1;None;None;31300.0000
21610;2023-01-04 14:06:16.643000;7;1319;1;1;0.0000;1;None;None;31300.0000
21613;2023-01-04 16:28:46.503000;7;1319;1;1;0.0000;1;None;None;95200.0000
21613;2023-01-04 16:28:46.503000;7;1319;1;1;0.0000;1;None;None;95200.0000
21599;2023-01-04 14:05:28.210000;7;1319;1;1;0.0000;1;None;None;83600.0000
21599;2023-01-04 14:05:28.210000;7;1319;1;1;0.0000;1;None;None;83600.0000
21608;2023-01-04 13:32:32.363000;7;2006;1;1;0.0000;1;8963.0000;None;96800.0000
21619;2023-01-04 20:29:49.867000;7;2008;1;-4;0.0000;1;66000.0000;None;712800.0000
21619;2023-01-04 20:08:27.517000;7;2008;1;4;None;1;66000.0000;None;712800.0000
21619;2023-01-04 20:31:40.887000;7;2008;1;4;0.0000;1;66000.0000;None;712800.0000
21615;2023-01-04 18:49:14.353000;7;2008;1;4;0.0000;1;43908.0000;None;474200.0000
21615;2023-01-04 18:49:14.353000;7;2008;1;4;0.0000;1;43908.0000;None;474200.0000
21600;2023-01-04 12:14:49.613000;7;2008;1;3;0.0000;1;27833.0000;None;300600.0000
21602;2023-01-04 12:30:17.457000;7;2008;1;2;0.0000;1;25556.0000;None;276000.0000
21601;2023-01-04 12:44:05.120000;7;2008;1;5;0.0000;1;65760.0000;None;710200.0000
21622;2023-01-04 21:00:43.173000;7;2008;1;2;None;1;12852.0000;None;138800.0000
21622;2023-01-04 21:02:09.867000;7;2008;1;-2;0.0000;1;12852.0000;None;138800.0000
21604;2023-01-04 13:04:48.487000;7;2042;1;1;0.0000;1;20056.0000;None;216600.0000
21604;2023-01-04 13:04:48.487000;7;2042;1;1;0.0000;1;20056.0000;None;216600.0000
21616;2023-01-04 19:11:28.537000;7;2042;1;1;0.0000;1;39908.0000;None;431000.0000
21612;2023-01-04 16:11:27.857000;7;2042;1;1;0.0000;1;4389.0000;None;47400.0000
21614;2023-01-04 19:51:49.130000;7;2044;1;1;0.0000;1;73556.0000;None;794400.0000
21614;2023-01-04 19:55:09.033000;7;2049;1;1;0.0000;1;73556.0000;None;794400.0000
21614;2023-01-04 19:55:09.033000;7;2049;1;1;0.0000;1;73556.0000;None;794400.0000
21603;2023-01-04 13:00:39.040000;7;2050;1;1;0.0000;1;13019.0000;None;140600.0000
21611;2023-01-04 14:31:42.523000;7;2053;1;1;None;1;21093.0000;None;227800.0000
21611;2023-01-04 14:33:10.880000;7;2053;1;-1;0.0000;1;21093.0000;None;227800.0000
21601;2023-01-04 12:18:02.433000;7;2072;1;2;0.0000;1;65760.0000;None;710200.0000
11665;2023-01-04 12:32:52.150000;7;2072;1;1;0.0000;1;9056.0000;None;97800.0000
21601;2023-01-04 12:44:05.120000;7;2072;1;1;0.0000;1;65760.0000;None;710200.0000
21616;2023-01-04 20:39:45.653000;3;100601;1;1;5800.0000;1;39908.0000;None;431000.0000
21609;2023-01-04 15:00:43.723000;3;100606;1;1;6800.0000;1;33241.0000;None;359000.0000
21605;2023-01-04 15:03:43.847000;3;100606;1;1;6800.0000;1;58000.0000;None;626400.0000
21609;2023-01-04 15:00:43.723000;3;100607;1;1;6800.0000;1;33241.0000;None;359000.0000
21609;2023-01-04 15:00:43.723000;3;100614;1;1;5800.0000;1;33241.0000;None;359000.0000
21608;2023-01-04 14:32:08.733000;3;100614;1;1;5800.0000;1;8963.0000;None;96800.0000
21608;2023-01-04 14:32:08.733000;3;100614;1;1;5800.0000;1;8963.0000;None;96800.0000
21606;2023-01-04 13:52:56.193000;3;100614;1;1;5800.0000;1;26482.0000;None;286000.0000
21606;2023-01-04 13:52:56.193000;3;100614;1;1;5800.0000;1;26482.0000;None;286000.0000
21607;2023-01-04 14:13:08.813000;3;100614;1;1;5800.0000;1;24870.0000;None;268600.0000
21607;2023-01-04 14:13:08.813000;3;100614;1;1;5800.0000;1;24870.0000;None;268600.0000
21611;2023-01-04 15:27:49.473000;3;100614;1;1;5800.0000;1;21093.0000;None;227800.0000
21611;2023-01-04 15:27:49.473000;3;100614;1;1;5800.0000;1;21093.0000;None;227800.0000
21616;2023-01-04 20:39:45.653000;3;100614;1;1;5800.0000;1;39908.0000;None;431000.0000
21616;2023-01-04 20:39:45.653000;3;100614;1;1;5800.0000;1;39908.0000;None;431000.0000
21617;2023-01-04 19:38:42.957000;3;100614;1;1;5800.0000;1;20796.0000;None;224600.0000
21601;2023-01-04 13:39:26.410000;3;100614;1;1;5800.0000;1;65760.0000;None;710200.0000
11665;2023-01-04 13:30:16.507000;3;100614;1;1;5800.0000;1;9056.0000;None;97800.0000
11665;2023-01-04 13:30:16.507000;3;100614;1;1;5800.0000;1;9056.0000;None;97800.0000
21601;2023-01-04 12:22:03.523000;1;100967;1;1;22800.0000;1;65760.0000;None;710200.0000
21601;2023-01-04 12:22:03.523000;1;100967;1;1;22800.0000;1;65760.0000;None;710200.0000
21607;2023-01-04 13:20:10.897000;1;100967;1;1;22800.0000;1;24870.0000;None;268600.0000
21621;2023-01-04 20:27:48.013000;1;100967;1;1;22800.0000;1;34908.0000;None;377000.0000
21615;2023-01-04 18:50:45.280000;1;100968;1;1;29800.0000;1;43908.0000;None;474200.0000
21612;2023-01-04 16:13:11.050000;1;100974;1;1;17800.0000;1;4389.0000;None;47400.0000
21611;2023-01-04 14:39:29.290000;1;101111;1;1;48800.0000;1;21093.0000;None;227800.0000
21623;2023-01-04 22:09:59.003000;1;101114;1;1;11800.0000;1;14796.0000;None;159800.0000
21617;2023-01-04 19:07:15.633000;1;101176;1;1;39800.0000;1;20796.0000;None;224600.0000
21619;2023-01-04 20:20:43.383000;1;101176;1;1;39800.0000;1;66000.0000;None;712800.0000
21605;2023-01-04 13:19:07.457000;1;101291;1;1;26800.0000;1;58000.0000;None;626400.0000
21619;2023-01-04 20:20:43.383000;1;101291;1;1;26800.0000;1;66000.0000;None;712800.0000
21614;2023-01-04 17:39:58.513000;1;101291;1;1;26800.0000;1;73556.0000;None;794400.0000
21615;2023-01-04 19:26:46.760000;1;101298;1;1;39800.0000;1;43908.0000;None;474200.0000
21615;2023-01-04 19:26:46.760000;1;101301;1;1;49800.0000;1;43908.0000;None;474200.0000
21599;2023-01-04 14:05:28.210000;1;101302;2;1;28200.0000;1;None;None;83600.0000
21623;2023-01-04 22:09:59.003000;1;101308;1;1;18800.0000;1;14796.0000;None;159800.0000
21609;2023-01-04 13:57:57.847000;1;101340;1;1;29800.0000;1;33241.0000;None;359000.0000
21605;2023-01-04 15:03:43.847000;1;101425;1;1;16800.0000;1;58000.0000;None;626400.0000
21605;2023-01-04 13:43:27.433000;1;101433;1;1;0.0000;1;58000.0000;None;626400.0000
21604;2023-01-04 13:04:48.487000;1;101433;1;1;0.0000;1;20056.0000;None;216600.0000
21604;2023-01-04 13:04:48.487000;1;101433;1;1;0.0000;1;20056.0000;None;216600.0000
21609;2023-01-04 14:07:27.230000;1;101433;1;1;0.0000;1;33241.0000;None;359000.0000
21606;2023-01-04 13:15:04.570000;1;101433;1;1;0.0000;1;26482.0000;None;286000.0000
21618;2023-01-04 20:40:16.043000;1;101433;1;1;0.0000;1;21204.0000;None;229000.0000
21620;2023-01-04 20:49:03.780000;1;101433;1;1;0.0000;1;23982.0000;None;259000.0000
21622;2023-01-04 20:58:51.663000;1;101433;1;1;0.0000;1;12852.0000;None;138800.0000
21621;2023-01-04 20:27:48.013000;1;101433;1;1;0.0000;1;34908.0000;None;377000.0000
343;2023-01-04 21:57:19.773000;6;101477;1;-1;0.0000;1;-12852.0000;None;-138800.0000
21606;2023-01-04 13:15:04.570000;6;101477;1;2;0.0000;1;26482.0000;None;286000.0000
21602;2023-01-04 12:51:13.957000;6;101477;1;1;0.0000;1;25556.0000;None;276000.0000
21600;2023-01-04 12:23:32.737000;6;101477;1;1;0.0000;1;27833.0000;None;300600.0000
21605;2023-01-04 13:43:27.433000;6;101479;1;1;0.0000;1;58000.0000;None;626400.0000
21605;2023-01-04 13:43:27.433000;6;101482;1;1;0.0000;1;58000.0000;None;626400.0000
21619;2023-01-04 20:56:18.730000;6;101487;1;1;0.0000;1;66000.0000;None;712800.0000
21602;2023-01-04 12:51:13.957000;6;101487;1;1;0.0000;1;25556.0000;None;276000.0000
21619;2023-01-04 20:56:18.730000;6;101487;1;1;0.0000;1;66000.0000;None;712800.0000
21616;2023-01-04 19:44:28.660000;6;101487;1;1;0.0000;1;39908.0000;None;431000.0000
21623;2023-01-04 21:06:54.300000;6;101494;1;1;0.0000;1;14796.0000;None;159800.0000
21623;2023-01-04 21:06:54.300000;6;101494;1;1;0.0000;1;14796.0000;None;159800.0000
21625;2023-01-04 21:51:54.200000;1;101522;1;1;0.0000;1;11296.0000;None;122000.0000
21623;2023-01-04 21:06:54.300000;1;101522;1;1;0.0000;1;14796.0000;None;159800.0000
21615;2023-01-04 19:26:46.760000;1;101522;1;1;0.0000;1;43908.0000;None;474200.0000
11665;2023-01-04 12:37:29.587000;1;101522;1;1;0.0000;1;9056.0000;None;97800.0000
21602;2023-01-04 12:51:13.957000;1;101522;1;1;0.0000;1;25556.0000;None;276000.0000
21601;2023-01-04 12:43:20.053000;1;101522;1;1;0.0000;1;65760.0000;None;710200.0000
21601;2023-01-04 12:43:20.053000;1;101522;1;1;0.0000;1;65760.0000;None;710200.0000
21606;2023-01-04 13:15:04.570000;1;101522;1;2;0.0000;1;26482.0000;None;286000.0000
21600;2023-01-04 12:23:32.737000;1;101522;1;1;0.0000;1;27833.0000;None;300600.0000
21600;2023-01-04 12:23:32.737000;1;101522;1;1;0.0000;1;27833.0000;None;300600.0000
21600;2023-01-04 12:23:32.737000;1;101522;1;1;0.0000;1;27833.0000;None;300600.0000
21605;2023-01-04 13:43:27.433000;1;101552;1;1;0.0000;1;58000.0000;None;626400.0000
21616;2023-01-04 19:44:28.660000;1;101552;1;1;0.0000;1;39908.0000;None;431000.0000
21607;2023-01-04 13:31:55.520000;1;101552;1;1;0.0000;1;24870.0000;None;268600.0000
21607;2023-01-04 13:31:55.520000;1;101552;1;1;0.0000;1;24870.0000;None;268600.0000
21623;2023-01-04 21:06:54.300000;1;101552;1;1;0.0000;1;14796.0000;None;159800.0000
343;2023-01-04 21:57:19.773000;1;101552;1;-1;0.0000;1;-12852.0000;None;-138800.0000
21616;2023-01-04 19:44:28.660000;6;101563;1;1;0.0000;1;39908.0000;None;431000.0000
21616;2023-01-04 19:44:28.660000;6;101569;1;1;0.0000;1;39908.0000;None;431000.0000
21616;2023-01-04 19:44:28.660000;6;101583;1;1;0.0000;1;39908.0000;None;431000.0000
21619;2023-01-04 20:56:18.730000;6;101583;1;1;0.0000;1;66000.0000;None;712800.0000
21619;2023-01-04 20:56:18.730000;6;101583;1;1;0.0000;1;66000.0000;None;712800.0000
21602;2023-01-04 12:51:13.957000;6;101583;1;1;0.0000;1;25556.0000;None;276000.0000
21619;2023-01-04 20:20:43.383000;6;101585;1;1;0.0000;1;66000.0000;None;712800.0000
21617;2023-01-04 19:07:15.633000;6;101585;1;1;0.0000;1;20796.0000;None;224600.0000
21615;2023-01-04 19:26:46.760000;6;101589;1;1;0.0000;1;43908.0000;None;474200.0000
21607;2023-01-04 13:31:55.520000;6;101589;1;1;0.0000;1;24870.0000;None;268600.0000
21601;2023-01-04 12:43:20.053000;6;101589;1;1;0.0000;1;65760.0000;None;710200.0000
21606;2023-01-04 13:15:04.570000;6;101589;1;1;0.0000;1;26482.0000;None;286000.0000
21604;2023-01-04 13:04:48.487000;6;101589;1;1;0.0000;1;20056.0000;None;216600.0000
21620;2023-01-04 20:49:03.780000;6;101589;1;1;0.0000;1;23982.0000;None;259000.0000
21602;2023-01-04 12:51:13.957000;6;101592;1;1;0.0000;1;25556.0000;None;276000.0000
21616;2023-01-04 19:44:28.660000;6;101592;1;1;0.0000;1;39908.0000;None;431000.0000
21619;2023-01-04 20:56:18.730000;6;101592;1;1;0.0000;1;66000.0000;None;712800.0000
21619;2023-01-04 20:56:18.730000;6;101592;1;1;0.0000;1;66000.0000;None;712800.0000
21601;2023-01-04 12:43:20.053000;6;101604;1;1;0.0000;1;65760.0000;None;710200.0000
21600;2023-01-04 12:23:32.737000;6;101604;1;1;0.0000;1;27833.0000;None;300600.0000
21600;2023-01-04 12:23:32.737000;6;101604;1;1;0.0000;1;27833.0000;None;300600.0000
21621;2023-01-04 20:27:48.013000;6;101604;1;1;0.0000;1;34908.0000;None;377000.0000
21622;2023-01-04 20:58:51.663000;6;101604;1;1;0.0000;1;12852.0000;None;138800.0000
21601;2023-01-04 12:18:02.433000;3;101641;1;1;0.0000;1;65760.0000;None;710200.0000
21600;2023-01-04 12:14:49.613000;3;101641;1;3;0.0000;1;27833.0000;None;300600.0000
21602;2023-01-04 12:30:17.457000;3;101641;1;2;0.0000;1;25556.0000;None;276000.0000
21603;2023-01-04 13:00:39.040000;3;101641;1;1;0.0000;1;13019.0000;None;140600.0000
21617;2023-01-04 19:38:42.957000;3;101641;1;1;0.0000;1;20796.0000;None;224600.0000
21616;2023-01-04 19:11:28.537000;3;101641;1;1;0.0000;1;39908.0000;None;431000.0000
21614;2023-01-04 20:48:11.183000;3;101641;1;1;0.0000;1;73556.0000;None;794400.0000
21609;2023-01-04 14:08:46.267000;3;101641;1;1;0.0000;1;33241.0000;None;359000.0000
21614;2023-01-04 17:11:14.213000;3;101641;1;1;0.0000;1;73556.0000;None;794400.0000
21611;2023-01-04 14:33:10.880000;3;101641;1;-1;0.0000;1;21093.0000;None;227800.0000
21611;2023-01-04 14:33:10.880000;3;101641;1;-1;0.0000;1;21093.0000;None;227800.0000
21611;2023-01-04 14:31:42.523000;3;101641;1;1;None;1;21093.0000;None;227800.0000
21611;2023-01-04 14:31:42.523000;3;101641;1;1;None;1;21093.0000;None;227800.0000
21607;2023-01-04 13:31:55.520000;1;101659;1;1;43800.0000;1;24870.0000;None;268600.0000
21616;2023-01-04 19:44:28.660000;1;101659;1;1;43800.0000;1;39908.0000;None;431000.0000
11665;2023-01-04 12:37:29.587000;1;101659;1;1;43800.0000;1;9056.0000;None;97800.0000
21617;2023-01-04 19:38:42.957000;2;101727;1;1;32800.0000;1;20796.0000;None;224600.0000
21617;2023-01-04 19:07:15.633000;2;101727;1;1;32800.0000;1;20796.0000;None;224600.0000
21617;2023-01-04 19:07:15.633000;2;101727;1;1;32800.0000;1;20796.0000;None;224600.0000
21609;2023-01-04 14:08:46.267000;2;101727;1;1;32800.0000;1;33241.0000;None;359000.0000
343;2023-01-04 21:57:19.773000;2;101728;1;-1;-33800.0000;1;-12852.0000;None;-138800.0000
21624;2023-01-04 19:50:34.913000;2;101728;1;1;33800.0000;1;9389.0000;None;101400.0000
21624;2023-01-04 19:50:34.913000;2;101728;1;1;33800.0000;1;9389.0000;None;101400.0000
21624;2023-01-04 21:15:03.280000;2;101728;1;1;33800.0000;1;9389.0000;None;101400.0000
21625;2023-01-04 21:51:54.200000;2;101728;1;1;33800.0000;1;11296.0000;None;122000.0000
21622;2023-01-04 20:58:51.663000;2;101728;1;1;33800.0000;1;12852.0000;None;138800.0000
21620;2023-01-04 20:07:00.930000;2;101728;1;1;33800.0000;1;23982.0000;None;259000.0000
21614;2023-01-04 19:51:49.130000;2;101794;1;1;39800.0000;1;73556.0000;None;794400.0000
21614;2023-01-04 19:51:49.130000;2;101794;1;1;39800.0000;1;73556.0000;None;794400.0000
21614;2023-01-04 20:52:13.513000;2;101794;1;1;39800.0000;1;73556.0000;None;794400.0000
21614;2023-01-04 20:52:13.513000;2;101794;1;1;39800.0000;1;73556.0000;None;794400.0000
21614;2023-01-04 20:48:11.183000;2;101794;1;1;39800.0000;1;73556.0000;None;794400.0000
21614;2023-01-04 19:51:49.130000;2;101794;1;1;39800.0000;1;73556.0000;None;794400.0000
21614;2023-01-04 19:55:09.033000;2;101794;1;1;39800.0000;1;73556.0000;None;794400.0000
21611;2023-01-04 14:31:42.523000;2;101878;1;1;29800.0000;1;21093.0000;None;227800.0000
21611;2023-01-04 14:31:42.523000;2;101878;1;1;29800.0000;1;21093.0000;None;227800.0000
21622;2023-01-04 21:43:03.917000;1;101891;1;1;16800.0000;1;12852.0000;None;138800.0000
343;2023-01-04 21:57:19.773000;1;101891;1;-1;-16800.0000;1;-12852.0000;None;-138800.0000
21611;2023-01-04 15:27:49.473000;1;101891;1;1;16800.0000;1;21093.0000;None;227800.0000
21609;2023-01-04 14:07:27.230000;1;101955;1;1;99800.0000;1;33241.0000;None;359000.0000
11665;2023-01-04 12:37:29.587000;1;102035;1;1;32800.0000;1;9056.0000;None;97800.0000
21611;2023-01-04 14:39:29.290000;1;102050;1;1;34800.0000;1;21093.0000;None;227800.0000
21601;2023-01-04 12:43:20.053000;1;102053;1;1;32800.0000;1;65760.0000;None;710200.0000
21615;2023-01-04 19:26:46.760000;1;102070;1;1;55800.0000;1;43908.0000;None;474200.0000
21620;2023-01-04 21:24:34.520000;3;102102;1;1;9800.0000;1;23982.0000;None;259000.0000
21605;2023-01-04 15:03:43.847000;3;102102;1;1;9800.0000;1;58000.0000;None;626400.0000
21621;2023-01-04 20:27:48.013000;1;102132;1;1;6800.0000;1;34908.0000;None;377000.0000
21605;2023-01-04 13:43:27.433000;1;102132;1;1;6800.0000;1;58000.0000;None;626400.0000
21604;2023-01-04 13:04:48.487000;1;102132;1;1;6800.0000;1;20056.0000;None;216600.0000
21604;2023-01-04 13:04:48.487000;1;102132;1;1;6800.0000;1;20056.0000;None;216600.0000
21618;2023-01-04 20:40:16.043000;1;102132;1;1;6800.0000;1;21204.0000;None;229000.0000
21609;2023-01-04 14:07:27.230000;1;102132;1;1;6800.0000;1;33241.0000;None;359000.0000
21603;2023-01-04 13:07:27.160000;1;102141;1;1;3800.0000;1;13019.0000;None;140600.0000
21603;2023-01-04 13:00:39.040000;1;102141;1;1;3800.0000;1;13019.0000;None;140600.0000
21600;2023-01-04 12:23:32.737000;1;102172;1;1;4800.0000;1;27833.0000;None;300600.0000
21604;2023-01-04 13:04:48.487000;1;102173;1;1;5800.0000;1;20056.0000;None;216600.0000
21620;2023-01-04 21:24:34.520000;1;102187;1;1;3800.0000;1;23982.0000;None;259000.0000
21619;2023-01-04 20:56:18.730000;1;102239;1;1;5800.0000;1;66000.0000;None;712800.0000
21600;2023-01-04 12:23:32.737000;1;102303;1;1;3800.0000;1;27833.0000;None;300600.0000
21609;2023-01-04 14:07:27.230000;1;102314;1;1;8800.0000;1;33241.0000;None;359000.0000
21613;2023-01-04 16:28:46.503000;1;102330;2;1;55500.0000;1;None;None;95200.0000
21619;2023-01-04 20:20:43.383000;1;102339;1;1;47800.0000;1;66000.0000;None;712800.0000
21619;2023-01-04 20:20:43.383000;1;102339;1;1;47800.0000;1;66000.0000;None;712800.0000
21608;2023-01-04 13:47:14.467000;1;102476;1;1;35800.0000;1;8963.0000;None;96800.0000
21608;2023-01-04 13:47:14.467000;1;102476;1;1;35800.0000;1;8963.0000;None;96800.0000
21607;2023-01-04 13:31:55.520000;1;102476;1;1;35800.0000;1;24870.0000;None;268600.0000
21619;2023-01-04 20:56:18.730000;1;102483;1;1;37800.0000;1;66000.0000;None;712800.0000
21619;2023-01-04 20:56:18.730000;1;102483;1;1;37800.0000;1;66000.0000;None;712800.0000
21602;2023-01-04 12:51:13.957000;1;102485;1;1;37800.0000;1;25556.0000;None;276000.0000
21616;2023-01-04 19:04:26.197000;1;102602;1;1;26800.0000;1;39908.0000;None;431000.0000
21621;2023-01-04 20:27:48.013000;1;102602;1;1;26800.0000;1;34908.0000;None;377000.0000
21605;2023-01-04 13:14:00.463000;6;102629;1;1;None;1;58000.0000;None;626400.0000
21605;2023-01-04 13:14:00.463000;6;102629;1;1;None;1;58000.0000;None;626400.0000
21605;2023-01-04 13:43:27.433000;6;102629;1;1;0.0000;1;58000.0000;None;626400.0000
21605;2023-01-04 13:43:27.433000;6;102629;1;1;0.0000;1;58000.0000;None;626400.0000
21602;2023-01-04 12:30:17.457000;3;102635;1;4;31200.0000;1;25556.0000;None;276000.0000
21612;2023-01-04 16:11:27.857000;3;102635;1;1;7800.0000;1;4389.0000;None;47400.0000
21600;2023-01-04 12:23:32.737000;3;102639;1;1;9800.0000;1;27833.0000;None;300600.0000
21609;2023-01-04 14:08:46.267000;3;102641;1;1;10800.0000;1;33241.0000;None;359000.0000
21608;2023-01-04 13:32:32.363000;3;102645;1;1;6800.0000;1;8963.0000;None;96800.0000
21611;2023-01-04 14:39:29.290000;1;102682;1;1;16800.0000;1;21093.0000;None;227800.0000
11665;2023-01-04 12:32:52.150000;3;102747;1;1;4800.0000;1;9056.0000;None;97800.0000
11665;2023-01-04 12:32:52.150000;3;102747;1;1;4800.0000;1;9056.0000;None;97800.0000
21601;2023-01-04 12:44:05.120000;3;102751;1;1;8800.0000;1;65760.0000;None;710200.0000
21601;2023-01-04 12:18:02.433000;3;102751;1;1;8800.0000;1;65760.0000;None;710200.0000
21601;2023-01-04 12:18:02.433000;3;102751;1;1;8800.0000;1;65760.0000;None;710200.0000
21611;2023-01-04 14:33:01.710000;3;102751;1;1;8800.0000;1;21093.0000;None;227800.0000
21616;2023-01-04 19:44:28.660000;1;102903;1;1;34800.0000;1;39908.0000;None;431000.0000
21616;2023-01-04 20:39:45.653000;1;102907;1;1;15800.0000;1;39908.0000;None;431000.0000
21600;2023-01-04 12:23:32.737000;1;103123;1;1;15800.0000;1;27833.0000;None;300600.0000
21600;2023-01-04 12:23:32.737000;1;103123;1;1;15800.0000;1;27833.0000;None;300600.0000
21621;2023-01-04 20:27:48.013000;1;103160;1;1;16800.0000;1;34908.0000;None;377000.0000
21616;2023-01-04 19:04:26.197000;1;103160;1;1;16800.0000;1;39908.0000;None;431000.0000
21607;2023-01-04 13:20:10.897000;1;103160;1;1;16800.0000;1;24870.0000;None;268600.0000
21603;2023-01-04 13:00:39.040000;1;103171;1;1;28800.0000;1;13019.0000;None;140600.0000
21618;2023-01-04 20:40:16.043000;1;103192;1;1;69800.0000;1;21204.0000;None;229000.0000
21614;2023-01-04 19:12:39.983000;1;103353;1;1;47800.0000;1;73556.0000;None;794400.0000
21607;2023-01-04 13:20:10.897000;1;103389;1;1;49800.0000;1;24870.0000;None;268600.0000
21617;2023-01-04 19:07:15.633000;1;103392;1;1;69800.0000;1;20796.0000;None;224600.0000
21616;2023-01-04 19:05:00.597000;1;103392;1;1;69800.0000;1;39908.0000;None;431000.0000
21622;2023-01-04 20:58:51.663000;1;103400;1;1;12800.0000;1;12852.0000;None;138800.0000
343;2023-01-04 21:57:19.773000;1;103400;1;-1;-12800.0000;1;-12852.0000;None;-138800.0000
21625;2023-01-04 21:51:54.200000;1;103400;1;1;12800.0000;1;11296.0000;None;122000.0000
21604;2023-01-04 13:04:48.487000;1;103592;1;1;64800.0000;1;20056.0000;None;216600.0000
21603;2023-01-04 13:00:39.040000;1;103592;1;1;64800.0000;1;13019.0000;None;140600.0000
21600;2023-01-04 12:14:49.613000;1;103773;1;1;14800.0000;1;27833.0000;None;300600.0000
21602;2023-01-04 12:51:13.957000;1;103773;1;1;14800.0000;1;25556.0000;None;276000.0000
21611;2023-01-04 14:39:29.290000;1;103773;1;1;14800.0000;1;21093.0000;None;227800.0000
21601;2023-01-04 12:43:20.053000;1;103818;1;1;109800.0000;1;65760.0000;None;710200.0000
21605;2023-01-04 13:43:27.433000;1;103818;1;1;109800.0000;1;58000.0000;None;626400.0000
21599;2023-01-04 14:05:28.210000;1;103856;2;1;41800.0000;1;None;None;83600.0000
21600;2023-01-04 12:23:32.737000;1;103876;1;1;38800.0000;1;27833.0000;None;300600.0000
21602;2023-01-04 12:51:13.957000;1;103945;1;1;69800.0000;1;25556.0000;None;276000.0000
21621;2023-01-04 20:27:48.013000;1;103946;1;1;79800.0000;1;34908.0000;None;377000.0000
21614;2023-01-04 17:39:58.513000;1;104010;1;1;13800.0000;1;73556.0000;None;794400.0000
21616;2023-01-04 19:04:26.197000;1;104010;1;1;13800.0000;1;39908.0000;None;431000.0000
21616;2023-01-04 19:44:28.660000;1;104010;1;1;13800.0000;1;39908.0000;None;431000.0000
21618;2023-01-04 20:54:56.120000;1;104010;1;1;13800.0000;1;21204.0000;None;229000.0000
21603;2023-01-04 13:00:39.040000;1;104206;1;1;16800.0000;1;13019.0000;None;140600.0000
21603;2023-01-04 13:00:39.040000;1;104206;1;1;16800.0000;1;13019.0000;None;140600.0000
21606;2023-01-04 13:15:04.570000;1;104294;1;3;209400.0000;1;26482.0000;None;286000.0000
21618;2023-01-04 20:19:49.513000;1;104315;1;1;59800.0000;1;21204.0000;None;229000.0000
21602;2023-01-04 13:48:30.693000;3;104554;1;4;19200.0000;1;25556.0000;None;276000.0000
21609;2023-01-04 14:07:27.230000;1;104638;1;1;69800.0000;1;33241.0000;None;359000.0000
21613;2023-01-04 16:28:46.503000;1;104873;2;1;39700.0000;1;None;None;95200.0000
21601;2023-01-04 12:43:20.053000;1;104893;1;1;119800.0000;1;65760.0000;None;710200.0000
21604;2023-01-04 13:04:48.487000;1;104893;1;1;119800.0000;1;20056.0000;None;216600.0000
21610;2023-01-04 14:06:16.643000;1;104909;2;1;31300.0000;1;None;None;31300.0000
21607;2023-01-04 14:13:08.813000;1;105421;1;1;17800.0000;1;24870.0000;None;268600.0000
21616;2023-01-04 20:39:45.653000;1;105421;1;1;17800.0000;1;39908.0000;None;431000.0000
21601;2023-01-04 13:39:26.410000;1;105421;1;1;17800.0000;1;65760.0000;None;710200.0000
21601;2023-01-04 13:39:26.410000;1;105421;1;1;17800.0000;1;65760.0000;None;710200.0000
21614;2023-01-04 17:11:14.213000;6;105520;1;1;0.0000;1;73556.0000;None;794400.0000
21614;2023-01-04 17:11:14.213000;6;105520;1;1;0.0000;1;73556.0000;None;794400.0000
21614;2023-01-04 17:11:14.213000;6;105520;1;1;0.0000;1;73556.0000;None;794400.0000
21614;2023-01-04 17:11:14.213000;6;105520;1;1;0.0000;1;73556.0000;None;794400.0000
21614;2023-01-04 19:51:49.130000;6;105631;1;1;0.0000;1;73556.0000;None;794400.0000
21614;2023-01-04 19:51:49.130000;6;105631;1;1;0.0000;1;73556.0000;None;794400.0000
21614;2023-01-04 19:55:09.033000;6;105631;1;1;0.0000;1;73556.0000;None;794400.0000
21614;2023-01-04 19:51:49.130000;6;105631;1;1;0.0000;1;73556.0000;None;794400.0000
21614;2023-01-04 20:48:11.183000;6;105631;1;1;0.0000;1;73556.0000;None;794400.0000
21614;2023-01-04 20:52:13.513000;6;105631;1;1;0.0000;1;73556.0000;None;794400.0000
21614;2023-01-04 20:52:13.513000;6;105631;1;1;0.0000;1;73556.0000;None;794400.0000
21605;2023-01-04 14:24:36.927000;6;105631;1;1;0.0000;1;58000.0000;None;626400.0000
21620;2023-01-04 20:07:00.930000;6;105631;1;1;0.0000;1;23982.0000;None;259000.0000
21620;2023-01-04 20:07:00.883000;6;106272;1;2;0.0000;1;23982.0000;None;259000.0000
21621;2023-01-04 20:22:30.273000;6;106272;1;1;None;1;34908.0000;None;377000.0000
21623;2023-01-04 21:04:19.457000;6;106272;1;2;0.0000;1;14796.0000;None;159800.0000
21622;2023-01-04 20:58:51.663000;6;106272;1;1;0.0000;1;12852.0000;None;138800.0000
21606;2023-01-04 13:15:04.570000;6;106272;1;2;0.0000;1;26482.0000;None;286000.0000
21605;2023-01-04 13:14:00.463000;6;106272;1;2;None;1;58000.0000;None;626400.0000
21604;2023-01-04 13:04:48.487000;6;106272;1;1;0.0000;1;20056.0000;None;216600.0000
21602;2023-01-04 12:30:17.457000;6;106272;1;2;0.0000;1;25556.0000;None;276000.0000
11665;2023-01-04 12:32:52.150000;6;106272;1;1;0.0000;1;9056.0000;None;97800.0000
21603;2023-01-04 13:00:39.040000;6;106272;1;1;0.0000;1;13019.0000;None;140600.0000
21600;2023-01-04 12:14:49.613000;6;106272;1;2;0.0000;1;27833.0000;None;300600.0000
21601;2023-01-04 12:18:02.433000;6;106272;1;1;0.0000;1;65760.0000;None;710200.0000
21615;2023-01-04 18:49:26.693000;6;106272;1;1;None;1;43908.0000;None;474200.0000
21616;2023-01-04 18:58:47.943000;6;106272;1;1;0.0000;1;39908.0000;None;431000.0000
21619;2023-01-04 20:02:32.933000;6;106272;1;2;0.0000;1;66000.0000;None;712800.0000
21618;2023-01-04 19:50:34.913000;6;106272;1;2;0.0000;1;21204.0000;None;229000.0000
21617;2023-01-04 19:07:15.633000;6;106272;1;1;0.0000;1;20796.0000;None;224600.0000
21612;2023-01-04 16:11:27.857000;6;106272;1;1;0.0000;1;4389.0000;None;47400.0000
21611;2023-01-04 14:31:42.523000;6;106272;1;2;0.0000;1;21093.0000;None;227800.0000
21608;2023-01-04 13:32:32.363000;6;106272;1;1;0.0000;1;8963.0000;None;96800.0000
21607;2023-01-04 13:20:10.897000;6;106272;1;1;0.0000;1;24870.0000;None;268600.0000
21609;2023-01-04 13:57:57.847000;6;106272;1;1;0.0000;1;33241.0000;None;359000.0000
21616;2023-01-04 19:44:28.660000;1;106372;1;1;31800.0000;1;39908.0000;None;431000.0000
21600;2023-01-04 12:23:32.737000;1;107004;1;1;49800.0000;1;27833.0000;None;300600.0000
21600;2023-01-04 12:23:32.737000;1;107005;1;1;59800.0000;1;27833.0000;None;300600.0000
21600;2023-01-04 12:23:32.737000;1;107005;1;1;59800.0000;1;27833.0000;None;300600.0000
343;2023-01-04 21:57:19.773000;1;107005;1;-1;-59800.0000;1;-12852.0000;None;-138800.0000
21625;2023-01-04 21:51:54.200000;1;107005;1;1;59800.0000;1;11296.0000;None;122000.0000
21622;2023-01-04 20:58:51.663000;1;107005;1;1;59800.0000;1;12852.0000;None;138800.0000
21620;2023-01-04 20:49:03.780000;1;107006;1;1;49800.0000;1;23982.0000;None;259000.0000
21607;2023-01-04 13:31:55.520000;1;107006;1;1;49800.0000;1;24870.0000;None;268600.0000
21623;2023-01-04 21:06:54.300000;1;107007;1;1;59800.0000;1;14796.0000;None;159800.0000
21623;2023-01-04 21:06:54.300000;1;107008;1;1;57800.0000;1;14796.0000;None;159800.0000
21615;2023-01-04 19:26:46.760000;1;107010;1;1;89800.0000;1;43908.0000;None;474200.0000
21605;2023-01-04 13:43:27.433000;1;107010;1;1;89800.0000;1;58000.0000;None;626400.0000
21606;2023-01-04 13:15:04.570000;1;107053;1;1;37800.0000;1;26482.0000;None;286000.0000
21611;2023-01-04 15:27:49.473000;3;107745;1;1;15800.0000;1;21093.0000;None;227800.0000
21618;2023-01-04 20:00:13.940000;1;107771;1;1;78800.0000;1;21204.0000;None;229000.0000
21601;2023-01-04 12:43:20.053000;1;108071;1;1;79800.0000;1;65760.0000;None;710200.0000
21620;2023-01-04 20:07:00.930000;2;108091;1;1;29800.0000;1;23982.0000;None;259000.0000
21616;2023-01-04 19:15:03.023000;2;108132;1;1;23800.0000;1;39908.0000;None;431000.0000
21616;2023-01-04 18:58:47.943000;2;108132;1;1;23800.0000;1;39908.0000;None;431000.0000
21616;2023-01-04 18:58:47.943000;2;108132;1;1;23800.0000;1;39908.0000;None;431000.0000
21616;2023-01-04 18:58:47.943000;2;108132;1;1;23800.0000;1;39908.0000;None;431000.0000
21621;2023-01-04 20:22:30.273000;2;108416;1;1;66800.0000;1;34908.0000;None;377000.0000
21621;2023-01-04 21:20:49.187000;2;108416;1;1;66800.0000;1;34908.0000;None;377000.0000
21621;2023-01-04 20:27:48.013000;2;108416;1;1;66800.0000;1;34908.0000;None;377000.0000
21619;2023-01-04 20:56:18.730000;1;108453;1;1;16800.0000;1;66000.0000;None;712800.0000
21602;2023-01-04 12:51:13.957000;1;108453;1;1;16800.0000;1;25556.0000;None;276000.0000
21612;2023-01-04 16:13:11.050000;1;108668;1;1;21800.0000;1;4389.0000;None;47400.0000
21620;2023-01-04 20:07:00.930000;1;108668;1;1;21800.0000;1;23982.0000;None;259000.0000
21609;2023-01-04 13:57:57.847000;1;108700;1;1;21800.0000;1;33241.0000;None;359000.0000
21616;2023-01-04 19:44:28.660000;1;108700;1;1;21800.0000;1;39908.0000;None;431000.0000
21620;2023-01-04 20:07:00.930000;1;109224;1;1;49800.0000;1;23982.0000;None;259000.0000
21602;2023-01-04 12:51:13.957000;1;109409;1;1;39800.0000;1;25556.0000;None;276000.0000
21609;2023-01-04 14:07:27.230000;1;109409;1;1;39800.0000;1;33241.0000;None;359000.0000
21626;2023-01-04 21:53:28.773000;1;109409;1;1;39800.0000;1;None;None;39800.0000
21619;2023-01-04 20:20:43.383000;1;109458;1;1;26800.0000;1;66000.0000;None;712800.0000
21619;2023-01-04 20:56:18.730000;1;109486;1;1;32800.0000;1;66000.0000;None;712800.0000
21602;2023-01-04 12:51:13.957000;1;109486;1;1;32800.0000;1;25556.0000;None;276000.0000
21605;2023-01-04 13:14:00.463000;2;109535;1;1;70800.0000;1;58000.0000;None;626400.0000
21605;2023-01-04 13:14:00.463000;2;109535;1;1;70800.0000;1;58000.0000;None;626400.0000
21605;2023-01-04 13:43:27.433000;2;109535;1;1;70800.0000;1;58000.0000;None;626400.0000
21605;2023-01-04 14:24:36.927000;2;109535;1;1;70800.0000;1;58000.0000;None;626400.0000
21605;2023-01-04 13:43:27.433000;2;109535;1;1;70800.0000;1;58000.0000;None;626400.0000
21620;2023-01-04 20:07:00.930000;1;109614;1;1;42800.0000;1;23982.0000;None;259000.0000
21601;2023-01-04 12:43:20.053000;1;109614;1;1;42800.0000;1;65760.0000;None;710200.0000
21617;2023-01-04 19:38:42.957000;3;200007;1;1;10800.0000;1;20796.0000;None;224600.0000
21620;2023-01-04 20:07:00.930000;3;200007;1;1;10800.0000;1;23982.0000;None;259000.0000
21619;2023-01-04 20:34:13.953000;3;200008;1;1;13800.0000;1;66000.0000;None;712800.0000
21619;2023-01-04 20:37:55.273000;3;200008;1;-1;-13800.0000;1;66000.0000;None;712800.0000
21615;2023-01-04 19:47:46.007000;3;200008;1;1;13800.0000;1;43908.0000;None;474200.0000
21615;2023-01-04 18:54:07.097000;3;200008;1;1;13800.0000;1;43908.0000;None;474200.0000
21615;2023-01-04 18:49:14.353000;3;200008;1;1;13800.0000;1;43908.0000;None;474200.0000
21600;2023-01-04 12:14:49.613000;3;200008;1;1;13800.0000;1;27833.0000;None;300600.0000
21601;2023-01-04 12:18:02.433000;3;200644;1;1;5800.0000;1;65760.0000;None;710200.0000
21605;2023-01-04 15:20:54.453000;3;200644;1;1;5800.0000;1;58000.0000;None;626400.0000
21614;2023-01-04 20:48:11.183000;3;200644;1;1;5800.0000;1;73556.0000;None;794400.0000
21616;2023-01-04 19:11:28.537000;3;200644;1;1;5800.0000;1;39908.0000;None;431000.0000
21614;2023-01-04 17:11:14.213000;3;200644;1;1;5800.0000;1;73556.0000;None;794400.0000
21614;2023-01-04 17:11:14.213000;2;200704;1;1;415800.0000;1;73556.0000;None;794400.0000
21619;2023-01-04 20:49:16.170000;2;200921;1;1;172800.0000;1;66000.0000;None;712800.0000
21619;2023-01-04 20:29:44.603000;2;200921;1;1;172800.0000;1;66000.0000;None;712800.0000
21616;2023-01-04 19:03:23.100000;3;201146;1;1;5800.0000;1;39908.0000;None;431000.0000
21603;2023-01-04 13:00:39.040000;3;201146;1;1;5800.0000;1;13019.0000;None;140600.0000
21604;2023-01-04 13:04:48.487000;3;201146;1;1;5800.0000;1;20056.0000;None;216600.0000
21601;2023-01-04 13:45:11.523000;3;201146;1;1;5800.0000;1;65760.0000;None;710200.0000
21601;2023-01-04 13:45:11.523000;3;201146;1;1;5800.0000;1;65760.0000;None;710200.0000
21601;2023-01-04 12:27:30.833000;3;201146;1;1;5800.0000;1;65760.0000;None;710200.0000
343;2023-01-04 21:57:19.773000;3;201146;1;-1;-5800.0000;1;-12852.0000;None;-138800.0000
21625;2023-01-04 21:51:54.200000;3;201146;1;1;5800.0000;1;11296.0000;None;122000.0000
21622;2023-01-04 21:02:09.867000;3;201146;1;1;5800.0000;1;12852.0000;None;138800.0000
21622;2023-01-04 20:58:51.663000;2;201187;1;1;9800.0000;1;12852.0000;None;138800.0000
21621;2023-01-04 20:22:30.273000;2;201187;1;1;9800.0000;1;34908.0000;None;377000.0000
21625;2023-01-04 21:51:54.200000;2;201187;1;1;9800.0000;1;11296.0000;None;122000.0000
343;2023-01-04 21:57:19.773000;2;201187;1;-1;-9800.0000;1;-12852.0000;None;-138800.0000
21623;2023-01-04 21:04:19.457000;3;201206;1;2;11600.0000;1;14796.0000;None;159800.0000
21609;2023-01-04 14:47:46.067000;3;201206;1;1;5800.0000;1;33241.0000;None;359000.0000
21599;2023-01-04 14:05:28.210000;3;201210;2;1;6800.0000;1;None;None;83600.0000
21599;2023-01-04 14:05:28.210000;3;201210;2;1;6800.0000;1;None;None;83600.0000
21601;2023-01-04 12:27:30.833000;3;201211;1;1;6800.0000;1;65760.0000;None;710200.0000
21604;2023-01-04 13:04:48.487000;3;201211;1;1;6800.0000;1;20056.0000;None;216600.0000
21606;2023-01-04 13:15:04.570000;3;201211;1;4;27200.0000;1;26482.0000;None;286000.0000
21609;2023-01-04 14:08:46.267000;3;201211;1;1;6800.0000;1;33241.0000;None;359000.0000
21609;2023-01-04 14:08:46.267000;3;201211;1;1;6800.0000;1;33241.0000;None;359000.0000
21608;2023-01-04 13:32:32.363000;3;201211;1;1;6800.0000;1;8963.0000;None;96800.0000
21607;2023-01-04 13:22:24.187000;3;201211;1;3;20400.0000;1;24870.0000;None;268600.0000
21620;2023-01-04 20:07:00.930000;3;201211;1;1;6800.0000;1;23982.0000;None;259000.0000
21611;2023-01-04 14:33:10.880000;3;201269;1;-1;-5800.0000;1;21093.0000;None;227800.0000
21611;2023-01-04 14:31:42.523000;3;201269;1;1;5800.0000;1;21093.0000;None;227800.0000
21619;2023-01-04 20:02:32.933000;3;201462;1;1;5800.0000;1;66000.0000;None;712800.0000
21621;2023-01-04 20:22:30.273000;2;201615;1;1;13800.0000;1;34908.0000;None;377000.0000
21622;2023-01-04 21:02:09.867000;3;201704;1;-1;-13800.0000;1;12852.0000;None;138800.0000
21622;2023-01-04 21:00:43.173000;3;201704;1;1;13800.0000;1;12852.0000;None;138800.0000
21619;2023-01-04 20:31:40.887000;3;201704;1;1;13800.0000;1;66000.0000;None;712800.0000
21619;2023-01-04 20:37:36.937000;3;201704;1;1;13800.0000;1;66000.0000;None;712800.0000
21600;2023-01-04 12:14:49.613000;3;201704;1;1;13800.0000;1;27833.0000;None;300600.0000
21602;2023-01-04 12:30:17.457000;3;201704;1;1;13800.0000;1;25556.0000;None;276000.0000
21619;2023-01-04 20:08:35.960000;2;201959;1;-1;-13800.0000;1;66000.0000;None;712800.0000
21619;2023-01-04 20:02:32.933000;2;201959;1;1;13800.0000;1;66000.0000;None;712800.0000
21619;2023-01-04 20:02:32.933000;2;201959;1;1;13800.0000;1;66000.0000;None;712800.0000
21601;2023-01-04 12:44:05.120000;2;202486;1;1;181800.0000;1;65760.0000;None;710200.0000
21619;2023-01-04 20:08:27.517000;2;202508;1;1;164800.0000;1;66000.0000;None;712800.0000
21619;2023-01-04 20:29:49.867000;2;202508;1;-1;-164800.0000;1;66000.0000;None;712800.0000
21615;2023-01-04 18:49:14.353000;2;202644;1;1;167800.0000;1;43908.0000;None;474200.0000
