21633;2023-01-05 13:49:45.043000;7;1001;1;1;0.0000;1;11796.0000;None;127400.0000
21637;2023-01-05 15:11:25.457000;7;1001;1;1;0.0000;1;21982.0000;None;237400.0000
21641;2023-01-05 16:28:43.157000;7;1001;1;1;0.0000;1;24611.0000;None;265800.0000
21648;2023-01-05 19:41:22.113000;7;1001;1;1;0.0000;1;17852.0000;None;192800.0000
21646;2023-01-05 19:23:47.963000;7;1002;1;1;0.0000;1;55148.0000;None;595600.0000
21647;2023-01-05 19:12:19.643000;7;1002;1;1;None;1;48130.0000;None;519800.0000
21641;2023-01-05 16:28:43.157000;7;1002;1;1;0.0000;1;24611.0000;None;265800.0000
21633;2023-01-05 13:49:45.043000;7;1002;1;1;0.0000;1;11796.0000;None;127400.0000
21635;2023-01-05 14:32:29.100000;7;1002;1;1;0.0000;1;35463.0000;None;383000.0000
21634;2023-01-05 14:03:07.917000;7;1002;1;1;0.0000;1;26982.0000;None;291400.0000
21634;2023-01-05 14:03:07.917000;7;1002;1;1;0.0000;1;26982.0000;None;291400.0000
21631;2023-01-05 13:24:09.097000;7;1002;1;1;0.0000;1;64797.0000;None;699800.0000
21631;2023-01-05 13:24:09.097000;7;1002;1;1;0.0000;1;64797.0000;None;699800.0000
21631;2023-01-05 13:24:09.097000;7;1002;1;1;0.0000;1;64797.0000;None;699800.0000
21640;2023-01-05 18:08:27.993000;7;1003;2;1;0.0000;1;19556.0000;None;211200.0000
21628;2023-01-05 12:32:56.813000;7;1004;1;1;0.0000;1;39445.0000;None;426000.0000
21648;2023-01-05 19:42:32.893000;7;1005;2;1;0.0000;1;17852.0000;None;192800.0000
21637;2023-01-05 15:11:25.457000;7;1006;1;1;0.0000;1;21982.0000;None;237400.0000
21635;2023-01-05 14:32:29.100000;7;1006;1;1;0.0000;1;35463.0000;None;383000.0000
21635;2023-01-05 14:32:29.100000;7;1006;1;1;0.0000;1;35463.0000;None;383000.0000
21637;2023-01-05 15:11:25.457000;7;1006;1;1;0.0000;1;21982.0000;None;237400.0000
21632;2023-01-05 13:58:45.330000;7;1006;1;1;0.0000;1;53982.0000;None;583000.0000
21632;2023-01-05 13:58:45.330000;7;1006;1;1;0.0000;1;53982.0000;None;583000.0000
21650;2023-01-05 20:51:38.243000;7;1006;1;1;0.0000;1;19185.0000;None;207200.0000
21647;2023-01-05 19:12:19.643000;7;1007;1;1;None;1;48130.0000;None;519800.0000
21639;2023-01-05 15:54:59.583000;7;1007;1;1;0.0000;1;25445.0000;None;274800.0000
21639;2023-01-05 15:54:59.583000;7;1007;1;1;0.0000;1;25445.0000;None;274800.0000
21650;2023-01-05 20:51:38.243000;7;1011;1;1;0.0000;1;19185.0000;None;207200.0000
21638;2023-01-05 15:24:56.467000;7;1026;1;1;0.0000;1;8444.0000;None;91200.0000
21632;2023-01-05 13:58:45.330000;7;1026;1;1;0.0000;1;53982.0000;None;583000.0000
21632;2023-01-05 13:58:45.330000;7;1026;1;1;0.0000;1;53982.0000;None;583000.0000
21647;2023-01-05 19:13:29.237000;7;1032;1;1;0.0000;1;48130.0000;None;519800.0000
21646;2023-01-05 19:23:47.963000;7;1045;1;1;0.0000;1;55148.0000;None;595600.0000
21636;2023-01-05 14:28:13.593000;7;1054;1;1;0.0000;1;15945.0000;None;172200.0000
21636;2023-01-05 14:28:13.593000;7;1054;1;1;0.0000;1;15945.0000;None;172200.0000
21630;2023-01-05 14:49:19.513000;7;1054;1;1;0.0000;1;40537.0000;None;437800.0000
11666;2023-01-05 13:14:43.057000;7;1101;1;1;0.0000;1;8444.0000;None;91200.0000
11666;2023-01-05 13:14:43.057000;7;1121;1;1;0.0000;1;8444.0000;None;91200.0000
11666;2023-01-05 13:14:43.057000;7;1125;1;1;0.0000;1;8444.0000;None;91200.0000
21632;2023-01-05 13:58:45.330000;7;1125;1;1;0.0000;1;53982.0000;None;583000.0000
21632;2023-01-05 13:58:45.330000;7;1125;1;1;0.0000;1;53982.0000;None;583000.0000
21632;2023-01-05 13:58:45.330000;7;1125;1;1;0.0000;1;53982.0000;None;583000.0000
21632;2023-01-05 13:58:45.330000;7;1125;1;1;0.0000;1;53982.0000;None;583000.0000
21632;2023-01-05 13:58:45.330000;7;1125;1;1;0.0000;1;53982.0000;None;583000.0000
21632;2023-01-05 13:58:45.330000;7;1125;1;1;0.0000;1;53982.0000;None;583000.0000
21650;2023-01-05 20:51:38.243000;7;1128;1;1;0.0000;1;19185.0000;None;207200.0000
21637;2023-01-05 15:11:25.457000;7;1128;1;1;0.0000;1;21982.0000;None;237400.0000
21633;2023-01-05 13:49:45.043000;7;1128;1;1;0.0000;1;11796.0000;None;127400.0000
21633;2023-01-05 13:49:45.043000;7;1128;1;1;0.0000;1;11796.0000;None;127400.0000
21633;2023-01-05 13:49:45.043000;7;1128;1;1;0.0000;1;11796.0000;None;127400.0000
21648;2023-01-05 19:42:32.893000;7;1128;1;1;0.0000;1;17852.0000;None;192800.0000
21639;2023-01-05 15:54:59.583000;7;1128;1;1;0.0000;1;25445.0000;None;274800.0000
21640;2023-01-05 18:08:27.993000;7;1128;1;1;0.0000;1;19556.0000;None;211200.0000
21627;2023-01-05 12:34:01.917000;7;1132;1;2;0.0000;1;9685.0000;None;104600.0000
21632;2023-01-05 13:58:45.330000;7;1135;1;1;0.0000;1;53982.0000;None;583000.0000
21632;2023-01-05 13:58:45.330000;7;1135;1;1;0.0000;1;53982.0000;None;583000.0000
11666;2023-01-05 13:14:43.057000;7;1135;1;1;0.0000;1;8444.0000;None;91200.0000
11667;2023-01-05 14:38:49.967000;7;1135;1;1;0.0000;1;22704.0000;None;245200.0000
11667;2023-01-05 14:38:49.967000;7;1135;1;1;0.0000;1;22704.0000;None;245200.0000
21639;2023-01-05 15:54:59.583000;7;1135;1;1;0.0000;1;25445.0000;None;274800.0000
21647;2023-01-05 19:12:19.643000;7;1135;1;1;None;1;48130.0000;None;519800.0000
21646;2023-01-05 19:23:47.963000;7;1135;1;1;0.0000;1;55148.0000;None;595600.0000
21638;2023-01-05 15:24:56.467000;7;1135;1;1;0.0000;1;8444.0000;None;91200.0000
21638;2023-01-05 15:24:56.467000;7;1135;1;1;0.0000;1;8444.0000;None;91200.0000
21638;2023-01-05 15:24:56.467000;7;1135;1;1;0.0000;1;8444.0000;None;91200.0000
21633;2023-01-05 14:16:14.067000;7;1204;1;1;0.0000;1;11796.0000;None;127400.0000
21633;2023-01-05 14:16:14.067000;7;1204;1;1;0.0000;1;11796.0000;None;127400.0000
21641;2023-01-05 16:56:07.443000;7;1204;1;1;None;1;24611.0000;None;265800.0000
21641;2023-01-05 16:56:07.443000;7;1204;1;1;None;1;24611.0000;None;265800.0000
21641;2023-01-05 16:56:07.443000;7;1204;1;1;None;1;24611.0000;None;265800.0000
11666;2023-01-05 13:14:43.057000;7;1205;1;1;0.0000;1;8444.0000;None;91200.0000
21630;2023-01-05 14:08:19.407000;7;1214;1;1;0.0000;1;40537.0000;None;437800.0000
21630;2023-01-05 14:08:19.407000;7;1214;1;1;0.0000;1;40537.0000;None;437800.0000
11668;2023-01-05 13:52:37.660000;7;1214;1;1;0.0000;1;13963.0000;None;150800.0000
11668;2023-01-05 13:52:37.660000;7;1214;1;1;0.0000;1;13963.0000;None;150800.0000
11668;2023-01-05 13:52:37.660000;7;1214;1;1;0.0000;1;13963.0000;None;150800.0000
21646;2023-01-05 19:32:43.177000;7;1220;1;1;0.0000;1;55148.0000;None;595600.0000
21646;2023-01-05 19:32:43.177000;7;1220;1;1;0.0000;1;55148.0000;None;595600.0000
21648;2023-01-05 19:59:53.520000;7;1220;1;1;0.0000;1;17852.0000;None;192800.0000
21648;2023-01-05 19:59:53.520000;7;1220;1;1;0.0000;1;17852.0000;None;192800.0000
21648;2023-01-05 19:32:35.553000;7;2008;1;2;0.0000;1;17852.0000;None;192800.0000
21647;2023-01-05 19:06:45.010000;7;2008;1;2;0.0000;1;48130.0000;None;519800.0000
21647;2023-01-05 19:06:45.010000;7;2008;1;2;0.0000;1;48130.0000;None;519800.0000
21644;2023-01-05 16:59:58.500000;7;2008;1;3;0.0000;1;24185.0000;None;261200.0000
21631;2023-01-05 13:30:21.467000;7;2008;1;-3;0.0000;1;64797.0000;None;699800.0000
21631;2023-01-05 13:28:25.497000;7;2008;1;3;0.0000;1;64797.0000;None;699800.0000
21631;2023-01-05 13:24:09.097000;7;2008;1;3;None;1;64797.0000;None;699800.0000
21630;2023-01-05 17:15:51.750000;7;2009;1;1;0.0000;1;40537.0000;None;437800.0000
21630;2023-01-05 15:12:33.400000;7;2040;1;1;0.0000;1;40537.0000;None;437800.0000
21630;2023-01-05 15:12:33.400000;7;2040;1;1;0.0000;1;40537.0000;None;437800.0000
21629;2023-01-05 14:34:43.490000;7;2042;1;1;0.0000;1;33722.0000;None;364200.0000
11666;2023-01-05 13:14:43.057000;7;2042;1;1;0.0000;1;8444.0000;None;91200.0000
21639;2023-01-05 15:52:53.630000;7;2042;1;1;0.0000;1;25445.0000;None;274800.0000
21639;2023-01-05 15:52:53.630000;7;2042;1;1;0.0000;1;25445.0000;None;274800.0000
21646;2023-01-05 18:50:30.890000;7;2042;1;1;0.0000;1;55148.0000;None;595600.0000
21633;2023-01-05 13:49:45.043000;7;2042;1;1;0.0000;1;11796.0000;None;127400.0000
21633;2023-01-05 13:49:45.043000;7;2042;1;1;0.0000;1;11796.0000;None;127400.0000
21633;2023-01-05 14:16:14.067000;7;2042;1;1;0.0000;1;11796.0000;None;127400.0000
21634;2023-01-05 14:03:07.917000;7;2042;1;1;0.0000;1;26982.0000;None;291400.0000
21635;2023-01-05 14:18:03.417000;7;2042;1;1;0.0000;1;35463.0000;None;383000.0000
21627;2023-01-05 12:19:44.340000;7;2050;1;1;0.0000;1;9685.0000;None;104600.0000
21627;2023-01-05 12:19:44.340000;7;2050;1;1;0.0000;1;9685.0000;None;104600.0000
21634;2023-01-05 14:03:07.917000;7;2072;1;1;0.0000;1;26982.0000;None;291400.0000
21633;2023-01-05 13:49:45.043000;7;2072;1;1;0.0000;1;11796.0000;None;127400.0000
21639;2023-01-05 15:52:53.630000;7;2072;1;1;0.0000;1;25445.0000;None;274800.0000
21634;2023-01-05 14:03:07.917000;7;2076;1;1;0.0000;1;26982.0000;None;291400.0000
21634;2023-01-05 14:03:07.917000;7;2076;1;1;0.0000;1;26982.0000;None;291400.0000
21633;2023-01-05 14:16:14.067000;7;2077;1;1;0.0000;1;11796.0000;None;127400.0000
21633;2023-01-05 13:49:45.043000;7;2077;1;1;0.0000;1;11796.0000;None;127400.0000
21633;2023-01-05 14:55:10.527000;3;100601;1;1;5800.0000;1;11796.0000;None;127400.0000
21630;2023-01-05 13:11:09.450000;3;100601;1;1;5800.0000;1;40537.0000;None;437800.0000
21630;2023-01-05 17:15:51.750000;3;100614;1;1;5800.0000;1;40537.0000;None;437800.0000
21631;2023-01-05 14:41:31.033000;3;100614;1;3;17400.0000;1;64797.0000;None;699800.0000
21627;2023-01-05 13:14:02.813000;3;100614;1;1;5800.0000;1;9685.0000;None;104600.0000
21639;2023-01-05 15:45:40.130000;3;100614;1;1;5800.0000;1;25445.0000;None;274800.0000
21639;2023-01-05 15:45:40.130000;3;100614;1;1;5800.0000;1;25445.0000;None;274800.0000
21635;2023-01-05 15:34:04.247000;3;100614;1;1;5800.0000;1;35463.0000;None;383000.0000
21645;2023-01-05 17:01:09.100000;1;100951;1;1;39800.0000;1;21870.0000;None;236200.0000
21644;2023-01-05 16:59:58.500000;1;100967;1;1;22800.0000;1;24185.0000;None;261200.0000
21648;2023-01-05 19:41:22.113000;1;100967;1;1;22800.0000;1;17852.0000;None;192800.0000
21650;2023-01-05 20:26:26.387000;1;100967;1;1;22800.0000;1;19185.0000;None;207200.0000
21648;2023-01-05 19:42:32.893000;1;101062;1;1;79800.0000;1;17852.0000;None;192800.0000
21634;2023-01-05 14:03:07.917000;1;101062;1;1;79800.0000;1;26982.0000;None;291400.0000
21632;2023-01-05 14:47:19.457000;1;101118;1;1;10800.0000;1;53982.0000;None;583000.0000
21630;2023-01-05 14:08:19.407000;1;101176;1;1;39800.0000;1;40537.0000;None;437800.0000
21635;2023-01-05 14:18:03.417000;1;101176;1;1;39800.0000;1;35463.0000;None;383000.0000
21630;2023-01-05 17:15:51.750000;3;101216;1;1;6800.0000;1;40537.0000;None;437800.0000
21644;2023-01-05 17:23:58.790000;1;101291;1;1;26800.0000;1;24185.0000;None;261200.0000
21645;2023-01-05 17:01:09.100000;1;101291;1;1;26800.0000;1;21870.0000;None;236200.0000
21650;2023-01-05 20:26:26.387000;1;101291;1;1;26800.0000;1;19185.0000;None;207200.0000
21644;2023-01-05 16:59:58.500000;1;101340;1;1;29800.0000;1;24185.0000;None;261200.0000
21635;2023-01-05 14:18:03.417000;1;101340;1;1;29800.0000;1;35463.0000;None;383000.0000
21632;2023-01-05 13:58:45.330000;1;101344;1;1;53800.0000;1;53982.0000;None;583000.0000
21632;2023-01-05 13:58:45.363000;1;101370;1;1;119800.0000;1;53982.0000;None;583000.0000
21632;2023-01-05 13:58:45.363000;1;101433;1;1;0.0000;1;53982.0000;None;583000.0000
21632;2023-01-05 13:58:45.330000;1;101433;1;1;0.0000;1;53982.0000;None;583000.0000
21631;2023-01-05 13:24:09.097000;1;101433;1;1;0.0000;1;64797.0000;None;699800.0000
21630;2023-01-05 14:49:19.513000;1;101433;1;1;0.0000;1;40537.0000;None;437800.0000
21634;2023-01-05 14:03:07.917000;1;101433;1;1;0.0000;1;26982.0000;None;291400.0000
21636;2023-01-05 14:28:13.593000;1;101433;1;1;0.0000;1;15945.0000;None;172200.0000
21639;2023-01-05 15:54:59.583000;1;101433;1;1;0.0000;1;25445.0000;None;274800.0000
21646;2023-01-05 19:23:47.963000;1;101433;1;1;0.0000;1;55148.0000;None;595600.0000
21634;2023-01-05 14:03:07.917000;6;101477;1;1;0.0000;1;26982.0000;None;291400.0000
21633;2023-01-05 13:49:45.043000;6;101477;1;1;0.0000;1;11796.0000;None;127400.0000
21632;2023-01-05 13:58:45.330000;6;101477;1;1;0.0000;1;53982.0000;None;583000.0000
21632;2023-01-05 13:58:45.330000;6;101477;1;1;0.0000;1;53982.0000;None;583000.0000
21632;2023-01-05 13:58:45.330000;6;101487;1;1;0.0000;1;53982.0000;None;583000.0000
21628;2023-01-05 12:32:56.813000;6;101494;1;1;0.0000;1;39445.0000;None;426000.0000
21631;2023-01-05 13:24:09.097000;6;101494;1;1;0.0000;1;64797.0000;None;699800.0000
21637;2023-01-05 15:11:25.457000;6;101494;1;1;0.0000;1;21982.0000;None;237400.0000
21637;2023-01-05 15:11:25.457000;1;101522;1;1;0.0000;1;21982.0000;None;237400.0000
21635;2023-01-05 14:32:29.100000;1;101522;1;1;0.0000;1;35463.0000;None;383000.0000
21633;2023-01-05 13:49:45.043000;1;101522;1;1;0.0000;1;11796.0000;None;127400.0000
21634;2023-01-05 14:03:07.917000;1;101522;1;1;0.0000;1;26982.0000;None;291400.0000
21635;2023-01-05 14:32:29.100000;1;101522;1;1;0.0000;1;35463.0000;None;383000.0000
21634;2023-01-05 14:03:07.917000;1;101522;1;1;0.0000;1;26982.0000;None;291400.0000
21648;2023-01-05 19:42:32.893000;1;101522;1;1;0.0000;1;17852.0000;None;192800.0000
21640;2023-01-05 18:08:27.993000;1;101522;1;1;0.0000;1;19556.0000;None;211200.0000
21641;2023-01-05 16:28:43.157000;1;101522;1;1;0.0000;1;24611.0000;None;265800.0000
21632;2023-01-05 13:58:45.330000;1;101522;1;1;0.0000;1;53982.0000;None;583000.0000
21632;2023-01-05 13:58:45.330000;1;101522;1;1;0.0000;1;53982.0000;None;583000.0000
11666;2023-01-05 13:14:43.057000;1;101522;1;1;0.0000;1;8444.0000;None;91200.0000
11667;2023-01-05 14:38:49.967000;1;101522;1;1;0.0000;1;22704.0000;None;245200.0000
21631;2023-01-05 13:24:09.097000;1;101522;1;1;0.0000;1;64797.0000;None;699800.0000
21628;2023-01-05 12:32:56.813000;1;101522;1;1;0.0000;1;39445.0000;None;426000.0000
21628;2023-01-05 12:32:56.813000;1;101522;1;1;0.0000;1;39445.0000;None;426000.0000
21631;2023-01-05 13:24:09.097000;1;101552;1;1;0.0000;1;64797.0000;None;699800.0000
11667;2023-01-05 14:38:49.967000;1;101552;1;1;0.0000;1;22704.0000;None;245200.0000
21632;2023-01-05 13:58:45.330000;1;101552;1;1;0.0000;1;53982.0000;None;583000.0000
21639;2023-01-05 15:54:59.583000;1;101552;1;1;0.0000;1;25445.0000;None;274800.0000
21647;2023-01-05 19:12:19.643000;1;101552;1;1;None;1;48130.0000;None;519800.0000
21646;2023-01-05 19:23:47.963000;1;101552;1;1;0.0000;1;55148.0000;None;595600.0000
11668;2023-01-05 13:52:37.660000;1;101552;1;1;0.0000;1;13963.0000;None;150800.0000
21635;2023-01-05 14:32:29.100000;1;101552;1;1;0.0000;1;35463.0000;None;383000.0000
21637;2023-01-05 15:11:25.457000;1;101552;1;1;0.0000;1;21982.0000;None;237400.0000
21650;2023-01-05 20:51:38.243000;1;101552;1;1;0.0000;1;19185.0000;None;207200.0000
21632;2023-01-05 13:58:45.330000;6;101563;1;1;0.0000;1;53982.0000;None;583000.0000
21632;2023-01-05 13:58:45.330000;6;101583;1;1;0.0000;1;53982.0000;None;583000.0000
21638;2023-01-05 15:24:56.467000;6;101583;1;1;0.0000;1;8444.0000;None;91200.0000
21630;2023-01-05 14:08:19.407000;6;101585;1;1;0.0000;1;40537.0000;None;437800.0000
21631;2023-01-05 13:24:09.097000;6;101589;1;1;0.0000;1;64797.0000;None;699800.0000
21635;2023-01-05 14:32:29.100000;6;101589;1;1;0.0000;1;35463.0000;None;383000.0000
21635;2023-01-05 14:32:29.100000;6;101589;1;1;0.0000;1;35463.0000;None;383000.0000
21637;2023-01-05 15:11:25.457000;6;101589;1;1;0.0000;1;21982.0000;None;237400.0000
21635;2023-01-05 14:32:29.100000;6;101589;1;1;0.0000;1;35463.0000;None;383000.0000
21647;2023-01-05 19:12:19.643000;6;101589;1;1;None;1;48130.0000;None;519800.0000
21647;2023-01-05 19:12:19.643000;6;101589;1;1;None;1;48130.0000;None;519800.0000
21639;2023-01-05 15:54:59.583000;6;101589;1;1;0.0000;1;25445.0000;None;274800.0000
21639;2023-01-05 15:54:59.583000;6;101589;1;1;0.0000;1;25445.0000;None;274800.0000
21640;2023-01-05 18:08:27.993000;6;101589;1;1;0.0000;1;19556.0000;None;211200.0000
21641;2023-01-05 16:28:43.157000;6;101589;1;1;0.0000;1;24611.0000;None;265800.0000
21638;2023-01-05 15:24:56.467000;6;101592;1;1;0.0000;1;8444.0000;None;91200.0000
21632;2023-01-05 13:58:45.330000;6;101592;1;1;0.0000;1;53982.0000;None;583000.0000
21631;2023-01-05 13:24:09.097000;6;101604;1;1;0.0000;1;64797.0000;None;699800.0000
21634;2023-01-05 14:03:07.917000;6;101604;1;1;0.0000;1;26982.0000;None;291400.0000
21646;2023-01-05 19:23:47.963000;6;101604;1;1;0.0000;1;55148.0000;None;595600.0000
21646;2023-01-05 19:23:47.963000;6;101604;1;1;0.0000;1;55148.0000;None;595600.0000
21648;2023-01-05 19:42:32.893000;6;101604;1;1;0.0000;1;17852.0000;None;192800.0000
21650;2023-01-05 20:51:38.243000;6;101604;1;1;0.0000;1;19185.0000;None;207200.0000
21645;2023-01-05 17:01:09.100000;3;101641;1;1;0.0000;1;21870.0000;None;236200.0000
21639;2023-01-05 16:37:47.573000;3;101641;1;1;0.0000;1;25445.0000;None;274800.0000
21639;2023-01-05 15:52:53.630000;3;101641;1;1;0.0000;1;25445.0000;None;274800.0000
21637;2023-01-05 16:01:24.817000;3;101641;1;1;None;1;21982.0000;None;237400.0000
21627;2023-01-05 12:19:44.340000;3;101641;1;1;0.0000;1;9685.0000;None;104600.0000
21627;2023-01-05 12:19:44.340000;3;101641;1;1;0.0000;1;9685.0000;None;104600.0000
11666;2023-01-05 13:14:43.057000;3;101641;1;1;0.0000;1;8444.0000;None;91200.0000
21629;2023-01-05 13:50:25.833000;2;101658;1;1;42800.0000;1;33722.0000;None;364200.0000
21629;2023-01-05 13:50:25.833000;2;101658;1;1;42800.0000;1;33722.0000;None;364200.0000
21629;2023-01-05 14:34:43.490000;2;101658;1;1;42800.0000;1;33722.0000;None;364200.0000
21629;2023-01-05 14:34:43.490000;2;101658;1;1;42800.0000;1;33722.0000;None;364200.0000
21629;2023-01-05 12:49:44.307000;2;101658;1;1;42800.0000;1;33722.0000;None;364200.0000
21629;2023-01-05 12:49:44.307000;2;101658;1;1;42800.0000;1;33722.0000;None;364200.0000
21640;2023-01-05 16:25:48.337000;2;101658;1;1;42800.0000;1;19556.0000;None;211200.0000
21640;2023-01-05 16:25:48.337000;2;101658;1;1;42800.0000;1;19556.0000;None;211200.0000
21630;2023-01-05 13:18:16.830000;2;101727;1;1;32800.0000;1;40537.0000;None;437800.0000
21630;2023-01-05 13:28:13.660000;2;101727;1;1;32800.0000;1;40537.0000;None;437800.0000
21630;2023-01-05 13:45:04.977000;2;101727;1;-1;-32800.0000;1;40537.0000;None;437800.0000
21641;2023-01-05 16:50:52.160000;2;101728;1;1;33800.0000;1;24611.0000;None;265800.0000
21645;2023-01-05 17:01:09.100000;2;101728;1;1;33800.0000;1;21870.0000;None;236200.0000
21645;2023-01-05 17:25:39.287000;2;101728;1;1;33800.0000;1;21870.0000;None;236200.0000
21649;2023-01-05 20:44:18.183000;2;101728;1;1;33800.0000;1;16222.0000;None;175200.0000
21649;2023-01-05 20:02:59.117000;2;101728;1;1;33800.0000;1;16222.0000;None;175200.0000
21637;2023-01-05 15:00:14.247000;2;101728;1;1;33800.0000;1;21982.0000;None;237400.0000
21637;2023-01-05 15:00:14.247000;2;101878;1;1;29800.0000;1;21982.0000;None;237400.0000
21647;2023-01-05 19:13:29.237000;1;101888;1;1;23800.0000;1;48130.0000;None;519800.0000
21646;2023-01-05 20:02:23.733000;1;101891;1;1;16800.0000;1;55148.0000;None;595600.0000
21637;2023-01-05 16:20:27.280000;1;101891;1;1;16800.0000;1;21982.0000;None;237400.0000
21636;2023-01-05 15:10:17.477000;1;101891;1;1;16800.0000;1;15945.0000;None;172200.0000
21632;2023-01-05 14:47:19.457000;1;101891;1;1;16800.0000;1;53982.0000;None;583000.0000
21631;2023-01-05 14:16:19.347000;1;101891;1;1;16800.0000;1;64797.0000;None;699800.0000
21631;2023-01-05 14:16:19.347000;1;101891;1;1;16800.0000;1;64797.0000;None;699800.0000
11668;2023-01-05 13:52:37.660000;1;101955;1;1;99800.0000;1;13963.0000;None;150800.0000
11667;2023-01-05 14:38:49.967000;1;101962;1;1;64800.0000;1;22704.0000;None;245200.0000
21641;2023-01-05 16:28:43.157000;1;102050;1;1;34800.0000;1;24611.0000;None;265800.0000
21647;2023-01-05 19:12:19.643000;1;102082;1;1;26800.0000;1;48130.0000;None;519800.0000
21627;2023-01-05 12:34:01.917000;1;102132;1;1;6800.0000;1;9685.0000;None;104600.0000
21630;2023-01-05 14:49:19.513000;1;102132;1;1;6800.0000;1;40537.0000;None;437800.0000
21631;2023-01-05 13:24:09.097000;1;102132;1;1;6800.0000;1;64797.0000;None;699800.0000
11666;2023-01-05 13:14:43.057000;1;102141;1;1;3800.0000;1;8444.0000;None;91200.0000
11667;2023-01-05 14:38:49.967000;1;102172;1;1;4800.0000;1;22704.0000;None;245200.0000
21627;2023-01-05 12:34:01.917000;1;102172;1;1;4800.0000;1;9685.0000;None;104600.0000
21632;2023-01-05 14:47:19.457000;1;102187;1;1;3800.0000;1;53982.0000;None;583000.0000
21634;2023-01-05 14:03:07.917000;1;102423;1;1;61800.0000;1;26982.0000;None;291400.0000
21645;2023-01-05 17:01:09.100000;1;102424;1;1;52800.0000;1;21870.0000;None;236200.0000
21638;2023-01-05 15:24:56.467000;1;102476;1;1;35800.0000;1;8444.0000;None;91200.0000
21638;2023-01-05 15:24:56.467000;1;102482;1;1;31800.0000;1;8444.0000;None;91200.0000
21632;2023-01-05 13:58:45.330000;1;102498;1;1;32800.0000;1;53982.0000;None;583000.0000
21645;2023-01-05 17:01:09.100000;1;102562;1;1;27800.0000;1;21870.0000;None;236200.0000
21635;2023-01-05 14:18:03.417000;3;102616;1;1;5800.0000;1;35463.0000;None;383000.0000
21633;2023-01-05 13:49:45.043000;3;102616;1;1;5800.0000;1;11796.0000;None;127400.0000
21633;2023-01-05 13:49:45.043000;3;102616;1;1;5800.0000;1;11796.0000;None;127400.0000
21637;2023-01-05 15:00:14.247000;3;102619;1;1;6800.0000;1;21982.0000;None;237400.0000
21632;2023-01-05 13:34:30.600000;3;102619;1;1;6800.0000;1;53982.0000;None;583000.0000
21632;2023-01-05 13:34:30.600000;3;102635;1;1;7800.0000;1;53982.0000;None;583000.0000
21636;2023-01-05 15:02:19.247000;3;102635;1;1;7800.0000;1;15945.0000;None;172200.0000
21639;2023-01-05 15:52:53.630000;3;102635;1;1;7800.0000;1;25445.0000;None;274800.0000
21635;2023-01-05 14:18:03.417000;3;102635;1;1;7800.0000;1;35463.0000;None;383000.0000
21639;2023-01-05 15:52:53.630000;3;102637;1;1;9800.0000;1;25445.0000;None;274800.0000
21650;2023-01-05 20:26:26.387000;3;102637;1;1;9800.0000;1;19185.0000;None;207200.0000
21633;2023-01-05 14:16:14.067000;3;102644;1;1;5800.0000;1;11796.0000;None;127400.0000
21635;2023-01-05 14:18:03.417000;3;102645;1;1;6800.0000;1;35463.0000;None;383000.0000
21636;2023-01-05 14:28:13.593000;1;102676;1;1;29800.0000;1;15945.0000;None;172200.0000
21632;2023-01-05 13:34:30.600000;3;102747;1;1;4800.0000;1;53982.0000;None;583000.0000
11668;2023-01-05 13:45:59.217000;3;102749;1;1;5800.0000;1;13963.0000;None;150800.0000
21650;2023-01-05 20:26:26.387000;2;102890;1;1;35800.0000;1;19185.0000;None;207200.0000
21648;2023-01-05 20:03:43.463000;1;102912;1;1;19800.0000;1;17852.0000;None;192800.0000
21636;2023-01-05 14:43:50.523000;1;103135;1;1;10800.0000;1;15945.0000;None;172200.0000
21632;2023-01-05 13:38:25.597000;1;103160;1;1;16800.0000;1;53982.0000;None;583000.0000
21630;2023-01-05 14:49:19.513000;1;103192;1;1;69800.0000;1;40537.0000;None;437800.0000
21636;2023-01-05 14:28:13.593000;1;103192;1;1;69800.0000;1;15945.0000;None;172200.0000
11667;2023-01-05 13:40:23.130000;1;103389;1;1;49800.0000;1;22704.0000;None;245200.0000
11667;2023-01-05 14:38:49.967000;1;103592;1;1;64800.0000;1;22704.0000;None;245200.0000
11666;2023-01-05 13:14:43.057000;1;103592;1;1;64800.0000;1;8444.0000;None;91200.0000
21632;2023-01-05 13:58:45.330000;1;103592;1;1;64800.0000;1;53982.0000;None;583000.0000
21632;2023-01-05 13:58:45.330000;1;103768;1;1;32800.0000;1;53982.0000;None;583000.0000
11668;2023-01-05 13:52:37.660000;1;103771;1;1;17800.0000;1;13963.0000;None;150800.0000
21637;2023-01-05 15:11:25.457000;1;103773;1;1;14800.0000;1;21982.0000;None;237400.0000
21633;2023-01-05 13:49:45.043000;1;103773;1;2;29600.0000;1;11796.0000;None;127400.0000
21635;2023-01-05 14:32:29.100000;1;103902;1;1;89800.0000;1;35463.0000;None;383000.0000
21641;2023-01-05 16:28:43.157000;1;103902;1;1;89800.0000;1;24611.0000;None;265800.0000
21630;2023-01-05 16:17:11.173000;1;103993;1;1;16800.0000;1;40537.0000;None;437800.0000
21650;2023-01-05 20:26:26.387000;1;104010;1;1;13800.0000;1;19185.0000;None;207200.0000
11666;2023-01-05 13:14:43.057000;1;104206;1;1;16800.0000;1;8444.0000;None;91200.0000
21639;2023-01-05 16:14:33.597000;1;104233;1;1;23800.0000;1;25445.0000;None;274800.0000
21650;2023-01-05 20:51:38.243000;1;104294;1;1;69800.0000;1;19185.0000;None;207200.0000
21639;2023-01-05 15:54:59.583000;1;104294;1;1;69800.0000;1;25445.0000;None;274800.0000
21634;2023-01-05 14:03:07.917000;3;104446;1;1;5800.0000;1;26982.0000;None;291400.0000
21636;2023-01-05 14:28:13.593000;3;104446;1;3;17400.0000;1;15945.0000;None;172200.0000
21639;2023-01-05 15:52:53.630000;3;104554;1;1;4800.0000;1;25445.0000;None;274800.0000
21633;2023-01-05 14:55:10.527000;3;104554;1;1;4800.0000;1;11796.0000;None;127400.0000
11668;2023-01-05 14:15:50.683000;3;104554;1;1;4800.0000;1;13963.0000;None;150800.0000
21639;2023-01-05 16:00:57.223000;1;104632;1;1;15800.0000;1;25445.0000;None;274800.0000
21646;2023-01-05 19:07:26.833000;1;104873;1;1;37800.0000;1;55148.0000;None;595600.0000
21646;2023-01-05 19:23:47.963000;1;104893;1;1;119800.0000;1;55148.0000;None;595600.0000
21647;2023-01-05 19:12:19.643000;1;104893;1;2;239600.0000;1;48130.0000;None;519800.0000
21639;2023-01-05 15:54:59.583000;1;104893;1;1;119800.0000;1;25445.0000;None;274800.0000
21640;2023-01-05 18:08:27.993000;1;104893;1;1;119800.0000;1;19556.0000;None;211200.0000
21631;2023-01-05 13:24:09.097000;1;104893;1;3;359400.0000;1;64797.0000;None;699800.0000
21635;2023-01-05 15:30:58.623000;1;105421;1;1;17800.0000;1;35463.0000;None;383000.0000
21641;2023-01-05 16:29:59.657000;2;105918;1;1;27800.0000;1;24611.0000;None;265800.0000
21641;2023-01-05 16:35:16.523000;2;105918;1;-1;-27800.0000;1;24611.0000;None;265800.0000
21649;2023-01-05 20:02:59.117000;2;105918;1;1;27800.0000;1;16222.0000;None;175200.0000
21650;2023-01-05 20:26:26.387000;6;106272;1;1;None;1;19185.0000;None;207200.0000
21649;2023-01-05 20:02:59.117000;6;106272;1;1;0.0000;1;16222.0000;None;175200.0000
21648;2023-01-05 19:32:35.553000;6;106272;1;2;0.0000;1;17852.0000;None;192800.0000
21647;2023-01-05 19:06:45.010000;6;106272;1;1;0.0000;1;48130.0000;None;519800.0000
21646;2023-01-05 18:50:30.890000;6;106272;1;1;0.0000;1;55148.0000;None;595600.0000
21644;2023-01-05 16:59:58.500000;6;106272;1;1;0.0000;1;24185.0000;None;261200.0000
21645;2023-01-05 17:01:09.100000;6;106272;1;1;0.0000;1;21870.0000;None;236200.0000
21641;2023-01-05 16:27:54.610000;6;106272;1;1;0.0000;1;24611.0000;None;265800.0000
21639;2023-01-05 15:54:59.583000;6;106272;1;1;0.0000;1;25445.0000;None;274800.0000
21636;2023-01-05 14:28:13.593000;6;106272;1;1;0.0000;1;15945.0000;None;172200.0000
21637;2023-01-05 15:00:14.247000;6;106272;1;1;0.0000;1;21982.0000;None;237400.0000
21638;2023-01-05 15:08:15.217000;6;106272;1;1;0.0000;1;8444.0000;None;91200.0000
21633;2023-01-05 13:49:45.043000;6;106272;1;1;0.0000;1;11796.0000;None;127400.0000
21634;2023-01-05 14:03:07.917000;6;106272;1;1;0.0000;1;26982.0000;None;291400.0000
21635;2023-01-05 14:18:03.417000;6;106272;1;1;0.0000;1;35463.0000;None;383000.0000
21628;2023-01-05 12:32:56.813000;6;106272;1;1;0.0000;1;39445.0000;None;426000.0000
21627;2023-01-05 12:19:44.340000;6;106272;1;1;0.0000;1;9685.0000;None;104600.0000
21629;2023-01-05 12:49:44.307000;6;106272;1;1;0.0000;1;33722.0000;None;364200.0000
21631;2023-01-05 13:24:09.097000;6;106272;1;1;0.0000;1;64797.0000;None;699800.0000
11667;2023-01-05 13:19:17.423000;6;106272;1;1;0.0000;1;22704.0000;None;245200.0000
11666;2023-01-05 13:14:43.057000;6;106272;1;1;0.0000;1;8444.0000;None;91200.0000
21630;2023-01-05 13:11:09.450000;6;106272;1;1;0.0000;1;40537.0000;None;437800.0000
11668;2023-01-05 13:45:59.217000;6;106272;1;1;0.0000;1;13963.0000;None;150800.0000
21632;2023-01-05 13:34:30.600000;6;106272;1;2;0.0000;1;53982.0000;None;583000.0000
21633;2023-01-05 13:49:45.043000;1;107002;1;1;69800.0000;1;11796.0000;None;127400.0000
21637;2023-01-05 15:11:25.457000;1;107002;1;1;69800.0000;1;21982.0000;None;237400.0000
21637;2023-01-05 15:11:25.457000;1;107005;1;1;59800.0000;1;21982.0000;None;237400.0000
21646;2023-01-05 19:23:47.963000;1;107007;1;1;59800.0000;1;55148.0000;None;595600.0000
21632;2023-01-05 13:58:45.330000;1;107008;1;1;57800.0000;1;53982.0000;None;583000.0000
21632;2023-01-05 13:58:45.330000;1;107010;1;1;89800.0000;1;53982.0000;None;583000.0000
21635;2023-01-05 14:32:29.100000;1;107010;1;1;89800.0000;1;35463.0000;None;383000.0000
21635;2023-01-05 14:32:29.100000;1;107010;1;1;89800.0000;1;35463.0000;None;383000.0000
21634;2023-01-05 14:03:07.917000;1;107010;1;1;89800.0000;1;26982.0000;None;291400.0000
21627;2023-01-05 12:34:01.917000;1;107053;1;2;75600.0000;1;9685.0000;None;104600.0000
21636;2023-01-05 14:28:13.593000;1;107059;1;1;19800.0000;1;15945.0000;None;172200.0000
21646;2023-01-05 20:05:21.433000;1;107771;1;1;78800.0000;1;55148.0000;None;595600.0000
21649;2023-01-05 20:02:59.117000;1;108071;1;1;79800.0000;1;16222.0000;None;175200.0000
21641;2023-01-05 16:28:43.157000;1;108071;1;1;79800.0000;1;24611.0000;None;265800.0000
21629;2023-01-05 12:57:04.743000;1;108071;1;1;79800.0000;1;33722.0000;None;364200.0000
21630;2023-01-05 14:08:19.407000;1;108071;1;1;79800.0000;1;40537.0000;None;437800.0000
11668;2023-01-05 13:52:37.660000;1;108453;1;1;16800.0000;1;13963.0000;None;150800.0000
21638;2023-01-05 15:24:56.467000;1;108453;1;1;16800.0000;1;8444.0000;None;91200.0000
21629;2023-01-05 12:57:04.743000;1;108700;1;1;21800.0000;1;33722.0000;None;364200.0000
21632;2023-01-05 13:38:25.597000;1;108700;1;1;21800.0000;1;53982.0000;None;583000.0000
21628;2023-01-05 12:32:56.813000;1;109051;1;1;398800.0000;1;39445.0000;None;426000.0000
21632;2023-01-05 14:47:19.457000;1;109422;1;1;16800.0000;1;53982.0000;None;583000.0000
21650;2023-01-05 21:08:58.690000;1;109422;1;1;16800.0000;1;19185.0000;None;207200.0000
21634;2023-01-05 14:03:07.917000;1;109486;1;1;32800.0000;1;26982.0000;None;291400.0000
21648;2023-01-05 19:41:22.113000;1;109614;1;1;42800.0000;1;17852.0000;None;192800.0000
21631;2023-01-05 13:28:25.497000;3;200008;1;1;13800.0000;1;64797.0000;None;699800.0000
21647;2023-01-05 19:06:45.010000;2;200050;1;1;215800.0000;1;48130.0000;None;519800.0000
21645;2023-01-05 17:01:09.100000;3;200644;1;1;5800.0000;1;21870.0000;None;236200.0000
21637;2023-01-05 16:01:24.817000;3;200644;1;1;5800.0000;1;21982.0000;None;237400.0000
21627;2023-01-05 12:19:44.340000;3;200644;1;1;5800.0000;1;9685.0000;None;104600.0000
21627;2023-01-05 12:19:44.340000;3;201146;1;1;5800.0000;1;9685.0000;None;104600.0000
21630;2023-01-05 15:12:33.400000;3;201146;1;1;5800.0000;1;40537.0000;None;437800.0000
21629;2023-01-05 14:34:43.490000;3;201146;1;1;5800.0000;1;33722.0000;None;364200.0000
11667;2023-01-05 14:38:49.967000;3;201146;1;1;5800.0000;1;22704.0000;None;245200.0000
11666;2023-01-05 13:14:43.057000;3;201146;1;1;5800.0000;1;8444.0000;None;91200.0000
21645;2023-01-05 17:01:09.100000;3;201146;1;1;5800.0000;1;21870.0000;None;236200.0000
21640;2023-01-05 16:25:48.337000;3;201146;1;1;5800.0000;1;19556.0000;None;211200.0000
21646;2023-01-05 18:50:30.890000;3;201146;1;1;5800.0000;1;55148.0000;None;595600.0000
21650;2023-01-05 20:59:24.213000;3;201146;1;1;5800.0000;1;19185.0000;None;207200.0000
21650;2023-01-05 20:59:24.213000;3;201146;1;1;5800.0000;1;19185.0000;None;207200.0000
21645;2023-01-05 17:01:09.100000;2;201187;1;1;9800.0000;1;21870.0000;None;236200.0000
21634;2023-01-05 14:03:07.917000;2;201187;1;1;9800.0000;1;26982.0000;None;291400.0000
11668;2023-01-05 14:15:50.683000;3;201206;1;1;5800.0000;1;13963.0000;None;150800.0000
21638;2023-01-05 15:08:15.217000;3;201211;1;1;6800.0000;1;8444.0000;None;91200.0000
21628;2023-01-05 12:32:56.813000;3;201211;1;1;6800.0000;1;39445.0000;None;426000.0000
21628;2023-01-05 12:33:15.173000;3;201211;1;1;6800.0000;1;39445.0000;None;426000.0000
21628;2023-01-05 12:33:15.173000;3;201211;1;1;6800.0000;1;39445.0000;None;426000.0000
21628;2023-01-05 13:13:54.460000;3;201211;1;1;6800.0000;1;39445.0000;None;426000.0000
21632;2023-01-05 13:34:30.600000;3;201211;1;1;6800.0000;1;53982.0000;None;583000.0000
21632;2023-01-05 14:23:54.453000;3;201211;1;1;6800.0000;1;53982.0000;None;583000.0000
21632;2023-01-05 13:34:30.600000;3;201237;1;1;5800.0000;1;53982.0000;None;583000.0000
21632;2023-01-05 13:34:30.600000;3;201237;1;1;5800.0000;1;53982.0000;None;583000.0000
21634;2023-01-05 14:03:07.917000;3;201237;1;1;5800.0000;1;26982.0000;None;291400.0000
21634;2023-01-05 14:03:07.917000;3;201269;1;1;5800.0000;1;26982.0000;None;291400.0000
21639;2023-01-05 15:52:53.630000;3;201269;1;1;5800.0000;1;25445.0000;None;274800.0000
21639;2023-01-05 16:37:47.573000;3;201269;1;1;5800.0000;1;25445.0000;None;274800.0000
11667;2023-01-05 14:26:42.417000;2;201615;1;1;13800.0000;1;22704.0000;None;245200.0000
11667;2023-01-05 14:26:42.417000;2;201615;1;1;13800.0000;1;22704.0000;None;245200.0000
11667;2023-01-05 13:19:17.423000;2;201615;1;1;13800.0000;1;22704.0000;None;245200.0000
11667;2023-01-05 13:19:17.423000;2;201615;1;1;13800.0000;1;22704.0000;None;245200.0000
21647;2023-01-05 19:06:45.010000;3;201704;1;1;13800.0000;1;48130.0000;None;519800.0000
21648;2023-01-05 19:32:35.553000;3;201704;1;1;13800.0000;1;17852.0000;None;192800.0000
21648;2023-01-05 20:05:05.177000;3;201704;1;1;13800.0000;1;17852.0000;None;192800.0000
21641;2023-01-05 17:17:22.727000;2;201959;1;1;13800.0000;1;24611.0000;None;265800.0000
21641;2023-01-05 16:29:59.657000;2;201959;1;1;13800.0000;1;24611.0000;None;265800.0000
21631;2023-01-05 13:29:11.960000;2;202267;1;1;268800.0000;1;64797.0000;None;699800.0000
21646;2023-01-05 19:06:09.617000;2;202268;1;1;276800.0000;1;55148.0000;None;595600.0000
21644;2023-01-05 16:59:58.500000;2;202486;1;1;181800.0000;1;24185.0000;None;261200.0000
344;2023-01-05 12:04:48.720000;1;202572;1;4;20000.0000;1;None;None;20000.0000
21631;2023-01-05 13:30:21.467000;2;202638;1;-1;-246800.0000;1;64797.0000;None;699800.0000
21631;2023-01-05 13:24:09.097000;2;202638;1;1;246800.0000;1;64797.0000;None;699800.0000
21630;2023-01-05 13:51:35.893000;2;202644;1;1;167800.0000;1;40537.0000;None;437800.0000
