21873;2023-01-13 12:35:01.633000;7;1001;1;1;0.0000;1;12556.0000;None;135600.0000
21903;2023-01-13 20:31:34.150000;7;1001;1;1;0.0000;1;35741.0000;None;386000.0000
21903;2023-01-13 20:31:34.150000;7;1001;1;1;0.0000;1;35741.0000;None;386000.0000
21904;2023-01-13 20:40:37.277000;7;1001;1;1;0.0000;1;16278.0000;None;175800.0000
21888;2023-01-13 15:10:47.883000;7;1001;1;1;0.0000;1;12741.0000;None;137600.0000
11727;2023-01-13 13:31:32.087000;7;1001;1;1;0.0000;1;9889.0000;None;106800.0000
360;2023-01-13 13:08:22.013000;7;1002;1;1;0.0000;1;37204.0000;None;401800.0000
21878;2023-01-13 13:00:48.057000;7;1002;1;1;0.0000;1;28222.0000;None;304800.0000
21879;2023-01-13 13:08:11.843000;7;1002;1;1;0.0000;1;64537.0000;None;697000.0000
31920;2023-01-13 12:32:35.503000;7;1002;1;1;0.0000;1;11130.0000;None;120200.0000
21876;2023-01-13 12:40:13.127000;7;1002;1;1;0.0000;1;12093.0000;None;130600.0000
21876;2023-01-13 12:40:13.127000;7;1002;1;1;0.0000;1;12093.0000;None;130600.0000
21888;2023-01-13 15:10:47.883000;7;1002;1;1;0.0000;1;12741.0000;None;137600.0000
31921;2023-01-13 13:49:35.093000;7;1002;1;2;0.0000;1;35204.0000;None;380200.0000
21883;2023-01-13 13:55:19.957000;7;1002;1;1;0.0000;1;47685.0000;None;515000.0000
21883;2023-01-13 13:55:19.957000;7;1002;1;1;0.0000;1;47685.0000;None;515000.0000
11729;2023-01-13 14:02:58.217000;7;1002;1;1;0.0000;1;85686.0000;None;925400.0000
11729;2023-01-13 14:02:58.217000;7;1002;1;1;0.0000;1;85686.0000;None;925400.0000
21906;2023-01-13 21:35:43.917000;7;1002;1;1;0.0000;1;12556.0000;None;135600.0000
31924;2023-01-13 21:03:51.787000;7;1002;1;1;0.0000;1;103834.0000;None;1121400.0000
21890;2023-01-13 16:16:56.420000;7;1002;1;1;0.0000;1;35371.0000;None;382000.0000
21872;2023-01-13 12:44:30.920000;7;1002;1;1;0.0000;1;46408.0000;None;501200.0000
21891;2023-01-13 16:12:50.323000;7;1003;2;1;0.0000;1;27148.0000;None;293200.0000
21891;2023-01-13 16:12:50.323000;7;1003;2;1;0.0000;1;27148.0000;None;293200.0000
31922;2023-01-13 19:18:37.967000;7;1003;2;1;0.0000;1;47130.0000;None;509000.0000
21878;2023-01-13 13:00:48.040000;7;1003;2;1;0.0000;1;28222.0000;None;304800.0000
11729;2023-01-13 14:02:58.217000;7;1004;1;1;0.0000;1;85686.0000;None;925400.0000
21872;2023-01-13 12:44:30.920000;7;1006;1;1;0.0000;1;46408.0000;None;501200.0000
21872;2023-01-13 12:44:30.920000;7;1006;1;1;0.0000;1;46408.0000;None;501200.0000
21873;2023-01-13 12:35:01.633000;7;1006;1;1;0.0000;1;12556.0000;None;135600.0000
21872;2023-01-13 12:44:30.920000;7;1006;1;1;0.0000;1;46408.0000;None;501200.0000
11729;2023-01-13 14:02:58.217000;7;1006;1;1;0.0000;1;85686.0000;None;925400.0000
31921;2023-01-13 13:49:35.093000;7;1006;1;2;0.0000;1;35204.0000;None;380200.0000
21883;2023-01-13 13:55:19.957000;7;1006;1;1;0.0000;1;47685.0000;None;515000.0000
362;2023-01-13 14:41:15.307000;7;1006;1;1;0.0000;1;26389.0000;None;285000.0000
21884;2023-01-13 13:59:56.470000;7;1006;1;1;0.0000;1;39852.0000;None;430400.0000
21878;2023-01-13 13:00:48.040000;7;1006;1;1;0.0000;1;28222.0000;None;304800.0000
21879;2023-01-13 13:08:11.843000;7;1006;1;1;0.0000;1;64537.0000;None;697000.0000
31920;2023-01-13 12:32:35.503000;7;1006;1;1;0.0000;1;11130.0000;None;120200.0000
360;2023-01-13 13:08:22.013000;7;1006;1;1;0.0000;1;37204.0000;None;401800.0000
360;2023-01-13 13:08:22.013000;7;1006;1;1;0.0000;1;37204.0000;None;401800.0000
360;2023-01-13 13:08:22.013000;7;1006;1;1;0.0000;1;37204.0000;None;401800.0000
11726;2023-01-13 14:12:11.203000;7;1006;1;1;0.0000;1;31315.0000;None;338200.0000
31924;2023-01-13 21:03:51.787000;7;1006;1;1;0.0000;1;103834.0000;None;1121400.0000
31924;2023-01-13 21:03:51.787000;7;1006;1;1;0.0000;1;103834.0000;None;1121400.0000
21893;2023-01-13 18:09:18.287000;7;1006;1;1;0.0000;1;32556.0000;None;351600.0000
11731;2023-01-13 15:29:26.357000;7;1006;1;1;0.0000;1;26796.0000;None;289400.0000
31924;2023-01-13 21:03:51.787000;7;1006;1;1;0.0000;1;103834.0000;None;1121400.0000
21901;2023-01-13 20:19:40.303000;7;1006;1;1;0.0000;1;38167.0000;None;412200.0000
21904;2023-01-13 20:40:37.277000;7;1006;1;1;0.0000;1;16278.0000;None;175800.0000
21905;2023-01-13 21:09:24.800000;7;1006;1;1;0.0000;1;14685.0000;None;158600.0000
21905;2023-01-13 21:09:24.800000;7;1006;1;1;0.0000;1;14685.0000;None;158600.0000
21901;2023-01-13 20:19:40.303000;7;1007;1;1;0.0000;1;38167.0000;None;412200.0000
21884;2023-01-13 13:59:56.470000;7;1007;1;1;0.0000;1;39852.0000;None;430400.0000
21884;2023-01-13 13:59:56.470000;7;1007;1;1;0.0000;1;39852.0000;None;430400.0000
21883;2023-01-13 13:55:19.957000;7;1007;1;1;0.0000;1;47685.0000;None;515000.0000
21886;2023-01-13 14:26:33.857000;7;1008;1;1;0.0000;1;11778.0000;None;127200.0000
11728;2023-01-13 13:28:01.510000;7;1008;1;1;0.0000;1;13019.0000;None;140600.0000
21886;2023-01-13 14:26:33.857000;7;1026;1;1;0.0000;1;11778.0000;None;127200.0000
361;2023-01-13 14:53:12.970000;7;1026;1;1;0.0000;1;76223.0000;None;823200.0000
31924;2023-01-13 21:03:51.787000;7;1026;1;1;0.0000;1;103834.0000;None;1121400.0000
31924;2023-01-13 21:03:51.787000;7;1026;1;1;0.0000;1;103834.0000;None;1121400.0000
21893;2023-01-13 18:09:18.287000;7;1026;1;1;0.0000;1;32556.0000;None;351600.0000
31924;2023-01-13 21:03:51.787000;7;1026;1;1;0.0000;1;103834.0000;None;1121400.0000
31924;2023-01-13 21:03:51.787000;7;1026;1;1;0.0000;1;103834.0000;None;1121400.0000
31924;2023-01-13 21:03:51.787000;7;1026;1;1;0.0000;1;103834.0000;None;1121400.0000
21884;2023-01-13 14:51:44.533000;7;1037;1;1;0.0000;1;39852.0000;None;430400.0000
363;2023-01-13 19:21:11.303000;7;1039;1;1;0.0000;1;30889.0000;None;333600.0000
31922;2023-01-13 19:18:37.967000;7;1045;1;1;0.0000;1;47130.0000;None;509000.0000
31922;2023-01-13 19:18:37.967000;7;1045;1;1;0.0000;1;47130.0000;None;509000.0000
11725;2023-01-13 13:21:09.650000;7;1045;1;1;0.0000;1;31185.0000;None;336800.0000
360;2023-01-13 13:08:22.013000;7;1048;1;1;0.0000;1;37204.0000;None;401800.0000
360;2023-01-13 13:08:22.013000;7;1048;1;1;0.0000;1;37204.0000;None;401800.0000
11728;2023-01-13 13:28:01.510000;7;1059;1;1;0.0000;1;13019.0000;None;140600.0000
11728;2023-01-13 13:28:01.510000;7;1059;1;1;0.0000;1;13019.0000;None;140600.0000
21872;2023-01-13 12:44:30.920000;7;1061;1;1;0.0000;1;46408.0000;None;501200.0000
21872;2023-01-13 12:44:30.920000;7;1061;1;1;0.0000;1;46408.0000;None;501200.0000
21872;2023-01-13 12:44:30.920000;7;1061;1;1;0.0000;1;46408.0000;None;501200.0000
21905;2023-01-13 21:09:24.800000;7;1090;1;1;0.0000;1;14685.0000;None;158600.0000
11728;2023-01-13 13:28:01.510000;7;1093;1;1;0.0000;1;13019.0000;None;140600.0000
21872;2023-01-13 12:44:30.920000;7;1100;1;1;0.0000;1;46408.0000;None;501200.0000
21872;2023-01-13 12:44:30.920000;7;1100;1;1;0.0000;1;46408.0000;None;501200.0000
11728;2023-01-13 13:28:01.510000;7;1101;1;1;0.0000;1;13019.0000;None;140600.0000
11728;2023-01-13 13:28:01.510000;7;1101;1;1;0.0000;1;13019.0000;None;140600.0000
11728;2023-01-13 13:28:01.510000;7;1121;1;1;0.0000;1;13019.0000;None;140600.0000
11728;2023-01-13 13:28:01.510000;7;1121;1;1;0.0000;1;13019.0000;None;140600.0000
11728;2023-01-13 13:28:01.510000;7;1125;1;1;0.0000;1;13019.0000;None;140600.0000
11726;2023-01-13 14:16:22.093000;7;1128;1;1;0.0000;1;31315.0000;None;338200.0000
11726;2023-01-13 14:16:22.093000;7;1128;1;1;0.0000;1;31315.0000;None;338200.0000
11726;2023-01-13 14:16:22.093000;7;1128;1;1;0.0000;1;31315.0000;None;338200.0000
361;2023-01-13 14:53:12.970000;7;1128;1;1;0.0000;1;76223.0000;None;823200.0000
21886;2023-01-13 14:26:33.857000;7;1128;1;1;0.0000;1;11778.0000;None;127200.0000
21891;2023-01-13 16:12:50.323000;7;1128;1;1;0.0000;1;27148.0000;None;293200.0000
21891;2023-01-13 16:12:50.323000;7;1128;1;1;0.0000;1;27148.0000;None;293200.0000
21884;2023-01-13 14:51:44.533000;7;1134;1;1;0.0000;1;39852.0000;None;430400.0000
21884;2023-01-13 14:51:44.533000;7;1135;1;1;0.0000;1;39852.0000;None;430400.0000
21884;2023-01-13 13:59:56.470000;7;1135;1;1;0.0000;1;39852.0000;None;430400.0000
21883;2023-01-13 14:33:10.883000;7;1135;1;1;0.0000;1;47685.0000;None;515000.0000
361;2023-01-13 13:34:18.340000;7;1135;1;1;0.0000;1;76223.0000;None;823200.0000
361;2023-01-13 13:34:18.340000;7;1135;1;1;0.0000;1;76223.0000;None;823200.0000
361;2023-01-13 15:37:10.443000;7;1135;1;1;0.0000;1;76223.0000;None;823200.0000
361;2023-01-13 15:37:10.443000;7;1135;1;1;0.0000;1;76223.0000;None;823200.0000
362;2023-01-13 14:41:15.307000;7;1135;1;1;0.0000;1;26389.0000;None;285000.0000
21888;2023-01-13 15:10:47.883000;7;1135;1;1;0.0000;1;12741.0000;None;137600.0000
11728;2023-01-13 13:28:01.510000;7;1135;1;1;0.0000;1;13019.0000;None;140600.0000
11728;2023-01-13 13:28:01.510000;7;1135;1;1;0.0000;1;13019.0000;None;140600.0000
31921;2023-01-13 13:49:35.093000;7;1135;1;1;0.0000;1;35204.0000;None;380200.0000
21883;2023-01-13 13:55:19.957000;7;1135;1;1;0.0000;1;47685.0000;None;515000.0000
21883;2023-01-13 13:55:19.957000;7;1135;1;1;0.0000;1;47685.0000;None;515000.0000
21883;2023-01-13 13:55:19.957000;7;1135;1;1;0.0000;1;47685.0000;None;515000.0000
11729;2023-01-13 14:02:58.217000;7;1135;1;1;0.0000;1;85686.0000;None;925400.0000
11726;2023-01-13 14:16:22.093000;7;1135;1;1;0.0000;1;31315.0000;None;338200.0000
11728;2023-01-13 13:28:01.510000;7;1135;1;1;0.0000;1;13019.0000;None;140600.0000
11725;2023-01-13 13:21:09.650000;7;1135;1;1;0.0000;1;31185.0000;None;336800.0000
21876;2023-01-13 12:40:13.127000;7;1135;1;1;0.0000;1;12093.0000;None;130600.0000
21876;2023-01-13 12:40:13.127000;7;1135;1;1;0.0000;1;12093.0000;None;130600.0000
21874;2023-01-13 12:36:33.517000;7;1135;1;1;0.0000;1;None;None;31300.0000
21879;2023-01-13 13:08:11.843000;7;1135;1;1;0.0000;1;64537.0000;None;697000.0000
21893;2023-01-13 18:09:18.287000;7;1135;1;1;0.0000;1;32556.0000;None;351600.0000
21893;2023-01-13 18:20:25.053000;7;1135;1;1;0.0000;1;32556.0000;None;351600.0000
21897;2023-01-13 19:15:12.247000;7;1135;1;1;0.0000;1;None;None;108700.0000
363;2023-01-13 19:21:11.303000;7;1135;1;1;0.0000;1;30889.0000;None;333600.0000
31924;2023-01-13 21:03:51.787000;7;1135;1;1;0.0000;1;103834.0000;None;1121400.0000
21898;2023-01-13 20:49:31.727000;7;1135;1;1;0.0000;1;43889.0000;None;474000.0000
21901;2023-01-13 20:19:40.303000;7;1135;1;1;0.0000;1;38167.0000;None;412200.0000
21873;2023-01-13 12:56:26.073000;7;1204;1;1;0.0000;1;12556.0000;None;135600.0000
21873;2023-01-13 12:56:26.073000;7;1204;1;1;0.0000;1;12556.0000;None;135600.0000
31922;2023-01-13 19:36:30.833000;7;1204;1;1;0.0000;1;47130.0000;None;509000.0000
31922;2023-01-13 19:36:30.833000;7;1204;1;1;0.0000;1;47130.0000;None;509000.0000
11725;2023-01-13 13:38:17.377000;7;1204;1;1;0.0000;1;31185.0000;None;336800.0000
11725;2023-01-13 13:38:17.377000;7;1204;1;1;0.0000;1;31185.0000;None;336800.0000
11727;2023-01-13 13:57:06.357000;7;1204;1;1;None;1;9889.0000;None;106800.0000
11727;2023-01-13 13:57:06.357000;7;1204;1;1;None;1;9889.0000;None;106800.0000
11729;2023-01-13 14:13:07.887000;7;1204;1;1;0.0000;1;85686.0000;None;925400.0000
11729;2023-01-13 14:13:07.887000;7;1204;1;1;0.0000;1;85686.0000;None;925400.0000
11729;2023-01-13 14:13:07.887000;7;1204;1;1;0.0000;1;85686.0000;None;925400.0000
11729;2023-01-13 14:13:07.887000;7;1204;1;1;0.0000;1;85686.0000;None;925400.0000
21888;2023-01-13 15:32:09.307000;7;1204;1;1;0.0000;1;12741.0000;None;137600.0000
21888;2023-01-13 15:32:09.307000;7;1204;1;1;0.0000;1;12741.0000;None;137600.0000
21888;2023-01-13 15:32:09.307000;7;1204;1;1;0.0000;1;12741.0000;None;137600.0000
21887;2023-01-13 14:54:31.123000;7;1207;1;1;0.0000;1;9537.0000;None;103000.0000
362;2023-01-13 14:18:37.677000;7;1207;1;2;0.0000;1;26389.0000;None;285000.0000
11729;2023-01-13 13:37:57.683000;7;1207;1;1;0.0000;1;85686.0000;None;925400.0000
360;2023-01-13 14:01:26.353000;7;1207;1;3;0.0000;1;37204.0000;None;401800.0000
11725;2023-01-13 13:16:09.770000;7;1207;1;1;0.0000;1;31185.0000;None;336800.0000
31923;2023-01-13 20:09:41.433000;7;1207;1;2;0.0000;1;34667.0000;None;374400.0000
363;2023-01-13 19:17:09.553000;7;1207;1;1;0.0000;1;30889.0000;None;333600.0000
21892;2023-01-13 16:42:54.630000;7;1207;1;1;0.0000;1;7370.0000;None;79600.0000
21891;2023-01-13 15:50:25.123000;7;1207;1;1;0.0000;1;27148.0000;None;293200.0000
21889;2023-01-13 15:29:10.213000;7;1214;1;1;0.0000;1;4759.0000;None;51400.0000
21889;2023-01-13 15:29:10.213000;7;1214;1;1;0.0000;1;4759.0000;None;51400.0000
361;2023-01-13 13:15:31.007000;7;1214;1;1;0.0000;1;76223.0000;None;823200.0000
361;2023-01-13 13:15:31.007000;7;1214;1;1;0.0000;1;76223.0000;None;823200.0000
11729;2023-01-13 14:26:35.007000;7;1220;1;1;0.0000;1;85686.0000;None;925400.0000
11729;2023-01-13 14:26:35.007000;7;1220;1;1;0.0000;1;85686.0000;None;925400.0000
11729;2023-01-13 14:26:35.007000;7;1220;1;1;0.0000;1;85686.0000;None;925400.0000
11729;2023-01-13 14:26:35.007000;7;1220;1;1;0.0000;1;85686.0000;None;925400.0000
11729;2023-01-13 14:26:35.007000;7;1220;1;1;0.0000;1;85686.0000;None;925400.0000
11729;2023-01-13 14:26:35.007000;7;1220;1;1;0.0000;1;85686.0000;None;925400.0000
11729;2023-01-13 14:26:35.007000;7;1220;1;1;0.0000;1;85686.0000;None;925400.0000
11729;2023-01-13 14:26:35.007000;7;1220;1;1;0.0000;1;85686.0000;None;925400.0000
21904;2023-01-13 20:59:39.860000;7;1220;1;1;0.0000;1;16278.0000;None;175800.0000
21904;2023-01-13 20:59:39.860000;7;1220;1;1;0.0000;1;16278.0000;None;175800.0000
21897;2023-01-13 19:15:12.247000;7;1319;1;1;0.0000;1;None;None;108700.0000
21897;2023-01-13 19:15:12.247000;7;1319;1;1;0.0000;1;None;None;108700.0000
21874;2023-01-13 12:36:33.517000;7;1319;1;1;0.0000;1;None;None;31300.0000
21874;2023-01-13 12:36:33.517000;7;1319;1;1;0.0000;1;None;None;31300.0000
21886;2023-01-13 14:18:57.537000;7;2006;1;1;None;1;11778.0000;None;127200.0000
361;2023-01-13 13:14:59.337000;7;2008;1;4;0.0000;1;76223.0000;None;823200.0000
361;2023-01-13 15:10:36.767000;7;2008;1;3;0.0000;1;76223.0000;None;823200.0000
21879;2023-01-13 13:03:51.153000;7;2008;1;3;0.0000;1;64537.0000;None;697000.0000
21879;2023-01-13 13:03:51.153000;7;2008;1;3;0.0000;1;64537.0000;None;697000.0000
11725;2023-01-13 13:46:45.587000;7;2008;1;2;0.0000;1;31185.0000;None;336800.0000
21881;2023-01-13 13:52:16.367000;7;2008;1;2;0.0000;1;14889.0000;None;160800.0000
31922;2023-01-13 19:17:43.630000;7;2008;1;2;0.0000;1;47130.0000;None;509000.0000
21896;2023-01-13 19:17:49.180000;7;2008;1;2;0.0000;1;22389.0000;None;241800.0000
31923;2023-01-13 20:09:41.433000;7;2008;1;2;0.0000;1;34667.0000;None;374400.0000
11731;2023-01-13 15:29:26.357000;7;2008;1;2;0.0000;1;26796.0000;None;289400.0000
21890;2023-01-13 16:03:48.010000;7;2008;1;1;0.0000;1;35371.0000;None;382000.0000
21890;2023-01-13 16:03:48.010000;7;2008;1;1;0.0000;1;35371.0000;None;382000.0000
21903;2023-01-13 20:35:55.500000;7;2008;1;3;0.0000;1;35741.0000;None;386000.0000
363;2023-01-13 19:17:09.553000;7;2010;1;1;0.0000;1;30889.0000;None;333600.0000
11725;2023-01-13 13:16:09.770000;7;2010;1;1;0.0000;1;31185.0000;None;336800.0000
11725;2023-01-13 13:16:09.770000;7;2042;1;1;0.0000;1;31185.0000;None;336800.0000
360;2023-01-13 12:54:43.823000;7;2042;1;1;0.0000;1;37204.0000;None;401800.0000
360;2023-01-13 13:29:42.760000;7;2042;1;1;0.0000;1;37204.0000;None;401800.0000
31923;2023-01-13 20:09:41.433000;7;2042;1;1;0.0000;1;34667.0000;None;374400.0000
31924;2023-01-13 20:37:15.943000;7;2042;1;1;0.0000;1;103834.0000;None;1121400.0000
21895;2023-01-13 19:02:29.617000;7;2042;1;1;0.0000;1;14982.0000;None;161800.0000
21899;2023-01-13 20:14:06.970000;7;2042;1;1;0.0000;1;40389.0000;None;436200.0000
21872;2023-01-13 12:35:15.663000;7;2042;1;1;0.0000;1;46408.0000;None;501200.0000
363;2023-01-13 19:17:09.553000;7;2044;1;1;0.0000;1;30889.0000;None;333600.0000
31924;2023-01-13 20:37:15.943000;7;2046;1;2;0.0000;1;103834.0000;None;1121400.0000
11726;2023-01-13 15:40:20.500000;7;2050;1;1;None;1;31315.0000;None;338200.0000
11728;2023-01-13 13:28:01.510000;7;2050;1;1;0.0000;1;13019.0000;None;140600.0000
31921;2023-01-13 13:33:42.907000;7;2050;1;1;0.0000;1;35204.0000;None;380200.0000
21900;2023-01-13 20:20:57.723000;7;2053;1;1;0.0000;1;12833.0000;None;138600.0000
21872;2023-01-13 12:35:15.663000;7;2072;1;1;0.0000;1;46408.0000;None;501200.0000
21899;2023-01-13 20:14:06.970000;7;2072;1;1;0.0000;1;40389.0000;None;436200.0000
362;2023-01-13 14:18:37.677000;7;2072;1;2;0.0000;1;26389.0000;None;285000.0000
11727;2023-01-13 14:10:05.363000;7;2072;1;-1;0.0000;1;9889.0000;None;106800.0000
11727;2023-01-13 13:57:52.543000;7;2072;1;1;None;1;9889.0000;None;106800.0000
11727;2023-01-13 13:23:03.703000;7;2072;1;1;0.0000;1;9889.0000;None;106800.0000
31920;2023-01-13 12:32:35.503000;7;2072;1;1;0.0000;1;11130.0000;None;120200.0000
21876;2023-01-13 12:40:13.127000;7;2072;1;1;0.0000;1;12093.0000;None;130600.0000
361;2023-01-13 13:12:09.607000;7;2076;1;1;0.0000;1;76223.0000;None;823200.0000
21898;2023-01-13 19:45:31.223000;7;2076;1;1;0.0000;1;43889.0000;None;474000.0000
21895;2023-01-13 19:02:29.617000;7;2076;1;1;0.0000;1;14982.0000;None;161800.0000
21872;2023-01-13 12:21:17.607000;7;2077;1;1;None;1;46408.0000;None;501200.0000
21872;2023-01-13 12:25:03.067000;7;2077;1;1;0.0000;1;46408.0000;None;501200.0000
21879;2023-01-13 13:58:44.693000;3;100596;1;1;5800.0000;1;64537.0000;None;697000.0000
31924;2023-01-13 21:46:02.737000;3;100601;1;1;5800.0000;1;103834.0000;None;1121400.0000
21899;2023-01-13 21:24:13.017000;3;100601;1;1;5800.0000;1;40389.0000;None;436200.0000
21903;2023-01-13 21:48:54.013000;3;100601;1;1;5800.0000;1;35741.0000;None;386000.0000
21883;2023-01-13 14:38:59.037000;3;100606;1;1;6800.0000;1;47685.0000;None;515000.0000
21883;2023-01-13 14:41:56.173000;3;100606;1;1;6800.0000;1;47685.0000;None;515000.0000
21883;2023-01-13 14:41:56.173000;3;100606;1;1;6800.0000;1;47685.0000;None;515000.0000
21873;2023-01-13 13:24:10.620000;3;100613;1;1;5800.0000;1;12556.0000;None;135600.0000
21879;2023-01-13 13:58:44.693000;3;100614;1;1;5800.0000;1;64537.0000;None;697000.0000
21879;2023-01-13 13:58:44.693000;3;100614;1;1;5800.0000;1;64537.0000;None;697000.0000
21877;2023-01-13 13:24:19.297000;3;100614;1;1;5800.0000;1;8982.0000;None;97000.0000
11726;2023-01-13 15:46:30.007000;3;100614;1;2;11600.0000;1;31315.0000;None;338200.0000
11726;2023-01-13 16:19:19.607000;3;100614;1;1;5800.0000;1;31315.0000;None;338200.0000
360;2023-01-13 14:20:20.877000;3;100614;1;1;5800.0000;1;37204.0000;None;401800.0000
21883;2023-01-13 14:41:56.173000;3;100614;1;1;5800.0000;1;47685.0000;None;515000.0000
11729;2023-01-13 15:03:50.493000;3;100614;1;2;11600.0000;1;85686.0000;None;925400.0000
21903;2023-01-13 21:48:54.013000;3;100614;1;1;5800.0000;1;35741.0000;None;386000.0000
21901;2023-01-13 21:17:01.397000;3;100614;1;1;5800.0000;1;38167.0000;None;412200.0000
21901;2023-01-13 21:17:01.397000;3;100614;1;1;5800.0000;1;38167.0000;None;412200.0000
21901;2023-01-13 21:17:01.397000;3;100614;1;1;5800.0000;1;38167.0000;None;412200.0000
21879;2023-01-13 13:08:11.843000;1;100624;1;2;2000.0000;1;64537.0000;None;697000.0000
11730;2023-01-13 16:57:54.937000;1;100951;1;1;39800.0000;1;30111.0000;None;325200.0000
11730;2023-01-13 16:57:54.937000;1;100967;1;1;22800.0000;1;30111.0000;None;325200.0000
11727;2023-01-13 13:31:32.087000;1;100967;1;1;22800.0000;1;9889.0000;None;106800.0000
21902;2023-01-13 20:33:04.273000;1;100968;1;1;29800.0000;1;16870.0000;None;182200.0000
21906;2023-01-13 21:35:43.917000;1;100968;1;1;29800.0000;1;12556.0000;None;135600.0000
11729;2023-01-13 14:02:58.217000;1;100974;1;1;17800.0000;1;85686.0000;None;925400.0000
21895;2023-01-13 19:13:27.537000;1;100978;1;1;28800.0000;1;14982.0000;None;161800.0000
21881;2023-01-13 13:19:23.920000;2;100988;1;1;30800.0000;1;14889.0000;None;160800.0000
21899;2023-01-13 21:42:15.937000;1;101033;1;1;22800.0000;1;40389.0000;None;436200.0000
21891;2023-01-13 16:12:50.323000;1;101062;1;1;79800.0000;1;27148.0000;None;293200.0000
21883;2023-01-13 13:55:19.957000;1;101062;1;1;79800.0000;1;47685.0000;None;515000.0000
31923;2023-01-13 19:27:07.640000;2;101169;1;1;24800.0000;1;34667.0000;None;374400.0000
31923;2023-01-13 19:27:07.640000;2;101169;1;1;24800.0000;1;34667.0000;None;374400.0000
21898;2023-01-13 19:53:42.277000;1;101176;1;1;39800.0000;1;43889.0000;None;474000.0000
11730;2023-01-13 16:57:54.937000;1;101176;1;1;39800.0000;1;30111.0000;None;325200.0000
21903;2023-01-13 20:31:34.150000;1;101176;1;1;39800.0000;1;35741.0000;None;386000.0000
361;2023-01-13 13:15:31.007000;1;101176;1;2;79600.0000;1;76223.0000;None;823200.0000
11730;2023-01-13 16:15:34.723000;2;101193;1;1;21800.0000;1;30111.0000;None;325200.0000
11729;2023-01-13 13:58:55.553000;1;101291;1;1;26800.0000;1;85686.0000;None;925400.0000
21886;2023-01-13 14:26:33.857000;1;101297;1;1;48800.0000;1;11778.0000;None;127200.0000
21887;2023-01-13 15:04:27.300000;1;101299;1;1;28800.0000;1;9537.0000;None;103000.0000
21897;2023-01-13 19:15:12.247000;1;101301;2;1;52300.0000;1;None;None;108700.0000
21889;2023-01-13 15:29:10.213000;1;101340;1;1;29800.0000;1;4759.0000;None;51400.0000
31921;2023-01-13 13:38:38.850000;1;101340;1;1;29800.0000;1;35204.0000;None;380200.0000
362;2023-01-13 14:41:15.307000;1;101344;1;1;53800.0000;1;26389.0000;None;285000.0000
21883;2023-01-13 13:55:19.957000;1;101344;1;1;53800.0000;1;47685.0000;None;515000.0000
21884;2023-01-13 13:59:56.470000;1;101433;1;1;0.0000;1;39852.0000;None;430400.0000
362;2023-01-13 14:41:15.307000;1;101433;1;1;0.0000;1;26389.0000;None;285000.0000
362;2023-01-13 14:41:15.307000;1;101433;1;1;0.0000;1;26389.0000;None;285000.0000
21888;2023-01-13 15:10:47.883000;1;101433;1;1;0.0000;1;12741.0000;None;137600.0000
21883;2023-01-13 13:55:19.957000;1;101433;1;1;0.0000;1;47685.0000;None;515000.0000
11729;2023-01-13 14:02:58.217000;1;101433;1;1;0.0000;1;85686.0000;None;925400.0000
11729;2023-01-13 14:02:58.217000;1;101433;1;1;0.0000;1;85686.0000;None;925400.0000
21879;2023-01-13 13:08:11.843000;1;101433;1;1;0.0000;1;64537.0000;None;697000.0000
31920;2023-01-13 12:32:35.503000;1;101433;1;1;0.0000;1;11130.0000;None;120200.0000
360;2023-01-13 13:08:22.013000;1;101433;1;1;0.0000;1;37204.0000;None;401800.0000
11726;2023-01-13 14:16:22.093000;1;101433;1;1;0.0000;1;31315.0000;None;338200.0000
21890;2023-01-13 16:16:56.420000;1;101433;1;1;0.0000;1;35371.0000;None;382000.0000
21891;2023-01-13 16:12:50.323000;1;101433;1;1;0.0000;1;27148.0000;None;293200.0000
31922;2023-01-13 19:18:37.967000;1;101433;1;1;0.0000;1;47130.0000;None;509000.0000
21903;2023-01-13 20:31:34.150000;1;101433;1;1;0.0000;1;35741.0000;None;386000.0000
21905;2023-01-13 21:09:24.800000;1;101433;1;1;0.0000;1;14685.0000;None;158600.0000
21901;2023-01-13 20:19:40.303000;1;101433;1;1;0.0000;1;38167.0000;None;412200.0000
21901;2023-01-13 20:19:40.303000;1;101433;1;1;0.0000;1;38167.0000;None;412200.0000
21899;2023-01-13 20:30:41.270000;1;101433;1;1;0.0000;1;40389.0000;None;436200.0000
31924;2023-01-13 21:03:51.787000;6;101477;1;1;0.0000;1;103834.0000;None;1121400.0000
31924;2023-01-13 21:03:51.787000;6;101477;1;1;0.0000;1;103834.0000;None;1121400.0000
31924;2023-01-13 21:03:51.787000;6;101477;1;1;0.0000;1;103834.0000;None;1121400.0000
31920;2023-01-13 12:32:35.503000;6;101477;1;1;0.0000;1;11130.0000;None;120200.0000
31920;2023-01-13 12:32:35.503000;6;101477;1;1;0.0000;1;11130.0000;None;120200.0000
21883;2023-01-13 13:55:19.957000;6;101477;1;1;0.0000;1;47685.0000;None;515000.0000
21883;2023-01-13 13:55:19.957000;6;101477;1;1;0.0000;1;47685.0000;None;515000.0000
21886;2023-01-13 14:26:33.857000;6;101477;1;1;0.0000;1;11778.0000;None;127200.0000
21872;2023-01-13 12:44:30.920000;6;101477;1;1;0.0000;1;46408.0000;None;501200.0000
21872;2023-01-13 12:44:30.920000;6;101477;1;1;0.0000;1;46408.0000;None;501200.0000
21890;2023-01-13 16:16:56.420000;6;101479;1;1;0.0000;1;35371.0000;None;382000.0000
21891;2023-01-13 16:12:50.323000;6;101482;1;1;0.0000;1;27148.0000;None;293200.0000
21891;2023-01-13 16:12:50.323000;6;101482;1;1;0.0000;1;27148.0000;None;293200.0000
31924;2023-01-13 21:03:51.787000;6;101487;1;1;0.0000;1;103834.0000;None;1121400.0000
31924;2023-01-13 21:03:51.787000;6;101487;1;1;0.0000;1;103834.0000;None;1121400.0000
31924;2023-01-13 21:03:51.787000;6;101487;1;1;0.0000;1;103834.0000;None;1121400.0000
31924;2023-01-13 21:03:51.787000;6;101487;1;1;0.0000;1;103834.0000;None;1121400.0000
21904;2023-01-13 20:40:37.277000;6;101487;1;1;0.0000;1;16278.0000;None;175800.0000
21876;2023-01-13 12:40:13.127000;6;101487;1;1;0.0000;1;12093.0000;None;130600.0000
21879;2023-01-13 13:08:11.843000;6;101494;1;1;0.0000;1;64537.0000;None;697000.0000
31921;2023-01-13 13:49:35.093000;6;101494;1;1;0.0000;1;35204.0000;None;380200.0000
21872;2023-01-13 12:44:30.920000;1;101522;1;1;0.0000;1;46408.0000;None;501200.0000
21872;2023-01-13 12:44:30.920000;1;101522;1;1;0.0000;1;46408.0000;None;501200.0000
11729;2023-01-13 14:02:58.217000;1;101522;1;1;0.0000;1;85686.0000;None;925400.0000
11729;2023-01-13 14:02:58.217000;1;101522;1;1;0.0000;1;85686.0000;None;925400.0000
31921;2023-01-13 13:49:35.093000;1;101522;1;3;0.0000;1;35204.0000;None;380200.0000
21883;2023-01-13 13:55:19.957000;1;101522;1;1;0.0000;1;47685.0000;None;515000.0000
21883;2023-01-13 13:55:19.957000;1;101522;1;1;0.0000;1;47685.0000;None;515000.0000
21883;2023-01-13 13:55:19.957000;1;101522;1;1;0.0000;1;47685.0000;None;515000.0000
362;2023-01-13 14:41:15.307000;1;101522;1;1;0.0000;1;26389.0000;None;285000.0000
31920;2023-01-13 12:32:35.503000;1;101522;1;1;0.0000;1;11130.0000;None;120200.0000
21873;2023-01-13 12:35:01.633000;1;101522;1;1;0.0000;1;12556.0000;None;135600.0000
360;2023-01-13 13:08:22.013000;1;101522;1;1;0.0000;1;37204.0000;None;401800.0000
11728;2023-01-13 13:28:01.510000;1;101522;1;1;0.0000;1;13019.0000;None;140600.0000
360;2023-01-13 13:08:22.013000;1;101522;1;1;0.0000;1;37204.0000;None;401800.0000
360;2023-01-13 13:08:22.013000;1;101522;1;1;0.0000;1;37204.0000;None;401800.0000
21905;2023-01-13 21:09:24.800000;1;101522;1;1;0.0000;1;14685.0000;None;158600.0000
31924;2023-01-13 21:03:51.787000;1;101522;1;1;0.0000;1;103834.0000;None;1121400.0000
21906;2023-01-13 21:35:43.917000;1;101522;1;1;0.0000;1;12556.0000;None;135600.0000
21898;2023-01-13 20:49:31.727000;1;101522;1;1;0.0000;1;43889.0000;None;474000.0000
21898;2023-01-13 20:49:31.727000;1;101522;1;1;0.0000;1;43889.0000;None;474000.0000
31922;2023-01-13 19:18:37.967000;1;101522;1;1;0.0000;1;47130.0000;None;509000.0000
21890;2023-01-13 16:16:56.420000;1;101522;1;1;0.0000;1;35371.0000;None;382000.0000
11731;2023-01-13 15:29:26.357000;1;101522;1;1;0.0000;1;26796.0000;None;289400.0000
21891;2023-01-13 16:12:50.323000;1;101552;1;1;0.0000;1;27148.0000;None;293200.0000
31924;2023-01-13 21:03:51.787000;1;101552;1;1;0.0000;1;103834.0000;None;1121400.0000
31924;2023-01-13 21:03:51.787000;1;101552;1;1;0.0000;1;103834.0000;None;1121400.0000
21899;2023-01-13 20:30:41.270000;1;101552;1;1;0.0000;1;40389.0000;None;436200.0000
21899;2023-01-13 20:30:41.270000;1;101552;1;1;0.0000;1;40389.0000;None;436200.0000
21901;2023-01-13 20:19:40.303000;1;101552;1;1;0.0000;1;38167.0000;None;412200.0000
11727;2023-01-13 13:31:32.087000;1;101552;1;1;0.0000;1;9889.0000;None;106800.0000
21879;2023-01-13 13:08:11.843000;1;101552;1;1;0.0000;1;64537.0000;None;697000.0000
21878;2023-01-13 13:00:48.057000;1;101552;1;1;0.0000;1;28222.0000;None;304800.0000
21878;2023-01-13 13:00:48.070000;1;101552;1;1;0.0000;1;28222.0000;None;304800.0000
21878;2023-01-13 13:00:48.040000;1;101552;1;1;0.0000;1;28222.0000;None;304800.0000
361;2023-01-13 14:53:12.970000;1;101552;1;1;0.0000;1;76223.0000;None;823200.0000
21886;2023-01-13 14:26:33.857000;1;101552;1;1;0.0000;1;11778.0000;None;127200.0000
21884;2023-01-13 13:59:56.470000;1;101552;1;1;0.0000;1;39852.0000;None;430400.0000
21884;2023-01-13 13:59:56.470000;1;101552;1;1;0.0000;1;39852.0000;None;430400.0000
21884;2023-01-13 13:59:56.470000;1;101552;1;1;0.0000;1;39852.0000;None;430400.0000
11729;2023-01-13 14:02:58.217000;1;101552;1;1;0.0000;1;85686.0000;None;925400.0000
31921;2023-01-13 13:49:35.093000;1;101552;1;1;0.0000;1;35204.0000;None;380200.0000
11728;2023-01-13 13:28:01.510000;1;101552;1;1;0.0000;1;13019.0000;None;140600.0000
21872;2023-01-13 12:44:30.920000;1;101552;1;1;0.0000;1;46408.0000;None;501200.0000
21872;2023-01-13 12:44:30.920000;1;101552;1;1;0.0000;1;46408.0000;None;501200.0000
21900;2023-01-13 20:32:06.927000;6;101563;1;1;0.0000;1;12833.0000;None;138600.0000
31924;2023-01-13 21:03:51.787000;6;101583;1;1;0.0000;1;103834.0000;None;1121400.0000
21904;2023-01-13 20:40:37.277000;6;101583;1;1;0.0000;1;16278.0000;None;175800.0000
31924;2023-01-13 21:03:51.787000;6;101583;1;1;0.0000;1;103834.0000;None;1121400.0000
31924;2023-01-13 21:03:51.787000;6;101583;1;1;0.0000;1;103834.0000;None;1121400.0000
31924;2023-01-13 21:03:51.787000;6;101583;1;1;0.0000;1;103834.0000;None;1121400.0000
21893;2023-01-13 18:09:18.287000;6;101583;1;1;0.0000;1;32556.0000;None;351600.0000
21893;2023-01-13 18:09:18.287000;6;101583;1;1;0.0000;1;32556.0000;None;351600.0000
21876;2023-01-13 12:40:13.127000;6;101583;1;1;0.0000;1;12093.0000;None;130600.0000
361;2023-01-13 13:15:31.007000;6;101585;1;1;0.0000;1;76223.0000;None;823200.0000
361;2023-01-13 13:15:31.007000;6;101585;1;1;0.0000;1;76223.0000;None;823200.0000
21898;2023-01-13 19:53:42.277000;6;101585;1;1;0.0000;1;43889.0000;None;474000.0000
21903;2023-01-13 20:31:34.150000;6;101585;1;1;0.0000;1;35741.0000;None;386000.0000
21905;2023-01-13 21:09:24.800000;6;101589;1;1;0.0000;1;14685.0000;None;158600.0000
21901;2023-01-13 20:19:40.303000;6;101589;1;1;0.0000;1;38167.0000;None;412200.0000
21901;2023-01-13 20:19:40.303000;6;101589;1;1;0.0000;1;38167.0000;None;412200.0000
21906;2023-01-13 21:35:43.917000;6;101589;1;1;0.0000;1;12556.0000;None;135600.0000
11731;2023-01-13 15:29:26.357000;6;101589;1;1;0.0000;1;26796.0000;None;289400.0000
21884;2023-01-13 13:59:56.470000;6;101589;1;1;0.0000;1;39852.0000;None;430400.0000
21884;2023-01-13 13:59:56.470000;6;101589;1;1;0.0000;1;39852.0000;None;430400.0000
21884;2023-01-13 13:59:56.470000;6;101589;1;1;0.0000;1;39852.0000;None;430400.0000
361;2023-01-13 14:53:12.970000;6;101589;1;1;0.0000;1;76223.0000;None;823200.0000
21888;2023-01-13 15:10:47.883000;6;101589;1;1;0.0000;1;12741.0000;None;137600.0000
31921;2023-01-13 13:49:35.093000;6;101589;1;1;0.0000;1;35204.0000;None;380200.0000
11729;2023-01-13 14:02:58.217000;6;101589;1;1;0.0000;1;85686.0000;None;925400.0000
11729;2023-01-13 14:02:58.217000;6;101589;1;1;0.0000;1;85686.0000;None;925400.0000
11729;2023-01-13 14:02:58.217000;6;101589;1;1;0.0000;1;85686.0000;None;925400.0000
21883;2023-01-13 13:55:19.957000;6;101589;1;1;0.0000;1;47685.0000;None;515000.0000
21878;2023-01-13 13:00:48.070000;6;101589;1;1;0.0000;1;28222.0000;None;304800.0000
21878;2023-01-13 13:00:48.057000;6;101589;1;1;0.0000;1;28222.0000;None;304800.0000
21878;2023-01-13 13:00:48.040000;6;101589;1;1;0.0000;1;28222.0000;None;304800.0000
360;2023-01-13 13:08:22.013000;6;101589;1;1;0.0000;1;37204.0000;None;401800.0000
360;2023-01-13 13:08:22.013000;6;101589;1;1;0.0000;1;37204.0000;None;401800.0000
360;2023-01-13 13:08:22.013000;6;101589;1;1;0.0000;1;37204.0000;None;401800.0000
360;2023-01-13 13:08:22.013000;6;101589;1;1;0.0000;1;37204.0000;None;401800.0000
21872;2023-01-13 12:44:30.920000;6;101589;1;1;0.0000;1;46408.0000;None;501200.0000
21872;2023-01-13 12:44:30.920000;6;101589;1;1;0.0000;1;46408.0000;None;501200.0000
21876;2023-01-13 12:40:13.127000;6;101592;1;1;0.0000;1;12093.0000;None;130600.0000
21893;2023-01-13 18:09:18.287000;6;101592;1;1;0.0000;1;32556.0000;None;351600.0000
21893;2023-01-13 18:09:18.287000;6;101592;1;1;0.0000;1;32556.0000;None;351600.0000
31924;2023-01-13 21:03:51.787000;6;101592;1;1;0.0000;1;103834.0000;None;1121400.0000
31924;2023-01-13 21:03:51.787000;6;101592;1;1;0.0000;1;103834.0000;None;1121400.0000
31924;2023-01-13 21:03:51.787000;6;101592;1;1;0.0000;1;103834.0000;None;1121400.0000
31924;2023-01-13 21:03:51.787000;6;101592;1;1;0.0000;1;103834.0000;None;1121400.0000
21904;2023-01-13 20:40:37.277000;6;101592;1;1;0.0000;1;16278.0000;None;175800.0000
21905;2023-01-13 21:09:24.800000;6;101604;1;1;0.0000;1;14685.0000;None;158600.0000
31922;2023-01-13 19:18:37.967000;6;101604;1;1;0.0000;1;47130.0000;None;509000.0000
31921;2023-01-13 13:49:35.093000;6;101604;1;1;0.0000;1;35204.0000;None;380200.0000
362;2023-01-13 14:41:15.307000;6;101604;1;1;0.0000;1;26389.0000;None;285000.0000
21873;2023-01-13 12:29:53.477000;3;101641;1;1;0.0000;1;12556.0000;None;135600.0000
21873;2023-01-13 12:29:53.477000;3;101641;1;1;0.0000;1;12556.0000;None;135600.0000
362;2023-01-13 14:32:19.917000;3;101641;1;1;0.0000;1;26389.0000;None;285000.0000
361;2023-01-13 13:12:09.607000;3;101641;1;1;0.0000;1;76223.0000;None;823200.0000
11729;2023-01-13 13:37:57.683000;3;101641;1;1;0.0000;1;85686.0000;None;925400.0000
11729;2023-01-13 13:37:57.683000;3;101641;1;1;0.0000;1;85686.0000;None;925400.0000
31921;2023-01-13 13:33:42.907000;3;101641;1;1;0.0000;1;35204.0000;None;380200.0000
31921;2023-01-13 13:33:42.907000;3;101641;1;1;0.0000;1;35204.0000;None;380200.0000
11729;2023-01-13 15:03:50.493000;3;101641;1;1;0.0000;1;85686.0000;None;925400.0000
11729;2023-01-13 14:24:50.983000;3;101641;1;1;0.0000;1;85686.0000;None;925400.0000
360;2023-01-13 13:07:19.667000;3;101641;1;2;0.0000;1;37204.0000;None;401800.0000
360;2023-01-13 12:36:53.467000;3;101641;1;1;0.0000;1;37204.0000;None;401800.0000
360;2023-01-13 12:36:53.467000;3;101641;1;1;0.0000;1;37204.0000;None;401800.0000
11725;2023-01-13 13:16:09.770000;3;101641;1;1;0.0000;1;31185.0000;None;336800.0000
11727;2023-01-13 14:02:04.990000;3;101641;1;1;0.0000;1;9889.0000;None;106800.0000
11728;2023-01-13 13:28:01.510000;3;101641;1;1;0.0000;1;13019.0000;None;140600.0000
360;2023-01-13 14:01:26.353000;3;101641;1;1;0.0000;1;37204.0000;None;401800.0000
11726;2023-01-13 15:40:20.500000;3;101641;1;1;None;1;31315.0000;None;338200.0000
21896;2023-01-13 19:07:06.797000;3;101641;1;1;0.0000;1;22389.0000;None;241800.0000
21896;2023-01-13 19:07:06.797000;3;101641;1;1;0.0000;1;22389.0000;None;241800.0000
21895;2023-01-13 19:02:29.617000;3;101641;1;1;0.0000;1;14982.0000;None;161800.0000
31924;2023-01-13 20:37:15.943000;3;101641;1;1;0.0000;1;103834.0000;None;1121400.0000
363;2023-01-13 18:09:38.757000;3;101641;1;1;0.0000;1;30889.0000;None;333600.0000
21891;2023-01-13 15:50:25.123000;3;101641;1;1;0.0000;1;27148.0000;None;293200.0000
21890;2023-01-13 16:16:56.420000;3;101641;1;1;0.0000;1;35371.0000;None;382000.0000
21906;2023-01-13 21:29:06.773000;3;101641;1;2;0.0000;1;12556.0000;None;135600.0000
21905;2023-01-13 21:31:28.483000;3;101641;1;1;0.0000;1;14685.0000;None;158600.0000
31923;2023-01-13 21:28:45.897000;1;101647;1;1;10800.0000;1;34667.0000;None;374400.0000
21899;2023-01-13 20:52:19.820000;2;101727;1;1;32800.0000;1;40389.0000;None;436200.0000
21899;2023-01-13 20:14:06.970000;2;101727;1;1;32800.0000;1;40389.0000;None;436200.0000
21899;2023-01-13 20:14:06.970000;2;101728;1;1;33800.0000;1;40389.0000;None;436200.0000
21899;2023-01-13 20:14:06.970000;2;101728;1;1;33800.0000;1;40389.0000;None;436200.0000
21899;2023-01-13 20:52:19.820000;2;101728;1;1;33800.0000;1;40389.0000;None;436200.0000
21892;2023-01-13 16:42:54.630000;2;101736;1;1;27800.0000;1;7370.0000;None;79600.0000
21904;2023-01-13 20:45:34.210000;2;101818;1;1;28800.0000;1;16278.0000;None;175800.0000
363;2023-01-13 19:17:09.553000;2;101844;1;1;31800.0000;1;30889.0000;None;333600.0000
363;2023-01-13 19:17:09.553000;2;101844;1;1;31800.0000;1;30889.0000;None;333600.0000
363;2023-01-13 20:56:15.850000;2;101844;1;1;31800.0000;1;30889.0000;None;333600.0000
11725;2023-01-13 13:16:09.770000;2;101844;1;1;31800.0000;1;31185.0000;None;336800.0000
21879;2023-01-13 13:58:21.913000;1;101891;1;1;16800.0000;1;64537.0000;None;697000.0000
21884;2023-01-13 14:51:44.533000;1;101891;1;1;16800.0000;1;39852.0000;None;430400.0000
21887;2023-01-13 16:17:11.303000;1;101891;1;1;16800.0000;1;9537.0000;None;103000.0000
21903;2023-01-13 20:31:34.150000;1;101931;1;1;18800.0000;1;35741.0000;None;386000.0000
31924;2023-01-13 21:03:51.787000;1;101945;1;1;39800.0000;1;103834.0000;None;1121400.0000
362;2023-01-13 14:41:15.307000;1;101945;1;1;39800.0000;1;26389.0000;None;285000.0000
362;2023-01-13 14:41:15.307000;1;101962;1;1;64800.0000;1;26389.0000;None;285000.0000
21884;2023-01-13 13:59:56.470000;1;101962;1;1;64800.0000;1;39852.0000;None;430400.0000
11725;2023-01-13 13:21:09.650000;1;102035;1;1;32800.0000;1;31185.0000;None;336800.0000
31924;2023-01-13 21:28:34.217000;1;102050;1;1;34800.0000;1;103834.0000;None;1121400.0000
31924;2023-01-13 21:03:51.787000;1;102050;1;1;34800.0000;1;103834.0000;None;1121400.0000
21873;2023-01-13 12:35:01.633000;1;102050;1;1;34800.0000;1;12556.0000;None;135600.0000
361;2023-01-13 13:15:31.007000;1;102065;1;1;36800.0000;1;76223.0000;None;823200.0000
361;2023-01-13 13:34:18.340000;1;102065;1;1;36800.0000;1;76223.0000;None;823200.0000
21898;2023-01-13 20:49:31.727000;1;102082;1;1;26800.0000;1;43889.0000;None;474000.0000
21890;2023-01-13 16:55:10.077000;3;102102;1;1;9800.0000;1;35371.0000;None;382000.0000
362;2023-01-13 15:29:21.703000;3;102102;1;1;9800.0000;1;26389.0000;None;285000.0000
11725;2023-01-13 14:22:25.977000;3;102102;1;1;9800.0000;1;31185.0000;None;336800.0000
21873;2023-01-13 13:24:10.620000;3;102102;1;1;9800.0000;1;12556.0000;None;135600.0000
11725;2023-01-13 13:21:09.650000;1;102128;1;1;2800.0000;1;31185.0000;None;336800.0000
11729;2023-01-13 14:02:58.217000;1;102132;1;1;6800.0000;1;85686.0000;None;925400.0000
21890;2023-01-13 16:16:56.420000;1;102132;1;1;6800.0000;1;35371.0000;None;382000.0000
21903;2023-01-13 20:31:34.150000;1;102132;1;1;6800.0000;1;35741.0000;None;386000.0000
21872;2023-01-13 12:58:52.250000;1;102141;1;1;3800.0000;1;46408.0000;None;501200.0000
21905;2023-01-13 21:09:24.800000;1;102141;1;1;3800.0000;1;14685.0000;None;158600.0000
11728;2023-01-13 13:28:01.510000;1;102141;1;1;3800.0000;1;13019.0000;None;140600.0000
11728;2023-01-13 13:28:01.510000;1;102141;1;1;3800.0000;1;13019.0000;None;140600.0000
21883;2023-01-13 13:55:19.957000;1;102172;1;1;4800.0000;1;47685.0000;None;515000.0000
21901;2023-01-13 20:19:40.303000;1;102172;1;1;4800.0000;1;38167.0000;None;412200.0000
11725;2023-01-13 13:21:09.650000;1;102190;1;1;2800.0000;1;31185.0000;None;336800.0000
11725;2023-01-13 13:21:09.650000;1;102220;1;1;6800.0000;1;31185.0000;None;336800.0000
21904;2023-01-13 21:08:09.267000;1;102286;1;1;2800.0000;1;16278.0000;None;175800.0000
21904;2023-01-13 20:40:37.277000;1;102330;1;1;52800.0000;1;16278.0000;None;175800.0000
362;2023-01-13 14:18:37.677000;3;102402;1;2;15600.0000;1;26389.0000;None;285000.0000
21893;2023-01-13 17:37:56.833000;1;102424;1;1;52800.0000;1;32556.0000;None;351600.0000
21873;2023-01-13 12:35:01.633000;1;102476;1;1;35800.0000;1;12556.0000;None;135600.0000
31924;2023-01-13 21:03:51.787000;1;102476;1;1;35800.0000;1;103834.0000;None;1121400.0000
31924;2023-01-13 21:03:51.787000;1;102476;1;1;35800.0000;1;103834.0000;None;1121400.0000
21876;2023-01-13 12:40:13.127000;1;102476;1;1;35800.0000;1;12093.0000;None;130600.0000
21893;2023-01-13 18:09:18.287000;1;102480;1;1;39800.0000;1;32556.0000;None;351600.0000
21893;2023-01-13 18:09:18.287000;1;102484;1;1;32800.0000;1;32556.0000;None;351600.0000
31924;2023-01-13 21:03:51.787000;1;102484;1;1;32800.0000;1;103834.0000;None;1121400.0000
21876;2023-01-13 12:40:13.127000;1;102484;1;1;32800.0000;1;12093.0000;None;130600.0000
31924;2023-01-13 21:03:51.787000;1;102499;1;1;38800.0000;1;103834.0000;None;1121400.0000
11729;2023-01-13 14:02:58.217000;1;102506;1;1;37800.0000;1;85686.0000;None;925400.0000
11729;2023-01-13 13:58:55.553000;1;102562;1;1;27800.0000;1;85686.0000;None;925400.0000
11729;2023-01-13 13:58:55.553000;1;102569;1;1;26800.0000;1;85686.0000;None;925400.0000
21896;2023-01-13 19:27:27.433000;1;102569;1;1;26800.0000;1;22389.0000;None;241800.0000
11730;2023-01-13 16:57:54.937000;1;102569;1;1;26800.0000;1;30111.0000;None;325200.0000
21898;2023-01-13 19:53:42.277000;1;102602;1;1;26800.0000;1;43889.0000;None;474000.0000
11725;2023-01-13 13:16:09.770000;1;102602;1;1;26800.0000;1;31185.0000;None;336800.0000
31924;2023-01-13 20:37:15.943000;3;102631;1;1;7800.0000;1;103834.0000;None;1121400.0000
11730;2023-01-13 17:21:53.307000;3;102635;1;1;7800.0000;1;30111.0000;None;325200.0000
11730;2023-01-13 16:43:51.640000;3;102635;1;1;7800.0000;1;30111.0000;None;325200.0000
11730;2023-01-13 15:26:09.633000;3;102635;1;1;7800.0000;1;30111.0000;None;325200.0000
11730;2023-01-13 15:29:43.743000;3;102635;1;1;7800.0000;1;30111.0000;None;325200.0000
11730;2023-01-13 15:54:34.270000;3;102635;1;1;7800.0000;1;30111.0000;None;325200.0000
11730;2023-01-13 16:15:34.723000;3;102635;1;1;7800.0000;1;30111.0000;None;325200.0000
21890;2023-01-13 15:39:20.753000;3;102635;1;1;7800.0000;1;35371.0000;None;382000.0000
11727;2023-01-13 13:23:03.703000;3;102635;1;1;7800.0000;1;9889.0000;None;106800.0000
21884;2023-01-13 13:59:56.470000;3;102635;1;1;7800.0000;1;39852.0000;None;430400.0000
362;2023-01-13 14:18:37.677000;3;102635;1;1;7800.0000;1;26389.0000;None;285000.0000
21872;2023-01-13 12:21:17.607000;3;102635;1;1;7800.0000;1;46408.0000;None;501200.0000
360;2023-01-13 13:10:25.267000;3;102637;1;1;9800.0000;1;37204.0000;None;401800.0000
21900;2023-01-13 20:20:57.723000;3;102637;1;1;9800.0000;1;12833.0000;None;138600.0000
21905;2023-01-13 21:31:28.483000;3;102639;1;1;9800.0000;1;14685.0000;None;158600.0000
21905;2023-01-13 21:09:24.800000;3;102639;1;1;9800.0000;1;14685.0000;None;158600.0000
11729;2023-01-13 13:39:34.423000;3;102639;1;1;9800.0000;1;85686.0000;None;925400.0000
21872;2023-01-13 12:21:17.607000;3;102639;1;1;9800.0000;1;46408.0000;None;501200.0000
21872;2023-01-13 13:04:32.310000;3;102639;1;1;9800.0000;1;46408.0000;None;501200.0000
11729;2023-01-13 14:02:58.217000;3;102640;1;1;10800.0000;1;85686.0000;None;925400.0000
21891;2023-01-13 15:50:25.123000;3;102644;1;1;5800.0000;1;27148.0000;None;293200.0000
11725;2023-01-13 13:21:09.650000;1;102678;1;1;35800.0000;1;31185.0000;None;336800.0000
11727;2023-01-13 13:31:32.087000;1;102680;1;1;35800.0000;1;9889.0000;None;106800.0000
21876;2023-01-13 12:40:13.127000;3;102747;1;1;4800.0000;1;12093.0000;None;130600.0000
31920;2023-01-13 12:32:35.503000;3;102747;1;1;4800.0000;1;11130.0000;None;120200.0000
11729;2023-01-13 14:19:08.837000;3;102747;1;1;4800.0000;1;85686.0000;None;925400.0000
21899;2023-01-13 20:14:06.970000;3;102747;1;1;4800.0000;1;40389.0000;None;436200.0000
21872;2023-01-13 12:25:03.067000;3;102747;1;1;4800.0000;1;46408.0000;None;501200.0000
21872;2023-01-13 12:35:15.663000;3;102747;1;1;4800.0000;1;46408.0000;None;501200.0000
21900;2023-01-13 20:20:57.723000;3;102748;1;1;14800.0000;1;12833.0000;None;138600.0000
21891;2023-01-13 15:50:25.123000;3;102748;1;1;14800.0000;1;27148.0000;None;293200.0000
21891;2023-01-13 16:54:13.967000;3;102748;1;1;14800.0000;1;27148.0000;None;293200.0000
21886;2023-01-13 14:18:57.537000;3;102748;1;1;14800.0000;1;11778.0000;None;127200.0000
21901;2023-01-13 21:02:30.960000;3;102749;1;1;5800.0000;1;38167.0000;None;412200.0000
21901;2023-01-13 20:19:40.303000;3;102749;1;1;5800.0000;1;38167.0000;None;412200.0000
21893;2023-01-13 18:20:25.053000;1;102884;1;1;18800.0000;1;32556.0000;None;351600.0000
21893;2023-01-13 18:20:25.053000;1;102884;1;1;18800.0000;1;32556.0000;None;351600.0000
363;2023-01-13 20:54:38.957000;1;102884;1;1;18800.0000;1;30889.0000;None;333600.0000
360;2023-01-13 14:31:18.657000;1;102884;1;1;18800.0000;1;37204.0000;None;401800.0000
21881;2023-01-13 15:07:47.547000;1;102884;1;1;18800.0000;1;14889.0000;None;160800.0000
31924;2023-01-13 21:03:51.787000;1;102903;1;1;34800.0000;1;103834.0000;None;1121400.0000
31924;2023-01-13 21:03:51.787000;1;102903;1;1;34800.0000;1;103834.0000;None;1121400.0000
21904;2023-01-13 20:40:37.277000;1;102903;1;1;34800.0000;1;16278.0000;None;175800.0000
11725;2023-01-13 13:21:09.650000;1;102912;1;1;19800.0000;1;31185.0000;None;336800.0000
21900;2023-01-13 20:32:06.927000;1;102913;1;1;24800.0000;1;12833.0000;None;138600.0000
21893;2023-01-13 17:38:21.583000;2;102933;1;1;25800.0000;1;32556.0000;None;351600.0000
21893;2023-01-13 17:09:46.750000;2;102933;1;1;25800.0000;1;32556.0000;None;351600.0000
21883;2023-01-13 13:35:11.770000;2;102933;1;1;25800.0000;1;47685.0000;None;515000.0000
21883;2023-01-13 13:35:11.770000;2;102933;1;1;25800.0000;1;47685.0000;None;515000.0000
21876;2023-01-13 12:40:13.127000;1;102960;1;1;5800.0000;1;12093.0000;None;130600.0000
11725;2023-01-13 14:12:27.317000;1;103092;1;1;8800.0000;1;31185.0000;None;336800.0000
11729;2023-01-13 14:02:58.217000;1;103135;1;1;10800.0000;1;85686.0000;None;925400.0000
21890;2023-01-13 15:39:20.753000;1;103135;1;1;10800.0000;1;35371.0000;None;382000.0000
21889;2023-01-13 15:29:10.213000;1;103160;1;1;16800.0000;1;4759.0000;None;51400.0000
361;2023-01-13 13:15:31.007000;1;103160;1;1;16800.0000;1;76223.0000;None;823200.0000
11727;2023-01-13 13:31:32.087000;1;103171;1;1;28800.0000;1;9889.0000;None;106800.0000
11728;2023-01-13 13:28:01.510000;1;103171;1;1;28800.0000;1;13019.0000;None;140600.0000
11729;2023-01-13 14:02:58.217000;1;103192;1;1;69800.0000;1;85686.0000;None;925400.0000
21890;2023-01-13 16:16:56.420000;1;103192;1;1;69800.0000;1;35371.0000;None;382000.0000
21898;2023-01-13 20:49:31.727000;1;103192;1;1;69800.0000;1;43889.0000;None;474000.0000
31922;2023-01-13 19:18:37.967000;1;103192;1;1;69800.0000;1;47130.0000;None;509000.0000
21883;2023-01-13 13:32:01.673000;2;103225;1;1;45800.0000;1;47685.0000;None;515000.0000
21883;2023-01-13 13:57:20.333000;2;103225;1;1;45800.0000;1;47685.0000;None;515000.0000
21897;2023-01-13 19:15:12.247000;1;103226;2;1;26100.0000;1;None;None;108700.0000
21900;2023-01-13 20:32:06.927000;1;103337;1;1;43800.0000;1;12833.0000;None;138600.0000
31924;2023-01-13 21:03:51.787000;1;103353;1;1;47800.0000;1;103834.0000;None;1121400.0000
21903;2023-01-13 20:31:34.150000;1;103353;1;1;47800.0000;1;35741.0000;None;386000.0000
21898;2023-01-13 19:53:42.277000;1;103392;1;1;69800.0000;1;43889.0000;None;474000.0000
11726;2023-01-13 13:27:04.630000;1;103392;1;1;69800.0000;1;31315.0000;None;338200.0000
31924;2023-01-13 21:03:51.787000;6;103488;1;1;0.0000;1;103834.0000;None;1121400.0000
31924;2023-01-13 21:03:51.787000;6;103488;1;1;0.0000;1;103834.0000;None;1121400.0000
31924;2023-01-13 21:03:51.787000;6;103488;1;1;0.0000;1;103834.0000;None;1121400.0000
21898;2023-01-13 20:49:31.727000;1;103592;1;1;64800.0000;1;43889.0000;None;474000.0000
21903;2023-01-13 20:31:34.150000;1;103592;1;1;64800.0000;1;35741.0000;None;386000.0000
21899;2023-01-13 20:30:41.270000;1;103592;1;1;64800.0000;1;40389.0000;None;436200.0000
21899;2023-01-13 20:30:41.270000;1;103592;1;1;64800.0000;1;40389.0000;None;436200.0000
21899;2023-01-13 20:30:41.270000;1;103592;1;1;64800.0000;1;40389.0000;None;436200.0000
11726;2023-01-13 14:16:22.093000;1;103592;1;1;64800.0000;1;31315.0000;None;338200.0000
11728;2023-01-13 13:28:01.510000;1;103592;1;1;64800.0000;1;13019.0000;None;140600.0000
21888;2023-01-13 15:10:47.883000;1;103771;1;1;17800.0000;1;12741.0000;None;137600.0000
31924;2023-01-13 21:03:51.787000;1;103771;1;1;17800.0000;1;103834.0000;None;1121400.0000
21890;2023-01-13 15:48:40.430000;1;103771;1;1;17800.0000;1;35371.0000;None;382000.0000
21891;2023-01-13 16:12:50.323000;1;103773;1;1;14800.0000;1;27148.0000;None;293200.0000
21896;2023-01-13 19:27:27.433000;1;103773;1;1;14800.0000;1;22389.0000;None;241800.0000
363;2023-01-13 19:21:11.303000;1;103810;1;1;30800.0000;1;30889.0000;None;333600.0000
21884;2023-01-13 13:59:56.470000;1;103818;1;1;109800.0000;1;39852.0000;None;430400.0000
11729;2023-01-13 14:02:58.217000;1;103818;1;1;109800.0000;1;85686.0000;None;925400.0000
21881;2023-01-13 13:25:53.157000;1;103823;1;1;29800.0000;1;14889.0000;None;160800.0000
21904;2023-01-13 20:40:37.277000;1;103860;1;1;49800.0000;1;16278.0000;None;175800.0000
21901;2023-01-13 20:19:40.303000;1;103861;1;1;75800.0000;1;38167.0000;None;412200.0000
21895;2023-01-13 19:13:27.537000;1;103901;1;1;69800.0000;1;14982.0000;None;161800.0000
31922;2023-01-13 19:18:37.967000;1;103945;1;1;69800.0000;1;47130.0000;None;509000.0000
21891;2023-01-13 16:12:50.323000;1;103946;1;1;79800.0000;1;27148.0000;None;293200.0000
31921;2023-01-13 13:49:35.093000;1;103946;1;4;319200.0000;1;35204.0000;None;380200.0000
21884;2023-01-13 13:59:56.470000;1;103946;1;1;79800.0000;1;39852.0000;None;430400.0000
21884;2023-01-13 14:51:44.533000;1;103995;1;1;24800.0000;1;39852.0000;None;430400.0000
11725;2023-01-13 13:16:09.770000;1;104010;1;1;13800.0000;1;31185.0000;None;336800.0000
11728;2023-01-13 13:28:01.510000;1;104206;1;1;16800.0000;1;13019.0000;None;140600.0000
11728;2023-01-13 13:28:01.510000;1;104206;1;1;16800.0000;1;13019.0000;None;140600.0000
21890;2023-01-13 15:48:40.430000;1;104233;1;1;23800.0000;1;35371.0000;None;382000.0000
21881;2023-01-13 14:11:38.443000;1;104281;1;1;42800.0000;1;14889.0000;None;160800.0000
360;2023-01-13 13:08:22.013000;1;104294;1;1;69800.0000;1;37204.0000;None;401800.0000
21878;2023-01-13 13:00:48.040000;1;104294;1;1;69800.0000;1;28222.0000;None;304800.0000
11731;2023-01-13 15:29:26.357000;1;104294;1;1;69800.0000;1;26796.0000;None;289400.0000
21872;2023-01-13 12:44:30.920000;1;104294;1;1;69800.0000;1;46408.0000;None;501200.0000
21872;2023-01-13 12:44:30.920000;1;104294;1;1;69800.0000;1;46408.0000;None;501200.0000
21895;2023-01-13 18:57:18.183000;3;104446;1;1;5800.0000;1;14982.0000;None;161800.0000
31924;2023-01-13 20:37:15.943000;3;104446;1;2;11600.0000;1;103834.0000;None;1121400.0000
11727;2023-01-13 14:10:05.363000;3;104446;1;-1;-5800.0000;1;9889.0000;None;106800.0000
11727;2023-01-13 13:57:52.543000;3;104446;1;1;5800.0000;1;9889.0000;None;106800.0000
11727;2023-01-13 13:23:03.703000;3;104446;1;1;5800.0000;1;9889.0000;None;106800.0000
31921;2023-01-13 13:33:42.907000;3;104446;1;1;5800.0000;1;35204.0000;None;380200.0000
21886;2023-01-13 14:18:57.537000;3;104446;1;1;5800.0000;1;11778.0000;None;127200.0000
360;2023-01-13 14:01:26.353000;3;104554;1;1;4800.0000;1;37204.0000;None;401800.0000
21889;2023-01-13 15:29:10.213000;3;104554;1;1;4800.0000;1;4759.0000;None;51400.0000
21899;2023-01-13 21:24:13.017000;3;104554;1;1;4800.0000;1;40389.0000;None;436200.0000
21899;2023-01-13 21:24:13.017000;3;104554;1;1;4800.0000;1;40389.0000;None;436200.0000
21903;2023-01-13 21:48:54.013000;3;104554;1;1;4800.0000;1;35741.0000;None;386000.0000
21901;2023-01-13 21:17:01.397000;3;104554;1;1;4800.0000;1;38167.0000;None;412200.0000
21872;2023-01-13 12:44:30.920000;1;104638;1;1;69800.0000;1;46408.0000;None;501200.0000
21873;2023-01-13 12:35:01.633000;1;104719;1;1;37800.0000;1;12556.0000;None;135600.0000
21904;2023-01-13 20:40:37.277000;6;104824;1;1;0.0000;1;16278.0000;None;175800.0000
363;2023-01-13 19:21:11.303000;1;104873;1;1;37800.0000;1;30889.0000;None;333600.0000
362;2023-01-13 14:16:38.230000;1;104873;1;1;37800.0000;1;26389.0000;None;285000.0000
21888;2023-01-13 15:10:47.883000;1;104893;1;1;119800.0000;1;12741.0000;None;137600.0000
11729;2023-01-13 14:02:58.217000;1;104893;1;1;119800.0000;1;85686.0000;None;925400.0000
21883;2023-01-13 13:55:19.957000;1;104893;1;1;119800.0000;1;47685.0000;None;515000.0000
360;2023-01-13 13:08:22.013000;1;104893;1;1;119800.0000;1;37204.0000;None;401800.0000
21879;2023-01-13 13:08:11.843000;1;104893;1;1;119800.0000;1;64537.0000;None;697000.0000
21878;2023-01-13 13:00:48.040000;1;104893;1;1;119800.0000;1;28222.0000;None;304800.0000
21890;2023-01-13 16:16:56.420000;1;104893;1;1;119800.0000;1;35371.0000;None;382000.0000
21901;2023-01-13 20:19:40.303000;1;104893;1;1;119800.0000;1;38167.0000;None;412200.0000
21874;2023-01-13 12:36:33.517000;1;104909;2;1;31300.0000;1;None;None;31300.0000
21899;2023-01-13 20:30:41.270000;1;105188;1;1;31800.0000;1;40389.0000;None;436200.0000
21892;2023-01-13 16:42:54.630000;6;105419;1;1;0.0000;1;7370.0000;None;79600.0000
21893;2023-01-13 18:05:48.487000;1;105421;1;1;17800.0000;1;32556.0000;None;351600.0000
21879;2023-01-13 13:58:21.913000;1;105421;1;1;17800.0000;1;64537.0000;None;697000.0000
11726;2023-01-13 15:46:30.007000;1;105421;1;1;17800.0000;1;31315.0000;None;338200.0000
11729;2023-01-13 15:03:50.493000;1;105421;1;1;17800.0000;1;85686.0000;None;925400.0000
361;2023-01-13 15:37:10.443000;1;105421;1;1;17800.0000;1;76223.0000;None;823200.0000
363;2023-01-13 19:17:09.553000;6;105474;1;1;0.0000;1;30889.0000;None;333600.0000
21902;2023-01-13 20:22:59.037000;6;105520;1;1;0.0000;1;16870.0000;None;182200.0000
11725;2023-01-13 13:16:09.770000;6;105520;1;1;0.0000;1;31185.0000;None;336800.0000
363;2023-01-13 19:17:09.553000;6;105530;1;1;0.0000;1;30889.0000;None;333600.0000
363;2023-01-13 20:56:15.850000;6;105530;1;1;0.0000;1;30889.0000;None;333600.0000
21898;2023-01-13 19:41:23.850000;6;105631;1;1;None;1;43889.0000;None;474000.0000
21892;2023-01-13 16:42:54.630000;6;105631;1;1;0.0000;1;7370.0000;None;79600.0000
21902;2023-01-13 20:22:59.037000;6;105631;1;1;0.0000;1;16870.0000;None;182200.0000
21902;2023-01-13 20:22:59.037000;3;105735;1;1;0.0000;1;16870.0000;None;182200.0000
31923;2023-01-13 20:27:53.067000;1;105864;1;1;39800.0000;1;34667.0000;None;374400.0000
363;2023-01-13 18:12:54.980000;2;106012;1;1;41800.0000;1;30889.0000;None;333600.0000
363;2023-01-13 17:19:53.230000;2;106012;1;1;41800.0000;1;30889.0000;None;333600.0000
363;2023-01-13 18:02:03.220000;2;106012;1;1;41800.0000;1;30889.0000;None;333600.0000
11730;2023-01-13 16:15:34.723000;2;106012;1;1;41800.0000;1;30111.0000;None;325200.0000
11730;2023-01-13 15:26:09.633000;6;106272;1;1;0.0000;1;30111.0000;None;325200.0000
21889;2023-01-13 15:29:10.213000;6;106272;1;1;0.0000;1;4759.0000;None;51400.0000
11731;2023-01-13 15:29:26.357000;6;106272;1;1;0.0000;1;26796.0000;None;289400.0000
21890;2023-01-13 15:39:20.720000;6;106272;1;1;0.0000;1;35371.0000;None;382000.0000
21891;2023-01-13 15:50:25.123000;6;106272;1;1;0.0000;1;27148.0000;None;293200.0000
363;2023-01-13 17:19:53.230000;6;106272;1;1;0.0000;1;30889.0000;None;333600.0000
21893;2023-01-13 17:09:46.750000;6;106272;1;1;0.0000;1;32556.0000;None;351600.0000
21898;2023-01-13 19:41:23.850000;6;106272;1;1;None;1;43889.0000;None;474000.0000
31924;2023-01-13 20:02:33.790000;6;106272;1;3;0.0000;1;103834.0000;None;1121400.0000
21895;2023-01-13 18:57:18.183000;6;106272;1;1;0.0000;1;14982.0000;None;161800.0000
21896;2023-01-13 19:07:06.797000;6;106272;1;1;0.0000;1;22389.0000;None;241800.0000
31922;2023-01-13 19:12:12.613000;6;106272;1;1;0.0000;1;47130.0000;None;509000.0000
31923;2023-01-13 19:27:07.640000;6;106272;1;1;0.0000;1;34667.0000;None;374400.0000
21903;2023-01-13 20:31:34.150000;6;106272;1;1;0.0000;1;35741.0000;None;386000.0000
21903;2023-01-13 20:31:34.150000;6;106272;1;1;0.0000;1;35741.0000;None;386000.0000
21902;2023-01-13 20:22:59.037000;6;106272;1;1;0.0000;1;16870.0000;None;182200.0000
21904;2023-01-13 20:40:37.277000;6;106272;1;1;0.0000;1;16278.0000;None;175800.0000
21905;2023-01-13 21:09:24.800000;6;106272;1;2;0.0000;1;14685.0000;None;158600.0000
21901;2023-01-13 20:19:40.303000;6;106272;1;1;0.0000;1;38167.0000;None;412200.0000
21900;2023-01-13 20:16:05.020000;6;106272;1;1;0.0000;1;12833.0000;None;138600.0000
21906;2023-01-13 21:29:06.773000;6;106272;1;1;0.0000;1;12556.0000;None;135600.0000
11725;2023-01-13 13:16:09.770000;6;106272;1;1;0.0000;1;31185.0000;None;336800.0000
21881;2023-01-13 13:19:23.920000;6;106272;1;1;None;1;14889.0000;None;160800.0000
360;2023-01-13 12:36:53.467000;6;106272;1;1;0.0000;1;37204.0000;None;401800.0000
11726;2023-01-13 13:21:22.167000;6;106272;1;2;0.0000;1;31315.0000;None;338200.0000
11727;2023-01-13 13:23:03.703000;6;106272;1;2;0.0000;1;9889.0000;None;106800.0000
11728;2023-01-13 13:28:01.510000;6;106272;1;2;0.0000;1;13019.0000;None;140600.0000
21878;2023-01-13 13:00:48.040000;6;106272;1;1;0.0000;1;28222.0000;None;304800.0000
21877;2023-01-13 12:50:03.300000;6;106272;1;1;0.0000;1;8982.0000;None;97000.0000
21879;2023-01-13 13:03:51.153000;6;106272;1;2;0.0000;1;64537.0000;None;697000.0000
31920;2023-01-13 12:32:35.503000;6;106272;1;1;0.0000;1;11130.0000;None;120200.0000
21876;2023-01-13 12:40:13.127000;6;106272;1;2;0.0000;1;12093.0000;None;130600.0000
362;2023-01-13 14:16:38.230000;6;106272;1;1;0.0000;1;26389.0000;None;285000.0000
21888;2023-01-13 15:10:47.883000;6;106272;1;1;0.0000;1;12741.0000;None;137600.0000
21887;2023-01-13 14:54:31.123000;6;106272;1;1;0.0000;1;9537.0000;None;103000.0000
21886;2023-01-13 14:18:57.537000;6;106272;1;1;None;1;11778.0000;None;127200.0000
361;2023-01-13 13:12:22.797000;6;106272;1;1;0.0000;1;76223.0000;None;823200.0000
21884;2023-01-13 13:59:56.470000;6;106272;1;1;0.0000;1;39852.0000;None;430400.0000
21883;2023-01-13 13:32:01.673000;6;106272;1;1;0.0000;1;47685.0000;None;515000.0000
11729;2023-01-13 13:37:57.683000;6;106272;1;3;0.0000;1;85686.0000;None;925400.0000
31921;2023-01-13 13:33:42.907000;6;106272;1;1;0.0000;1;35204.0000;None;380200.0000
21872;2023-01-13 12:21:17.607000;6;106272;1;1;None;1;46408.0000;None;501200.0000
21873;2023-01-13 12:29:53.477000;6;106272;1;1;0.0000;1;12556.0000;None;135600.0000
11726;2023-01-13 14:12:11.203000;1;106353;1;1;79800.0000;1;31315.0000;None;338200.0000
11729;2023-01-13 14:02:58.217000;1;107002;1;1;69800.0000;1;85686.0000;None;925400.0000
21905;2023-01-13 21:09:24.800000;1;107002;1;1;69800.0000;1;14685.0000;None;158600.0000
21905;2023-01-13 21:09:24.800000;1;107004;1;1;49800.0000;1;14685.0000;None;158600.0000
31920;2023-01-13 12:32:35.503000;1;107004;1;1;49800.0000;1;11130.0000;None;120200.0000
31920;2023-01-13 12:32:35.503000;1;107005;1;1;59800.0000;1;11130.0000;None;120200.0000
11729;2023-01-13 14:02:58.217000;1;107006;1;1;49800.0000;1;85686.0000;None;925400.0000
21884;2023-01-13 13:59:56.470000;1;107006;1;1;49800.0000;1;39852.0000;None;430400.0000
362;2023-01-13 14:41:15.307000;1;107006;1;1;49800.0000;1;26389.0000;None;285000.0000
31924;2023-01-13 21:03:51.787000;1;107006;1;1;49800.0000;1;103834.0000;None;1121400.0000
31924;2023-01-13 21:03:51.787000;1;107006;1;1;49800.0000;1;103834.0000;None;1121400.0000
21906;2023-01-13 21:35:43.917000;1;107006;1;1;49800.0000;1;12556.0000;None;135600.0000
31924;2023-01-13 21:03:51.787000;1;107007;1;1;59800.0000;1;103834.0000;None;1121400.0000
21886;2023-01-13 14:26:33.857000;1;107008;1;1;57800.0000;1;11778.0000;None;127200.0000
21883;2023-01-13 13:55:19.957000;1;107008;1;1;57800.0000;1;47685.0000;None;515000.0000
360;2023-01-13 13:08:22.013000;1;107008;1;1;57800.0000;1;37204.0000;None;401800.0000
360;2023-01-13 13:08:22.013000;1;107008;1;1;57800.0000;1;37204.0000;None;401800.0000
21872;2023-01-13 12:44:30.920000;1;107008;1;1;57800.0000;1;46408.0000;None;501200.0000
21872;2023-01-13 12:44:30.920000;1;107008;1;1;57800.0000;1;46408.0000;None;501200.0000
21878;2023-01-13 13:00:48.057000;1;107010;1;1;89800.0000;1;28222.0000;None;304800.0000
21879;2023-01-13 13:08:11.843000;1;107010;1;1;89800.0000;1;64537.0000;None;697000.0000
361;2023-01-13 14:53:12.970000;1;107010;1;1;89800.0000;1;76223.0000;None;823200.0000
21901;2023-01-13 20:19:40.303000;1;107010;1;1;89800.0000;1;38167.0000;None;412200.0000
21887;2023-01-13 15:04:27.300000;1;107053;1;1;37800.0000;1;9537.0000;None;103000.0000
11729;2023-01-13 13:39:34.423000;2;107581;1;1;27800.0000;1;85686.0000;None;925400.0000
11729;2023-01-13 13:39:34.423000;2;107581;1;1;27800.0000;1;85686.0000;None;925400.0000
11729;2023-01-13 13:37:57.683000;2;107581;1;1;27800.0000;1;85686.0000;None;925400.0000
21881;2023-01-13 13:21:54.707000;2;107730;1;1;24800.0000;1;14889.0000;None;160800.0000
21898;2023-01-13 19:41:23.850000;2;107767;1;1;48800.0000;1;43889.0000;None;474000.0000
31923;2023-01-13 20:27:53.067000;1;107771;1;1;78800.0000;1;34667.0000;None;374400.0000
31922;2023-01-13 19:12:12.613000;1;107904;1;1;157800.0000;1;47130.0000;None;509000.0000
21872;2023-01-13 12:25:03.067000;1;108071;1;1;79800.0000;1;46408.0000;None;501200.0000
31923;2023-01-13 19:36:14.960000;1;108071;1;1;79800.0000;1;34667.0000;None;374400.0000
21898;2023-01-13 20:49:31.727000;1;108071;1;1;79800.0000;1;43889.0000;None;474000.0000
21893;2023-01-13 17:09:46.750000;1;108071;1;1;79800.0000;1;32556.0000;None;351600.0000
11730;2023-01-13 16:57:54.937000;1;108071;1;1;79800.0000;1;30111.0000;None;325200.0000
21903;2023-01-13 20:31:34.150000;1;108071;1;1;79800.0000;1;35741.0000;None;386000.0000
11729;2023-01-13 14:02:58.217000;1;108071;1;1;79800.0000;1;85686.0000;None;925400.0000
361;2023-01-13 13:34:18.340000;1;108071;1;1;79800.0000;1;76223.0000;None;823200.0000
21892;2023-01-13 16:42:54.630000;2;108119;1;1;51800.0000;1;7370.0000;None;79600.0000
21902;2023-01-13 20:22:59.037000;2;108125;1;1;50800.0000;1;16870.0000;None;182200.0000
21902;2023-01-13 20:22:59.037000;2;108125;1;1;50800.0000;1;16870.0000;None;182200.0000
21902;2023-01-13 20:22:59.037000;2;108125;1;1;50800.0000;1;16870.0000;None;182200.0000
31924;2023-01-13 20:02:33.790000;3;108191;1;1;0.0000;1;103834.0000;None;1121400.0000
31924;2023-01-13 20:37:15.943000;3;108191;1;2;0.0000;1;103834.0000;None;1121400.0000
11729;2023-01-13 13:37:57.683000;3;108191;1;1;0.0000;1;85686.0000;None;925400.0000
21901;2023-01-13 20:19:40.303000;1;108421;1;1;46800.0000;1;38167.0000;None;412200.0000
21897;2023-01-13 19:15:12.247000;1;108487;2;1;30300.0000;1;None;None;108700.0000
21896;2023-01-13 20:15:50.187000;3;108532;1;1;6800.0000;1;22389.0000;None;241800.0000
21900;2023-01-13 20:54:23.077000;1;108700;1;1;21800.0000;1;12833.0000;None;138600.0000
21893;2023-01-13 17:40:01.207000;2;109049;1;1;27800.0000;1;32556.0000;None;351600.0000
21891;2023-01-13 15:50:25.123000;2;109123;1;1;27800.0000;1;27148.0000;None;293200.0000
11729;2023-01-13 14:02:58.217000;1;109166;1;1;21800.0000;1;85686.0000;None;925400.0000
21891;2023-01-13 15:56:10.537000;1;109224;1;1;49800.0000;1;27148.0000;None;293200.0000
21872;2023-01-13 12:25:03.067000;1;109224;1;1;49800.0000;1;46408.0000;None;501200.0000
31922;2023-01-13 20:03:58.897000;1;109338;1;1;16800.0000;1;47130.0000;None;509000.0000
11729;2023-01-13 15:03:50.493000;1;109338;1;1;16800.0000;1;85686.0000;None;925400.0000
360;2023-01-13 13:56:42.730000;1;109338;1;1;16800.0000;1;37204.0000;None;401800.0000
11725;2023-01-13 14:12:27.317000;1;109422;1;1;16800.0000;1;31185.0000;None;336800.0000
21883;2023-01-13 14:33:10.883000;1;109422;1;1;16800.0000;1;47685.0000;None;515000.0000
21900;2023-01-13 20:32:06.927000;1;109422;1;1;16800.0000;1;12833.0000;None;138600.0000
21906;2023-01-13 22:04:00.800000;1;109422;1;1;16800.0000;1;12556.0000;None;135600.0000
21895;2023-01-13 19:13:27.537000;1;109552;1;1;45800.0000;1;14982.0000;None;161800.0000
21904;2023-01-13 20:40:37.277000;2;109585;1;1;30800.0000;1;16278.0000;None;175800.0000
21904;2023-01-13 20:45:50.447000;2;109585;1;-1;-30800.0000;1;16278.0000;None;175800.0000
21894;2023-01-13 18:15:12.780000;1;109597;1;1;39800.0000;1;None;None;39800.0000
21884;2023-01-13 13:59:56.470000;1;109597;1;1;39800.0000;1;39852.0000;None;430400.0000
21879;2023-01-13 13:08:11.843000;1;109597;1;1;39800.0000;1;64537.0000;None;697000.0000
21877;2023-01-13 12:50:03.300000;1;109597;1;1;39800.0000;1;8982.0000;None;97000.0000
21877;2023-01-13 12:50:03.300000;1;109597;1;1;39800.0000;1;8982.0000;None;97000.0000
21876;2023-01-13 12:40:13.127000;1;109597;1;1;39800.0000;1;12093.0000;None;130600.0000
11729;2023-01-13 14:32:19.503000;3;200006;1;1;8800.0000;1;85686.0000;None;925400.0000
11729;2023-01-13 14:34:56.937000;3;200006;1;-1;-8800.0000;1;85686.0000;None;925400.0000
11729;2023-01-13 14:34:56.937000;3;200007;1;1;10800.0000;1;85686.0000;None;925400.0000
11729;2023-01-13 13:37:57.683000;3;200007;1;1;10800.0000;1;85686.0000;None;925400.0000
21879;2023-01-13 13:03:51.153000;2;200129;1;1;379800.0000;1;64537.0000;None;697000.0000
21903;2023-01-13 20:35:55.500000;2;200137;1;1;111800.0000;1;35741.0000;None;386000.0000
361;2023-01-13 13:14:59.337000;2;200151;1;1;168800.0000;1;76223.0000;None;823200.0000
361;2023-01-13 13:45:13.813000;2;200151;1;1;168800.0000;1;76223.0000;None;823200.0000
361;2023-01-13 15:10:36.767000;2;200152;1;1;109800.0000;1;76223.0000;None;823200.0000
11725;2023-01-13 13:46:45.587000;2;200152;1;1;109800.0000;1;31185.0000;None;336800.0000
21890;2023-01-13 16:03:48.010000;2;200152;1;1;109800.0000;1;35371.0000;None;382000.0000
11731;2023-01-13 15:29:26.357000;2;200152;1;1;109800.0000;1;26796.0000;None;289400.0000
11731;2023-01-13 16:11:48;2;200152;1;1;109800.0000;1;26796.0000;None;289400.0000
31923;2023-01-13 20:09:41.433000;2;200152;1;1;109800.0000;1;34667.0000;None;374400.0000
31924;2023-01-13 20:37:15.943000;2;200480;1;2;25600.0000;1;103834.0000;None;1121400.0000
21898;2023-01-13 19:41:23.850000;2;200480;1;1;12800.0000;1;43889.0000;None;474000.0000
21887;2023-01-13 14:54:31.123000;2;200480;1;1;12800.0000;1;9537.0000;None;103000.0000
11729;2023-01-13 13:37:57.683000;2;200480;1;1;12800.0000;1;85686.0000;None;925400.0000
11729;2023-01-13 13:37:57.683000;2;200480;1;1;12800.0000;1;85686.0000;None;925400.0000
11729;2023-01-13 14:16:00.657000;2;200480;1;1;12800.0000;1;85686.0000;None;925400.0000
21883;2023-01-13 13:32:01.673000;2;200480;1;1;12800.0000;1;47685.0000;None;515000.0000
11729;2023-01-13 15:03:50.493000;3;200644;1;1;5800.0000;1;85686.0000;None;925400.0000
11729;2023-01-13 14:24:50.983000;3;200644;1;1;5800.0000;1;85686.0000;None;925400.0000
31921;2023-01-13 13:33:42.907000;3;200644;1;1;5800.0000;1;35204.0000;None;380200.0000
31921;2023-01-13 13:33:42.907000;3;200644;1;1;5800.0000;1;35204.0000;None;380200.0000
361;2023-01-13 13:12:09.607000;3;200644;1;1;5800.0000;1;76223.0000;None;823200.0000
11725;2023-01-13 13:16:09.770000;3;200644;1;1;5800.0000;1;31185.0000;None;336800.0000
11725;2023-01-13 13:16:09.770000;3;200644;1;1;5800.0000;1;31185.0000;None;336800.0000
360;2023-01-13 14:01:26.353000;3;200644;1;1;5800.0000;1;37204.0000;None;401800.0000
11727;2023-01-13 14:02:04.990000;3;200644;1;1;5800.0000;1;9889.0000;None;106800.0000
21876;2023-01-13 12:40:13.127000;3;200644;1;1;5800.0000;1;12093.0000;None;130600.0000
31920;2023-01-13 12:32:35.503000;3;200644;1;1;5800.0000;1;11130.0000;None;120200.0000
31924;2023-01-13 20:02:33.790000;3;200644;1;2;11600.0000;1;103834.0000;None;1121400.0000
31924;2023-01-13 20:02:33.790000;3;200644;1;1;5800.0000;1;103834.0000;None;1121400.0000
31924;2023-01-13 20:15:59.513000;3;200644;1;1;5800.0000;1;103834.0000;None;1121400.0000
21895;2023-01-13 19:02:29.617000;3;200644;1;1;5800.0000;1;14982.0000;None;161800.0000
11730;2023-01-13 16:15:34.723000;3;200644;1;1;5800.0000;1;30111.0000;None;325200.0000
21891;2023-01-13 15:50:25.123000;3;200644;1;1;5800.0000;1;27148.0000;None;293200.0000
21890;2023-01-13 16:16:56.420000;3;200644;1;1;5800.0000;1;35371.0000;None;382000.0000
21893;2023-01-13 17:09:46.750000;3;200644;1;1;5800.0000;1;32556.0000;None;351600.0000
21893;2023-01-13 17:09:46.750000;3;200644;1;1;5800.0000;1;32556.0000;None;351600.0000
21905;2023-01-13 21:31:28.483000;3;200644;1;1;5800.0000;1;14685.0000;None;158600.0000
21906;2023-01-13 21:29:06.773000;3;200644;1;2;11600.0000;1;12556.0000;None;135600.0000
21873;2023-01-13 12:29:53.477000;3;200644;1;1;5800.0000;1;12556.0000;None;135600.0000
21873;2023-01-13 12:29:53.477000;3;200644;1;1;5800.0000;1;12556.0000;None;135600.0000
363;2023-01-13 18:09:38.757000;3;201146;1;1;5800.0000;1;30889.0000;None;333600.0000
21896;2023-01-13 19:07:06.797000;3;201146;1;1;5800.0000;1;22389.0000;None;241800.0000
21896;2023-01-13 19:07:06.797000;3;201146;1;1;5800.0000;1;22389.0000;None;241800.0000
31924;2023-01-13 20:37:15.943000;3;201146;1;1;5800.0000;1;103834.0000;None;1121400.0000
31923;2023-01-13 20:09:41.433000;3;201146;1;1;5800.0000;1;34667.0000;None;374400.0000
21877;2023-01-13 12:50:03.300000;3;201146;1;1;5800.0000;1;8982.0000;None;97000.0000
11728;2023-01-13 13:28:01.510000;3;201146;1;1;5800.0000;1;13019.0000;None;140600.0000
11726;2023-01-13 15:40:20.500000;3;201146;1;1;5800.0000;1;31315.0000;None;338200.0000
21884;2023-01-13 15:05:01.137000;3;201146;1;1;5800.0000;1;39852.0000;None;430400.0000
11729;2023-01-13 13:37:57.683000;2;201187;1;1;9800.0000;1;85686.0000;None;925400.0000
21905;2023-01-13 21:09:24.800000;2;201187;1;1;9800.0000;1;14685.0000;None;158600.0000
21872;2023-01-13 12:35:15.663000;3;201206;1;1;5800.0000;1;46408.0000;None;501200.0000
360;2023-01-13 13:29:42.760000;3;201206;1;1;5800.0000;1;37204.0000;None;401800.0000
360;2023-01-13 12:54:43.823000;3;201206;1;1;5800.0000;1;37204.0000;None;401800.0000
21877;2023-01-13 12:50:03.300000;3;201206;1;1;5800.0000;1;8982.0000;None;97000.0000
21878;2023-01-13 13:00:48.040000;3;201206;1;1;5800.0000;1;28222.0000;None;304800.0000
21878;2023-01-13 13:00:48.040000;3;201206;1;1;5800.0000;1;28222.0000;None;304800.0000
11725;2023-01-13 13:16:09.770000;3;201211;1;1;6800.0000;1;31185.0000;None;336800.0000
21887;2023-01-13 14:54:31.123000;3;201211;1;1;6800.0000;1;9537.0000;None;103000.0000
361;2023-01-13 14:41:41.837000;3;201211;1;1;6800.0000;1;76223.0000;None;823200.0000
21904;2023-01-13 20:40:37.277000;3;201211;1;1;6800.0000;1;16278.0000;None;175800.0000
21900;2023-01-13 20:20:57.723000;3;201211;1;1;6800.0000;1;12833.0000;None;138600.0000
21884;2023-01-13 13:59:56.470000;3;201237;1;3;17400.0000;1;39852.0000;None;430400.0000
361;2023-01-13 13:12:09.607000;3;201237;1;1;5800.0000;1;76223.0000;None;823200.0000
21876;2023-01-13 12:40:13.127000;3;201269;1;1;5800.0000;1;12093.0000;None;130600.0000
360;2023-01-13 13:07:19.667000;3;201269;1;1;5800.0000;1;37204.0000;None;401800.0000
360;2023-01-13 13:07:19.667000;3;201269;1;1;5800.0000;1;37204.0000;None;401800.0000
360;2023-01-13 12:36:53.467000;3;201269;1;1;5800.0000;1;37204.0000;None;401800.0000
360;2023-01-13 12:36:53.467000;3;201269;1;1;5800.0000;1;37204.0000;None;401800.0000
362;2023-01-13 14:32:19.917000;3;201269;1;1;5800.0000;1;26389.0000;None;285000.0000
21898;2023-01-13 19:41:23.850000;3;201269;1;1;5800.0000;1;43889.0000;None;474000.0000
21898;2023-01-13 19:45:31.223000;3;201269;1;1;5800.0000;1;43889.0000;None;474000.0000
21898;2023-01-13 21:13:13.137000;3;201269;1;4;23200.0000;1;43889.0000;None;474000.0000
363;2023-01-13 19:17:09.553000;3;201269;1;1;5800.0000;1;30889.0000;None;333600.0000
21895;2023-01-13 19:02:29.617000;3;201277;1;1;5800.0000;1;14982.0000;None;161800.0000
21906;2023-01-13 21:29:06.773000;2;201615;1;2;27600.0000;1;12556.0000;None;135600.0000
21901;2023-01-13 20:19:40.303000;2;201615;1;1;13800.0000;1;38167.0000;None;412200.0000
21901;2023-01-13 20:19:40.303000;2;201615;1;1;13800.0000;1;38167.0000;None;412200.0000
21901;2023-01-13 20:19:40.303000;2;201615;1;1;13800.0000;1;38167.0000;None;412200.0000
363;2023-01-13 20:24:21.240000;2;201615;1;1;13800.0000;1;30889.0000;None;333600.0000
21884;2023-01-13 13:59:56.470000;2;201615;1;1;13800.0000;1;39852.0000;None;430400.0000
11729;2023-01-13 13:37:57.683000;2;201615;1;1;13800.0000;1;85686.0000;None;925400.0000
31921;2023-01-13 13:33:42.907000;2;201615;1;1;13800.0000;1;35204.0000;None;380200.0000
11726;2023-01-13 13:21:22.167000;2;201615;1;2;27600.0000;1;31315.0000;None;338200.0000
11726;2023-01-13 15:03:05.570000;2;201615;1;1;13800.0000;1;31315.0000;None;338200.0000
11726;2023-01-13 15:03:05.570000;2;201615;1;1;13800.0000;1;31315.0000;None;338200.0000
11726;2023-01-13 14:10:06.860000;2;201615;1;2;27600.0000;1;31315.0000;None;338200.0000
21878;2023-01-13 13:00:48.040000;2;201615;1;1;13800.0000;1;28222.0000;None;304800.0000
21879;2023-01-13 13:03:51.153000;3;201704;1;1;13800.0000;1;64537.0000;None;697000.0000
21881;2023-01-13 13:52:16.367000;3;201704;1;1;13800.0000;1;14889.0000;None;160800.0000
31924;2023-01-13 20:08:30.597000;2;202200;1;1;164800.0000;1;103834.0000;None;1121400.0000
31924;2023-01-13 20:08:30.597000;2;202200;1;1;164800.0000;1;103834.0000;None;1121400.0000
31924;2023-01-13 21:33:14.227000;2;202200;1;1;164800.0000;1;103834.0000;None;1121400.0000
31922;2023-01-13 19:17:43.630000;2;202439;1;1;194800.0000;1;47130.0000;None;509000.0000
21896;2023-01-13 19:17:49.180000;2;202486;1;1;181800.0000;1;22389.0000;None;241800.0000
