22167;2023-01-19 18:19:51.833000;7;1001;1;1;0.0000;1;12500.0000;None;135000.0000
22158;2023-01-19 13:54:56.467000;7;1001;1;1;0.0000;1;23759.0000;None;256600.0000
22158;2023-01-19 13:54:56.467000;7;1001;1;1;0.0000;1;23759.0000;None;256600.0000
22160;2023-01-19 14:42:35.157000;7;1001;1;1;0.0000;1;18500.0000;None;199800.0000
22133;2023-01-19 12:11:09.240000;7;1001;1;1;0.0000;1;43111.0000;None;465600.0000
22133;2023-01-19 12:11:09.240000;7;1001;1;1;0.0000;1;43111.0000;None;465600.0000
22133;2023-01-19 12:11:09.240000;7;1001;1;1;0.0000;1;43111.0000;None;465600.0000
22133;2023-01-19 12:11:09.240000;7;1001;1;1;0.0000;1;43111.0000;None;465600.0000
22133;2023-01-19 12:11:09.240000;7;1001;1;1;0.0000;1;43111.0000;None;465600.0000
22133;2023-01-19 12:11:09.240000;7;1001;1;1;0.0000;1;43111.0000;None;465600.0000
22134;2023-01-19 12:23:01.980000;7;1001;1;1;0.0000;1;8704.0000;None;94000.0000
22134;2023-01-19 12:23:01.980000;7;1001;1;1;0.0000;1;8704.0000;None;94000.0000
22135;2023-01-19 12:23:56.430000;7;1001;1;1;0.0000;1;37871.0000;None;409000.0000
11810;2023-01-19 13:11:17.633000;7;1001;1;1;0.0000;1;64315.0000;None;694600.0000
11810;2023-01-19 13:11:17.633000;7;1001;1;1;0.0000;1;64315.0000;None;694600.0000
11812;2023-01-19 13:07:47.973000;7;1001;1;1;None;1;17370.0000;None;187600.0000
11813;2023-01-19 13:08:12.137000;7;1001;1;1;0.0000;1;37593.0000;None;406000.0000
22147;2023-01-19 13:02:30.907000;7;1001;1;1;0.0000;1;16982.0000;None;183400.0000
22147;2023-01-19 13:02:30.907000;7;1001;1;1;0.0000;1;16982.0000;None;183400.0000
22150;2023-01-19 13:06:31.437000;7;1001;1;1;0.0000;1;22333.0000;None;241200.0000
22150;2023-01-19 13:06:31.437000;7;1001;1;1;0.0000;1;22333.0000;None;241200.0000
22150;2023-01-19 13:06:31.437000;7;1001;1;1;0.0000;1;22333.0000;None;241200.0000
22149;2023-01-19 13:54:20.860000;7;1002;1;1;0.0000;1;68426.0000;None;739000.0000
22148;2023-01-19 12:55:34.243000;7;1002;1;1;0.0000;1;65093.0000;None;703000.0000
22148;2023-01-19 12:55:34.243000;7;1002;1;1;0.0000;1;65093.0000;None;703000.0000
11813;2023-01-19 13:08:12.137000;7;1002;1;1;0.0000;1;37593.0000;None;406000.0000
11813;2023-01-19 13:08:12.137000;7;1002;1;1;0.0000;1;37593.0000;None;406000.0000
22144;2023-01-19 13:32:06.353000;7;1002;1;2;0.0000;1;34315.0000;None;370600.0000
22142;2023-01-19 13:33:00.397000;7;1002;1;1;0.0000;1;52630.0000;None;568400.0000
11810;2023-01-19 13:11:17.633000;7;1002;1;1;0.0000;1;64315.0000;None;694600.0000
11810;2023-01-19 13:11:17.633000;7;1002;1;1;0.0000;1;64315.0000;None;694600.0000
22141;2023-01-19 13:18:05.180000;7;1002;1;1;0.0000;1;48982.0000;None;529000.0000
22138;2023-01-19 12:27:47.187000;7;1002;1;1;0.0000;1;12111.0000;None;130800.0000
22131;2023-01-19 11:52:02.353000;7;1002;1;1;0.0000;1;49574.0000;None;535400.0000
22160;2023-01-19 14:42:35.157000;7;1002;1;1;0.0000;1;18500.0000;None;199800.0000
22159;2023-01-19 14:13:22.983000;7;1002;1;1;0.0000;1;28500.0000;None;307800.0000
11818;2023-01-19 13:35:57.273000;7;1002;1;1;0.0000;1;41759.0000;None;451000.0000
11818;2023-01-19 13:35:57.273000;7;1002;1;1;0.0000;1;41759.0000;None;451000.0000
22171;2023-01-19 19:57:28.063000;7;1002;1;1;0.0000;1;98112.0000;None;1059600.0000
22174;2023-01-19 20:19:58.963000;7;1002;1;1;0.0000;1;71334.0000;None;770400.0000
22174;2023-01-19 20:19:58.963000;7;1002;1;1;0.0000;1;71334.0000;None;770400.0000
22168;2023-01-19 18:46:30.267000;7;1003;2;1;0.0000;1;55667.0000;None;601200.0000
22158;2023-01-19 13:54:56.467000;7;1003;2;2;0.0000;1;23759.0000;None;256600.0000
22133;2023-01-19 12:11:09.240000;7;1003;2;1;0.0000;1;43111.0000;None;465600.0000
22137;2023-01-19 13:00:11.687000;7;1003;2;1;0.0000;1;25556.0000;None;276000.0000
11811;2023-01-19 13:54:24.063000;7;1003;2;1;0.0000;1;21352.0000;None;230600.0000
22148;2023-01-19 12:55:34.243000;7;1003;2;1;0.0000;1;65093.0000;None;703000.0000
11814;2023-01-19 13:03:54.730000;7;1003;2;1;0.0000;1;27204.0000;None;293800.0000
22150;2023-01-19 13:06:31.437000;7;1004;1;1;0.0000;1;22333.0000;None;241200.0000
22149;2023-01-19 13:54:20.860000;7;1004;1;1;0.0000;1;68426.0000;None;739000.0000
22173;2023-01-19 19:24:29.523000;7;1004;1;1;0.0000;1;33741.0000;None;364400.0000
22135;2023-01-19 12:23:56.430000;7;1006;1;1;0.0000;1;37871.0000;None;409000.0000
22138;2023-01-19 12:27:47.187000;7;1006;1;1;0.0000;1;12111.0000;None;130800.0000
22149;2023-01-19 13:54:20.860000;7;1006;1;1;0.0000;1;68426.0000;None;739000.0000
11814;2023-01-19 13:03:54.730000;7;1006;1;1;0.0000;1;27204.0000;None;293800.0000
22148;2023-01-19 12:55:34.243000;7;1006;1;1;0.0000;1;65093.0000;None;703000.0000
22147;2023-01-19 13:02:30.907000;7;1006;1;1;0.0000;1;16982.0000;None;183400.0000
11812;2023-01-19 13:07:47.973000;7;1006;1;1;None;1;17370.0000;None;187600.0000
22172;2023-01-19 19:15:09.127000;7;1006;1;1;0.0000;1;7796.0000;None;84200.0000
11823;2023-01-19 19:27:54.960000;7;1006;1;5;0.0000;1;240779.0000;None;2600400.0000
22171;2023-01-19 19:57:28.063000;7;1006;1;1;0.0000;1;98112.0000;None;1059600.0000
22171;2023-01-19 19:57:28.063000;7;1006;1;1;0.0000;1;98112.0000;None;1059600.0000
22171;2023-01-19 19:57:28.063000;7;1006;1;1;0.0000;1;98112.0000;None;1059600.0000
22171;2023-01-19 19:57:28.063000;7;1006;1;1;0.0000;1;98112.0000;None;1059600.0000
22167;2023-01-19 18:19:51.833000;7;1006;1;1;0.0000;1;12500.0000;None;135000.0000
11821;2023-01-19 13:52:52.413000;7;1006;1;2;0.0000;1;22259.0000;None;240400.0000
22151;2023-01-19 13:16:16.747000;7;1006;1;2;0.0000;1;14463.0000;None;156200.0000
22174;2023-01-19 20:19:58.963000;7;1006;1;1;0.0000;1;71334.0000;None;770400.0000
11825;2023-01-19 20:36:07.413000;7;1006;1;1;0.0000;1;37074.0000;None;400400.0000
22178;2023-01-19 20:39:58.763000;7;1007;1;1;0.0000;1;24278.0000;None;262200.0000
22177;2023-01-19 21:27:24.630000;7;1007;1;1;0.0000;1;65834.0000;None;711000.0000
22177;2023-01-19 21:27:24.630000;7;1007;1;1;0.0000;1;65834.0000;None;711000.0000
11824;2023-01-19 19:45:54.220000;7;1007;1;1;0.0000;1;24093.0000;None;260200.0000
22159;2023-01-19 14:13:22.983000;7;1007;1;1;0.0000;1;28500.0000;None;307800.0000
11817;2023-01-19 13:36:22.583000;7;1008;1;1;0.0000;1;11185.0000;None;120800.0000
11824;2023-01-19 19:45:54.220000;7;1008;1;1;0.0000;1;24093.0000;None;260200.0000
22144;2023-01-19 13:32:06.353000;7;1011;1;1;0.0000;1;34315.0000;None;370600.0000
22144;2023-01-19 13:32:06.353000;7;1011;1;1;0.0000;1;34315.0000;None;370600.0000
22174;2023-01-19 20:19:58.963000;7;1026;1;1;0.0000;1;71334.0000;None;770400.0000
22174;2023-01-19 20:19:58.963000;7;1026;1;1;0.0000;1;71334.0000;None;770400.0000
22172;2023-01-19 19:15:09.127000;7;1026;1;1;0.0000;1;7796.0000;None;84200.0000
22148;2023-01-19 12:55:34.243000;7;1026;1;1;0.0000;1;65093.0000;None;703000.0000
22159;2023-01-19 14:13:22.983000;7;1039;1;1;0.0000;1;28500.0000;None;307800.0000
22151;2023-01-19 13:16:16.747000;7;1045;1;1;0.0000;1;14463.0000;None;156200.0000
22151;2023-01-19 13:16:16.747000;7;1045;1;1;0.0000;1;14463.0000;None;156200.0000
22152;2023-01-19 13:48:43.817000;7;1045;1;1;0.0000;1;21222.0000;None;229200.0000
22152;2023-01-19 13:48:43.817000;7;1045;1;1;0.0000;1;21222.0000;None;229200.0000
22152;2023-01-19 13:48:43.817000;7;1045;1;1;0.0000;1;21222.0000;None;229200.0000
22152;2023-01-19 13:48:43.817000;7;1045;1;1;0.0000;1;21222.0000;None;229200.0000
22152;2023-01-19 13:48:43.817000;7;1045;1;1;0.0000;1;21222.0000;None;229200.0000
22173;2023-01-19 19:24:29.523000;7;1045;1;1;0.0000;1;33741.0000;None;364400.0000
22173;2023-01-19 19:24:29.523000;7;1045;1;1;0.0000;1;33741.0000;None;364400.0000
22148;2023-01-19 12:55:34.243000;7;1045;1;1;0.0000;1;65093.0000;None;703000.0000
22148;2023-01-19 12:55:34.243000;7;1045;1;1;0.0000;1;65093.0000;None;703000.0000
22148;2023-01-19 12:55:34.243000;7;1045;1;1;0.0000;1;65093.0000;None;703000.0000
22148;2023-01-19 12:55:34.243000;7;1045;1;1;0.0000;1;65093.0000;None;703000.0000
22148;2023-01-19 12:55:34.243000;7;1045;1;1;0.0000;1;65093.0000;None;703000.0000
22147;2023-01-19 13:02:30.907000;7;1045;1;1;0.0000;1;16982.0000;None;183400.0000
22147;2023-01-19 13:02:30.907000;7;1045;1;1;0.0000;1;16982.0000;None;183400.0000
22143;2023-01-19 13:11:00.950000;7;1045;1;1;0.0000;1;35574.0000;None;384200.0000
22143;2023-01-19 13:11:00.950000;7;1045;1;1;0.0000;1;35574.0000;None;384200.0000
22141;2023-01-19 13:18:05.180000;7;1045;1;1;0.0000;1;48982.0000;None;529000.0000
22141;2023-01-19 13:18:05.180000;7;1045;1;1;0.0000;1;48982.0000;None;529000.0000
11815;2023-01-19 13:28:45.950000;7;1054;1;1;0.0000;1;9315.0000;None;100600.0000
11820;2023-01-19 13:44:13.067000;7;1101;1;1;0.0000;1;5204.0000;None;56200.0000
22164;2023-01-19 16:52:06.733000;7;1101;1;1;0.0000;1;None;None;150200.0000
11820;2023-01-19 13:44:13.067000;7;1121;1;1;0.0000;1;5204.0000;None;56200.0000
392;2023-01-19 14:51:29.523000;7;1125;1;1;0.0000;1;35130.0000;None;379400.0000
392;2023-01-19 14:51:29.523000;7;1125;1;1;0.0000;1;35130.0000;None;379400.0000
11818;2023-01-19 13:35:57.273000;7;1128;1;1;0.0000;1;41759.0000;None;451000.0000
11818;2023-01-19 13:35:57.273000;7;1128;1;1;0.0000;1;41759.0000;None;451000.0000
22167;2023-01-19 18:19:51.833000;7;1128;1;1;0.0000;1;12500.0000;None;135000.0000
22168;2023-01-19 18:46:30.267000;7;1128;1;1;0.0000;1;55667.0000;None;601200.0000
22178;2023-01-19 20:39:58.763000;7;1128;1;1;0.0000;1;24278.0000;None;262200.0000
22176;2023-01-19 20:10:47.837000;7;1128;1;1;0.0000;1;20204.0000;None;218200.0000
22177;2023-01-19 21:27:24.630000;7;1128;1;1;0.0000;1;65834.0000;None;711000.0000
22177;2023-01-19 21:27:24.630000;7;1128;1;1;0.0000;1;65834.0000;None;711000.0000
22177;2023-01-19 21:27:24.630000;7;1128;1;1;0.0000;1;65834.0000;None;711000.0000
22177;2023-01-19 21:27:24.630000;7;1128;1;1;0.0000;1;65834.0000;None;711000.0000
11825;2023-01-19 20:36:07.413000;7;1128;1;1;0.0000;1;37074.0000;None;400400.0000
22142;2023-01-19 13:33:00.397000;7;1128;1;1;0.0000;1;52630.0000;None;568400.0000
22142;2023-01-19 13:33:00.397000;7;1128;1;1;0.0000;1;52630.0000;None;568400.0000
22142;2023-01-19 13:33:00.397000;7;1128;1;1;0.0000;1;52630.0000;None;568400.0000
22144;2023-01-19 13:32:06.353000;7;1128;1;2;0.0000;1;34315.0000;None;370600.0000
11813;2023-01-19 13:08:12.137000;7;1128;1;1;0.0000;1;37593.0000;None;406000.0000
11813;2023-01-19 13:08:12.137000;7;1128;1;1;0.0000;1;37593.0000;None;406000.0000
11813;2023-01-19 13:08:12.137000;7;1128;1;1;0.0000;1;37593.0000;None;406000.0000
22135;2023-01-19 12:23:56.430000;7;1128;1;1;0.0000;1;37871.0000;None;409000.0000
22135;2023-01-19 12:23:56.430000;7;1128;1;1;0.0000;1;37871.0000;None;409000.0000
11811;2023-01-19 13:54:24.063000;7;1128;1;1;0.0000;1;21352.0000;None;230600.0000
11811;2023-01-19 13:54:24.063000;7;1128;1;1;0.0000;1;21352.0000;None;230600.0000
11810;2023-01-19 13:11:17.633000;7;1128;1;1;0.0000;1;64315.0000;None;694600.0000
11810;2023-01-19 13:11:17.633000;7;1128;1;1;0.0000;1;64315.0000;None;694600.0000
11810;2023-01-19 13:11:17.633000;7;1128;1;1;0.0000;1;64315.0000;None;694600.0000
11810;2023-01-19 13:11:17.633000;7;1128;1;1;0.0000;1;64315.0000;None;694600.0000
11811;2023-01-19 13:54:24.063000;7;1135;1;1;0.0000;1;21352.0000;None;230600.0000
22144;2023-01-19 13:32:06.353000;7;1135;1;1;0.0000;1;34315.0000;None;370600.0000
22143;2023-01-19 13:11:00.950000;7;1135;1;1;0.0000;1;35574.0000;None;384200.0000
22148;2023-01-19 12:55:34.243000;7;1135;1;1;0.0000;1;65093.0000;None;703000.0000
22174;2023-01-19 20:19:58.963000;7;1135;1;1;0.0000;1;71334.0000;None;770400.0000
22164;2023-01-19 16:52:06.733000;7;1135;1;1;0.0000;1;None;None;150200.0000
22161;2023-01-19 15:02:54.747000;7;1135;1;1;0.0000;1;None;None;66900.0000
22162;2023-01-19 16:58:43.863000;7;1135;1;1;0.0000;1;9333.0000;None;100800.0000
11817;2023-01-19 13:36:22.583000;7;1135;1;1;0.0000;1;11185.0000;None;120800.0000
11818;2023-01-19 14:06:52.020000;7;1135;1;1;0.0000;1;41759.0000;None;451000.0000
11820;2023-01-19 13:44:13.067000;7;1135;1;1;0.0000;1;5204.0000;None;56200.0000
11820;2023-01-19 13:44:13.067000;7;1135;1;1;0.0000;1;5204.0000;None;56200.0000
11815;2023-01-19 13:28:45.950000;7;1135;1;1;0.0000;1;9315.0000;None;100600.0000
11815;2023-01-19 13:28:45.950000;7;1135;1;1;0.0000;1;9315.0000;None;100600.0000
22160;2023-01-19 15:39:00.063000;7;1135;1;1;0.0000;1;18500.0000;None;199800.0000
392;2023-01-19 14:51:29.523000;7;1135;1;1;0.0000;1;35130.0000;None;379400.0000
392;2023-01-19 14:51:29.523000;7;1135;1;1;0.0000;1;35130.0000;None;379400.0000
22159;2023-01-19 14:13:22.983000;7;1135;1;1;0.0000;1;28500.0000;None;307800.0000
22152;2023-01-19 13:48:43.817000;7;1159;1;1;0.0000;1;21222.0000;None;229200.0000
22152;2023-01-19 13:48:43.817000;7;1159;1;1;0.0000;1;21222.0000;None;229200.0000
11820;2023-01-19 13:44:13.067000;7;1159;1;1;0.0000;1;5204.0000;None;56200.0000
11820;2023-01-19 13:44:13.067000;7;1159;1;1;0.0000;1;5204.0000;None;56200.0000
11810;2023-01-19 13:58:27.470000;7;1204;1;1;0.0000;1;64315.0000;None;694600.0000
11810;2023-01-19 13:58:27.470000;7;1204;1;1;0.0000;1;64315.0000;None;694600.0000
11810;2023-01-19 13:41:34.263000;7;1204;1;1;0.0000;1;64315.0000;None;694600.0000
11810;2023-01-19 13:41:34.263000;7;1204;1;1;0.0000;1;64315.0000;None;694600.0000
22141;2023-01-19 13:44:50.907000;7;1204;1;1;0.0000;1;48982.0000;None;529000.0000
22141;2023-01-19 13:44:50.907000;7;1204;1;1;0.0000;1;48982.0000;None;529000.0000
11813;2023-01-19 13:42:22.233000;7;1204;1;1;0.0000;1;37593.0000;None;406000.0000
11813;2023-01-19 13:42:22.233000;7;1204;1;1;0.0000;1;37593.0000;None;406000.0000
22152;2023-01-19 14:13:06.240000;7;1204;1;1;0.0000;1;21222.0000;None;229200.0000
22152;2023-01-19 14:13:06.240000;7;1204;1;1;0.0000;1;21222.0000;None;229200.0000
22152;2023-01-19 14:13:06.240000;7;1204;1;1;0.0000;1;21222.0000;None;229200.0000
22152;2023-01-19 14:13:06.240000;7;1204;1;1;0.0000;1;21222.0000;None;229200.0000
11817;2023-01-19 13:29:40.850000;7;1207;1;1;0.0000;1;11185.0000;None;120800.0000
22163;2023-01-19 16:32:00.937000;7;1207;1;1;0.0000;1;None;None;58100.0000
11810;2023-01-19 15:04:20.460000;7;1207;1;1;0.0000;1;64315.0000;None;694600.0000
22144;2023-01-19 12:53:30.417000;7;1214;1;1;0.0000;1;34315.0000;None;370600.0000
22144;2023-01-19 12:53:30.417000;7;1214;1;1;0.0000;1;34315.0000;None;370600.0000
22144;2023-01-19 12:53:30.417000;7;1214;1;1;0.0000;1;34315.0000;None;370600.0000
22142;2023-01-19 12:46:46.127000;7;1214;1;1;0.0000;1;52630.0000;None;568400.0000
22142;2023-01-19 12:46:46.127000;7;1214;1;1;0.0000;1;52630.0000;None;568400.0000
22142;2023-01-19 12:46:46.127000;7;1214;1;1;0.0000;1;52630.0000;None;568400.0000
22143;2023-01-19 12:51:10.223000;7;1214;1;1;0.0000;1;35574.0000;None;384200.0000
22143;2023-01-19 12:51:10.223000;7;1214;1;1;0.0000;1;35574.0000;None;384200.0000
22150;2023-01-19 13:06:31.437000;7;1214;1;1;0.0000;1;22333.0000;None;241200.0000
22150;2023-01-19 13:06:31.437000;7;1214;1;1;0.0000;1;22333.0000;None;241200.0000
22149;2023-01-19 12:59:06.940000;7;1214;1;1;0.0000;1;68426.0000;None;739000.0000
22149;2023-01-19 12:59:06.940000;7;1214;1;1;0.0000;1;68426.0000;None;739000.0000
22173;2023-01-19 19:17:03.433000;7;1214;1;1;0.0000;1;33741.0000;None;364400.0000
22173;2023-01-19 19:17:03.433000;7;1214;1;1;0.0000;1;33741.0000;None;364400.0000
11818;2023-01-19 13:35:57.273000;7;1214;1;1;0.0000;1;41759.0000;None;451000.0000
11818;2023-01-19 13:35:57.273000;7;1214;1;1;0.0000;1;41759.0000;None;451000.0000
392;2023-01-19 14:09:00.197000;7;1214;1;1;0.0000;1;35130.0000;None;379400.0000
392;2023-01-19 14:09:00.197000;7;1214;1;1;0.0000;1;35130.0000;None;379400.0000
22178;2023-01-19 20:39:58.763000;7;1214;1;1;0.0000;1;24278.0000;None;262200.0000
22178;2023-01-19 20:39:58.763000;7;1214;1;1;0.0000;1;24278.0000;None;262200.0000
22178;2023-01-19 20:39:58.763000;7;1214;1;1;0.0000;1;24278.0000;None;262200.0000
22179;2023-01-19 20:47:41.807000;7;1214;1;1;0.0000;1;14704.0000;None;158800.0000
22179;2023-01-19 20:47:41.807000;7;1214;1;1;0.0000;1;14704.0000;None;158800.0000
22160;2023-01-19 14:53:46.057000;7;1220;1;1;0.0000;1;18500.0000;None;199800.0000
22160;2023-01-19 14:53:46.057000;7;1220;1;1;0.0000;1;18500.0000;None;199800.0000
22142;2023-01-19 12:46:46.127000;7;1230;1;1;0.0000;1;52630.0000;None;568400.0000
22164;2023-01-19 16:52:06.733000;7;1319;1;1;0.0000;1;None;None;150200.0000
22164;2023-01-19 16:52:06.733000;7;1319;1;1;0.0000;1;None;None;150200.0000
22161;2023-01-19 15:02:54.747000;7;1319;1;1;0.0000;1;None;None;66900.0000
22161;2023-01-19 15:02:54.747000;7;1319;1;1;0.0000;1;None;None;66900.0000
22171;2023-01-19 21:08:15.963000;7;2002;1;2;0.0000;1;98112.0000;None;1059600.0000
11813;2023-01-19 12:48:57.057000;7;2002;1;3;0.0000;1;37593.0000;None;406000.0000
22178;2023-01-19 20:42:57.117000;7;2008;1;3;0.0000;1;24278.0000;None;262200.0000
22176;2023-01-19 19:39:59.127000;7;2008;1;2;0.0000;1;20204.0000;None;218200.0000
22177;2023-01-19 20:14:10.350000;7;2008;1;1;0.0000;1;65834.0000;None;711000.0000
22177;2023-01-19 20:43:20.930000;7;2008;1;5;0.0000;1;65834.0000;None;711000.0000
22171;2023-01-19 21:08:15.963000;7;2008;1;2;0.0000;1;98112.0000;None;1059600.0000
11823;2023-01-19 19:05:00.327000;7;2008;1;17;0.0000;1;240779.0000;None;2600400.0000
22171;2023-01-19 19:00:52.063000;7;2008;1;2;0.0000;1;98112.0000;None;1059600.0000
22168;2023-01-19 18:46:30.267000;7;2008;1;3;0.0000;1;55667.0000;None;601200.0000
392;2023-01-19 13:53:40.157000;7;2008;1;1;0.0000;1;35130.0000;None;379400.0000
22152;2023-01-19 13:20:45.223000;7;2008;1;3;0.0000;1;21222.0000;None;229200.0000
22145;2023-01-19 12:43:30.867000;7;2008;1;2;0.0000;1;26685.0000;None;288200.0000
22143;2023-01-19 12:41:06.527000;7;2008;1;1;None;1;35574.0000;None;384200.0000
22143;2023-01-19 12:41:06.527000;7;2008;1;2;None;1;35574.0000;None;384200.0000
11814;2023-01-19 13:03:54.730000;7;2008;1;2;0.0000;1;27204.0000;None;293800.0000
22135;2023-01-19 13:29:05.760000;7;2008;1;2;0.0000;1;37871.0000;None;409000.0000
22133;2023-01-19 12:03:02.173000;7;2008;1;3;0.0000;1;43111.0000;None;465600.0000
22174;2023-01-19 19:32:22.650000;7;2010;1;4;0.0000;1;71334.0000;None;770400.0000
11810;2023-01-19 15:04:20.460000;7;2010;1;1;0.0000;1;64315.0000;None;694600.0000
22148;2023-01-19 12:52:47.677000;7;2012;1;2;0.0000;1;65093.0000;None;703000.0000
22171;2023-01-19 19:00:52.063000;7;2036;1;1;0.0000;1;98112.0000;None;1059600.0000
22172;2023-01-19 19:15:09.127000;7;2042;1;1;0.0000;1;7796.0000;None;84200.0000
11815;2023-01-19 13:18:06.567000;7;2042;1;1;0.0000;1;9315.0000;None;100600.0000
22133;2023-01-19 12:35:53.097000;7;2042;1;1;0.0000;1;43111.0000;None;465600.0000
22133;2023-01-19 12:39:07.120000;7;2042;1;1;0.0000;1;43111.0000;None;465600.0000
22134;2023-01-19 12:07:07.090000;7;2042;1;1;0.0000;1;8704.0000;None;94000.0000
22147;2023-01-19 13:35:35.077000;7;2047;1;2;0.0000;1;16982.0000;None;183400.0000
22134;2023-01-19 12:18:46.157000;7;2050;1;1;0.0000;1;8704.0000;None;94000.0000
22137;2023-01-19 12:19:08.340000;7;2050;1;1;0.0000;1;25556.0000;None;276000.0000
11825;2023-01-19 20:36:07.413000;7;2050;1;1;0.0000;1;37074.0000;None;400400.0000
22174;2023-01-19 20:54:55.840000;7;2050;1;1;0.0000;1;71334.0000;None;770400.0000
11820;2023-01-19 13:44:13.067000;7;2050;1;1;0.0000;1;5204.0000;None;56200.0000
11823;2023-01-19 18:44:24.667000;7;2050;1;1;0.0000;1;240779.0000;None;2600400.0000
11825;2023-01-19 20:09:36.967000;7;2057;1;1;0.0000;1;37074.0000;None;400400.0000
11825;2023-01-19 20:09:36.967000;7;2057;1;1;0.0000;1;37074.0000;None;400400.0000
22160;2023-01-19 15:03:12.193000;7;2072;1;1;None;1;18500.0000;None;199800.0000
22160;2023-01-19 14:42:35.157000;7;2072;1;1;0.0000;1;18500.0000;None;199800.0000
22152;2023-01-19 13:20:45.223000;7;2076;1;3;0.0000;1;21222.0000;None;229200.0000
11823;2023-01-19 20:14:43.903000;7;2076;1;2;0.0000;1;240779.0000;None;2600400.0000
22177;2023-01-19 20:09:48.843000;7;2076;1;1;0.0000;1;65834.0000;None;711000.0000
22148;2023-01-19 12:52:47.677000;7;2076;1;1;0.0000;1;65093.0000;None;703000.0000
22148;2023-01-19 14:12:27.133000;7;2076;1;1;0.0000;1;65093.0000;None;703000.0000
22149;2023-01-19 13:47:10.777000;7;2076;1;1;0.0000;1;68426.0000;None;739000.0000
22177;2023-01-19 20:06:16.273000;7;2077;1;1;0.0000;1;65834.0000;None;711000.0000
22171;2023-01-19 21:08:15.963000;3;100596;1;1;5800.0000;1;98112.0000;None;1059600.0000
11818;2023-01-19 14:43:34.323000;3;100596;1;1;5800.0000;1;41759.0000;None;451000.0000
22145;2023-01-19 14:52:23.060000;3;100596;1;1;5800.0000;1;26685.0000;None;288200.0000
22148;2023-01-19 12:52:47.677000;3;100601;1;1;5800.0000;1;65093.0000;None;703000.0000
22131;2023-01-19 11:52:02.353000;3;100601;1;2;11600.0000;1;49574.0000;None;535400.0000
22128;2023-01-19 16:13:24.577000;3;100601;1;1;5800.0000;1;2870.0000;None;31000.0000
22128;2023-01-19 16:13:24.577000;3;100601;1;1;5800.0000;1;2870.0000;None;31000.0000
22151;2023-01-19 14:31:48.993000;3;100601;1;1;5800.0000;1;14463.0000;None;156200.0000
22160;2023-01-19 15:39:00.063000;3;100601;1;1;5800.0000;1;18500.0000;None;199800.0000
22156;2023-01-19 14:36:48.357000;3;100601;1;1;5800.0000;1;24074.0000;None;260000.0000
22156;2023-01-19 14:36:48.357000;3;100601;1;1;5800.0000;1;24074.0000;None;260000.0000
11823;2023-01-19 18:32:27.627000;3;100601;1;1;5800.0000;1;240779.0000;None;2600400.0000
22166;2023-01-19 17:38:07.680000;3;100601;1;1;5800.0000;1;3704.0000;None;40000.0000
22166;2023-01-19 18:25:56.533000;3;100601;1;1;5800.0000;1;3704.0000;None;40000.0000
11825;2023-01-19 20:09:36.967000;3;100601;1;3;17400.0000;1;37074.0000;None;400400.0000
396;2023-01-19 20:20:54.083000;3;100601;1;-2;-11600.0000;1;-49574.0000;None;-535400.0000
22180;2023-01-19 21:41:49.710000;3;100601;1;1;5800.0000;1;None;None;18400.0000
398;2023-01-19 22:42:10.527000;3;100601;1;-2;-11600.0000;1;-2870.0000;None;-31000.0000
397;2023-01-19 20:24:24.500000;3;100601;1;2;11600.0000;1;49574.0000;None;535400.0000
398;2023-01-19 22:42:10.527000;3;100606;1;-2;-13600.0000;1;-2870.0000;None;-31000.0000
22180;2023-01-19 21:41:49.710000;3;100606;1;1;6800.0000;1;None;None;18400.0000
22128;2023-01-19 09:16:10.130000;3;100606;1;1;6800.0000;1;2870.0000;None;31000.0000
22128;2023-01-19 09:16:10.130000;3;100606;1;1;6800.0000;1;2870.0000;None;31000.0000
11813;2023-01-19 14:25:40.160000;3;100606;1;1;6800.0000;1;37593.0000;None;406000.0000
11813;2023-01-19 14:25:40.160000;3;100606;1;1;6800.0000;1;37593.0000;None;406000.0000
22137;2023-01-19 13:51:22.190000;3;100607;1;1;6800.0000;1;25556.0000;None;276000.0000
11810;2023-01-19 14:37:42.673000;3;100613;1;1;5800.0000;1;64315.0000;None;694600.0000
11810;2023-01-19 15:04:20.460000;3;100613;1;1;5800.0000;1;64315.0000;None;694600.0000
22128;2023-01-19 09:16:10.130000;3;100614;1;1;5800.0000;1;2870.0000;None;31000.0000
22137;2023-01-19 13:51:22.190000;3;100614;1;1;5800.0000;1;25556.0000;None;276000.0000
22135;2023-01-19 14:29:47.627000;3;100614;1;1;5800.0000;1;37871.0000;None;409000.0000
22138;2023-01-19 13:17:10.677000;3;100614;1;2;11600.0000;1;12111.0000;None;130800.0000
11813;2023-01-19 14:25:40.160000;3;100614;1;1;5800.0000;1;37593.0000;None;406000.0000
22145;2023-01-19 14:52:23.060000;3;100614;1;1;5800.0000;1;26685.0000;None;288200.0000
22144;2023-01-19 14:25:52.167000;3;100614;1;3;17400.0000;1;34315.0000;None;370600.0000
22149;2023-01-19 14:57:01.997000;3;100614;1;1;5800.0000;1;68426.0000;None;739000.0000
22180;2023-01-19 21:41:49.710000;3;100614;1;1;5800.0000;1;None;None;18400.0000
398;2023-01-19 22:42:10.527000;3;100614;1;-1;-5800.0000;1;-2870.0000;None;-31000.0000
22166;2023-01-19 17:38:07.680000;3;100614;1;1;5800.0000;1;3704.0000;None;40000.0000
22166;2023-01-19 18:25:56.533000;3;100614;1;1;5800.0000;1;3704.0000;None;40000.0000
11823;2023-01-19 18:44:24.667000;3;100614;1;1;5800.0000;1;240779.0000;None;2600400.0000
22171;2023-01-19 21:08:15.963000;3;100614;1;1;5800.0000;1;98112.0000;None;1059600.0000
11823;2023-01-19 20:32:39.957000;3;100614;1;2;11600.0000;1;240779.0000;None;2600400.0000
22160;2023-01-19 15:39:00.063000;3;100614;1;1;5800.0000;1;18500.0000;None;199800.0000
392;2023-01-19 16:24:49.230000;3;100614;1;2;11600.0000;1;35130.0000;None;379400.0000
392;2023-01-19 15:48:08.013000;3;100614;1;1;5800.0000;1;35130.0000;None;379400.0000
392;2023-01-19 15:48:08.013000;3;100614;1;1;5800.0000;1;35130.0000;None;379400.0000
22151;2023-01-19 14:31:48.993000;3;100614;1;1;5800.0000;1;14463.0000;None;156200.0000
11814;2023-01-19 13:54:43.763000;3;100614;1;1;5800.0000;1;27204.0000;None;293800.0000
11814;2023-01-19 13:54:43.763000;3;100614;1;1;5800.0000;1;27204.0000;None;293800.0000
22152;2023-01-19 14:42:33.787000;3;100614;1;1;5800.0000;1;21222.0000;None;229200.0000
11818;2023-01-19 14:43:34.323000;3;100614;1;1;5800.0000;1;41759.0000;None;451000.0000
22133;2023-01-19 12:11:09.240000;1;100951;1;1;39800.0000;1;43111.0000;None;465600.0000
11810;2023-01-19 13:11:17.633000;1;100967;1;1;24800.0000;1;64315.0000;None;694600.0000
22149;2023-01-19 12:59:06.940000;1;100967;1;1;24800.0000;1;68426.0000;None;739000.0000
11823;2023-01-19 18:57:54.717000;1;100967;1;4;99200.0000;1;240779.0000;None;2600400.0000
22171;2023-01-19 19:15:47.133000;1;100967;1;1;24800.0000;1;98112.0000;None;1059600.0000
22156;2023-01-19 14:11:48.243000;1;100968;1;1;29800.0000;1;24074.0000;None;260000.0000
22158;2023-01-19 13:54:56.467000;1;100968;1;1;29800.0000;1;23759.0000;None;256600.0000
22133;2023-01-19 12:11:09.240000;1;100968;1;1;29800.0000;1;43111.0000;None;465600.0000
22174;2023-01-19 21:24:01.753000;1;101033;1;1;22800.0000;1;71334.0000;None;770400.0000
396;2023-01-19 20:20:54.083000;1;101062;1;-1;-79800.0000;1;-49574.0000;None;-535400.0000
397;2023-01-19 20:24:24.500000;1;101062;1;1;79800.0000;1;49574.0000;None;535400.0000
22131;2023-01-19 11:52:02.353000;1;101062;1;1;79800.0000;1;49574.0000;None;535400.0000
11812;2023-01-19 13:07:47.973000;1;101111;1;1;48800.0000;1;17370.0000;None;187600.0000
11818;2023-01-19 13:35:57.273000;1;101111;1;1;48800.0000;1;41759.0000;None;451000.0000
22151;2023-01-19 13:09:33.863000;1;101176;1;1;41800.0000;1;14463.0000;None;156200.0000
22168;2023-01-19 18:20:31.317000;1;101176;1;1;41800.0000;1;55667.0000;None;601200.0000
22167;2023-01-19 18:19:51.833000;1;101176;1;1;41800.0000;1;12500.0000;None;135000.0000
22171;2023-01-19 19:15:47.133000;1;101176;1;1;41800.0000;1;98112.0000;None;1059600.0000
22173;2023-01-19 19:17:03.433000;1;101176;1;1;41800.0000;1;33741.0000;None;364400.0000
22149;2023-01-19 12:59:06.940000;1;101291;1;1;26800.0000;1;68426.0000;None;739000.0000
11818;2023-01-19 13:35:57.273000;1;101291;1;1;26800.0000;1;41759.0000;None;451000.0000
22156;2023-01-19 13:45:59.563000;1;101291;1;1;26800.0000;1;24074.0000;None;260000.0000
22176;2023-01-19 19:46:08.787000;1;101291;1;1;26800.0000;1;20204.0000;None;218200.0000
22164;2023-01-19 16:52:06.733000;1;101297;2;1;51300.0000;1;None;None;150200.0000
22163;2023-01-19 16:32:00.937000;1;101297;2;1;51300.0000;1;None;None;58100.0000
11816;2023-01-19 13:21:29.217000;1;101298;1;1;43800.0000;1;9185.0000;None;99200.0000
22148;2023-01-19 12:55:34.243000;1;101299;1;1;28800.0000;1;65093.0000;None;703000.0000
22161;2023-01-19 15:02:54.747000;1;101301;2;1;55500.0000;1;None;None;66900.0000
22164;2023-01-19 16:52:06.733000;1;101302;2;1;28200.0000;1;None;None;150200.0000
22152;2023-01-19 13:48:43.817000;1;101302;1;1;26800.0000;1;21222.0000;None;229200.0000
11824;2023-01-19 19:45:54.220000;1;101308;1;1;19800.0000;1;24093.0000;None;260200.0000
22148;2023-01-19 14:20:24.723000;1;101308;1;1;19800.0000;1;65093.0000;None;703000.0000
22177;2023-01-19 20:27:49.320000;1;101340;1;1;29800.0000;1;65834.0000;None;711000.0000
22156;2023-01-19 13:45:59.563000;1;101340;1;1;29800.0000;1;24074.0000;None;260000.0000
22170;2023-01-19 18:44:48.693000;1;101340;1;1;29800.0000;1;58500.0000;None;631800.0000
11824;2023-01-19 19:45:54.220000;1;101344;1;1;57800.0000;1;24093.0000;None;260200.0000
22151;2023-01-19 13:09:33.863000;6;101390;1;1;0.0000;1;14463.0000;None;156200.0000
11824;2023-01-19 19:45:54.220000;1;101433;1;1;0.0000;1;24093.0000;None;260200.0000
11824;2023-01-19 19:45:54.220000;1;101433;1;1;0.0000;1;24093.0000;None;260200.0000
22174;2023-01-19 20:19:58.963000;1;101433;1;1;0.0000;1;71334.0000;None;770400.0000
22177;2023-01-19 21:27:24.630000;1;101433;1;1;0.0000;1;65834.0000;None;711000.0000
11815;2023-01-19 13:28:45.950000;1;101433;1;1;0.0000;1;9315.0000;None;100600.0000
22152;2023-01-19 13:48:43.817000;1;101433;1;1;0.0000;1;21222.0000;None;229200.0000
11821;2023-01-19 13:52:52.413000;1;101433;1;1;0.0000;1;22259.0000;None;240400.0000
22158;2023-01-19 13:54:56.467000;1;101433;1;1;0.0000;1;23759.0000;None;256600.0000
22160;2023-01-19 14:42:35.157000;1;101433;1;1;0.0000;1;18500.0000;None;199800.0000
22168;2023-01-19 18:46:30.267000;1;101433;1;1;0.0000;1;55667.0000;None;601200.0000
22171;2023-01-19 19:57:28.063000;1;101433;1;1;0.0000;1;98112.0000;None;1059600.0000
22171;2023-01-19 19:57:28.063000;1;101433;1;1;0.0000;1;98112.0000;None;1059600.0000
22171;2023-01-19 19:57:28.063000;1;101433;1;1;0.0000;1;98112.0000;None;1059600.0000
22171;2023-01-19 19:57:28.063000;1;101433;1;1;0.0000;1;98112.0000;None;1059600.0000
22149;2023-01-19 13:54:20.860000;1;101433;1;1;0.0000;1;68426.0000;None;739000.0000
11814;2023-01-19 13:03:54.730000;1;101433;1;1;0.0000;1;27204.0000;None;293800.0000
11814;2023-01-19 13:03:54.730000;1;101433;1;1;0.0000;1;27204.0000;None;293800.0000
11812;2023-01-19 13:07:47.973000;1;101433;1;1;None;1;17370.0000;None;187600.0000
11812;2023-01-19 13:07:47.973000;1;101433;1;1;None;1;17370.0000;None;187600.0000
22141;2023-01-19 13:18:05.180000;1;101433;1;1;0.0000;1;48982.0000;None;529000.0000
22144;2023-01-19 13:32:06.353000;1;101433;1;1;0.0000;1;34315.0000;None;370600.0000
22145;2023-01-19 14:07:51.463000;1;101433;1;1;0.0000;1;26685.0000;None;288200.0000
11813;2023-01-19 13:08:12.137000;1;101433;1;1;0.0000;1;37593.0000;None;406000.0000
22131;2023-01-19 11:52:02.353000;1;101433;1;1;0.0000;1;49574.0000;None;535400.0000
22133;2023-01-19 12:11:09.240000;1;101433;1;1;0.0000;1;43111.0000;None;465600.0000
22131;2023-01-19 11:52:02.353000;1;101433;1;2;0.0000;1;49574.0000;None;535400.0000
11810;2023-01-19 13:11:17.633000;1;101433;1;1;0.0000;1;64315.0000;None;694600.0000
22138;2023-01-19 12:27:47.187000;1;101433;1;1;0.0000;1;12111.0000;None;130800.0000
22135;2023-01-19 12:23:56.430000;1;101433;1;1;0.0000;1;37871.0000;None;409000.0000
22137;2023-01-19 13:00:11.687000;1;101433;1;1;0.0000;1;25556.0000;None;276000.0000
22135;2023-01-19 12:23:56.430000;6;101477;1;1;0.0000;1;37871.0000;None;409000.0000
22171;2023-01-19 19:57:28.063000;6;101477;1;1;0.0000;1;98112.0000;None;1059600.0000
22171;2023-01-19 19:57:28.063000;6;101477;1;1;0.0000;1;98112.0000;None;1059600.0000
22171;2023-01-19 19:57:28.063000;6;101477;1;1;0.0000;1;98112.0000;None;1059600.0000
22167;2023-01-19 18:19:51.833000;6;101479;1;1;0.0000;1;12500.0000;None;135000.0000
22174;2023-01-19 20:19:58.963000;6;101487;1;1;0.0000;1;71334.0000;None;770400.0000
22174;2023-01-19 20:19:58.963000;6;101494;1;1;0.0000;1;71334.0000;None;770400.0000
22168;2023-01-19 18:46:30.267000;6;101494;1;1;0.0000;1;55667.0000;None;601200.0000
11823;2023-01-19 19:27:54.960000;6;101494;1;2;0.0000;1;240779.0000;None;2600400.0000
22160;2023-01-19 14:42:35.157000;6;101494;1;1;0.0000;1;18500.0000;None;199800.0000
22138;2023-01-19 12:27:47.187000;6;101494;1;1;0.0000;1;12111.0000;None;130800.0000
22141;2023-01-19 13:18:05.180000;6;101494;1;1;0.0000;1;48982.0000;None;529000.0000
22141;2023-01-19 13:12:49.253000;6;101494;1;1;0.0000;1;48982.0000;None;529000.0000
22131;2023-01-19 11:52:02.353000;6;101494;1;2;0.0000;1;49574.0000;None;535400.0000
22144;2023-01-19 12:53:30.417000;6;101494;1;1;0.0000;1;34315.0000;None;370600.0000
11812;2023-01-19 13:07:47.973000;6;101494;1;1;None;1;17370.0000;None;187600.0000
22143;2023-01-19 13:11:00.950000;1;101522;1;1;0.0000;1;35574.0000;None;384200.0000
22142;2023-01-19 13:33:00.397000;1;101522;1;1;0.0000;1;52630.0000;None;568400.0000
22144;2023-01-19 13:32:06.353000;1;101522;1;1;0.0000;1;34315.0000;None;370600.0000
22149;2023-01-19 13:54:20.860000;1;101522;1;1;0.0000;1;68426.0000;None;739000.0000
22149;2023-01-19 13:54:20.860000;1;101522;1;1;0.0000;1;68426.0000;None;739000.0000
22148;2023-01-19 12:55:34.243000;1;101522;1;1;0.0000;1;65093.0000;None;703000.0000
22148;2023-01-19 12:55:34.243000;1;101522;1;1;0.0000;1;65093.0000;None;703000.0000
22148;2023-01-19 12:55:34.243000;1;101522;1;1;0.0000;1;65093.0000;None;703000.0000
22148;2023-01-19 12:55:34.243000;1;101522;1;1;0.0000;1;65093.0000;None;703000.0000
22147;2023-01-19 13:02:30.907000;1;101522;1;1;0.0000;1;16982.0000;None;183400.0000
22131;2023-01-19 11:52:02.353000;1;101522;1;2;0.0000;1;49574.0000;None;535400.0000
22141;2023-01-19 13:18:05.180000;1;101522;1;1;0.0000;1;48982.0000;None;529000.0000
22138;2023-01-19 12:27:47.187000;1;101522;1;1;0.0000;1;12111.0000;None;130800.0000
392;2023-01-19 14:51:29.523000;1;101522;1;1;0.0000;1;35130.0000;None;379400.0000
391;2023-01-19 14:39:54.657000;1;101522;1;1;0.0000;1;None;None;68800.0000
11821;2023-01-19 13:52:52.413000;1;101522;1;1;0.0000;1;22259.0000;None;240400.0000
11818;2023-01-19 13:35:57.273000;1;101522;1;1;0.0000;1;41759.0000;None;451000.0000
11818;2023-01-19 13:35:57.273000;1;101522;1;1;0.0000;1;41759.0000;None;451000.0000
11817;2023-01-19 13:36:22.583000;1;101522;1;1;0.0000;1;11185.0000;None;120800.0000
11817;2023-01-19 13:36:22.583000;1;101522;1;1;0.0000;1;11185.0000;None;120800.0000
11820;2023-01-19 13:44:13.067000;1;101522;1;1;0.0000;1;5204.0000;None;56200.0000
11823;2023-01-19 19:27:54.960000;1;101522;1;5;0.0000;1;240779.0000;None;2600400.0000
22173;2023-01-19 19:24:29.523000;1;101522;1;1;0.0000;1;33741.0000;None;364400.0000
22174;2023-01-19 20:19:58.963000;1;101522;1;1;0.0000;1;71334.0000;None;770400.0000
22171;2023-01-19 19:57:28.063000;1;101522;1;1;0.0000;1;98112.0000;None;1059600.0000
22167;2023-01-19 18:19:51.833000;1;101522;1;1;0.0000;1;12500.0000;None;135000.0000
22174;2023-01-19 20:19:58.963000;1;101522;1;1;0.0000;1;71334.0000;None;770400.0000
22176;2023-01-19 20:10:47.837000;1;101522;1;1;0.0000;1;20204.0000;None;218200.0000
11825;2023-01-19 20:36:07.413000;1;101522;1;1;0.0000;1;37074.0000;None;400400.0000
11825;2023-01-19 20:36:07.413000;1;101522;1;1;0.0000;1;37074.0000;None;400400.0000
11825;2023-01-19 20:36:07.413000;1;101522;1;1;0.0000;1;37074.0000;None;400400.0000
11825;2023-01-19 20:36:07.413000;1;101522;1;1;0.0000;1;37074.0000;None;400400.0000
22178;2023-01-19 20:39:58.763000;1;101522;1;1;0.0000;1;24278.0000;None;262200.0000
22177;2023-01-19 21:27:24.630000;1;101552;1;1;0.0000;1;65834.0000;None;711000.0000
22174;2023-01-19 20:19:58.963000;1;101552;1;1;0.0000;1;71334.0000;None;770400.0000
22152;2023-01-19 13:48:43.817000;1;101552;1;1;0.0000;1;21222.0000;None;229200.0000
22158;2023-01-19 13:54:56.467000;1;101552;1;1;0.0000;1;23759.0000;None;256600.0000
22159;2023-01-19 14:13:22.983000;1;101552;1;1;0.0000;1;28500.0000;None;307800.0000
392;2023-01-19 14:51:29.523000;1;101552;1;1;0.0000;1;35130.0000;None;379400.0000
22137;2023-01-19 13:00:11.687000;1;101552;1;1;0.0000;1;25556.0000;None;276000.0000
11811;2023-01-19 13:54:24.063000;1;101552;1;1;0.0000;1;21352.0000;None;230600.0000
11810;2023-01-19 13:11:17.633000;1;101552;1;1;0.0000;1;64315.0000;None;694600.0000
22131;2023-01-19 11:52:02.353000;1;101552;1;2;0.0000;1;49574.0000;None;535400.0000
22131;2023-01-19 11:52:02.353000;1;101552;1;1;0.0000;1;49574.0000;None;535400.0000
22148;2023-01-19 12:55:34.243000;1;101552;1;1;0.0000;1;65093.0000;None;703000.0000
22150;2023-01-19 13:06:31.437000;1;101552;1;1;0.0000;1;22333.0000;None;241200.0000
11813;2023-01-19 13:08:12.137000;1;101552;1;1;0.0000;1;37593.0000;None;406000.0000
22172;2023-01-19 19:15:09.127000;6;101563;1;1;0.0000;1;7796.0000;None;84200.0000
22172;2023-01-19 19:15:09.127000;6;101569;1;1;0.0000;1;7796.0000;None;84200.0000
22174;2023-01-19 20:19:58.963000;6;101583;1;1;0.0000;1;71334.0000;None;770400.0000
22173;2023-01-19 19:17:03.433000;6;101585;1;1;0.0000;1;33741.0000;None;364400.0000
22171;2023-01-19 19:15:47.133000;6;101585;1;1;0.0000;1;98112.0000;None;1059600.0000
22151;2023-01-19 13:09:33.863000;6;101585;1;1;0.0000;1;14463.0000;None;156200.0000
11818;2023-01-19 13:35:57.273000;6;101589;1;1;0.0000;1;41759.0000;None;451000.0000
22159;2023-01-19 14:13:22.983000;6;101589;1;1;0.0000;1;28500.0000;None;307800.0000
22158;2023-01-19 13:54:56.467000;6;101589;1;1;0.0000;1;23759.0000;None;256600.0000
22158;2023-01-19 13:54:56.467000;6;101589;1;1;0.0000;1;23759.0000;None;256600.0000
22171;2023-01-19 19:57:28.063000;6;101589;1;1;0.0000;1;98112.0000;None;1059600.0000
22173;2023-01-19 19:24:29.523000;6;101589;1;1;0.0000;1;33741.0000;None;364400.0000
11823;2023-01-19 19:27:54.960000;6;101589;1;2;0.0000;1;240779.0000;None;2600400.0000
22174;2023-01-19 20:19:58.963000;6;101589;1;1;0.0000;1;71334.0000;None;770400.0000
22174;2023-01-19 20:19:58.963000;6;101589;1;1;0.0000;1;71334.0000;None;770400.0000
22177;2023-01-19 21:27:24.630000;6;101589;1;1;0.0000;1;65834.0000;None;711000.0000
11825;2023-01-19 20:36:07.413000;6;101589;1;1;0.0000;1;37074.0000;None;400400.0000
11813;2023-01-19 13:08:12.137000;6;101589;1;1;0.0000;1;37593.0000;None;406000.0000
22142;2023-01-19 13:33:00.397000;6;101589;1;1;0.0000;1;52630.0000;None;568400.0000
11814;2023-01-19 13:03:54.730000;6;101589;1;1;0.0000;1;27204.0000;None;293800.0000
11814;2023-01-19 13:03:54.730000;6;101589;1;1;0.0000;1;27204.0000;None;293800.0000
22149;2023-01-19 13:54:20.860000;6;101589;1;1;0.0000;1;68426.0000;None;739000.0000
22149;2023-01-19 13:54:20.860000;6;101589;1;1;0.0000;1;68426.0000;None;739000.0000
22149;2023-01-19 13:54:20.860000;6;101589;1;1;0.0000;1;68426.0000;None;739000.0000
22148;2023-01-19 12:55:34.243000;6;101589;1;1;0.0000;1;65093.0000;None;703000.0000
22148;2023-01-19 12:55:34.243000;6;101589;1;1;0.0000;1;65093.0000;None;703000.0000
22148;2023-01-19 12:55:34.243000;6;101589;1;1;0.0000;1;65093.0000;None;703000.0000
22147;2023-01-19 13:02:30.907000;6;101589;1;1;0.0000;1;16982.0000;None;183400.0000
22131;2023-01-19 11:52:02.353000;6;101589;1;1;0.0000;1;49574.0000;None;535400.0000
22133;2023-01-19 12:11:09.240000;6;101589;1;1;0.0000;1;43111.0000;None;465600.0000
22131;2023-01-19 11:52:02.353000;6;101589;1;2;0.0000;1;49574.0000;None;535400.0000
22131;2023-01-19 11:52:02.353000;6;101589;1;1;0.0000;1;49574.0000;None;535400.0000
11810;2023-01-19 13:11:17.633000;6;101589;1;1;0.0000;1;64315.0000;None;694600.0000
22141;2023-01-19 13:18:05.180000;6;101589;1;1;0.0000;1;48982.0000;None;529000.0000
22137;2023-01-19 13:00:11.687000;6;101589;1;1;0.0000;1;25556.0000;None;276000.0000
22174;2023-01-19 20:19:58.963000;6;101592;1;1;0.0000;1;71334.0000;None;770400.0000
22176;2023-01-19 20:10:47.837000;6;101604;1;1;0.0000;1;20204.0000;None;218200.0000
22177;2023-01-19 21:27:24.630000;6;101604;1;1;0.0000;1;65834.0000;None;711000.0000
22178;2023-01-19 20:39:58.763000;6;101604;1;1;0.0000;1;24278.0000;None;262200.0000
11823;2023-01-19 19:27:54.960000;6;101604;1;2;0.0000;1;240779.0000;None;2600400.0000
22174;2023-01-19 20:19:58.963000;6;101604;1;1;0.0000;1;71334.0000;None;770400.0000
11821;2023-01-19 13:52:52.413000;6;101604;1;2;0.0000;1;22259.0000;None;240400.0000
11818;2023-01-19 13:35:57.273000;6;101604;1;1;0.0000;1;41759.0000;None;451000.0000
22138;2023-01-19 12:27:47.187000;6;101604;1;1;0.0000;1;12111.0000;None;130800.0000
22141;2023-01-19 13:18:05.180000;6;101604;1;1;0.0000;1;48982.0000;None;529000.0000
11810;2023-01-19 13:11:17.633000;6;101604;1;1;0.0000;1;64315.0000;None;694600.0000
22131;2023-01-19 11:52:02.353000;6;101604;1;2;0.0000;1;49574.0000;None;535400.0000
11813;2023-01-19 13:08:12.137000;6;101604;1;1;0.0000;1;37593.0000;None;406000.0000
22147;2023-01-19 12:51:29.560000;3;101641;1;1;0.0000;1;16982.0000;None;183400.0000
11813;2023-01-19 12:48:57.057000;3;101641;1;3;0.0000;1;37593.0000;None;406000.0000
22144;2023-01-19 12:42:16.863000;3;101641;1;1;0.0000;1;34315.0000;None;370600.0000
22145;2023-01-19 13:52:06.400000;3;101641;1;1;0.0000;1;26685.0000;None;288200.0000
22145;2023-01-19 13:52:06.400000;3;101641;1;1;0.0000;1;26685.0000;None;288200.0000
22150;2023-01-19 12:59:48.540000;3;101641;1;1;0.0000;1;22333.0000;None;241200.0000
22134;2023-01-19 12:07:07.090000;3;101641;1;1;0.0000;1;8704.0000;None;94000.0000
11811;2023-01-19 13:55:17.467000;3;101641;1;1;0.0000;1;21352.0000;None;230600.0000
11811;2023-01-19 13:55:17.467000;3;101641;1;1;0.0000;1;21352.0000;None;230600.0000
11811;2023-01-19 12:49:09.103000;3;101641;1;1;0.0000;1;21352.0000;None;230600.0000
11810;2023-01-19 12:33:01.477000;3;101641;1;1;0.0000;1;64315.0000;None;694600.0000
22138;2023-01-19 12:24:18.533000;3;101641;1;2;0.0000;1;12111.0000;None;130800.0000
22135;2023-01-19 13:29:05.760000;3;101641;1;1;0.0000;1;37871.0000;None;409000.0000
11820;2023-01-19 13:44:13.067000;3;101641;1;1;0.0000;1;5204.0000;None;56200.0000
11821;2023-01-19 14:00:49.010000;3;101641;1;1;0.0000;1;22259.0000;None;240400.0000
22171;2023-01-19 19:00:52.063000;3;101641;1;2;0.0000;1;98112.0000;None;1059600.0000
22170;2023-01-19 19:43:44.550000;3;101641;1;1;0.0000;1;58500.0000;None;631800.0000
22171;2023-01-19 21:08:15.963000;3;101641;1;2;0.0000;1;98112.0000;None;1059600.0000
11823;2023-01-19 18:44:24.667000;3;101641;1;1;0.0000;1;240779.0000;None;2600400.0000
22167;2023-01-19 18:13:59.893000;3;101641;1;1;0.0000;1;12500.0000;None;135000.0000
22167;2023-01-19 18:13:59.893000;3;101641;1;1;0.0000;1;12500.0000;None;135000.0000
22168;2023-01-19 18:20:31.317000;3;101641;1;1;None;1;55667.0000;None;601200.0000
22176;2023-01-19 19:39:59.127000;3;101641;1;1;0.0000;1;20204.0000;None;218200.0000
22174;2023-01-19 20:54:55.840000;3;101641;1;1;0.0000;1;71334.0000;None;770400.0000
22174;2023-01-19 20:54:55.840000;3;101641;1;1;0.0000;1;71334.0000;None;770400.0000
11825;2023-01-19 20:36:07.413000;1;101659;1;1;46800.0000;1;37074.0000;None;400400.0000
11825;2023-01-19 20:36:07.413000;1;101659;1;1;46800.0000;1;37074.0000;None;400400.0000
22148;2023-01-19 12:55:34.243000;1;101659;1;1;46800.0000;1;65093.0000;None;703000.0000
22148;2023-01-19 12:55:34.243000;1;101659;1;1;46800.0000;1;65093.0000;None;703000.0000
22158;2023-01-19 13:34:04.783000;2;101718;1;1;28800.0000;1;23759.0000;None;256600.0000
22158;2023-01-19 14:24:41.443000;2;101718;1;1;28800.0000;1;23759.0000;None;256600.0000
22159;2023-01-19 14:13:22.983000;2;101726;1;1;32800.0000;1;28500.0000;None;307800.0000
22135;2023-01-19 12:13:10.477000;2;101727;1;1;32800.0000;1;37871.0000;None;409000.0000
22135;2023-01-19 12:13:10.477000;2;101727;1;1;32800.0000;1;37871.0000;None;409000.0000
22135;2023-01-19 13:29:05.760000;2;101727;1;1;32800.0000;1;37871.0000;None;409000.0000
22143;2023-01-19 13:19:03.610000;2;101727;1;1;32800.0000;1;35574.0000;None;384200.0000
22143;2023-01-19 12:41:06.527000;2;101727;1;1;32800.0000;1;35574.0000;None;384200.0000
392;2023-01-19 13:53:40.157000;2;101727;1;1;32800.0000;1;35130.0000;None;379400.0000
392;2023-01-19 14:45:02.523000;2;101727;1;1;32800.0000;1;35130.0000;None;379400.0000
22159;2023-01-19 14:13:22.983000;2;101728;1;1;33800.0000;1;28500.0000;None;307800.0000
22170;2023-01-19 18:39:26.563000;2;101728;1;1;33800.0000;1;58500.0000;None;631800.0000
22170;2023-01-19 18:28:35.420000;2;101728;1;1;33800.0000;1;58500.0000;None;631800.0000
22170;2023-01-19 19:20:04.037000;2;101728;1;1;33800.0000;1;58500.0000;None;631800.0000
22170;2023-01-19 19:08:18.230000;2;101810;1;1;41800.0000;1;58500.0000;None;631800.0000
22170;2023-01-19 19:20:04.037000;2;101810;1;1;41800.0000;1;58500.0000;None;631800.0000
22170;2023-01-19 18:45:11.393000;2;101810;1;1;41800.0000;1;58500.0000;None;631800.0000
22162;2023-01-19 17:47:44.057000;2;101834;1;1;16800.0000;1;9333.0000;None;100800.0000
22162;2023-01-19 16:35:25.990000;2;101834;1;1;16800.0000;1;9333.0000;None;100800.0000
22162;2023-01-19 15:53:55.760000;2;101834;1;1;16800.0000;1;9333.0000;None;100800.0000
22162;2023-01-19 15:53:55.760000;2;101834;1;1;16800.0000;1;9333.0000;None;100800.0000
22162;2023-01-19 16:35:25.990000;2;101834;1;1;16800.0000;1;9333.0000;None;100800.0000
11810;2023-01-19 14:36:26.853000;2;101850;1;1;49800.0000;1;64315.0000;None;694600.0000
11810;2023-01-19 13:51:48.730000;2;101850;1;1;49800.0000;1;64315.0000;None;694600.0000
11810;2023-01-19 13:57:43.470000;2;101850;1;1;49800.0000;1;64315.0000;None;694600.0000
11810;2023-01-19 14:36:26.853000;2;101858;1;1;27800.0000;1;64315.0000;None;694600.0000
22148;2023-01-19 14:20:24.723000;1;101891;1;1;16800.0000;1;65093.0000;None;703000.0000
22168;2023-01-19 20:11:18.913000;1;101891;1;1;16800.0000;1;55667.0000;None;601200.0000
22174;2023-01-19 21:24:01.753000;1;101891;1;1;16800.0000;1;71334.0000;None;770400.0000
22147;2023-01-19 13:02:30.907000;1;101931;1;1;19800.0000;1;16982.0000;None;183400.0000
11811;2023-01-19 13:54:24.063000;1;101958;1;1;67800.0000;1;21352.0000;None;230600.0000
11817;2023-01-19 13:36:22.583000;1;101961;1;1;67800.0000;1;11185.0000;None;120800.0000
11823;2023-01-19 19:27:54.960000;1;102030;1;3;77400.0000;1;240779.0000;None;2600400.0000
11823;2023-01-19 19:50:19.167000;1;102030;1;1;25800.0000;1;240779.0000;None;2600400.0000
22160;2023-01-19 14:42:35.157000;1;102035;1;1;35800.0000;1;18500.0000;None;199800.0000
22150;2023-01-19 13:06:31.437000;1;102035;1;1;35800.0000;1;22333.0000;None;241200.0000
22134;2023-01-19 12:23:01.980000;1;102050;1;1;34800.0000;1;8704.0000;None;94000.0000
11819;2023-01-19 13:58:51.637000;1;102050;1;1;34800.0000;1;13796.0000;None;149000.0000
11818;2023-01-19 13:35:57.273000;1;102053;1;1;34800.0000;1;41759.0000;None;451000.0000
22148;2023-01-19 12:52:47.677000;1;102082;1;1;26800.0000;1;65093.0000;None;703000.0000
22149;2023-01-19 14:57:01.997000;3;102102;1;1;9800.0000;1;68426.0000;None;739000.0000
22149;2023-01-19 14:57:01.997000;3;102102;1;1;9800.0000;1;68426.0000;None;739000.0000
22131;2023-01-19 11:52:02.353000;3;102102;1;1;9800.0000;1;49574.0000;None;535400.0000
11810;2023-01-19 15:04:20.460000;3;102102;1;1;9800.0000;1;64315.0000;None;694600.0000
22135;2023-01-19 14:29:47.627000;3;102102;1;1;9800.0000;1;37871.0000;None;409000.0000
22171;2023-01-19 21:08:15.963000;3;102102;1;1;9800.0000;1;98112.0000;None;1059600.0000
397;2023-01-19 20:24:24.500000;3;102102;1;1;9800.0000;1;49574.0000;None;535400.0000
396;2023-01-19 20:20:54.083000;3;102102;1;-1;-9800.0000;1;-49574.0000;None;-535400.0000
22135;2023-01-19 12:23:56.430000;1;102132;1;1;6800.0000;1;37871.0000;None;409000.0000
22141;2023-01-19 13:18:05.180000;1;102132;1;1;6800.0000;1;48982.0000;None;529000.0000
22168;2023-01-19 18:46:30.267000;1;102132;1;1;6800.0000;1;55667.0000;None;601200.0000
11817;2023-01-19 13:36:22.583000;1;102132;1;1;6800.0000;1;11185.0000;None;120800.0000
22160;2023-01-19 14:42:35.157000;1;102132;1;1;6800.0000;1;18500.0000;None;199800.0000
11821;2023-01-19 13:52:52.413000;1;102132;1;1;6800.0000;1;22259.0000;None;240400.0000
11818;2023-01-19 14:06:52.020000;1;102138;1;1;3800.0000;1;41759.0000;None;451000.0000
11815;2023-01-19 13:28:45.950000;1;102141;1;1;3800.0000;1;9315.0000;None;100600.0000
11820;2023-01-19 13:44:13.067000;1;102141;1;1;3800.0000;1;5204.0000;None;56200.0000
397;2023-01-19 20:24:24.500000;1;102141;1;1;3800.0000;1;49574.0000;None;535400.0000
396;2023-01-19 20:20:54.083000;1;102141;1;-1;-3800.0000;1;-49574.0000;None;-535400.0000
22131;2023-01-19 11:52:02.353000;1;102141;1;1;3800.0000;1;49574.0000;None;535400.0000
11817;2023-01-19 13:36:22.583000;1;102172;1;1;4800.0000;1;11185.0000;None;120800.0000
22174;2023-01-19 21:24:01.753000;1;102187;1;1;3800.0000;1;71334.0000;None;770400.0000
22150;2023-01-19 13:06:31.437000;1;102239;1;1;5800.0000;1;22333.0000;None;241200.0000
22152;2023-01-19 14:27:58.310000;1;102261;1;1;4800.0000;1;21222.0000;None;229200.0000
22149;2023-01-19 12:59:06.940000;1;102289;1;1;4800.0000;1;68426.0000;None;739000.0000
22179;2023-01-19 20:45:16.403000;1;102330;1;1;56800.0000;1;14704.0000;None;158800.0000
22170;2023-01-19 19:43:44.550000;1;102339;1;1;49800.0000;1;58500.0000;None;631800.0000
22164;2023-01-19 16:52:06.733000;1;102406;2;1;16600.0000;1;None;None;150200.0000
22143;2023-01-19 13:11:00.950000;1;102423;1;1;64800.0000;1;35574.0000;None;384200.0000
11813;2023-01-19 13:08:12.137000;1;102424;1;1;52800.0000;1;37593.0000;None;406000.0000
22133;2023-01-19 12:11:09.240000;1;102424;1;1;52800.0000;1;43111.0000;None;465600.0000
22164;2023-01-19 16:52:06.733000;1;102460;2;1;31300.0000;1;None;None;150200.0000
22148;2023-01-19 12:55:34.243000;1;102476;1;1;37800.0000;1;65093.0000;None;703000.0000
22151;2023-01-19 13:16:16.747000;1;102476;1;2;75600.0000;1;14463.0000;None;156200.0000
22172;2023-01-19 19:15:09.127000;1;102498;1;1;34800.0000;1;7796.0000;None;84200.0000
22172;2023-01-19 19:15:09.127000;1;102498;1;1;34800.0000;1;7796.0000;None;84200.0000
22174;2023-01-19 20:19:58.963000;1;102498;1;1;34800.0000;1;71334.0000;None;770400.0000
22148;2023-01-19 12:55:34.243000;1;102498;1;1;34800.0000;1;65093.0000;None;703000.0000
11824;2023-01-19 19:45:54.220000;1;102506;1;1;39800.0000;1;24093.0000;None;260200.0000
22148;2023-01-19 12:55:34.243000;1;102569;1;1;28800.0000;1;65093.0000;None;703000.0000
11810;2023-01-19 13:11:17.633000;1;102569;1;1;28800.0000;1;64315.0000;None;694600.0000
22150;2023-01-19 13:06:31.437000;1;102602;1;1;27800.0000;1;22333.0000;None;241200.0000
22142;2023-01-19 12:46:46.127000;1;102602;1;1;27800.0000;1;52630.0000;None;568400.0000
22142;2023-01-19 12:46:46.127000;1;102602;1;1;27800.0000;1;52630.0000;None;568400.0000
22142;2023-01-19 13:33:00.397000;1;102602;1;1;27800.0000;1;52630.0000;None;568400.0000
22172;2023-01-19 19:15:09.127000;3;102619;1;1;7800.0000;1;7796.0000;None;84200.0000
22151;2023-01-19 13:09:33.863000;3;102635;1;1;8800.0000;1;14463.0000;None;156200.0000
11815;2023-01-19 13:18:06.567000;3;102635;1;1;8800.0000;1;9315.0000;None;100600.0000
22177;2023-01-19 20:06:16.273000;3;102635;1;1;8800.0000;1;65834.0000;None;711000.0000
22177;2023-01-19 20:06:16.273000;3;102635;1;1;8800.0000;1;65834.0000;None;711000.0000
22177;2023-01-19 21:27:24.630000;3;102635;1;1;8800.0000;1;65834.0000;None;711000.0000
22148;2023-01-19 12:52:47.677000;3;102635;1;3;26400.0000;1;65093.0000;None;703000.0000
22133;2023-01-19 12:35:53.097000;3;102635;1;1;8800.0000;1;43111.0000;None;465600.0000
22133;2023-01-19 12:39:07.120000;3;102635;1;1;8800.0000;1;43111.0000;None;465600.0000
22148;2023-01-19 12:52:47.677000;3;102651;1;1;9800.0000;1;65093.0000;None;703000.0000
11810;2023-01-19 13:00:18.940000;3;102657;1;1;12800.0000;1;64315.0000;None;694600.0000
11821;2023-01-19 13:39:59.640000;3;102657;1;1;12800.0000;1;22259.0000;None;240400.0000
22134;2023-01-19 12:23:01.980000;1;102675;1;1;28800.0000;1;8704.0000;None;94000.0000
22148;2023-01-19 12:52:47.677000;3;102747;1;1;4800.0000;1;65093.0000;None;703000.0000
22148;2023-01-19 12:52:47.677000;3;102747;1;1;4800.0000;1;65093.0000;None;703000.0000
22147;2023-01-19 12:51:29.560000;3;102747;1;1;4800.0000;1;16982.0000;None;183400.0000
22147;2023-01-19 12:51:29.560000;3;102747;1;1;4800.0000;1;16982.0000;None;183400.0000
22156;2023-01-19 14:20:31.780000;3;102747;1;1;4800.0000;1;24074.0000;None;260000.0000
22160;2023-01-19 15:03:12.193000;3;102747;1;1;4800.0000;1;18500.0000;None;199800.0000
22160;2023-01-19 14:42:35.157000;3;102747;1;1;4800.0000;1;18500.0000;None;199800.0000
11818;2023-01-19 13:56:46.673000;3;102747;1;1;4800.0000;1;41759.0000;None;451000.0000
11818;2023-01-19 13:56:46.673000;3;102747;1;1;4800.0000;1;41759.0000;None;451000.0000
22151;2023-01-19 13:09:33.863000;3;102747;1;1;4800.0000;1;14463.0000;None;156200.0000
22173;2023-01-19 19:50:54.590000;3;102747;1;1;4800.0000;1;33741.0000;None;364400.0000
11823;2023-01-19 18:44:24.667000;3;102747;1;1;4800.0000;1;240779.0000;None;2600400.0000
22177;2023-01-19 21:27:24.630000;3;102747;1;1;4800.0000;1;65834.0000;None;711000.0000
22177;2023-01-19 20:06:16.273000;3;102747;1;1;4800.0000;1;65834.0000;None;711000.0000
11824;2023-01-19 19:45:54.220000;3;102748;1;1;15800.0000;1;24093.0000;None;260200.0000
11824;2023-01-19 19:45:54.220000;3;102748;1;1;15800.0000;1;24093.0000;None;260200.0000
11825;2023-01-19 20:36:07.413000;1;102755;1;1;36800.0000;1;37074.0000;None;400400.0000
22151;2023-01-19 13:09:33.863000;6;102856;1;1;0.0000;1;14463.0000;None;156200.0000
22168;2023-01-19 20:11:18.913000;1;102884;1;1;19800.0000;1;55667.0000;None;601200.0000
22174;2023-01-19 21:24:01.753000;1;102884;1;1;19800.0000;1;71334.0000;None;770400.0000
22148;2023-01-19 14:20:24.723000;1;102884;1;1;19800.0000;1;65093.0000;None;703000.0000
22164;2023-01-19 16:52:06.733000;1;102897;2;2;22800.0000;1;None;None;150200.0000
22161;2023-01-19 15:02:54.747000;1;102897;2;1;11400.0000;1;None;None;66900.0000
22168;2023-01-19 18:23:03.247000;2;102933;1;1;25800.0000;1;55667.0000;None;601200.0000
22173;2023-01-19 19:17:03.433000;2;102933;1;1;25800.0000;1;33741.0000;None;364400.0000
22142;2023-01-19 12:37:02.853000;2;102979;1;3;83400.0000;1;52630.0000;None;568400.0000
22142;2023-01-19 13:33:00.397000;2;102979;1;2;55600.0000;1;52630.0000;None;568400.0000
22142;2023-01-19 13:15:44.037000;2;102979;1;1;27800.0000;1;52630.0000;None;568400.0000
22133;2023-01-19 12:11:09.240000;1;103106;1;1;24800.0000;1;43111.0000;None;465600.0000
11818;2023-01-19 13:35:57.273000;1;103106;1;1;24800.0000;1;41759.0000;None;451000.0000
396;2023-01-19 20:20:54.083000;1;103135;1;-1;-10800.0000;1;-49574.0000;None;-535400.0000
22179;2023-01-19 20:58:48.913000;1;103135;1;1;10800.0000;1;14704.0000;None;158800.0000
397;2023-01-19 20:24:24.500000;1;103135;1;1;10800.0000;1;49574.0000;None;535400.0000
22131;2023-01-19 11:52:02.353000;1;103135;1;1;10800.0000;1;49574.0000;None;535400.0000
22134;2023-01-19 12:23:01.980000;1;103160;1;1;16800.0000;1;8704.0000;None;94000.0000
22144;2023-01-19 13:32:06.353000;1;103160;1;1;16800.0000;1;34315.0000;None;370600.0000
22178;2023-01-19 20:39:58.763000;1;103160;1;1;16800.0000;1;24278.0000;None;262200.0000
22177;2023-01-19 20:27:49.320000;1;103160;1;1;16800.0000;1;65834.0000;None;711000.0000
22162;2023-01-19 16:58:43.863000;1;103160;1;1;16800.0000;1;9333.0000;None;100800.0000
396;2023-01-19 20:20:54.083000;1;103162;1;-1;-109800.0000;1;-49574.0000;None;-535400.0000
397;2023-01-19 20:24:24.500000;1;103162;1;1;109800.0000;1;49574.0000;None;535400.0000
22131;2023-01-19 11:52:02.353000;1;103162;1;1;109800.0000;1;49574.0000;None;535400.0000
22170;2023-01-19 19:08:18.230000;1;103163;1;1;16800.0000;1;58500.0000;None;631800.0000
22149;2023-01-19 14:57:01.997000;1;103166;1;1;19800.0000;1;68426.0000;None;739000.0000
11824;2023-01-19 19:45:54.220000;1;103171;1;1;28800.0000;1;24093.0000;None;260200.0000
11817;2023-01-19 13:36:22.583000;1;103171;1;1;28800.0000;1;11185.0000;None;120800.0000
11820;2023-01-19 13:44:13.067000;1;103171;1;1;28800.0000;1;5204.0000;None;56200.0000
22152;2023-01-19 13:48:43.817000;1;103192;1;2;139600.0000;1;21222.0000;None;229200.0000
392;2023-01-19 14:51:29.523000;1;103192;1;2;139600.0000;1;35130.0000;None;379400.0000
11825;2023-01-19 20:36:07.413000;1;103192;1;1;69800.0000;1;37074.0000;None;400400.0000
22137;2023-01-19 13:00:11.687000;1;103192;1;1;69800.0000;1;25556.0000;None;276000.0000
22147;2023-01-19 13:02:30.907000;1;103339;1;1;27800.0000;1;16982.0000;None;183400.0000
11816;2023-01-19 13:21:29.217000;1;103344;1;1;41800.0000;1;9185.0000;None;99200.0000
22147;2023-01-19 13:02:30.907000;1;103345;1;1;54800.0000;1;16982.0000;None;183400.0000
11811;2023-01-19 13:54:24.063000;1;103351;1;1;46800.0000;1;21352.0000;None;230600.0000
22133;2023-01-19 12:11:09.240000;1;103369;1;1;149800.0000;1;43111.0000;None;465600.0000
22173;2023-01-19 19:17:03.433000;1;103389;1;1;49800.0000;1;33741.0000;None;364400.0000
22177;2023-01-19 21:27:24.630000;1;103389;1;1;49800.0000;1;65834.0000;None;711000.0000
22177;2023-01-19 20:46:01.957000;1;103389;1;1;49800.0000;1;65834.0000;None;711000.0000
22170;2023-01-19 19:43:44.550000;1;103392;1;1;75800.0000;1;58500.0000;None;631800.0000
22156;2023-01-19 13:45:59.563000;1;103392;1;1;75800.0000;1;24074.0000;None;260000.0000
22133;2023-01-19 12:11:09.240000;1;103392;1;1;75800.0000;1;43111.0000;None;465600.0000
11813;2023-01-19 13:08:12.137000;1;103392;1;1;75800.0000;1;37593.0000;None;406000.0000
22131;2023-01-19 11:52:02.353000;1;103396;1;1;79800.0000;1;49574.0000;None;535400.0000
22171;2023-01-19 19:57:28.063000;1;103396;1;1;79800.0000;1;98112.0000;None;1059600.0000
396;2023-01-19 20:20:54.083000;1;103396;1;-1;-79800.0000;1;-49574.0000;None;-535400.0000
397;2023-01-19 20:24:24.500000;1;103396;1;1;79800.0000;1;49574.0000;None;535400.0000
22160;2023-01-19 14:42:35.157000;1;103400;1;1;12800.0000;1;18500.0000;None;199800.0000
22145;2023-01-19 14:07:51.463000;1;103400;1;1;12800.0000;1;26685.0000;None;288200.0000
22148;2023-01-19 12:55:34.243000;6;103488;1;1;0.0000;1;65093.0000;None;703000.0000
22174;2023-01-19 20:19:58.963000;6;103488;1;1;0.0000;1;71334.0000;None;770400.0000
391;2023-01-19 14:39:54.657000;1;103592;1;1;68800.0000;1;None;None;68800.0000
22145;2023-01-19 14:07:51.463000;1;103592;1;1;68800.0000;1;26685.0000;None;288200.0000
22148;2023-01-19 12:52:47.677000;1;103749;1;1;14800.0000;1;65093.0000;None;703000.0000
22148;2023-01-19 12:52:47.677000;1;103756;1;1;23800.0000;1;65093.0000;None;703000.0000
22160;2023-01-19 14:42:35.157000;1;103756;1;1;23800.0000;1;18500.0000;None;199800.0000
22148;2023-01-19 12:52:47.677000;1;103771;1;1;17800.0000;1;65093.0000;None;703000.0000
22177;2023-01-19 21:27:24.630000;1;103818;1;1;109800.0000;1;65834.0000;None;711000.0000
22173;2023-01-19 19:24:29.523000;1;103823;1;1;32800.0000;1;33741.0000;None;364400.0000
22150;2023-01-19 13:06:31.437000;1;103823;1;1;32800.0000;1;22333.0000;None;241200.0000
11824;2023-01-19 19:45:54.220000;1;103840;1;1;69800.0000;1;24093.0000;None;260200.0000
11823;2023-01-19 18:57:54.717000;1;103876;1;4;155200.0000;1;240779.0000;None;2600400.0000
22176;2023-01-19 20:10:47.837000;1;103902;1;1;89800.0000;1;20204.0000;None;218200.0000
22171;2023-01-19 19:57:28.063000;1;103945;1;1;69800.0000;1;98112.0000;None;1059600.0000
22149;2023-01-19 13:54:20.860000;1;103946;1;1;79800.0000;1;68426.0000;None;739000.0000
22160;2023-01-19 15:39:00.063000;1;103995;1;1;24800.0000;1;18500.0000;None;199800.0000
22156;2023-01-19 14:36:48.357000;1;103995;1;1;24800.0000;1;24074.0000;None;260000.0000
392;2023-01-19 14:09:00.197000;1;104010;1;1;15800.0000;1;35130.0000;None;379400.0000
22152;2023-01-19 13:44:35.047000;1;104010;1;1;15800.0000;1;21222.0000;None;229200.0000
11818;2023-01-19 13:35:57.273000;1;104010;1;1;15800.0000;1;41759.0000;None;451000.0000
22167;2023-01-19 18:19:51.833000;1;104010;1;1;15800.0000;1;12500.0000;None;135000.0000
22142;2023-01-19 12:46:46.127000;1;104010;1;1;15800.0000;1;52630.0000;None;568400.0000
11820;2023-01-19 13:44:13.067000;1;104206;1;1;16800.0000;1;5204.0000;None;56200.0000
392;2023-01-19 14:51:29.523000;1;104206;1;1;16800.0000;1;35130.0000;None;379400.0000
11825;2023-01-19 20:36:07.413000;1;104206;1;1;16800.0000;1;37074.0000;None;400400.0000
11819;2023-01-19 13:58:51.637000;1;104281;1;1;42800.0000;1;13796.0000;None;149000.0000
22158;2023-01-19 13:54:56.467000;1;104294;1;2;139600.0000;1;23759.0000;None;256600.0000
22171;2023-01-19 19:57:28.063000;1;104294;1;1;69800.0000;1;98112.0000;None;1059600.0000
22148;2023-01-19 12:55:34.243000;1;104294;1;1;69800.0000;1;65093.0000;None;703000.0000
22135;2023-01-19 12:23:56.430000;1;104315;1;1;65800.0000;1;37871.0000;None;409000.0000
11812;2023-01-19 13:10:30.877000;3;104446;1;1;5800.0000;1;17370.0000;None;187600.0000
11812;2023-01-19 12:41:26.223000;3;104446;1;1;5800.0000;1;17370.0000;None;187600.0000
11824;2023-01-19 19:45:54.220000;3;104446;1;1;5800.0000;1;24093.0000;None;260200.0000
11823;2023-01-19 19:55:49.027000;3;104446;1;1;5800.0000;1;240779.0000;None;2600400.0000
22170;2023-01-19 19:20:04.037000;3;104446;1;1;5800.0000;1;58500.0000;None;631800.0000
11817;2023-01-19 13:29:40.850000;3;104446;1;1;5800.0000;1;11185.0000;None;120800.0000
11818;2023-01-19 14:43:34.323000;3;104554;1;1;4800.0000;1;41759.0000;None;451000.0000
22152;2023-01-19 14:42:33.787000;3;104554;1;1;4800.0000;1;21222.0000;None;229200.0000
11815;2023-01-19 14:30:33.193000;3;104554;1;1;4800.0000;1;9315.0000;None;100600.0000
11815;2023-01-19 14:30:33.193000;3;104554;1;1;4800.0000;1;9315.0000;None;100600.0000
11823;2023-01-19 18:44:24.667000;3;104554;1;1;4800.0000;1;240779.0000;None;2600400.0000
22174;2023-01-19 21:24:01.753000;3;104554;1;1;4800.0000;1;71334.0000;None;770400.0000
396;2023-01-19 20:20:54.083000;3;104554;1;-2;-9600.0000;1;-49574.0000;None;-535400.0000
11825;2023-01-19 20:09:36.967000;3;104554;1;1;4800.0000;1;37074.0000;None;400400.0000
397;2023-01-19 20:24:24.500000;3;104554;1;2;9600.0000;1;49574.0000;None;535400.0000
22148;2023-01-19 14:20:24.723000;3;104554;1;1;4800.0000;1;65093.0000;None;703000.0000
22131;2023-01-19 11:52:02.353000;3;104554;1;2;9600.0000;1;49574.0000;None;535400.0000
22137;2023-01-19 13:00:11.687000;1;104638;1;1;69800.0000;1;25556.0000;None;276000.0000
11825;2023-01-19 20:36:07.413000;1;104719;1;1;39800.0000;1;37074.0000;None;400400.0000
11815;2023-01-19 13:28:45.950000;1;104719;1;1;39800.0000;1;9315.0000;None;100600.0000
11812;2023-01-19 13:07:47.973000;1;104719;1;1;39800.0000;1;17370.0000;None;187600.0000
22170;2023-01-19 19:08:18.230000;1;104873;1;1;37800.0000;1;58500.0000;None;631800.0000
22170;2023-01-19 18:44:48.693000;1;104873;1;1;37800.0000;1;58500.0000;None;631800.0000
22179;2023-01-19 20:47:41.807000;1;104873;1;1;37800.0000;1;14704.0000;None;158800.0000
22168;2023-01-19 18:46:30.267000;1;104893;1;1;129800.0000;1;55667.0000;None;601200.0000
11823;2023-01-19 19:27:54.960000;1;104893;1;5;649000.0000;1;240779.0000;None;2600400.0000
22173;2023-01-19 19:24:29.523000;1;104893;1;1;129800.0000;1;33741.0000;None;364400.0000
11818;2023-01-19 13:35:57.273000;1;104893;1;1;129800.0000;1;41759.0000;None;451000.0000
22159;2023-01-19 14:13:22.983000;1;104893;1;1;129800.0000;1;28500.0000;None;307800.0000
22142;2023-01-19 13:33:00.397000;1;104893;1;1;129800.0000;1;52630.0000;None;568400.0000
11813;2023-01-19 13:08:12.137000;1;104893;1;1;129800.0000;1;37593.0000;None;406000.0000
22149;2023-01-19 13:54:20.860000;1;104893;1;1;129800.0000;1;68426.0000;None;739000.0000
22149;2023-01-19 13:54:20.860000;1;104893;1;1;129800.0000;1;68426.0000;None;739000.0000
11810;2023-01-19 13:11:17.633000;1;104893;1;1;129800.0000;1;64315.0000;None;694600.0000
22135;2023-01-19 12:23:56.430000;1;104893;1;1;129800.0000;1;37871.0000;None;409000.0000
11815;2023-01-19 13:28:45.950000;1;105188;1;1;31800.0000;1;9315.0000;None;100600.0000
11814;2023-01-19 13:54:43.763000;1;105421;1;1;18800.0000;1;27204.0000;None;293800.0000
11823;2023-01-19 20:30:57.147000;1;105421;1;5;94000.0000;1;240779.0000;None;2600400.0000
11810;2023-01-19 12:57:22.050000;6;105446;1;1;0.0000;1;64315.0000;None;694600.0000
11810;2023-01-19 14:36:26.853000;6;105446;1;1;0.0000;1;64315.0000;None;694600.0000
11810;2023-01-19 12:57:22.050000;6;105520;1;1;0.0000;1;64315.0000;None;694600.0000
22170;2023-01-19 19:08:18.230000;6;105520;1;1;0.0000;1;58500.0000;None;631800.0000
22162;2023-01-19 16:35:25.990000;6;105520;1;1;0.0000;1;9333.0000;None;100800.0000
22162;2023-01-19 17:47:44.057000;6;105520;1;1;0.0000;1;9333.0000;None;100800.0000
22162;2023-01-19 16:35:25.990000;6;105520;1;1;0.0000;1;9333.0000;None;100800.0000
11810;2023-01-19 13:57:43.470000;6;105631;1;1;0.0000;1;64315.0000;None;694600.0000
11810;2023-01-19 13:51:48.730000;6;105631;1;1;0.0000;1;64315.0000;None;694600.0000
22162;2023-01-19 15:53:55.760000;6;105631;1;1;0.0000;1;9333.0000;None;100800.0000
22162;2023-01-19 15:53:55.760000;6;105631;1;1;0.0000;1;9333.0000;None;100800.0000
22170;2023-01-19 19:20:04.037000;6;105631;1;1;0.0000;1;58500.0000;None;631800.0000
22170;2023-01-19 18:45:11.393000;6;105631;1;1;0.0000;1;58500.0000;None;631800.0000
22173;2023-01-19 19:17:03.433000;6;105631;1;1;0.0000;1;33741.0000;None;364400.0000
22173;2023-01-19 19:47:42.310000;6;105631;1;1;0.0000;1;33741.0000;None;364400.0000
22174;2023-01-19 19:32:22.650000;6;105631;1;1;0.0000;1;71334.0000;None;770400.0000
22174;2023-01-19 19:32:22.650000;6;105631;1;1;0.0000;1;71334.0000;None;770400.0000
22174;2023-01-19 19:32:22.650000;6;105631;1;1;0.0000;1;71334.0000;None;770400.0000
22174;2023-01-19 19:32:22.650000;6;105631;1;1;0.0000;1;71334.0000;None;770400.0000
11818;2023-01-19 14:06:52.020000;1;105864;1;1;43800.0000;1;41759.0000;None;451000.0000
22149;2023-01-19 12:59:06.940000;1;105864;1;1;43800.0000;1;68426.0000;None;739000.0000
22170;2023-01-19 19:33:25.110000;2;105918;1;1;27800.0000;1;58500.0000;None;631800.0000
22170;2023-01-19 19:20:04.037000;2;105918;1;1;27800.0000;1;58500.0000;None;631800.0000
22156;2023-01-19 13:39:28.507000;2;106012;1;1;41800.0000;1;24074.0000;None;260000.0000
11821;2023-01-19 13:52:52.413000;6;106272;1;2;0.0000;1;22259.0000;None;240400.0000
22156;2023-01-19 13:39:28.507000;6;106272;1;1;0.0000;1;24074.0000;None;260000.0000
22156;2023-01-19 13:45:59.563000;6;106272;1;1;0.0000;1;24074.0000;None;260000.0000
11821;2023-01-19 13:39:59.640000;6;106272;1;1;0.0000;1;22259.0000;None;240400.0000
22159;2023-01-19 14:12:09.037000;6;106272;1;1;0.0000;1;28500.0000;None;307800.0000
22159;2023-01-19 12:43:53.560000;6;106272;1;1;0.0000;1;28500.0000;None;307800.0000
22158;2023-01-19 13:34:04.783000;6;106272;1;1;0.0000;1;23759.0000;None;256600.0000
22158;2023-01-19 13:34:04.783000;6;106272;1;1;0.0000;1;23759.0000;None;256600.0000
22160;2023-01-19 14:42:35.157000;6;106272;1;2;0.0000;1;18500.0000;None;199800.0000
392;2023-01-19 13:53:40.157000;6;106272;1;1;0.0000;1;35130.0000;None;379400.0000
11820;2023-01-19 13:44:13.067000;6;106272;1;1;0.0000;1;5204.0000;None;56200.0000
11819;2023-01-19 13:36:11.037000;6;106272;1;2;0.0000;1;13796.0000;None;149000.0000
11818;2023-01-19 13:35:57.273000;6;106272;1;1;0.0000;1;41759.0000;None;451000.0000
11815;2023-01-19 13:18:06.567000;6;106272;1;1;0.0000;1;9315.0000;None;100600.0000
22151;2023-01-19 13:09:33.863000;6;106272;1;1;0.0000;1;14463.0000;None;156200.0000
11817;2023-01-19 13:29:40.850000;6;106272;1;2;0.0000;1;11185.0000;None;120800.0000
22152;2023-01-19 13:20:45.223000;6;106272;1;1;0.0000;1;21222.0000;None;229200.0000
11816;2023-01-19 13:21:29.217000;6;106272;1;2;0.0000;1;9185.0000;None;99200.0000
22170;2023-01-19 18:39:26.563000;6;106272;1;1;0.0000;1;58500.0000;None;631800.0000
22168;2023-01-19 18:20:31.317000;6;106272;1;2;None;1;55667.0000;None;601200.0000
22162;2023-01-19 15:53:55.760000;6;106272;1;1;0.0000;1;9333.0000;None;100800.0000
11822;2023-01-19 14:48:15.767000;6;106272;1;1;0.0000;1;3370.0000;None;36400.0000
22167;2023-01-19 18:13:59.893000;6;106272;1;2;0.0000;1;12500.0000;None;135000.0000
22166;2023-01-19 17:38:07.680000;6;106272;1;1;0.0000;1;3704.0000;None;40000.0000
22171;2023-01-19 19:00:52.063000;6;106272;1;1;0.0000;1;98112.0000;None;1059600.0000
11823;2023-01-19 18:32:27.627000;6;106272;1;1;0.0000;1;240779.0000;None;2600400.0000
11823;2023-01-19 18:32:27.627000;6;106272;1;1;0.0000;1;240779.0000;None;2600400.0000
11823;2023-01-19 18:32:27.627000;6;106272;1;1;0.0000;1;240779.0000;None;2600400.0000
22174;2023-01-19 19:32:22.650000;6;106272;1;1;0.0000;1;71334.0000;None;770400.0000
22173;2023-01-19 19:17:03.433000;6;106272;1;1;0.0000;1;33741.0000;None;364400.0000
22172;2023-01-19 19:15:09.127000;6;106272;1;1;0.0000;1;7796.0000;None;84200.0000
22178;2023-01-19 20:39:58.763000;6;106272;1;1;0.0000;1;24278.0000;None;262200.0000
22179;2023-01-19 20:45:16.403000;6;106272;1;1;0.0000;1;14704.0000;None;158800.0000
11825;2023-01-19 20:09:36.967000;6;106272;1;1;0.0000;1;37074.0000;None;400400.0000
22176;2023-01-19 19:39:59.127000;6;106272;1;1;0.0000;1;20204.0000;None;218200.0000
11824;2023-01-19 19:45:54.220000;6;106272;1;1;0.0000;1;24093.0000;None;260200.0000
22177;2023-01-19 20:06:16.273000;6;106272;1;1;0.0000;1;65834.0000;None;711000.0000
22133;2023-01-19 12:03:02.173000;6;106272;1;1;0.0000;1;43111.0000;None;465600.0000
22135;2023-01-19 12:13:10.477000;6;106272;1;1;None;1;37871.0000;None;409000.0000
22134;2023-01-19 12:15:25.167000;6;106272;1;1;0.0000;1;8704.0000;None;94000.0000
22137;2023-01-19 12:19:08.340000;6;106272;1;1;0.0000;1;25556.0000;None;276000.0000
11811;2023-01-19 12:34:10.623000;6;106272;1;1;0.0000;1;21352.0000;None;230600.0000
22141;2023-01-19 12:36:22.393000;6;106272;1;1;0.0000;1;48982.0000;None;529000.0000
11810;2023-01-19 12:33:01.477000;6;106272;1;1;0.0000;1;64315.0000;None;694600.0000
11809;2023-01-19 12:29:36.920000;6;106272;1;1;0.0000;1;2741.0000;None;29600.0000
22138;2023-01-19 12:24:18.533000;6;106272;1;1;0.0000;1;12111.0000;None;130800.0000
22149;2023-01-19 12:59:06.940000;6;106272;1;1;0.0000;1;68426.0000;None;739000.0000
11814;2023-01-19 13:03:54.730000;6;106272;1;1;0.0000;1;27204.0000;None;293800.0000
22150;2023-01-19 12:59:48.540000;6;106272;1;1;0.0000;1;22333.0000;None;241200.0000
22148;2023-01-19 12:52:47.677000;6;106272;1;1;0.0000;1;65093.0000;None;703000.0000
22148;2023-01-19 12:52:47.677000;6;106272;1;1;0.0000;1;65093.0000;None;703000.0000
11813;2023-01-19 12:48:57.057000;6;106272;1;1;0.0000;1;37593.0000;None;406000.0000
22147;2023-01-19 12:51:29.560000;6;106272;1;1;0.0000;1;16982.0000;None;183400.0000
22145;2023-01-19 12:43:30.867000;6;106272;1;1;0.0000;1;26685.0000;None;288200.0000
22142;2023-01-19 12:37:02.853000;6;106272;1;1;0.0000;1;52630.0000;None;568400.0000
11812;2023-01-19 12:41:26.223000;6;106272;1;1;0.0000;1;17370.0000;None;187600.0000
22143;2023-01-19 12:41:06.527000;6;106272;1;1;None;1;35574.0000;None;384200.0000
22178;2023-01-19 20:39:58.763000;1;106372;1;1;31800.0000;1;24278.0000;None;262200.0000
11823;2023-01-19 19:50:19.167000;1;106372;1;1;31800.0000;1;240779.0000;None;2600400.0000
22148;2023-01-19 12:55:34.243000;1;107004;1;1;52800.0000;1;65093.0000;None;703000.0000
22138;2023-01-19 12:27:47.187000;1;107004;1;1;52800.0000;1;12111.0000;None;130800.0000
22138;2023-01-19 12:27:47.187000;1;107004;1;1;52800.0000;1;12111.0000;None;130800.0000
22137;2023-01-19 13:00:11.687000;1;107005;1;1;65800.0000;1;25556.0000;None;276000.0000
22150;2023-01-19 13:06:31.437000;1;107005;1;1;65800.0000;1;22333.0000;None;241200.0000
22171;2023-01-19 19:57:28.063000;1;107005;1;1;65800.0000;1;98112.0000;None;1059600.0000
22174;2023-01-19 20:19:58.963000;1;107006;1;1;51800.0000;1;71334.0000;None;770400.0000
22174;2023-01-19 20:19:58.963000;1;107006;1;1;51800.0000;1;71334.0000;None;770400.0000
22148;2023-01-19 12:55:34.243000;1;107006;1;1;51800.0000;1;65093.0000;None;703000.0000
11814;2023-01-19 13:03:54.730000;1;107007;1;1;63800.0000;1;27204.0000;None;293800.0000
11825;2023-01-19 20:36:07.413000;1;107007;1;1;63800.0000;1;37074.0000;None;400400.0000
22178;2023-01-19 20:39:58.763000;1;107007;1;1;63800.0000;1;24278.0000;None;262200.0000
22167;2023-01-19 18:19:51.833000;1;107007;1;1;63800.0000;1;12500.0000;None;135000.0000
22160;2023-01-19 14:42:35.157000;1;107007;1;1;63800.0000;1;18500.0000;None;199800.0000
22174;2023-01-19 20:19:58.963000;1;107008;1;1;57800.0000;1;71334.0000;None;770400.0000
22174;2023-01-19 20:19:58.963000;1;107008;1;1;57800.0000;1;71334.0000;None;770400.0000
22147;2023-01-19 13:02:30.907000;1;107008;1;1;57800.0000;1;16982.0000;None;183400.0000
11812;2023-01-19 13:07:47.973000;1;107008;1;1;57800.0000;1;17370.0000;None;187600.0000
22131;2023-01-19 11:52:02.353000;1;107010;1;2;179600.0000;1;49574.0000;None;535400.0000
11810;2023-01-19 13:11:17.633000;1;107010;1;1;89800.0000;1;64315.0000;None;694600.0000
22144;2023-01-19 13:32:06.353000;1;107010;1;2;179600.0000;1;34315.0000;None;370600.0000
11813;2023-01-19 13:08:12.137000;1;107010;1;1;89800.0000;1;37593.0000;None;406000.0000
11814;2023-01-19 13:03:54.730000;1;107010;1;1;89800.0000;1;27204.0000;None;293800.0000
397;2023-01-19 20:24:24.500000;1;107010;1;2;179600.0000;1;49574.0000;None;535400.0000
22177;2023-01-19 21:27:24.630000;1;107010;1;1;89800.0000;1;65834.0000;None;711000.0000
396;2023-01-19 20:20:54.083000;1;107010;1;-2;-179600.0000;1;-49574.0000;None;-535400.0000
22171;2023-01-19 19:57:28.063000;1;107010;1;1;89800.0000;1;98112.0000;None;1059600.0000
11821;2023-01-19 13:52:52.413000;1;107010;1;2;179600.0000;1;22259.0000;None;240400.0000
11818;2023-01-19 13:35:57.273000;1;107010;1;1;89800.0000;1;41759.0000;None;451000.0000
22149;2023-01-19 12:59:06.940000;1;107904;1;1;159800.0000;1;68426.0000;None;739000.0000
22144;2023-01-19 12:53:30.417000;1;108071;1;1;85800.0000;1;34315.0000;None;370600.0000
22142;2023-01-19 12:46:46.127000;1;108071;1;1;85800.0000;1;52630.0000;None;568400.0000
11811;2023-01-19 13:05:52.647000;1;108071;1;1;85800.0000;1;21352.0000;None;230600.0000
22135;2023-01-19 12:23:56.430000;1;108071;1;1;85800.0000;1;37871.0000;None;409000.0000
22159;2023-01-19 12:49:25.477000;1;108071;1;1;85800.0000;1;28500.0000;None;307800.0000
392;2023-01-19 14:09:00.197000;1;108071;1;1;85800.0000;1;35130.0000;None;379400.0000
22171;2023-01-19 19:15:47.133000;1;108071;1;1;85800.0000;1;98112.0000;None;1059600.0000
22168;2023-01-19 18:20:31.317000;1;108071;1;1;85800.0000;1;55667.0000;None;601200.0000
22177;2023-01-19 20:27:49.320000;1;108071;1;1;85800.0000;1;65834.0000;None;711000.0000
22176;2023-01-19 19:46:08.787000;1;108071;1;1;85800.0000;1;20204.0000;None;218200.0000
22173;2023-01-19 19:17:03.433000;2;108084;1;1;39800.0000;1;33741.0000;None;364400.0000
22173;2023-01-19 19:47:42.310000;2;108084;1;1;39800.0000;1;33741.0000;None;364400.0000
22137;2023-01-19 12:44:14.047000;3;108191;1;1;0.0000;1;25556.0000;None;276000.0000
22179;2023-01-19 20:47:13.197000;3;108191;1;1;0.0000;1;14704.0000;None;158800.0000
11821;2023-01-19 13:39:59.640000;3;108191;1;2;0.0000;1;22259.0000;None;240400.0000
22179;2023-01-19 20:47:41.807000;1;108314;1;1;39800.0000;1;14704.0000;None;158800.0000
22143;2023-01-19 13:11:00.950000;1;108452;1;1;23800.0000;1;35574.0000;None;384200.0000
11825;2023-01-19 20:09:36.967000;3;108531;1;1;7800.0000;1;37074.0000;None;400400.0000
11825;2023-01-19 20:09:36.967000;3;108531;1;1;7800.0000;1;37074.0000;None;400400.0000
11823;2023-01-19 20:13:39.627000;1;108668;1;1;21800.0000;1;240779.0000;None;2600400.0000
11823;2023-01-19 18:57:54.717000;1;108668;1;8;174400.0000;1;240779.0000;None;2600400.0000
22143;2023-01-19 13:11:00.950000;1;108668;1;1;21800.0000;1;35574.0000;None;384200.0000
22143;2023-01-19 12:51:10.223000;1;108668;1;1;21800.0000;1;35574.0000;None;384200.0000
22145;2023-01-19 14:07:51.463000;1;108668;1;1;21800.0000;1;26685.0000;None;288200.0000
22133;2023-01-19 12:11:09.240000;1;108668;1;1;21800.0000;1;43111.0000;None;465600.0000
22133;2023-01-19 12:11:09.240000;1;108668;1;1;21800.0000;1;43111.0000;None;465600.0000
22141;2023-01-19 13:12:49.253000;1;108700;1;1;28800.0000;1;48982.0000;None;529000.0000
22144;2023-01-19 12:53:30.417000;1;108700;1;1;28800.0000;1;34315.0000;None;370600.0000
22142;2023-01-19 12:46:46.127000;1;108700;1;1;28800.0000;1;52630.0000;None;568400.0000
22148;2023-01-19 12:52:47.677000;1;108700;1;1;28800.0000;1;65093.0000;None;703000.0000
22141;2023-01-19 13:18:05.180000;1;109051;1;1;398800.0000;1;48982.0000;None;529000.0000
22150;2023-01-19 13:09:01.647000;2;109123;1;1;27800.0000;1;22333.0000;None;241200.0000
22150;2023-01-19 13:37:14.373000;2;109123;1;1;27800.0000;1;22333.0000;None;241200.0000
11810;2023-01-19 12:57:22.050000;2;109161;1;1;86800.0000;1;64315.0000;None;694600.0000
11810;2023-01-19 12:57:22.050000;2;109161;1;1;86800.0000;1;64315.0000;None;694600.0000
22141;2023-01-19 13:12:49.253000;1;109166;1;1;21800.0000;1;48982.0000;None;529000.0000
22144;2023-01-19 12:53:30.417000;1;109166;1;1;21800.0000;1;34315.0000;None;370600.0000
22145;2023-01-19 13:21:43.417000;1;109224;1;1;49800.0000;1;26685.0000;None;288200.0000
22143;2023-01-19 12:51:10.223000;1;109224;1;1;49800.0000;1;35574.0000;None;384200.0000
22170;2023-01-19 19:08:18.230000;1;109224;1;1;49800.0000;1;58500.0000;None;631800.0000
11819;2023-01-19 13:36:11.037000;1;109224;1;1;49800.0000;1;13796.0000;None;149000.0000
22174;2023-01-19 20:19:58.963000;1;109408;1;1;35800.0000;1;71334.0000;None;770400.0000
392;2023-01-19 15:48:08.013000;1;109422;1;1;16800.0000;1;35130.0000;None;379400.0000
22166;2023-01-19 17:38:07.680000;1;109422;1;1;16800.0000;1;3704.0000;None;40000.0000
22148;2023-01-19 12:52:47.677000;1;109458;1;1;26800.0000;1;65093.0000;None;703000.0000
22148;2023-01-19 12:55:34.243000;1;109486;1;1;32800.0000;1;65093.0000;None;703000.0000
22177;2023-01-19 20:14:10.350000;3;200007;1;1;12800.0000;1;65834.0000;None;711000.0000
11813;2023-01-19 12:48:57.057000;3;200007;1;3;38400.0000;1;37593.0000;None;406000.0000
22143;2023-01-19 12:41:06.527000;3;200008;1;1;15800.0000;1;35574.0000;None;384200.0000
22176;2023-01-19 19:39:59.127000;3;200008;1;1;15800.0000;1;20204.0000;None;218200.0000
22171;2023-01-19 20:11:04.777000;3;200008;1;1;15800.0000;1;98112.0000;None;1059600.0000
22171;2023-01-19 21:08:15.963000;3;200008;1;1;15800.0000;1;98112.0000;None;1059600.0000
22171;2023-01-19 19:00:52.063000;3;200008;1;1;15800.0000;1;98112.0000;None;1059600.0000
392;2023-01-19 13:53:40.157000;3;200008;1;1;15800.0000;1;35130.0000;None;379400.0000
22152;2023-01-19 13:20:45.223000;3;200008;1;1;15800.0000;1;21222.0000;None;229200.0000
22152;2023-01-19 14:16:30.187000;3;200008;1;1;15800.0000;1;21222.0000;None;229200.0000
22168;2023-01-19 18:46:30.267000;2;200147;1;1;267800.0000;1;55667.0000;None;601200.0000
22145;2023-01-19 12:43:30.867000;2;200152;1;1;109800.0000;1;26685.0000;None;288200.0000
11814;2023-01-19 13:03:54.730000;2;200152;1;1;109800.0000;1;27204.0000;None;293800.0000
22142;2023-01-19 12:37:02.853000;2;200480;1;3;38400.0000;1;52630.0000;None;568400.0000
22142;2023-01-19 13:33:00.397000;2;200480;1;1;12800.0000;1;52630.0000;None;568400.0000
22177;2023-01-19 20:43:20.930000;2;200573;1;1;223800.0000;1;65834.0000;None;711000.0000
22171;2023-01-19 19:00:52.063000;2;200573;1;1;223800.0000;1;98112.0000;None;1059600.0000
22171;2023-01-19 20:11:04.777000;2;200573;1;1;223800.0000;1;98112.0000;None;1059600.0000
22143;2023-01-19 12:41:06.527000;2;200630;1;1;120800.0000;1;35574.0000;None;384200.0000
22145;2023-01-19 13:52:06.400000;3;200644;1;1;6800.0000;1;26685.0000;None;288200.0000
22147;2023-01-19 12:51:29.560000;3;200644;1;1;6800.0000;1;16982.0000;None;183400.0000
22150;2023-01-19 12:59:48.540000;3;200644;1;1;6800.0000;1;22333.0000;None;241200.0000
22149;2023-01-19 13:47:10.777000;3;200644;1;1;6800.0000;1;68426.0000;None;739000.0000
22149;2023-01-19 14:20:40.267000;3;200644;1;1;6800.0000;1;68426.0000;None;739000.0000
11811;2023-01-19 13:55:17.467000;3;200644;1;1;6800.0000;1;21352.0000;None;230600.0000
11811;2023-01-19 13:55:17.467000;3;200644;1;1;6800.0000;1;21352.0000;None;230600.0000
11811;2023-01-19 12:49:09.103000;3;200644;1;1;6800.0000;1;21352.0000;None;230600.0000
22138;2023-01-19 12:24:18.533000;3;200644;1;2;13600.0000;1;12111.0000;None;130800.0000
22135;2023-01-19 13:29:05.760000;3;200644;1;1;6800.0000;1;37871.0000;None;409000.0000
22134;2023-01-19 12:07:07.090000;3;200644;1;1;6800.0000;1;8704.0000;None;94000.0000
22167;2023-01-19 18:13:59.893000;3;200644;1;1;6800.0000;1;12500.0000;None;135000.0000
11821;2023-01-19 14:00:49.010000;3;200644;1;1;6800.0000;1;22259.0000;None;240400.0000
22174;2023-01-19 20:54:55.840000;3;200644;1;1;6800.0000;1;71334.0000;None;770400.0000
11825;2023-01-19 21:04:01.977000;3;200644;1;1;6800.0000;1;37074.0000;None;400400.0000
22174;2023-01-19 19:32:22.650000;2;200716;1;1;371800.0000;1;71334.0000;None;770400.0000
11823;2023-01-19 20:14:43.903000;3;201146;1;2;13600.0000;1;240779.0000;None;2600400.0000
11823;2023-01-19 18:44:24.667000;3;201146;1;1;6800.0000;1;240779.0000;None;2600400.0000
22170;2023-01-19 19:43:44.550000;3;201146;1;1;6800.0000;1;58500.0000;None;631800.0000
22168;2023-01-19 18:20:31.317000;3;201146;1;1;6800.0000;1;55667.0000;None;601200.0000
11816;2023-01-19 13:21:29.217000;3;201146;1;1;6800.0000;1;9185.0000;None;99200.0000
11820;2023-01-19 13:44:13.067000;3;201146;1;1;6800.0000;1;5204.0000;None;56200.0000
11825;2023-01-19 21:04:01.977000;3;201146;1;1;6800.0000;1;37074.0000;None;400400.0000
11825;2023-01-19 20:09:36.967000;3;201146;1;1;6800.0000;1;37074.0000;None;400400.0000
22174;2023-01-19 20:54:55.840000;3;201146;1;1;6800.0000;1;71334.0000;None;770400.0000
11824;2023-01-19 19:45:54.220000;3;201146;1;1;6800.0000;1;24093.0000;None;260200.0000
22134;2023-01-19 12:18:46.157000;3;201146;1;1;6800.0000;1;8704.0000;None;94000.0000
22137;2023-01-19 12:19:08.340000;3;201146;1;1;6800.0000;1;25556.0000;None;276000.0000
22148;2023-01-19 12:52:47.677000;3;201146;1;1;6800.0000;1;65093.0000;None;703000.0000
22144;2023-01-19 12:42:16.863000;3;201146;1;1;6800.0000;1;34315.0000;None;370600.0000
22141;2023-01-19 12:55:27.920000;2;201187;1;1;10800.0000;1;48982.0000;None;529000.0000
22141;2023-01-19 13:31:14.017000;2;201187;1;1;10800.0000;1;48982.0000;None;529000.0000
22141;2023-01-19 13:38:03.483000;2;201187;1;1;10800.0000;1;48982.0000;None;529000.0000
22149;2023-01-19 12:59:06.940000;2;201187;1;1;10800.0000;1;68426.0000;None;739000.0000
22149;2023-01-19 13:47:10.777000;2;201187;1;1;10800.0000;1;68426.0000;None;739000.0000
22150;2023-01-19 12:59:48.540000;2;201187;1;1;10800.0000;1;22333.0000;None;241200.0000
22135;2023-01-19 13:44:02.823000;2;201187;1;1;10800.0000;1;37871.0000;None;409000.0000
22135;2023-01-19 13:55:02.217000;2;201187;1;-1;-10800.0000;1;37871.0000;None;409000.0000
22141;2023-01-19 12:36:22.393000;2;201187;1;1;10800.0000;1;48982.0000;None;529000.0000
11819;2023-01-19 13:58:51.637000;2;201187;1;1;10800.0000;1;13796.0000;None;149000.0000
11819;2023-01-19 13:58:51.637000;2;201187;1;1;10800.0000;1;13796.0000;None;149000.0000
22159;2023-01-19 12:43:53.560000;2;201187;1;1;10800.0000;1;28500.0000;None;307800.0000
22160;2023-01-19 14:42:35.157000;2;201187;1;1;10800.0000;1;18500.0000;None;199800.0000
22170;2023-01-19 18:39:26.563000;2;201187;1;1;10800.0000;1;58500.0000;None;631800.0000
22170;2023-01-19 18:28:35.420000;2;201187;1;1;10800.0000;1;58500.0000;None;631800.0000
22170;2023-01-19 19:20:04.037000;2;201187;1;1;10800.0000;1;58500.0000;None;631800.0000
11822;2023-01-19 14:48:15.767000;2;201187;1;2;21600.0000;1;3370.0000;None;36400.0000
11823;2023-01-19 19:04:13.313000;2;201187;1;1;10800.0000;1;240779.0000;None;2600400.0000
11823;2023-01-19 19:04:13.313000;2;201187;1;1;10800.0000;1;240779.0000;None;2600400.0000
22172;2023-01-19 19:15:09.127000;3;201206;1;1;6800.0000;1;7796.0000;None;84200.0000
11823;2023-01-19 19:11:13.690000;3;201206;1;1;6800.0000;1;240779.0000;None;2600400.0000
11818;2023-01-19 13:56:46.673000;3;201206;1;1;6800.0000;1;41759.0000;None;451000.0000
397;2023-01-19 20:24:24.500000;3;201206;1;6;40800.0000;1;49574.0000;None;535400.0000
396;2023-01-19 20:20:54.083000;3;201206;1;-6;-40800.0000;1;-49574.0000;None;-535400.0000
22131;2023-01-19 11:52:02.353000;3;201206;1;6;40800.0000;1;49574.0000;None;535400.0000
22163;2023-01-19 16:32:00.937000;3;201210;2;1;6800.0000;1;None;None;58100.0000
22167;2023-01-19 18:13:59.893000;3;201211;1;1;6800.0000;1;12500.0000;None;135000.0000
11816;2023-01-19 13:21:29.217000;3;201211;1;1;6800.0000;1;9185.0000;None;99200.0000
11817;2023-01-19 13:29:40.850000;3;201211;1;1;6800.0000;1;11185.0000;None;120800.0000
22151;2023-01-19 14:03:42.243000;3;201211;1;1;6800.0000;1;14463.0000;None;156200.0000
22151;2023-01-19 14:03:42.243000;3;201211;1;1;6800.0000;1;14463.0000;None;156200.0000
11815;2023-01-19 13:18:06.567000;3;201211;1;1;6800.0000;1;9315.0000;None;100600.0000
11821;2023-01-19 13:56:11.997000;3;201211;1;1;6800.0000;1;22259.0000;None;240400.0000
22174;2023-01-19 20:54:55.840000;3;201211;1;4;27200.0000;1;71334.0000;None;770400.0000
22179;2023-01-19 20:47:13.197000;3;201211;1;1;6800.0000;1;14704.0000;None;158800.0000
22147;2023-01-19 13:35:35.077000;3;201211;1;1;6800.0000;1;16982.0000;None;183400.0000
22144;2023-01-19 12:47:02.903000;3;201211;1;1;6800.0000;1;34315.0000;None;370600.0000
22142;2023-01-19 13:33:00.397000;3;201237;1;1;6800.0000;1;52630.0000;None;568400.0000
11825;2023-01-19 20:36:07.413000;3;201237;1;1;6800.0000;1;37074.0000;None;400400.0000
22144;2023-01-19 12:47:02.903000;3;201269;1;1;6800.0000;1;34315.0000;None;370600.0000
22145;2023-01-19 13:52:06.400000;3;201269;1;1;6800.0000;1;26685.0000;None;288200.0000
22148;2023-01-19 12:52:47.677000;3;201269;1;1;6800.0000;1;65093.0000;None;703000.0000
22148;2023-01-19 14:12:27.133000;3;201269;1;1;6800.0000;1;65093.0000;None;703000.0000
22137;2023-01-19 12:44:14.047000;3;201269;1;1;6800.0000;1;25556.0000;None;276000.0000
11810;2023-01-19 12:33:01.477000;3;201269;1;1;6800.0000;1;64315.0000;None;694600.0000
22177;2023-01-19 20:09:48.843000;3;201269;1;1;6800.0000;1;65834.0000;None;711000.0000
22179;2023-01-19 20:47:13.197000;3;201269;1;1;6800.0000;1;14704.0000;None;158800.0000
22170;2023-01-19 19:30:24.687000;3;201269;1;1;6800.0000;1;58500.0000;None;631800.0000
11823;2023-01-19 18:44:24.667000;3;201269;1;1;6800.0000;1;240779.0000;None;2600400.0000
393;2023-01-19 17:11:12.913000;12;201581;1;1;250000.0000;1;None;None;250000.0000
11822;2023-01-19 14:48:15.767000;2;201615;1;1;14800.0000;1;3370.0000;None;36400.0000
11823;2023-01-19 18:48:25.283000;2;201615;1;4;59200.0000;1;240779.0000;None;2600400.0000
22156;2023-01-19 13:45:59.563000;2;201615;1;1;14800.0000;1;24074.0000;None;260000.0000
22159;2023-01-19 12:43:53.560000;2;201615;1;1;14800.0000;1;28500.0000;None;307800.0000
22158;2023-01-19 13:59:45.703000;2;201615;1;1;14800.0000;1;23759.0000;None;256600.0000
22158;2023-01-19 13:34:04.783000;2;201615;1;1;14800.0000;1;23759.0000;None;256600.0000
11825;2023-01-19 20:09:36.967000;2;201615;1;1;14800.0000;1;37074.0000;None;400400.0000
22137;2023-01-19 12:19:08.340000;2;201615;1;1;14800.0000;1;25556.0000;None;276000.0000
22137;2023-01-19 12:19:08.340000;2;201615;1;1;14800.0000;1;25556.0000;None;276000.0000
11809;2023-01-19 12:29:36.920000;2;201615;1;1;14800.0000;1;2741.0000;None;29600.0000
11809;2023-01-19 12:47:40.560000;2;201615;1;1;14800.0000;1;2741.0000;None;29600.0000
22137;2023-01-19 13:25:49.363000;2;201615;1;1;14800.0000;1;25556.0000;None;276000.0000
22141;2023-01-19 12:36:22.393000;2;201615;1;1;14800.0000;1;48982.0000;None;529000.0000
11810;2023-01-19 13:57:43.470000;2;201615;1;1;14800.0000;1;64315.0000;None;694600.0000
11810;2023-01-19 12:57:22.050000;2;201615;1;1;14800.0000;1;64315.0000;None;694600.0000
22149;2023-01-19 13:11:52.030000;2;201615;1;1;14800.0000;1;68426.0000;None;739000.0000
22149;2023-01-19 13:47:10.777000;2;201615;1;1;14800.0000;1;68426.0000;None;739000.0000
22149;2023-01-19 12:59:06.940000;2;201615;1;1;14800.0000;1;68426.0000;None;739000.0000
22149;2023-01-19 14:28:56.360000;2;201615;1;1;14800.0000;1;68426.0000;None;739000.0000
22141;2023-01-19 13:31:14.017000;2;201615;1;1;14800.0000;1;48982.0000;None;529000.0000
11812;2023-01-19 12:41:26.223000;2;201615;1;1;14800.0000;1;17370.0000;None;187600.0000
11812;2023-01-19 13:07:47.973000;2;201615;1;1;14800.0000;1;17370.0000;None;187600.0000
22133;2023-01-19 12:35:53.097000;3;201704;1;1;15800.0000;1;43111.0000;None;465600.0000
22133;2023-01-19 12:03:02.173000;3;201704;1;1;15800.0000;1;43111.0000;None;465600.0000
22171;2023-01-19 19:07:19.760000;3;201704;1;1;15800.0000;1;98112.0000;None;1059600.0000
11823;2023-01-19 18:44:24.667000;2;201959;1;1;13800.0000;1;240779.0000;None;2600400.0000
11823;2023-01-19 19:04:13.313000;2;201961;1;1;13800.0000;1;240779.0000;None;2600400.0000
11821;2023-01-19 13:39:59.640000;2;201961;1;2;27600.0000;1;22259.0000;None;240400.0000
11823;2023-01-19 19:05:00.327000;2;202486;1;4;727200.0000;1;240779.0000;None;2600400.0000
11823;2023-01-19 20:13:39.627000;2;202486;1;2;363600.0000;1;240779.0000;None;2600400.0000
22178;2023-01-19 20:42:57.117000;2;202558;1;1;149800.0000;1;24278.0000;None;262200.0000
11811;2023-01-19 12:34:10.623000;3;202569;1;1;9800.0000;1;21352.0000;None;230600.0000
