11902;2023-01-23 18:31:03.263000;7;1001;1;1;0.0000;1;18945.0000;None;204600.0000
31950;2023-01-23 14:22:58.403000;7;1001;1;1;0.0000;1;37222.0000;None;402000.0000
22343;2023-01-23 14:56:30.063000;7;1002;1;1;0.0000;1;12889.0000;None;139200.0000
11901;2023-01-23 14:18:50.523000;7;1002;1;1;0.0000;1;73463.0000;None;793400.0000
11901;2023-01-23 14:18:50.523000;7;1002;1;1;0.0000;1;73463.0000;None;793400.0000
22338;2023-01-23 13:36:47.453000;7;1002;1;1;0.0000;1;29389.0000;None;317400.0000
11901;2023-01-23 14:18:50.523000;7;1002;1;1;0.0000;1;73463.0000;None;793400.0000
22341;2023-01-23 13:26:12.417000;7;1002;1;1;0.0000;1;12333.0000;None;133200.0000
11898;2023-01-23 13:08:25.477000;7;1002;1;1;0.0000;1;27472.0000;None;296700.0000
22335;2023-01-23 13:07:58.817000;7;1002;1;1;0.0000;1;21074.0000;None;227600.0000
22336;2023-01-23 13:15:02.533000;7;1002;1;1;0.0000;1;15935.0000;None;172100.0000
22336;2023-01-23 13:15:02.533000;7;1002;1;1;0.0000;1;15935.0000;None;172100.0000
22353;2023-01-23 19:24:18.233000;7;1002;1;1;0.0000;1;35111.0000;None;379200.0000
22353;2023-01-23 19:24:18.233000;7;1002;1;1;0.0000;1;35111.0000;None;379200.0000
22331;2023-01-23 12:38:58.877000;7;1003;2;1;0.0000;1;26611.0000;None;287400.0000
11901;2023-01-23 14:18:50.523000;7;1003;2;1;0.0000;1;73463.0000;None;793400.0000
11901;2023-01-23 14:18:50.523000;7;1003;2;1;0.0000;1;73463.0000;None;793400.0000
22342;2023-01-23 14:16:18.043000;7;1003;2;1;0.0000;1;56722.0000;None;612600.0000
22335;2023-01-23 13:07:58.817000;7;1006;1;1;0.0000;1;21074.0000;None;227600.0000
22335;2023-01-23 13:07:58.817000;7;1006;1;1;0.0000;1;21074.0000;None;227600.0000
22334;2023-01-23 12:38:14.833000;7;1006;1;1;0.0000;1;12907.0000;None;139400.0000
11898;2023-01-23 13:08:25.477000;7;1006;1;1;0.0000;1;27472.0000;None;296700.0000
22333;2023-01-23 13:10:03.110000;7;1006;1;1;0.0000;1;49537.0000;None;535000.0000
22333;2023-01-23 13:10:03.110000;7;1006;1;1;0.0000;1;49537.0000;None;535000.0000
22333;2023-01-23 13:10:03.110000;7;1006;1;1;0.0000;1;49537.0000;None;535000.0000
11901;2023-01-23 14:18:50.523000;7;1006;1;1;0.0000;1;73463.0000;None;793400.0000
22345;2023-01-23 15:17:30.577000;7;1006;1;1;0.0000;1;28167.0000;None;304200.0000
22342;2023-01-23 14:19:24.860000;7;1006;1;1;0.0000;1;56722.0000;None;612600.0000
11901;2023-01-23 14:18:50.523000;7;1006;1;1;0.0000;1;73463.0000;None;793400.0000
11902;2023-01-23 18:31:03.263000;7;1006;1;1;0.0000;1;18945.0000;None;204600.0000
22345;2023-01-23 15:17:30.577000;7;1006;1;1;0.0000;1;28167.0000;None;304200.0000
22347;2023-01-23 15:59:39.060000;7;1006;1;1;0.0000;1;94612.0000;None;1021800.0000
22347;2023-01-23 15:59:39.060000;7;1006;1;1;0.0000;1;94612.0000;None;1021800.0000
22332;2023-01-23 12:28:11.270000;7;1007;1;1;0.0000;1;18296.0000;None;197600.0000
22332;2023-01-23 12:28:11.270000;7;1007;1;1;0.0000;1;18296.0000;None;197600.0000
22342;2023-01-23 14:16:18.043000;7;1008;1;1;0.0000;1;56722.0000;None;612600.0000
22334;2023-01-23 12:38:14.833000;7;1011;1;1;0.0000;1;12907.0000;None;139400.0000
22334;2023-01-23 12:38:14.833000;7;1011;1;1;0.0000;1;12907.0000;None;139400.0000
22347;2023-01-23 15:59:39.060000;7;1018;1;1;0.0000;1;94612.0000;None;1021800.0000
22347;2023-01-23 15:59:39.060000;7;1018;1;1;0.0000;1;94612.0000;None;1021800.0000
22334;2023-01-23 12:38:14.833000;7;1020;1;1;0.0000;1;12907.0000;None;139400.0000
22342;2023-01-23 13:55:39.387000;7;1020;1;1;0.0000;1;56722.0000;None;612600.0000
22342;2023-01-23 13:55:39.387000;7;1020;1;1;0.0000;1;56722.0000;None;612600.0000
22342;2023-01-23 13:55:39.387000;7;1020;1;1;0.0000;1;56722.0000;None;612600.0000
22342;2023-01-23 13:55:39.387000;7;1020;1;1;0.0000;1;56722.0000;None;612600.0000
22342;2023-01-23 14:16:18.043000;7;1026;1;1;0.0000;1;56722.0000;None;612600.0000
11899;2023-01-23 13:23:55.997000;7;1026;1;1;0.0000;1;9259.0000;None;100000.0000
22338;2023-01-23 13:36:47.453000;7;1026;1;1;0.0000;1;29389.0000;None;317400.0000
11899;2023-01-23 13:23:55.997000;7;1026;1;1;0.0000;1;9259.0000;None;100000.0000
22342;2023-01-23 13:55:39.387000;7;1044;1;1;0.0000;1;56722.0000;None;612600.0000
22342;2023-01-23 13:55:39.387000;7;1044;1;1;0.0000;1;56722.0000;None;612600.0000
22342;2023-01-23 13:55:39.387000;7;1044;1;1;0.0000;1;56722.0000;None;612600.0000
22342;2023-01-23 13:55:39.387000;7;1044;1;1;0.0000;1;56722.0000;None;612600.0000
11899;2023-01-23 13:23:55.997000;7;1090;1;1;0.0000;1;9259.0000;None;100000.0000
11900;2023-01-23 13:22:52.107000;7;1101;1;2;0.0000;1;17185.0000;None;185600.0000
11900;2023-01-23 13:22:52.107000;7;1121;1;2;0.0000;1;17185.0000;None;185600.0000
11900;2023-01-23 13:22:52.107000;7;1125;1;2;0.0000;1;17185.0000;None;185600.0000
22339;2023-01-23 13:11:51.023000;7;1125;1;1;0.0000;1;38834.0000;None;419400.0000
22342;2023-01-23 14:16:18.043000;7;1125;1;1;0.0000;1;56722.0000;None;612600.0000
22339;2023-01-23 13:11:51.023000;7;1128;1;1;0.0000;1;38834.0000;None;419400.0000
22339;2023-01-23 13:11:51.023000;7;1128;1;1;0.0000;1;38834.0000;None;419400.0000
22334;2023-01-23 12:38:14.833000;7;1128;1;1;0.0000;1;12907.0000;None;139400.0000
22334;2023-01-23 12:38:14.833000;7;1128;1;1;0.0000;1;12907.0000;None;139400.0000
22331;2023-01-23 12:38:58.877000;7;1128;1;1;0.0000;1;26611.0000;None;287400.0000
22331;2023-01-23 12:38:58.877000;7;1128;1;1;0.0000;1;26611.0000;None;287400.0000
11902;2023-01-23 18:31:03.263000;7;1128;1;1;0.0000;1;18945.0000;None;204600.0000
22353;2023-01-23 19:24:18.233000;7;1128;1;1;0.0000;1;35111.0000;None;379200.0000
22353;2023-01-23 19:24:18.233000;7;1128;1;1;0.0000;1;35111.0000;None;379200.0000
22352;2023-01-23 17:38:35.607000;7;1135;1;1;0.0000;1;64611.0000;None;697800.0000
22354;2023-01-23 19:34:45.657000;7;1135;1;1;0.0000;1;None;None;55500.0000
22356;2023-01-23 20:54:06.497000;7;1135;1;1;0.0000;1;19278.0000;None;208200.0000
22355;2023-01-23 20:28:51.947000;7;1135;1;1;0.0000;1;None;None;57300.0000
22348;2023-01-23 15:33:39.153000;7;1135;1;1;0.0000;1;None;None;99000.0000
22333;2023-01-23 13:11:20.727000;7;1135;1;1;0.0000;1;49537.0000;None;535000.0000
22335;2023-01-23 13:07:58.817000;7;1135;1;1;0.0000;1;21074.0000;None;227600.0000
22335;2023-01-23 13:07:58.817000;7;1135;1;1;0.0000;1;21074.0000;None;227600.0000
11898;2023-01-23 13:08:25.477000;7;1135;1;1;0.0000;1;27472.0000;None;296700.0000
22339;2023-01-23 13:11:51.023000;7;1135;1;1;0.0000;1;38834.0000;None;419400.0000
22338;2023-01-23 13:52:25.157000;7;1135;1;1;0.0000;1;29389.0000;None;317400.0000
22339;2023-01-23 13:11:51.023000;7;1135;1;1;0.0000;1;38834.0000;None;419400.0000
22340;2023-01-23 13:19:13.480000;7;1135;1;1;0.0000;1;None;None;55500.0000
11900;2023-01-23 13:22:52.107000;7;1135;1;1;0.0000;1;17185.0000;None;185600.0000
11901;2023-01-23 14:18:50.523000;7;1135;1;1;0.0000;1;73463.0000;None;793400.0000
22341;2023-01-23 13:26:12.417000;7;1135;1;1;0.0000;1;12333.0000;None;133200.0000
22342;2023-01-23 14:16:18.043000;7;1135;1;1;0.0000;1;56722.0000;None;612600.0000
31949;2023-01-23 14:08:37.847000;7;1135;1;1;0.0000;1;37815.0000;None;408400.0000
11901;2023-01-23 14:18:50.523000;7;1135;1;1;0.0000;1;73463.0000;None;793400.0000
11901;2023-01-23 14:18:50.523000;7;1135;1;1;0.0000;1;73463.0000;None;793400.0000
22342;2023-01-23 14:19:24.860000;7;1135;1;1;0.0000;1;56722.0000;None;612600.0000
11902;2023-01-23 19:07:36.623000;7;1204;1;1;0.0000;1;18945.0000;None;204600.0000
11902;2023-01-23 19:07:36.623000;7;1204;1;1;0.0000;1;18945.0000;None;204600.0000
11902;2023-01-23 19:07:36.623000;7;1204;1;1;0.0000;1;18945.0000;None;204600.0000
31950;2023-01-23 14:35:24.757000;7;1204;1;1;None;1;37222.0000;None;402000.0000
31950;2023-01-23 14:35:24.757000;7;1204;1;1;None;1;37222.0000;None;402000.0000
31949;2023-01-23 14:17:42.980000;7;1204;1;1;0.0000;1;37815.0000;None;408400.0000
22338;2023-01-23 13:52:25.157000;7;1204;1;1;0.0000;1;29389.0000;None;317400.0000
22338;2023-01-23 13:52:25.157000;7;1204;1;1;0.0000;1;29389.0000;None;317400.0000
11900;2023-01-23 13:22:52.107000;7;1205;1;2;0.0000;1;17185.0000;None;185600.0000
22341;2023-01-23 13:26:12.417000;7;1207;1;1;0.0000;1;12333.0000;None;133200.0000
31949;2023-01-23 13:49:11.153000;7;1207;1;1;0.0000;1;37815.0000;None;408400.0000
22333;2023-01-23 13:08:32.663000;7;1207;1;1;None;1;49537.0000;None;535000.0000
22333;2023-01-23 13:15:11.303000;7;1207;1;1;0.0000;1;49537.0000;None;535000.0000
22333;2023-01-23 13:15:55.780000;7;1207;1;-1;0.0000;1;49537.0000;None;535000.0000
22331;2023-01-23 12:20:50.263000;7;1207;1;1;0.0000;1;26611.0000;None;287400.0000
22356;2023-01-23 21:26:50.477000;7;1207;1;1;0.0000;1;19278.0000;None;208200.0000
11898;2023-01-23 14:15:27.963000;7;1216;1;1;0.0000;1;27472.0000;None;296700.0000
22336;2023-01-23 13:55:56.867000;7;1216;1;1;0.0000;1;15935.0000;None;172100.0000
22342;2023-01-23 14:16:18.043000;7;1302;1;1;0.0000;1;56722.0000;None;612600.0000
22340;2023-01-23 13:19:13.480000;7;1319;1;1;0.0000;1;None;None;55500.0000
22340;2023-01-23 13:19:13.480000;7;1319;1;1;0.0000;1;None;None;55500.0000
22355;2023-01-23 20:28:51.947000;7;1319;1;1;0.0000;1;None;None;57300.0000
22355;2023-01-23 20:28:51.947000;7;1319;1;1;0.0000;1;None;None;57300.0000
22355;2023-01-23 20:28:51.947000;7;1319;1;1;0.0000;1;None;None;57300.0000
22354;2023-01-23 19:34:45.657000;7;1319;1;1;0.0000;1;None;None;55500.0000
22354;2023-01-23 19:34:45.657000;7;1319;1;1;0.0000;1;None;None;55500.0000
22348;2023-01-23 15:33:39.153000;7;1319;1;1;0.0000;1;None;None;99000.0000
22348;2023-01-23 15:33:39.153000;7;1319;1;1;0.0000;1;None;None;99000.0000
22351;2023-01-23 18:58:23.503000;7;2008;1;2;0.0000;1;47741.0000;None;515600.0000
22353;2023-01-23 18:48:38.450000;7;2008;1;4;0.0000;1;35111.0000;None;379200.0000
22352;2023-01-23 17:22:35.357000;7;2008;1;6;0.0000;1;64611.0000;None;697800.0000
22339;2023-01-23 12:57:12.890000;7;2008;1;3;0.0000;1;38834.0000;None;419400.0000
31949;2023-01-23 13:49:11.153000;7;2008;1;2;0.0000;1;37815.0000;None;408400.0000
31949;2023-01-23 14:01:37.433000;7;2008;1;2;0.0000;1;37815.0000;None;408400.0000
22333;2023-01-23 13:08:32.663000;7;2008;1;5;None;1;49537.0000;None;535000.0000
22333;2023-01-23 13:15:55.780000;7;2008;1;-5;0.0000;1;49537.0000;None;535000.0000
22331;2023-01-23 13:26:10.357000;7;2009;1;1;0.0000;1;26611.0000;None;287400.0000
22331;2023-01-23 13:26:10.357000;7;2009;1;1;0.0000;1;26611.0000;None;287400.0000
22351;2023-01-23 18:15:08.807000;7;2010;1;1;None;1;47741.0000;None;515600.0000
22351;2023-01-23 18:46:05.827000;7;2010;1;1;0.0000;1;47741.0000;None;515600.0000
22351;2023-01-23 18:58:23.503000;7;2010;1;1;0.0000;1;47741.0000;None;515600.0000
31949;2023-01-23 13:49:11.153000;7;2036;1;2;0.0000;1;37815.0000;None;408400.0000
11899;2023-01-23 13:09:27.717000;7;2042;1;1;0.0000;1;9259.0000;None;100000.0000
22335;2023-01-23 13:30:45.247000;7;2042;1;1;0.0000;1;21074.0000;None;227600.0000
22332;2023-01-23 12:11:42.267000;7;2050;1;1;0.0000;1;18296.0000;None;197600.0000
11900;2023-01-23 13:22:52.107000;7;2050;1;1;0.0000;1;17185.0000;None;185600.0000
22345;2023-01-23 15:10:56.283000;7;2050;1;1;0.0000;1;28167.0000;None;304200.0000
11898;2023-01-23 14:15:27.963000;7;2059;1;1;0.0000;1;27472.0000;None;296700.0000
22334;2023-01-23 12:32:52.593000;7;2072;1;1;0.0000;1;12907.0000;None;139400.0000
22356;2023-01-23 20:37:59.183000;7;2076;1;1;0.0000;1;19278.0000;None;208200.0000
22334;2023-01-23 13:04:25.587000;7;2076;1;1;0.0000;1;12907.0000;None;139400.0000
22345;2023-01-23 15:10:56.283000;7;2077;1;1;0.0000;1;28167.0000;None;304200.0000
11898;2023-01-23 14:15:27.963000;3;100596;1;1;5800.0000;1;27472.0000;None;296700.0000
22353;2023-01-23 20:25:39.503000;3;100596;1;1;5800.0000;1;35111.0000;None;379200.0000
22347;2023-01-23 15:22:55.543000;3;100596;1;2;11600.0000;1;94612.0000;None;1021800.0000
22331;2023-01-23 12:05:50.460000;3;100601;1;1;5800.0000;1;26611.0000;None;287400.0000
22331;2023-01-23 13:26:10.357000;3;100613;1;2;11600.0000;1;26611.0000;None;287400.0000
11898;2023-01-23 14:15:27.963000;3;100613;1;1;5800.0000;1;27472.0000;None;296700.0000
31950;2023-01-23 15:34:46.150000;3;100613;1;3;17400.0000;1;37222.0000;None;402000.0000
22336;2023-01-23 13:55:56.867000;3;100613;1;1;5800.0000;1;15935.0000;None;172100.0000
22353;2023-01-23 20:25:39.503000;3;100613;1;1;5800.0000;1;35111.0000;None;379200.0000
22356;2023-01-23 21:26:50.477000;3;100614;1;1;5800.0000;1;19278.0000;None;208200.0000
22345;2023-01-23 16:16:00.763000;3;100614;1;1;5800.0000;1;28167.0000;None;304200.0000
22349;2023-01-23 15:36:23.017000;3;100614;1;2;11600.0000;1;1074.0000;None;11600.0000
421;2023-01-23 16:02:50.333000;3;100614;1;2;11600.0000;1;38056.0000;None;411000.0000
420;2023-01-23 16:01:36.867000;3;100614;1;-2;-11600.0000;1;-38056.0000;None;-411000.0000
31949;2023-01-23 15:00:43.083000;3;100614;1;1;5800.0000;1;37815.0000;None;408400.0000
31949;2023-01-23 15:00:43.083000;3;100614;1;1;5800.0000;1;37815.0000;None;408400.0000
22332;2023-01-23 13:08:58.450000;3;100614;1;2;11600.0000;1;18296.0000;None;197600.0000
22334;2023-01-23 13:47:22.503000;3;100614;1;1;5800.0000;1;12907.0000;None;139400.0000
22334;2023-01-23 14:03:29;3;100614;1;1;5800.0000;1;12907.0000;None;139400.0000
22333;2023-01-23 14:10:26.010000;3;100614;1;4;23200.0000;1;49537.0000;None;535000.0000
22331;2023-01-23 13:26:10.357000;3;100614;1;1;5800.0000;1;26611.0000;None;287400.0000
22352;2023-01-23 17:38:35.607000;1;100951;1;1;39800.0000;1;64611.0000;None;697800.0000
11901;2023-01-23 13:40:05.980000;1;100967;1;2;49600.0000;1;73463.0000;None;793400.0000
11898;2023-01-23 14:15:27.963000;1;101033;1;1;22800.0000;1;27472.0000;None;296700.0000
11901;2023-01-23 14:18:50.523000;1;101062;1;1;79800.0000;1;73463.0000;None;793400.0000
22345;2023-01-23 15:17:30.577000;1;101062;1;1;79800.0000;1;28167.0000;None;304200.0000
22345;2023-01-23 15:17:30.577000;1;101062;1;1;79800.0000;1;28167.0000;None;304200.0000
22356;2023-01-23 20:38:17.583000;1;101111;1;1;48800.0000;1;19278.0000;None;208200.0000
22351;2023-01-23 18:20:53.287000;1;101111;1;1;48800.0000;1;47741.0000;None;515600.0000
22355;2023-01-23 20:28:51.947000;1;101128;2;1;15600.0000;1;None;None;57300.0000
22351;2023-01-23 18:20:53.287000;1;101176;1;1;41800.0000;1;47741.0000;None;515600.0000
22342;2023-01-23 13:55:39.387000;1;101176;1;1;41800.0000;1;56722.0000;None;612600.0000
22337;2023-01-23 13:22:05.117000;1;101176;1;1;41800.0000;1;9204.0000;None;99400.0000
421;2023-01-23 16:02:50.303000;1;101291;1;1;26800.0000;1;38056.0000;None;411000.0000
420;2023-01-23 16:01:36.867000;1;101291;1;-1;-26800.0000;1;-38056.0000;None;-411000.0000
11902;2023-01-23 18:31:03.263000;1;101291;1;1;26800.0000;1;18945.0000;None;204600.0000
22354;2023-01-23 19:34:45.657000;1;101301;2;1;55500.0000;1;None;None;55500.0000
22347;2023-01-23 15:59:39.060000;1;101301;2;1;55500.0000;1;94612.0000;None;1021800.0000
22340;2023-01-23 13:19:13.480000;1;101301;2;1;55500.0000;1;None;None;55500.0000
31950;2023-01-23 14:52:51.290000;1;101301;1;1;52800.0000;1;37222.0000;None;402000.0000
31950;2023-01-23 14:22:58.403000;1;101301;1;1;52800.0000;1;37222.0000;None;402000.0000
22331;2023-01-23 12:16:07.437000;1;101340;1;1;29800.0000;1;26611.0000;None;287400.0000
22353;2023-01-23 19:24:18.233000;1;101433;1;1;0.0000;1;35111.0000;None;379200.0000
22352;2023-01-23 18:13:21.037000;1;101433;1;1;0.0000;1;64611.0000;None;697800.0000
22352;2023-01-23 18:13:21.037000;1;101433;1;1;0.0000;1;64611.0000;None;697800.0000
22352;2023-01-23 18:13:21.037000;1;101433;1;1;0.0000;1;64611.0000;None;697800.0000
22356;2023-01-23 20:54:06.497000;1;101433;1;1;0.0000;1;19278.0000;None;208200.0000
22333;2023-01-23 13:10:03.110000;1;101433;1;1;0.0000;1;49537.0000;None;535000.0000
22333;2023-01-23 13:10:03.110000;1;101433;1;1;0.0000;1;49537.0000;None;535000.0000
22332;2023-01-23 12:28:11.270000;1;101433;1;1;0.0000;1;18296.0000;None;197600.0000
22332;2023-01-23 12:28:11.270000;1;101433;1;1;0.0000;1;18296.0000;None;197600.0000
11898;2023-01-23 13:08:25.477000;1;101433;1;1;0.0000;1;27472.0000;None;296700.0000
11898;2023-01-23 13:08:25.477000;1;101433;1;1;0.0000;1;27472.0000;None;296700.0000
11898;2023-01-23 13:08:25.477000;1;101433;1;1;0.0000;1;27472.0000;None;296700.0000
22334;2023-01-23 12:38:14.833000;1;101433;1;1;0.0000;1;12907.0000;None;139400.0000
22342;2023-01-23 14:16:18.043000;1;101433;1;1;0.0000;1;56722.0000;None;612600.0000
11901;2023-01-23 14:18:50.523000;1;101433;1;1;0.0000;1;73463.0000;None;793400.0000
22338;2023-01-23 13:36:47.453000;1;101433;1;1;0.0000;1;29389.0000;None;317400.0000
22339;2023-01-23 13:11:51.023000;1;101433;1;1;0.0000;1;38834.0000;None;419400.0000
22339;2023-01-23 13:11:51.023000;1;101433;1;1;0.0000;1;38834.0000;None;419400.0000
22342;2023-01-23 14:16:18.043000;6;101477;1;1;0.0000;1;56722.0000;None;612600.0000
22333;2023-01-23 13:10:03.110000;6;101477;1;1;0.0000;1;49537.0000;None;535000.0000
22335;2023-01-23 13:07:58.817000;6;101487;1;1;0.0000;1;21074.0000;None;227600.0000
22342;2023-01-23 14:19:24.860000;6;101487;1;1;0.0000;1;56722.0000;None;612600.0000
22343;2023-01-23 14:56:30.063000;6;101494;1;1;0.0000;1;12889.0000;None;139200.0000
22342;2023-01-23 14:16:18.043000;6;101494;1;1;0.0000;1;56722.0000;None;612600.0000
11901;2023-01-23 14:18:50.523000;6;101494;1;1;0.0000;1;73463.0000;None;793400.0000
11901;2023-01-23 14:18:50.523000;6;101494;1;1;0.0000;1;73463.0000;None;793400.0000
22333;2023-01-23 13:10:03.110000;6;101494;1;1;0.0000;1;49537.0000;None;535000.0000
22345;2023-01-23 15:17:30.577000;6;101494;1;1;0.0000;1;28167.0000;None;304200.0000
22347;2023-01-23 15:59:39.060000;1;101520;1;1;0.0000;1;94612.0000;None;1021800.0000
22356;2023-01-23 20:54:06.497000;1;101522;1;1;0.0000;1;19278.0000;None;208200.0000
22352;2023-01-23 18:13:21.037000;1;101522;1;1;0.0000;1;64611.0000;None;697800.0000
22352;2023-01-23 18:13:21.037000;1;101522;1;1;0.0000;1;64611.0000;None;697800.0000
22353;2023-01-23 19:24:18.233000;1;101522;1;1;0.0000;1;35111.0000;None;379200.0000
22353;2023-01-23 19:24:18.233000;1;101522;1;1;0.0000;1;35111.0000;None;379200.0000
22333;2023-01-23 13:10:03.110000;1;101522;1;1;0.0000;1;49537.0000;None;535000.0000
22335;2023-01-23 13:07:58.817000;1;101522;1;1;0.0000;1;21074.0000;None;227600.0000
22335;2023-01-23 13:07:58.817000;1;101522;1;1;0.0000;1;21074.0000;None;227600.0000
22336;2023-01-23 13:15:02.533000;1;101522;1;1;0.0000;1;15935.0000;None;172100.0000
22334;2023-01-23 12:38:14.833000;1;101522;1;1;0.0000;1;12907.0000;None;139400.0000
22331;2023-01-23 12:38:58.877000;1;101522;1;1;0.0000;1;26611.0000;None;287400.0000
22341;2023-01-23 13:26:12.417000;1;101522;1;1;0.0000;1;12333.0000;None;133200.0000
22341;2023-01-23 13:26:12.417000;1;101522;1;1;0.0000;1;12333.0000;None;133200.0000
22338;2023-01-23 13:36:47.453000;1;101522;1;1;0.0000;1;29389.0000;None;317400.0000
11901;2023-01-23 14:18:50.523000;1;101522;1;1;0.0000;1;73463.0000;None;793400.0000
11901;2023-01-23 14:18:50.523000;1;101522;1;1;0.0000;1;73463.0000;None;793400.0000
11901;2023-01-23 14:18:50.523000;1;101522;1;1;0.0000;1;73463.0000;None;793400.0000
31949;2023-01-23 14:08:37.847000;1;101522;1;1;0.0000;1;37815.0000;None;408400.0000
31949;2023-01-23 14:08:37.847000;1;101522;1;1;0.0000;1;37815.0000;None;408400.0000
22343;2023-01-23 14:56:30.063000;1;101522;1;1;0.0000;1;12889.0000;None;139200.0000
22345;2023-01-23 15:17:30.577000;1;101522;1;1;0.0000;1;28167.0000;None;304200.0000
22343;2023-01-23 14:56:30.063000;1;101522;1;1;0.0000;1;12889.0000;None;139200.0000
22342;2023-01-23 14:16:18.043000;1;101552;1;1;0.0000;1;56722.0000;None;612600.0000
22342;2023-01-23 14:16:18.043000;1;101552;1;1;0.0000;1;56722.0000;None;612600.0000
22342;2023-01-23 14:16:18.043000;1;101552;1;1;0.0000;1;56722.0000;None;612600.0000
22342;2023-01-23 14:16:18.043000;1;101552;1;1;0.0000;1;56722.0000;None;612600.0000
22338;2023-01-23 13:36:47.453000;1;101552;1;1;0.0000;1;29389.0000;None;317400.0000
11901;2023-01-23 14:18:50.523000;1;101552;1;1;0.0000;1;73463.0000;None;793400.0000
11902;2023-01-23 18:31:03.263000;1;101552;1;1;0.0000;1;18945.0000;None;204600.0000
22347;2023-01-23 15:59:39.060000;1;101552;1;1;0.0000;1;94612.0000;None;1021800.0000
22345;2023-01-23 15:17:30.577000;1;101552;1;1;0.0000;1;28167.0000;None;304200.0000
421;2023-01-23 16:02:50.333000;1;101552;1;1;0.0000;1;38056.0000;None;411000.0000
420;2023-01-23 16:01:36.867000;1;101552;1;-1;0.0000;1;-38056.0000;None;-411000.0000
22335;2023-01-23 13:07:58.817000;6;101583;1;1;0.0000;1;21074.0000;None;227600.0000
22342;2023-01-23 14:19:24.860000;6;101583;1;1;0.0000;1;56722.0000;None;612600.0000
22351;2023-01-23 18:20:53.287000;6;101585;1;1;0.0000;1;47741.0000;None;515600.0000
22342;2023-01-23 13:55:39.387000;6;101585;1;1;0.0000;1;56722.0000;None;612600.0000
22337;2023-01-23 13:22:05.117000;6;101585;1;1;0.0000;1;9204.0000;None;99400.0000
22336;2023-01-23 13:15:02.533000;6;101589;1;1;0.0000;1;15935.0000;None;172100.0000
22338;2023-01-23 13:36:47.453000;6;101589;1;1;0.0000;1;29389.0000;None;317400.0000
22338;2023-01-23 13:36:47.453000;6;101589;1;1;0.0000;1;29389.0000;None;317400.0000
22339;2023-01-23 13:11:51.023000;6;101589;1;1;0.0000;1;38834.0000;None;419400.0000
22341;2023-01-23 13:26:12.417000;6;101589;1;1;0.0000;1;12333.0000;None;133200.0000
22335;2023-01-23 13:07:58.817000;6;101589;1;1;0.0000;1;21074.0000;None;227600.0000
22335;2023-01-23 13:07:58.817000;6;101589;1;1;0.0000;1;21074.0000;None;227600.0000
22334;2023-01-23 12:38:14.833000;6;101589;1;1;0.0000;1;12907.0000;None;139400.0000
11898;2023-01-23 13:08:25.477000;6;101589;1;1;0.0000;1;27472.0000;None;296700.0000
22332;2023-01-23 12:28:11.270000;6;101589;1;1;0.0000;1;18296.0000;None;197600.0000
22332;2023-01-23 12:28:11.270000;6;101589;1;1;0.0000;1;18296.0000;None;197600.0000
22331;2023-01-23 12:38:58.877000;6;101589;1;1;0.0000;1;26611.0000;None;287400.0000
11902;2023-01-23 18:31:03.263000;6;101589;1;1;0.0000;1;18945.0000;None;204600.0000
22353;2023-01-23 19:24:18.233000;6;101589;1;1;0.0000;1;35111.0000;None;379200.0000
22353;2023-01-23 19:24:18.233000;6;101589;1;1;0.0000;1;35111.0000;None;379200.0000
22347;2023-01-23 15:59:39.060000;6;101589;1;1;0.0000;1;94612.0000;None;1021800.0000
22335;2023-01-23 13:07:58.817000;6;101592;1;1;0.0000;1;21074.0000;None;227600.0000
22342;2023-01-23 14:19:24.860000;6;101592;1;1;0.0000;1;56722.0000;None;612600.0000
22345;2023-01-23 15:17:30.577000;6;101604;1;1;0.0000;1;28167.0000;None;304200.0000
11901;2023-01-23 14:18:50.523000;6;101604;1;1;0.0000;1;73463.0000;None;793400.0000
22336;2023-01-23 13:15:02.533000;6;101604;1;1;0.0000;1;15935.0000;None;172100.0000
11898;2023-01-23 13:08:25.477000;6;101604;1;1;0.0000;1;27472.0000;None;296700.0000
22333;2023-01-23 13:10:03.110000;6;101604;1;1;0.0000;1;49537.0000;None;535000.0000
22347;2023-01-23 15:59:39.060000;6;101604;1;1;0.0000;1;94612.0000;None;1021800.0000
22356;2023-01-23 21:17:17.080000;3;101641;1;1;0.0000;1;19278.0000;None;208200.0000
11902;2023-01-23 19:29:14.760000;3;101641;1;1;0.0000;1;18945.0000;None;204600.0000
11902;2023-01-23 19:29:14.760000;3;101641;1;1;0.0000;1;18945.0000;None;204600.0000
22345;2023-01-23 16:16:00.763000;3;101641;1;1;0.0000;1;28167.0000;None;304200.0000
22347;2023-01-23 16:34:54.280000;3;101641;1;1;None;1;94612.0000;None;1021800.0000
22351;2023-01-23 17:41:37.743000;3;101641;1;1;0.0000;1;47741.0000;None;515600.0000
22333;2023-01-23 12:29:42.593000;3;101641;1;1;0.0000;1;49537.0000;None;535000.0000
11898;2023-01-23 12:24:23.193000;3;101641;1;1;0.0000;1;27472.0000;None;296700.0000
11898;2023-01-23 12:33:30.343000;3;101641;1;1;0.0000;1;27472.0000;None;296700.0000
22335;2023-01-23 13:30:45.247000;3;101641;1;1;0.0000;1;21074.0000;None;227600.0000
11901;2023-01-23 13:58:43.700000;3;101641;1;1;0.0000;1;73463.0000;None;793400.0000
11900;2023-01-23 13:22:52.107000;3;101641;1;1;0.0000;1;17185.0000;None;185600.0000
22338;2023-01-23 13:03:41.937000;3;101641;1;1;0.0000;1;29389.0000;None;317400.0000
22334;2023-01-23 12:38:14.833000;1;101659;1;1;46800.0000;1;12907.0000;None;139400.0000
22351;2023-01-23 17:36:34.277000;2;101709;1;1;28800.0000;1;47741.0000;None;515600.0000
22351;2023-01-23 18:46:05.827000;2;101709;1;1;28800.0000;1;47741.0000;None;515600.0000
22351;2023-01-23 18:15:08.807000;2;101709;1;1;28800.0000;1;47741.0000;None;515600.0000
22351;2023-01-23 18:58:23.503000;2;101709;1;1;28800.0000;1;47741.0000;None;515600.0000
22351;2023-01-23 19:39:14.107000;2;101709;1;1;28800.0000;1;47741.0000;None;515600.0000
22351;2023-01-23 19:39:14.107000;2;101709;1;1;28800.0000;1;47741.0000;None;515600.0000
22351;2023-01-23 19:39:14.107000;2;101709;1;1;28800.0000;1;47741.0000;None;515600.0000
22351;2023-01-23 19:39:14.107000;2;101709;1;1;28800.0000;1;47741.0000;None;515600.0000
11902;2023-01-23 18:25:23.390000;2;101727;1;2;65600.0000;1;18945.0000;None;204600.0000
22352;2023-01-23 17:52:01.760000;2;101728;1;1;33800.0000;1;64611.0000;None;697800.0000
22347;2023-01-23 15:31:54.407000;2;101728;1;1;33800.0000;1;94612.0000;None;1021800.0000
22347;2023-01-23 15:31:54.407000;2;101728;1;1;33800.0000;1;94612.0000;None;1021800.0000
22335;2023-01-23 12:33:54.623000;2;101728;1;1;33800.0000;1;21074.0000;None;227600.0000
22337;2023-01-23 12:45:18.787000;2;101818;1;1;28800.0000;1;9204.0000;None;99400.0000
22337;2023-01-23 13:10:21.943000;2;101818;1;1;28800.0000;1;9204.0000;None;99400.0000
11899;2023-01-23 13:09:27.717000;1;101931;1;1;19800.0000;1;9259.0000;None;100000.0000
22347;2023-01-23 15:31:54.407000;1;101931;1;1;19800.0000;1;94612.0000;None;1021800.0000
22356;2023-01-23 20:37:59.183000;2;101948;1;1;18800.0000;1;19278.0000;None;208200.0000
22341;2023-01-23 13:26:12.417000;1;101961;1;1;67800.0000;1;12333.0000;None;133200.0000
22342;2023-01-23 14:16:18.043000;1;101961;1;1;67800.0000;1;56722.0000;None;612600.0000
22356;2023-01-23 20:54:06.497000;1;101962;1;1;67800.0000;1;19278.0000;None;208200.0000
31949;2023-01-23 14:08:37.847000;1;102035;1;1;35800.0000;1;37815.0000;None;408400.0000
22339;2023-01-23 13:11:51.023000;1;102053;1;1;34800.0000;1;38834.0000;None;419400.0000
22336;2023-01-23 13:15:02.533000;1;102053;1;1;34800.0000;1;15935.0000;None;172100.0000
22351;2023-01-23 19:39:40.927000;1;102065;1;1;36800.0000;1;47741.0000;None;515600.0000
22331;2023-01-23 12:38:58.877000;1;102070;1;1;55800.0000;1;26611.0000;None;287400.0000
22345;2023-01-23 15:17:30.577000;1;102070;1;1;55800.0000;1;28167.0000;None;304200.0000
11898;2023-01-23 12:37:21.860000;1;102082;1;1;26800.0000;1;27472.0000;None;296700.0000
11898;2023-01-23 13:08:25.477000;1;102132;1;1;6800.0000;1;27472.0000;None;296700.0000
11898;2023-01-23 13:08:25.477000;1;102132;1;1;6800.0000;1;27472.0000;None;296700.0000
11898;2023-01-23 13:08:25.477000;1;102132;1;1;6800.0000;1;27472.0000;None;296700.0000
22333;2023-01-23 13:10:03.110000;1;102132;1;1;6800.0000;1;49537.0000;None;535000.0000
22333;2023-01-23 13:10:03.110000;1;102132;1;1;6800.0000;1;49537.0000;None;535000.0000
22333;2023-01-23 13:11:20.727000;1;102132;1;1;6800.0000;1;49537.0000;None;535000.0000
420;2023-01-23 16:01:36.867000;1;102132;1;-1;-6800.0000;1;-38056.0000;None;-411000.0000
421;2023-01-23 16:02:50.333000;1;102132;1;1;6800.0000;1;38056.0000;None;411000.0000
22342;2023-01-23 14:16:18.043000;1;102141;1;1;3800.0000;1;56722.0000;None;612600.0000
11900;2023-01-23 13:22:52.107000;1;102141;1;2;7600.0000;1;17185.0000;None;185600.0000
22333;2023-01-23 13:11:20.727000;1;102172;1;1;4800.0000;1;49537.0000;None;535000.0000
22352;2023-01-23 18:13:21.037000;1;102172;1;1;4800.0000;1;64611.0000;None;697800.0000
22339;2023-01-23 13:11:51.023000;1;102286;1;1;2800.0000;1;38834.0000;None;419400.0000
22339;2023-01-23 13:11:51.023000;1;102286;1;1;2800.0000;1;38834.0000;None;419400.0000
31950;2023-01-23 14:22:58.403000;1;102330;1;1;56800.0000;1;37222.0000;None;402000.0000
22348;2023-01-23 15:33:39.153000;1;102406;2;1;16600.0000;1;None;None;99000.0000
22348;2023-01-23 15:33:39.153000;1;102460;2;1;31300.0000;1;None;None;99000.0000
22335;2023-01-23 13:07:58.817000;1;102482;1;1;33800.0000;1;21074.0000;None;227600.0000
22342;2023-01-23 14:19:24.860000;1;102499;1;1;41800.0000;1;56722.0000;None;612600.0000
11902;2023-01-23 18:31:03.263000;1;102569;1;1;28800.0000;1;18945.0000;None;204600.0000
22342;2023-01-23 14:16:18.043000;3;102616;1;1;6800.0000;1;56722.0000;None;612600.0000
22342;2023-01-23 14:16:18.043000;3;102619;1;1;7800.0000;1;56722.0000;None;612600.0000
11901;2023-01-23 13:37:56.333000;3;102619;1;1;7800.0000;1;73463.0000;None;793400.0000
11898;2023-01-23 12:47:26.027000;3;102635;1;1;8800.0000;1;27472.0000;None;296700.0000
11901;2023-01-23 13:37:56.333000;3;102635;1;1;8800.0000;1;73463.0000;None;793400.0000
22342;2023-01-23 14:28:48.480000;3;102635;1;1;8800.0000;1;56722.0000;None;612600.0000
11901;2023-01-23 13:37:56.333000;3;102639;1;1;9800.0000;1;73463.0000;None;793400.0000
22342;2023-01-23 14:28:48.480000;3;102644;1;1;6800.0000;1;56722.0000;None;612600.0000
22334;2023-01-23 12:32:52.593000;3;102747;1;1;4800.0000;1;12907.0000;None;139400.0000
22334;2023-01-23 12:32:52.593000;3;102747;1;1;4800.0000;1;12907.0000;None;139400.0000
22343;2023-01-23 14:50:36.420000;3;102747;1;1;4800.0000;1;12889.0000;None;139200.0000
22345;2023-01-23 15:10:56.283000;3;102747;1;1;4800.0000;1;28167.0000;None;304200.0000
11899;2023-01-23 13:09:27.717000;3;102747;1;1;4800.0000;1;9259.0000;None;100000.0000
22343;2023-01-23 14:50:36.420000;3;102748;1;1;15800.0000;1;12889.0000;None;139200.0000
22356;2023-01-23 20:37:59.183000;3;102749;1;1;5800.0000;1;19278.0000;None;208200.0000
22347;2023-01-23 15:59:39.060000;1;102755;2;1;38700.0000;1;94612.0000;None;1021800.0000
22333;2023-01-23 13:10:03.110000;1;102755;1;1;36800.0000;1;49537.0000;None;535000.0000
22355;2023-01-23 20:28:51.947000;1;102897;2;1;11400.0000;1;None;None;57300.0000
11899;2023-01-23 13:23:55.997000;1;102902;1;1;31800.0000;1;9259.0000;None;100000.0000
11899;2023-01-23 13:23:55.997000;1;102903;1;1;36800.0000;1;9259.0000;None;100000.0000
11898;2023-01-23 14:15:27.963000;1;102910;1;1;5500.0000;1;27472.0000;None;296700.0000
22336;2023-01-23 13:55:56.867000;1;102910;1;1;5500.0000;1;15935.0000;None;172100.0000
22336;2023-01-23 13:55:56.867000;1;103100;1;1;8800.0000;1;15935.0000;None;172100.0000
22353;2023-01-23 19:07:12.157000;1;103106;1;1;24800.0000;1;35111.0000;None;379200.0000
421;2023-01-23 16:02:50.333000;1;103123;1;1;15800.0000;1;38056.0000;None;411000.0000
420;2023-01-23 16:01:36.867000;1;103123;1;-1;-15800.0000;1;-38056.0000;None;-411000.0000
22339;2023-01-23 13:11:51.023000;1;103123;1;1;15800.0000;1;38834.0000;None;419400.0000
22333;2023-01-23 13:10:03.110000;1;103135;1;1;10800.0000;1;49537.0000;None;535000.0000
22331;2023-01-23 12:16:07.437000;1;103160;1;1;16800.0000;1;26611.0000;None;287400.0000
22342;2023-01-23 13:55:39.387000;1;103160;1;1;16800.0000;1;56722.0000;None;612600.0000
31949;2023-01-23 15:07:08.553000;1;103166;1;1;19800.0000;1;37815.0000;None;408400.0000
22343;2023-01-23 14:56:30.063000;1;103171;1;1;28800.0000;1;12889.0000;None;139200.0000
22342;2023-01-23 14:16:18.043000;1;103171;1;1;28800.0000;1;56722.0000;None;612600.0000
22353;2023-01-23 19:24:18.233000;1;103171;1;1;28800.0000;1;35111.0000;None;379200.0000
22356;2023-01-23 20:54:06.497000;1;103171;1;1;28800.0000;1;19278.0000;None;208200.0000
22352;2023-01-23 18:13:21.037000;1;103192;1;1;69800.0000;1;64611.0000;None;697800.0000
22352;2023-01-23 18:13:21.037000;1;103192;1;1;69800.0000;1;64611.0000;None;697800.0000
22352;2023-01-23 18:13:21.037000;1;103192;1;1;69800.0000;1;64611.0000;None;697800.0000
22352;2023-01-23 18:13:21.037000;1;103192;1;1;69800.0000;1;64611.0000;None;697800.0000
22342;2023-01-23 14:16:18.043000;1;103192;1;1;69800.0000;1;56722.0000;None;612600.0000
31950;2023-01-23 14:22:58.403000;1;103339;1;1;27800.0000;1;37222.0000;None;402000.0000
22351;2023-01-23 18:20:53.287000;1;103392;1;1;75800.0000;1;47741.0000;None;515600.0000
22342;2023-01-23 14:19:24.860000;6;103488;1;1;0.0000;1;56722.0000;None;612600.0000
11899;2023-01-23 13:23:55.997000;6;103488;1;1;0.0000;1;9259.0000;None;100000.0000
22339;2023-01-23 13:11:51.023000;1;103592;1;1;68800.0000;1;38834.0000;None;419400.0000
22338;2023-01-23 13:36:47.453000;1;103592;1;1;68800.0000;1;29389.0000;None;317400.0000
11900;2023-01-23 13:22:52.107000;1;103592;1;2;137600.0000;1;17185.0000;None;185600.0000
22342;2023-01-23 14:16:18.043000;1;103592;1;1;68800.0000;1;56722.0000;None;612600.0000
31949;2023-01-23 14:08:37.847000;1;103592;1;1;68800.0000;1;37815.0000;None;408400.0000
31949;2023-01-23 14:08:37.847000;1;103592;1;1;68800.0000;1;37815.0000;None;408400.0000
11898;2023-01-23 13:08:25.477000;1;103592;1;1;68800.0000;1;27472.0000;None;296700.0000
22352;2023-01-23 18:13:21.037000;1;103592;1;1;68800.0000;1;64611.0000;None;697800.0000
22352;2023-01-23 17:28:16.037000;1;103749;1;4;59200.0000;1;64611.0000;None;697800.0000
22342;2023-01-23 14:16:18.043000;1;103749;1;1;14800.0000;1;56722.0000;None;612600.0000
22345;2023-01-23 15:10:56.283000;1;103756;1;1;23800.0000;1;28167.0000;None;304200.0000
22347;2023-01-23 15:31:54.407000;1;103756;1;1;23800.0000;1;94612.0000;None;1021800.0000
22352;2023-01-23 17:28:16.037000;1;103756;1;1;23800.0000;1;64611.0000;None;697800.0000
22342;2023-01-23 14:16:18.043000;1;103773;1;1;14800.0000;1;56722.0000;None;612600.0000
22348;2023-01-23 15:33:39.153000;1;103823;2;1;34500.0000;1;None;None;99000.0000
22332;2023-01-23 12:11:42.267000;1;103876;1;1;38800.0000;1;18296.0000;None;197600.0000
22343;2023-01-23 14:56:30.063000;1;103902;1;1;89800.0000;1;12889.0000;None;139200.0000
11901;2023-01-23 14:18:50.523000;1;103945;1;1;69800.0000;1;73463.0000;None;793400.0000
421;2023-01-23 16:02:50.303000;1;104010;1;1;15800.0000;1;38056.0000;None;411000.0000
420;2023-01-23 16:01:36.867000;1;104010;1;-1;-15800.0000;1;-38056.0000;None;-411000.0000
11901;2023-01-23 13:40:05.980000;1;104010;1;2;31600.0000;1;73463.0000;None;793400.0000
11900;2023-01-23 13:22:52.107000;1;104206;1;2;33600.0000;1;17185.0000;None;185600.0000
22342;2023-01-23 14:16:18.043000;1;104206;1;1;16800.0000;1;56722.0000;None;612600.0000
11901;2023-01-23 14:18:50.523000;1;104206;1;1;16800.0000;1;73463.0000;None;793400.0000
22347;2023-01-23 15:59:39.060000;1;104206;1;1;16800.0000;1;94612.0000;None;1021800.0000
22347;2023-01-23 15:59:39.060000;1;104206;1;1;16800.0000;1;94612.0000;None;1021800.0000
11901;2023-01-23 14:18:50.523000;1;104294;1;1;69800.0000;1;73463.0000;None;793400.0000
22342;2023-01-23 14:16:18.043000;1;104294;1;1;69800.0000;1;56722.0000;None;612600.0000
11901;2023-01-23 14:18:50.523000;1;104294;1;1;69800.0000;1;73463.0000;None;793400.0000
22338;2023-01-23 13:36:47.453000;1;104294;1;1;69800.0000;1;29389.0000;None;317400.0000
22332;2023-01-23 12:28:11.270000;1;104294;1;1;69800.0000;1;18296.0000;None;197600.0000
22333;2023-01-23 13:10:03.110000;1;104294;1;1;69800.0000;1;49537.0000;None;535000.0000
22335;2023-01-23 13:07:58.817000;1;104294;1;1;69800.0000;1;21074.0000;None;227600.0000
22335;2023-01-23 13:07:58.817000;1;104294;1;1;69800.0000;1;21074.0000;None;227600.0000
22352;2023-01-23 17:28:16.037000;1;104315;1;1;65800.0000;1;64611.0000;None;697800.0000
22342;2023-01-23 14:16:18.043000;3;104446;1;1;5800.0000;1;56722.0000;None;612600.0000
22342;2023-01-23 14:16:18.043000;3;104446;1;1;5800.0000;1;56722.0000;None;612600.0000
11901;2023-01-23 15:04:30.587000;3;104554;1;1;4800.0000;1;73463.0000;None;793400.0000
22331;2023-01-23 12:02:26.843000;3;104554;1;1;4800.0000;1;26611.0000;None;287400.0000
22352;2023-01-23 19:13:00.723000;3;104554;1;1;4800.0000;1;64611.0000;None;697800.0000
22352;2023-01-23 19:16:03.673000;3;104554;1;1;4800.0000;1;64611.0000;None;697800.0000
420;2023-01-23 16:01:36.867000;3;104554;1;-1;-4800.0000;1;-38056.0000;None;-411000.0000
421;2023-01-23 16:02:50.333000;3;104554;1;1;4800.0000;1;38056.0000;None;411000.0000
22348;2023-01-23 15:33:39.153000;1;104632;2;1;16600.0000;1;None;None;99000.0000
31950;2023-01-23 14:22:58.403000;1;104638;1;1;69800.0000;1;37222.0000;None;402000.0000
22347;2023-01-23 15:31:54.407000;1;104873;1;1;37800.0000;1;94612.0000;None;1021800.0000
22347;2023-01-23 15:31:54.407000;1;104873;1;1;37800.0000;1;94612.0000;None;1021800.0000
22342;2023-01-23 13:55:39.387000;1;104873;1;1;37800.0000;1;56722.0000;None;612600.0000
22339;2023-01-23 13:11:51.023000;1;104893;1;1;129800.0000;1;38834.0000;None;419400.0000
22331;2023-01-23 12:38:58.877000;1;104893;1;1;129800.0000;1;26611.0000;None;287400.0000
22356;2023-01-23 21:27:03.160000;1;105421;1;1;18800.0000;1;19278.0000;None;208200.0000
22351;2023-01-23 19:39:14.107000;6;105631;1;1;0.0000;1;47741.0000;None;515600.0000
22351;2023-01-23 19:39:14.107000;6;105631;1;1;0.0000;1;47741.0000;None;515600.0000
22351;2023-01-23 19:39:14.107000;6;105631;1;1;0.0000;1;47741.0000;None;515600.0000
22351;2023-01-23 19:39:14.107000;6;105631;1;1;0.0000;1;47741.0000;None;515600.0000
22351;2023-01-23 18:15:08.807000;3;105735;1;1;None;1;47741.0000;None;515600.0000
22351;2023-01-23 17:36:34.277000;3;105735;1;1;0.0000;1;47741.0000;None;515600.0000
22351;2023-01-23 18:58:23.503000;3;105735;1;1;0.0000;1;47741.0000;None;515600.0000
22351;2023-01-23 18:46:05.827000;3;105735;1;1;0.0000;1;47741.0000;None;515600.0000
31950;2023-01-23 14:06:20.947000;2;106012;1;1;43800.0000;1;37222.0000;None;402000.0000
31950;2023-01-23 13:55:20.130000;6;106272;1;2;0.0000;1;37222.0000;None;402000.0000
22343;2023-01-23 14:50:36.420000;6;106272;1;2;0.0000;1;12889.0000;None;139200.0000
22345;2023-01-23 15:10:56.283000;6;106272;1;2;0.0000;1;28167.0000;None;304200.0000
22342;2023-01-23 13:55:39.387000;6;106272;1;1;0.0000;1;56722.0000;None;612600.0000
31949;2023-01-23 13:49:11.153000;6;106272;1;1;0.0000;1;37815.0000;None;408400.0000
22339;2023-01-23 12:52:26.763000;6;106272;1;1;0.0000;1;38834.0000;None;419400.0000
22339;2023-01-23 12:52:26.763000;6;106272;1;1;0.0000;1;38834.0000;None;419400.0000
11899;2023-01-23 13:09:27.717000;6;106272;1;1;0.0000;1;9259.0000;None;100000.0000
22337;2023-01-23 12:45:18.787000;6;106272;1;1;0.0000;1;9204.0000;None;99400.0000
22338;2023-01-23 12:45:32.273000;6;106272;1;1;0.0000;1;29389.0000;None;317400.0000
11901;2023-01-23 13:37:56.333000;6;106272;1;1;0.0000;1;73463.0000;None;793400.0000
11900;2023-01-23 13:22:52.107000;6;106272;1;1;0.0000;1;17185.0000;None;185600.0000
22341;2023-01-23 13:26:12.417000;6;106272;1;1;0.0000;1;12333.0000;None;133200.0000
22331;2023-01-23 12:02:26.843000;6;106272;1;1;0.0000;1;26611.0000;None;287400.0000
22332;2023-01-23 12:11:42.267000;6;106272;1;1;0.0000;1;18296.0000;None;197600.0000
22336;2023-01-23 12:35:49.187000;6;106272;1;1;0.0000;1;15935.0000;None;172100.0000
22334;2023-01-23 12:32:52.593000;6;106272;1;1;0.0000;1;12907.0000;None;139400.0000
22335;2023-01-23 12:33:54.623000;6;106272;1;1;0.0000;1;21074.0000;None;227600.0000
22333;2023-01-23 12:29:42.593000;6;106272;1;1;0.0000;1;49537.0000;None;535000.0000
11898;2023-01-23 12:24:23.193000;6;106272;1;1;0.0000;1;27472.0000;None;296700.0000
22351;2023-01-23 17:36:34.277000;6;106272;1;2;0.0000;1;47741.0000;None;515600.0000
22347;2023-01-23 15:29:40.010000;6;106272;1;2;0.0000;1;94612.0000;None;1021800.0000
22356;2023-01-23 20:37:59.183000;6;106272;1;1;0.0000;1;19278.0000;None;208200.0000
11902;2023-01-23 18:25:23.390000;6;106272;1;1;0.0000;1;18945.0000;None;204600.0000
22352;2023-01-23 17:22:35.357000;6;106272;1;1;0.0000;1;64611.0000;None;697800.0000
22353;2023-01-23 18:48:38.450000;6;106272;1;1;0.0000;1;35111.0000;None;379200.0000
11901;2023-01-23 14:18:50.523000;1;106353;1;1;79800.0000;1;73463.0000;None;793400.0000
11902;2023-01-23 18:31:03.263000;1;107002;1;1;69800.0000;1;18945.0000;None;204600.0000
11898;2023-01-23 13:08:25.477000;1;107004;1;1;52800.0000;1;27472.0000;None;296700.0000
22338;2023-01-23 13:36:47.453000;1;107005;1;1;65800.0000;1;29389.0000;None;317400.0000
22353;2023-01-23 19:24:18.233000;1;107006;1;1;51800.0000;1;35111.0000;None;379200.0000
22341;2023-01-23 13:26:12.417000;1;107006;1;1;51800.0000;1;12333.0000;None;133200.0000
22333;2023-01-23 13:10:03.110000;1;107006;1;1;51800.0000;1;49537.0000;None;535000.0000
22333;2023-01-23 13:10:03.110000;1;107006;1;1;51800.0000;1;49537.0000;None;535000.0000
22336;2023-01-23 13:15:02.533000;1;107006;1;1;51800.0000;1;15935.0000;None;172100.0000
22336;2023-01-23 13:15:02.533000;1;107006;1;1;51800.0000;1;15935.0000;None;172100.0000
22332;2023-01-23 12:28:11.270000;1;107007;1;1;63800.0000;1;18296.0000;None;197600.0000
11901;2023-01-23 14:18:50.523000;1;107007;1;1;63800.0000;1;73463.0000;None;793400.0000
22342;2023-01-23 14:16:18.043000;1;107007;1;1;63800.0000;1;56722.0000;None;612600.0000
22334;2023-01-23 12:38:14.833000;1;107008;1;1;57800.0000;1;12907.0000;None;139400.0000
11898;2023-01-23 13:08:25.477000;1;107008;1;1;57800.0000;1;27472.0000;None;296700.0000
22353;2023-01-23 19:24:18.233000;1;107008;1;1;57800.0000;1;35111.0000;None;379200.0000
22347;2023-01-23 15:59:39.060000;1;107010;1;2;179600.0000;1;94612.0000;None;1021800.0000
420;2023-01-23 16:01:36.867000;1;107010;1;-1;-89800.0000;1;-38056.0000;None;-411000.0000
421;2023-01-23 16:02:50.303000;1;107010;1;1;89800.0000;1;38056.0000;None;411000.0000
11901;2023-01-23 14:18:50.523000;1;107010;1;1;89800.0000;1;73463.0000;None;793400.0000
22347;2023-01-23 15:31:54.407000;1;107904;1;1;159800.0000;1;94612.0000;None;1021800.0000
22352;2023-01-23 18:13:21.037000;1;108071;1;1;85800.0000;1;64611.0000;None;697800.0000
22353;2023-01-23 19:24:18.233000;1;108071;1;1;85800.0000;1;35111.0000;None;379200.0000
22338;2023-01-23 13:05:30.173000;1;108071;1;1;85800.0000;1;29389.0000;None;317400.0000
22345;2023-01-23 15:10:56.283000;2;108132;1;1;23800.0000;1;28167.0000;None;304200.0000
22345;2023-01-23 15:10:56.283000;2;108132;1;1;23800.0000;1;28167.0000;None;304200.0000
22347;2023-01-23 15:31:54.407000;2;108132;1;1;23800.0000;1;94612.0000;None;1021800.0000
22347;2023-01-23 15:31:54.407000;2;108132;1;1;23800.0000;1;94612.0000;None;1021800.0000
22347;2023-01-23 15:31:54.407000;2;108132;1;1;23800.0000;1;94612.0000;None;1021800.0000
22347;2023-01-23 16:30:19.980000;2;108132;1;1;23800.0000;1;94612.0000;None;1021800.0000
22347;2023-01-23 16:30:19.980000;2;108132;1;1;23800.0000;1;94612.0000;None;1021800.0000
22347;2023-01-23 15:59:39.060000;2;108132;1;1;23800.0000;1;94612.0000;None;1021800.0000
22347;2023-01-23 15:59:39.060000;2;108132;1;1;23800.0000;1;94612.0000;None;1021800.0000
22347;2023-01-23 15:48:07.453000;2;108132;1;1;23800.0000;1;94612.0000;None;1021800.0000
22347;2023-01-23 15:31:54.407000;3;108191;1;1;0.0000;1;94612.0000;None;1021800.0000
22353;2023-01-23 18:55:27.853000;3;108191;1;1;0.0000;1;35111.0000;None;379200.0000
22331;2023-01-23 12:20:50.263000;3;108191;1;1;0.0000;1;26611.0000;None;287400.0000
22331;2023-01-23 12:20:50.263000;3;108191;1;1;0.0000;1;26611.0000;None;287400.0000
22331;2023-01-23 12:20:50.263000;3;108191;1;1;0.0000;1;26611.0000;None;287400.0000
22331;2023-01-23 12:12:48.293000;3;108191;1;1;0.0000;1;26611.0000;None;287400.0000
22355;2023-01-23 20:28:51.947000;1;108487;2;1;30300.0000;1;None;None;57300.0000
11898;2023-01-23 14:15:27.963000;3;108531;1;1;7800.0000;1;27472.0000;None;296700.0000
22347;2023-01-23 15:31:54.407000;1;108668;1;1;21800.0000;1;94612.0000;None;1021800.0000
22347;2023-01-23 15:31:54.407000;1;108668;1;1;21800.0000;1;94612.0000;None;1021800.0000
22347;2023-01-23 15:59:39.060000;1;108668;1;1;21800.0000;1;94612.0000;None;1021800.0000
11901;2023-01-23 13:40:05.980000;1;108700;1;2;57600.0000;1;73463.0000;None;793400.0000
22351;2023-01-23 19:14:33.553000;2;108836;1;1;30800.0000;1;47741.0000;None;515600.0000
22351;2023-01-23 18:15:08.807000;2;108836;1;1;30800.0000;1;47741.0000;None;515600.0000
22339;2023-01-23 13:50:36.133000;2;109123;1;1;27800.0000;1;38834.0000;None;419400.0000
22347;2023-01-23 15:49:18.353000;1;109166;1;1;21800.0000;1;94612.0000;None;1021800.0000
22347;2023-01-23 15:31:54.407000;1;109166;1;1;21800.0000;1;94612.0000;None;1021800.0000
22333;2023-01-23 13:11:20.727000;1;109552;1;1;45800.0000;1;49537.0000;None;535000.0000
31949;2023-01-23 13:49:11.153000;3;200008;1;1;15800.0000;1;37815.0000;None;408400.0000
22353;2023-01-23 18:48:38.450000;2;200137;1;1;111800.0000;1;35111.0000;None;379200.0000
22347;2023-01-23 15:31:54.407000;2;200480;1;1;12800.0000;1;94612.0000;None;1021800.0000
22347;2023-01-23 16:24:50.490000;2;200480;1;1;12800.0000;1;94612.0000;None;1021800.0000
420;2023-01-23 16:01:36.867000;2;200573;1;-1;-223800.0000;1;-38056.0000;None;-411000.0000
421;2023-01-23 16:02:50.303000;2;200573;1;1;223800.0000;1;38056.0000;None;411000.0000
22351;2023-01-23 17:41:37.743000;3;200644;1;1;6800.0000;1;47741.0000;None;515600.0000
22347;2023-01-23 16:34:54.280000;3;200644;1;1;6800.0000;1;94612.0000;None;1021800.0000
22352;2023-01-23 17:22:35.357000;3;200644;1;1;6800.0000;1;64611.0000;None;697800.0000
11901;2023-01-23 13:58:43.700000;3;200644;1;1;6800.0000;1;73463.0000;None;793400.0000
11901;2023-01-23 14:07:52.563000;3;200644;1;1;6800.0000;1;73463.0000;None;793400.0000
11901;2023-01-23 13:37:56.333000;3;200644;1;1;6800.0000;1;73463.0000;None;793400.0000
11901;2023-01-23 14:16:10.730000;3;200644;1;1;6800.0000;1;73463.0000;None;793400.0000
22333;2023-01-23 12:29:42.593000;3;200644;1;1;6800.0000;1;49537.0000;None;535000.0000
11898;2023-01-23 12:24:23.193000;3;200644;1;1;6800.0000;1;27472.0000;None;296700.0000
11898;2023-01-23 12:33:30.343000;3;200644;1;1;6800.0000;1;27472.0000;None;296700.0000
22335;2023-01-23 13:30:45.247000;3;200644;1;1;6800.0000;1;21074.0000;None;227600.0000
22332;2023-01-23 12:11:42.267000;3;201146;1;1;6800.0000;1;18296.0000;None;197600.0000
22333;2023-01-23 12:29:42.593000;3;201146;1;3;20400.0000;1;49537.0000;None;535000.0000
11901;2023-01-23 13:37:56.333000;3;201146;1;1;6800.0000;1;73463.0000;None;793400.0000
11900;2023-01-23 13:22:52.107000;3;201146;1;1;6800.0000;1;17185.0000;None;185600.0000
11899;2023-01-23 13:09:27.717000;3;201146;1;1;6800.0000;1;9259.0000;None;100000.0000
22338;2023-01-23 13:03:41.937000;3;201146;1;1;6800.0000;1;29389.0000;None;317400.0000
11901;2023-01-23 14:24:10.657000;3;201146;1;1;6800.0000;1;73463.0000;None;793400.0000
22352;2023-01-23 17:22:35.357000;3;201146;1;1;6800.0000;1;64611.0000;None;697800.0000
11902;2023-01-23 19:29:14.760000;3;201146;1;1;6800.0000;1;18945.0000;None;204600.0000
11902;2023-01-23 19:29:14.760000;3;201146;1;1;6800.0000;1;18945.0000;None;204600.0000
22347;2023-01-23 16:45:20.660000;3;201146;1;1;6800.0000;1;94612.0000;None;1021800.0000
22351;2023-01-23 18:58:23.503000;3;201146;1;1;6800.0000;1;47741.0000;None;515600.0000
22347;2023-01-23 15:31:54.407000;2;201187;1;1;10800.0000;1;94612.0000;None;1021800.0000
22332;2023-01-23 12:11:42.267000;3;201206;1;1;6800.0000;1;18296.0000;None;197600.0000
22342;2023-01-23 14:51:20.240000;3;201206;1;1;6800.0000;1;56722.0000;None;612600.0000
22351;2023-01-23 17:36:34.277000;3;201211;1;1;6800.0000;1;47741.0000;None;515600.0000
22352;2023-01-23 17:49:00.520000;3;201211;1;2;13600.0000;1;64611.0000;None;697800.0000
31950;2023-01-23 14:44:11.690000;3;201211;1;1;6800.0000;1;37222.0000;None;402000.0000
22342;2023-01-23 14:03:15.153000;3;201211;1;1;6800.0000;1;56722.0000;None;612600.0000
22338;2023-01-23 14:00:45.690000;3;201211;1;1;6800.0000;1;29389.0000;None;317400.0000
22338;2023-01-23 12:45:32.273000;3;201211;1;1;6800.0000;1;29389.0000;None;317400.0000
22338;2023-01-23 12:45:32.273000;3;201211;1;1;6800.0000;1;29389.0000;None;317400.0000
22341;2023-01-23 13:26:12.417000;3;201211;1;2;13600.0000;1;12333.0000;None;133200.0000
11901;2023-01-23 14:16:10.730000;3;201211;1;1;6800.0000;1;73463.0000;None;793400.0000
11901;2023-01-23 13:37:56.333000;3;201211;1;1;6800.0000;1;73463.0000;None;793400.0000
22333;2023-01-23 12:29:42.593000;3;201211;1;1;6800.0000;1;49537.0000;None;535000.0000
22336;2023-01-23 12:35:49.187000;3;201211;1;1;6800.0000;1;15935.0000;None;172100.0000
22336;2023-01-23 13:01:00.950000;3;201211;1;1;6800.0000;1;15935.0000;None;172100.0000
22335;2023-01-23 12:57:13.463000;3;201211;1;1;6800.0000;1;21074.0000;None;227600.0000
22335;2023-01-23 12:57:13.463000;3;201211;1;1;6800.0000;1;21074.0000;None;227600.0000
22334;2023-01-23 13:04:25.587000;3;201211;1;1;6800.0000;1;12907.0000;None;139400.0000
22356;2023-01-23 20:37:59.183000;3;201237;1;1;6800.0000;1;19278.0000;None;208200.0000
22356;2023-01-23 21:17:17.080000;3;201237;1;1;6800.0000;1;19278.0000;None;208200.0000
22353;2023-01-23 18:55:27.853000;3;201269;1;1;6800.0000;1;35111.0000;None;379200.0000
22345;2023-01-23 16:16:00.763000;3;201269;1;1;6800.0000;1;28167.0000;None;304200.0000
22331;2023-01-23 12:20:50.263000;3;201269;1;3;20400.0000;1;26611.0000;None;287400.0000
22331;2023-01-23 12:12:48.293000;3;201269;1;1;6800.0000;1;26611.0000;None;287400.0000
22334;2023-01-23 13:04:25.587000;3;201269;1;1;6800.0000;1;12907.0000;None;139400.0000
22347;2023-01-23 15:41:04.670000;3;201277;1;1;6800.0000;1;94612.0000;None;1021800.0000
416;2023-01-23 08:26:57.490000;13;201604;1;117;432900.0000;1;None;None;432900.0000
11901;2023-01-23 13:37:56.333000;2;201615;1;1;14800.0000;1;73463.0000;None;793400.0000
11901;2023-01-23 14:44:34.463000;2;201615;1;1;14800.0000;1;73463.0000;None;793400.0000
31950;2023-01-23 13:55:20.130000;2;201615;1;2;29600.0000;1;37222.0000;None;402000.0000
31950;2023-01-23 14:06:20.947000;2;201615;1;1;14800.0000;1;37222.0000;None;402000.0000
31950;2023-01-23 14:44:11.690000;2;201615;1;1;14800.0000;1;37222.0000;None;402000.0000
31950;2023-01-23 14:44:11.690000;2;201615;1;1;14800.0000;1;37222.0000;None;402000.0000
420;2023-01-23 16:01:36.867000;3;201704;1;-1;-15800.0000;1;-38056.0000;None;-411000.0000
421;2023-01-23 16:02:50.303000;3;201704;1;1;15800.0000;1;38056.0000;None;411000.0000
22333;2023-01-23 13:15:55.780000;2;202200;1;-1;-164800.0000;1;49537.0000;None;535000.0000
22333;2023-01-23 13:08:32.663000;2;202200;1;1;164800.0000;1;49537.0000;None;535000.0000
22333;2023-01-23 13:15:11.303000;2;202366;1;1;185800.0000;1;49537.0000;None;535000.0000
31949;2023-01-23 14:01:37.433000;2;202367;1;1;187800.0000;1;37815.0000;None;408400.0000
22339;2023-01-23 12:57:12.890000;2;202494;1;1;136800.0000;1;38834.0000;None;419400.0000
