673;2023-01-07 12:07:01.463000;7;1001;1;1;0.0000;1;10574.0000;None;114200.0000
681;2023-01-07 13:16:03.633000;7;1001;1;1;0.0000;1;25389.0000;None;274200.0000
685;2023-01-07 13:51:32.457000;7;1001;1;1;0.0000;1;40093.0000;None;433000.0000
686;2023-01-07 15:24:48.907000;7;1002;1;1;0.0000;1;37556.0000;None;405600.0000
20160;2023-01-07 13:27:09.790000;7;1002;1;1;0.0000;1;49908.0000;None;539000.0000
691;2023-01-07 15:31:21.453000;7;1006;1;1;0.0000;1;23852.0000;None;257600.0000
694;2023-01-07 16:10:05.137000;7;1006;1;1;0.0000;1;30759.0000;None;332200.0000
696;2023-01-07 15:42:11.007000;7;1006;1;1;0.0000;1;19407.0000;None;209600.0000
712;2023-01-07 20:42:00.753000;7;1006;1;1;None;1;30871.0000;None;333400.0000
696;2023-01-07 15:42:11.007000;7;1007;1;1;0.0000;1;19407.0000;None;209600.0000
700;2023-01-07 17:44:45.323000;7;1007;1;1;0.0000;1;14796.0000;None;159800.0000
676;2023-01-07 12:43:33.053000;7;1007;1;1;0.0000;1;23352.0000;None;252200.0000
676;2023-01-07 12:43:33.053000;7;1007;1;1;0.0000;1;23352.0000;None;252200.0000
677;2023-01-07 14:20:52.280000;7;1007;1;1;None;1;68593.0000;None;740800.0000
677;2023-01-07 14:20:52.280000;7;1007;1;1;None;1;68593.0000;None;740800.0000
677;2023-01-07 14:20:52.280000;7;1007;1;1;None;1;68593.0000;None;740800.0000
686;2023-01-07 15:24:48.907000;7;1010;1;1;0.0000;1;37556.0000;None;405600.0000
677;2023-01-07 15:09:56.773000;7;1037;1;1;0.0000;1;68593.0000;None;740800.0000
680;2023-01-07 13:13:39.093000;7;1045;1;1;None;1;23963.0000;None;258800.0000
20162;2023-01-07 13:37:24.417000;7;1045;1;1;0.0000;1;11648.0000;None;125800.0000
20166;2023-01-07 15:57:11.913000;7;1045;1;1;0.0000;1;14000.0000;None;151200.0000
20167;2023-01-07 16:15:39.917000;7;1045;1;1;0.0000;1;15500.0000;None;167400.0000
677;2023-01-07 12:54:07.433000;7;1131;1;1;0.0000;1;68593.0000;None;740800.0000
677;2023-01-07 15:09:56.773000;7;1134;1;1;0.0000;1;68593.0000;None;740800.0000
673;2023-01-07 12:42:42.760000;7;1135;1;1;0.0000;1;10574.0000;None;114200.0000
679;2023-01-07 13:11:26.863000;7;1135;1;1;0.0000;1;28370.0000;None;306400.0000
678;2023-01-07 13:06:24.553000;7;1135;1;1;0.0000;1;23472.0000;None;253500.0000
678;2023-01-07 13:06:24.553000;7;1135;1;1;0.0000;1;23472.0000;None;253500.0000
678;2023-01-07 13:06:24.553000;7;1135;1;1;0.0000;1;23472.0000;None;253500.0000
20160;2023-01-07 13:27:09.790000;7;1135;1;1;0.0000;1;49908.0000;None;539000.0000
20160;2023-01-07 14:14:50.593000;7;1135;1;1;0.0000;1;49908.0000;None;539000.0000
683;2023-01-07 13:36:36.760000;7;1135;1;1;0.0000;1;65815.0000;None;710800.0000
697;2023-01-07 16:35:39.423000;7;1135;1;1;0.0000;1;9630.0000;None;104000.0000
20167;2023-01-07 16:15:39.917000;7;1135;1;1;0.0000;1;15500.0000;None;167400.0000
694;2023-01-07 16:10:05.137000;7;1135;1;1;0.0000;1;30759.0000;None;332200.0000
694;2023-01-07 16:10:05.137000;7;1135;1;1;0.0000;1;30759.0000;None;332200.0000
694;2023-01-07 16:51:24.580000;7;1135;1;1;0.0000;1;30759.0000;None;332200.0000
700;2023-01-07 17:44:45.323000;7;1135;1;1;0.0000;1;14796.0000;None;159800.0000
30106;2023-01-07 18:51:32.947000;7;1135;1;1;0.0000;1;5370.0000;None;58000.0000
708;2023-01-07 19:07:15.120000;7;1135;1;1;0.0000;1;10833.0000;None;117000.0000
707;2023-01-07 19:02:56.873000;7;1135;1;1;0.0000;1;14815.0000;None;160000.0000
707;2023-01-07 19:22:43.180000;7;1135;1;1;0.0000;1;14815.0000;None;160000.0000
710;2023-01-07 20:16:56.670000;7;1135;1;1;0.0000;1;10000.0000;None;108000.0000
688;2023-01-07 14:53:37.183000;7;1135;1;1;None;1;30759.0000;None;332200.0000
692;2023-01-07 16:24:03.040000;7;1135;1;1;0.0000;1;20574.0000;None;222200.0000
692;2023-01-07 15:36:30.973000;7;1135;1;1;None;1;20574.0000;None;222200.0000
713;2023-01-07 21:46:49.540000;7;1135;1;1;0.0000;1;44648.0000;None;482200.0000
713;2023-01-07 21:46:49.540000;7;1135;1;1;0.0000;1;44648.0000;None;482200.0000
683;2023-01-07 14:45:19.690000;7;1207;1;1;0.0000;1;65815.0000;None;710800.0000
692;2023-01-07 16:24:03.040000;7;1207;1;1;0.0000;1;20574.0000;None;222200.0000
706;2023-01-07 19:35:09.217000;7;1207;1;1;0.0000;1;9296.0000;None;100400.0000
20166;2023-01-07 15:46:08.997000;7;1207;1;1;0.0000;1;14000.0000;None;151200.0000
20167;2023-01-07 16:12:35.707000;7;1207;1;1;0.0000;1;15500.0000;None;167400.0000
20166;2023-01-07 16:07:27.610000;7;1207;1;1;0.0000;1;14000.0000;None;151200.0000
20166;2023-01-07 16:16:32.657000;7;1207;1;1;0.0000;1;14000.0000;None;151200.0000
705;2023-01-07 18:34:35.980000;7;1216;1;1;0.0000;1;2611.0000;None;28200.0000
687;2023-01-07 15:20:49.353000;7;1216;1;1;0.0000;1;12537.0000;None;135400.0000
20160;2023-01-07 14:34:23.917000;7;1216;1;1;None;1;49908.0000;None;539000.0000
20160;2023-01-07 14:34:23.917000;7;1216;1;1;None;1;49908.0000;None;539000.0000
20160;2023-01-07 14:34:23.917000;7;1216;1;1;None;1;49908.0000;None;539000.0000
677;2023-01-07 15:09:56.773000;7;1216;1;1;0.0000;1;68593.0000;None;740800.0000
20160;2023-01-07 14:34:23.917000;7;1219;1;1;None;1;49908.0000;None;539000.0000
20160;2023-01-07 14:34:23.917000;7;1219;1;1;None;1;49908.0000;None;539000.0000
681;2023-01-07 13:35:24.430000;7;1220;1;1;0.0000;1;25389.0000;None;274200.0000
681;2023-01-07 13:35:24.430000;7;1220;1;1;0.0000;1;25389.0000;None;274200.0000
673;2023-01-07 12:30:40.070000;7;1220;1;1;0.0000;1;10574.0000;None;114200.0000
673;2023-01-07 12:30:40.070000;7;1220;1;1;0.0000;1;10574.0000;None;114200.0000
678;2023-01-07 13:21:09.623000;7;1220;1;1;0.0000;1;23472.0000;None;253500.0000
680;2023-01-07 13:28:35.573000;7;1220;1;1;0.0000;1;23963.0000;None;258800.0000
688;2023-01-07 15:19:18.083000;7;1220;1;1;0.0000;1;30759.0000;None;332200.0000
20162;2023-01-07 13:48:22.093000;7;1220;1;1;0.0000;1;11648.0000;None;125800.0000
20162;2023-01-07 13:48:22.093000;7;1220;1;1;0.0000;1;11648.0000;None;125800.0000
685;2023-01-07 14:25:01.857000;7;1220;1;1;0.0000;1;40093.0000;None;433000.0000
20167;2023-01-07 16:20:58.757000;7;1220;1;1;0.0000;1;15500.0000;None;167400.0000
20167;2023-01-07 16:20:58.757000;7;1220;1;1;0.0000;1;15500.0000;None;167400.0000
20166;2023-01-07 16:01:33.450000;7;1220;1;1;None;1;14000.0000;None;151200.0000
20166;2023-01-07 16:01:33.450000;7;1220;1;1;None;1;14000.0000;None;151200.0000
20164;2023-01-07 13:54:18.463000;7;1302;1;1;0.0000;1;19889.0000;None;214800.0000
679;2023-01-07 14:06:50.537000;7;1302;1;1;0.0000;1;28370.0000;None;306400.0000
20160;2023-01-07 14:14:50.593000;7;1302;1;1;0.0000;1;49908.0000;None;539000.0000
20160;2023-01-07 15:15:39.450000;7;1303;1;1;0.0000;1;49908.0000;None;539000.0000
683;2023-01-07 14:55:41.037000;7;1303;1;1;0.0000;1;65815.0000;None;710800.0000
682;2023-01-07 13:51:40.600000;7;1303;1;1;0.0000;1;6907.0000;None;74600.0000
679;2023-01-07 14:59:28.303000;7;1303;1;1;0.0000;1;28370.0000;None;306400.0000
680;2023-01-07 14:26:29.727000;7;1303;1;1;0.0000;1;23963.0000;None;258800.0000
678;2023-01-07 14:00:36.063000;7;1303;1;1;0.0000;1;23472.0000;None;253500.0000
676;2023-01-07 13:44:49.497000;7;1303;1;1;0.0000;1;23352.0000;None;252200.0000
677;2023-01-07 15:42:41.263000;7;1303;1;1;0.0000;1;68593.0000;None;740800.0000
710;2023-01-07 20:55:45.030000;7;1303;1;1;0.0000;1;10000.0000;None;108000.0000
711;2023-01-07 20:50:29.100000;7;1303;1;1;0.0000;1;14667.0000;None;158400.0000
712;2023-01-07 21:50:35.093000;7;1303;1;1;0.0000;1;30871.0000;None;333400.0000
20164;2023-01-07 14:59:04.487000;7;1303;1;1;0.0000;1;19889.0000;None;214800.0000
12712;2023-01-07 14:31:56.577000;7;1303;1;1;0.0000;1;14537.0000;None;157000.0000
20165;2023-01-07 15:22:43.610000;7;1303;1;1;0.0000;1;7148.0000;None;77200.0000
12713;2023-01-07 14:05:49.793000;7;1303;1;1;0.0000;1;13759.0000;None;148600.0000
685;2023-01-07 15:09:24.550000;7;1303;1;1;0.0000;1;40093.0000;None;433000.0000
20163;2023-01-07 14:54:36.430000;7;1303;1;1;0.0000;1;8259.0000;None;89200.0000
684;2023-01-07 14:00:05.913000;7;1303;1;1;0.0000;1;11000.0000;None;118800.0000
20161;2023-01-07 14:08:58.277000;7;1303;1;1;0.0000;1;7241.0000;None;78200.0000
688;2023-01-07 15:43:54.847000;7;1303;1;1;0.0000;1;30759.0000;None;332200.0000
689;2023-01-07 16:02:50.587000;7;1303;1;1;0.0000;1;24685.0000;None;266600.0000
686;2023-01-07 16:37:02.550000;7;1303;1;1;0.0000;1;37556.0000;None;405600.0000
692;2023-01-07 16:38:39.427000;7;1303;1;1;0.0000;1;20574.0000;None;222200.0000
693;2023-01-07 16:10:26.367000;7;1303;1;1;0.0000;1;7963.0000;None;86000.0000
690;2023-01-07 16:16:20.157000;7;1303;1;1;0.0000;1;53371.0000;None;576400.0000
691;2023-01-07 16:25:34.570000;7;1303;1;1;0.0000;1;23852.0000;None;257600.0000
696;2023-01-07 16:10:16.943000;7;1303;1;1;0.0000;1;19407.0000;None;209600.0000
694;2023-01-07 17:01:49.673000;7;1303;1;1;0.0000;1;30759.0000;None;332200.0000
20167;2023-01-07 17:18:57.360000;7;1303;1;1;0.0000;1;15500.0000;None;167400.0000
20166;2023-01-07 16:40:32.093000;7;1303;1;1;0.0000;1;14000.0000;None;151200.0000
697;2023-01-07 17:24:49.143000;7;1303;1;1;0.0000;1;9630.0000;None;104000.0000
705;2023-01-07 19:31:40.690000;7;1303;1;1;0.0000;1;2611.0000;None;28200.0000
702;2023-01-07 18:46:14.653000;7;1303;1;1;0.0000;1;14167.0000;None;153000.0000
700;2023-01-07 18:32:58.527000;7;1303;1;1;0.0000;1;14796.0000;None;159800.0000
701;2023-01-07 18:20:43.573000;7;1303;1;1;0.0000;1;9926.0000;None;107200.0000
706;2023-01-07 20:07:23.037000;7;1303;1;1;0.0000;1;9296.0000;None;100400.0000
30106;2023-01-07 19:23:31.460000;7;1303;1;1;0.0000;1;5370.0000;None;58000.0000
707;2023-01-07 19:35:43.377000;7;1303;1;1;0.0000;1;14815.0000;None;160000.0000
709;2023-01-07 22:15:03.557000;7;1303;1;1;0.0000;1;19093.0000;None;206200.0000
708;2023-01-07 20:21:47.047000;7;1303;1;1;0.0000;1;10833.0000;None;117000.0000
700;2023-01-07 17:44:45.323000;7;1306;1;1;0.0000;1;14796.0000;None;159800.0000
706;2023-01-07 18:55:36.467000;7;1306;1;1;0.0000;1;9296.0000;None;100400.0000
696;2023-01-07 15:42:11.007000;7;1306;1;1;0.0000;1;19407.0000;None;209600.0000
696;2023-01-07 15:42:11.007000;7;1306;2;1;0.0000;1;19407.0000;None;209600.0000
692;2023-01-07 15:36:30.973000;7;1306;1;1;None;1;20574.0000;None;222200.0000
20164;2023-01-07 13:54:18.443000;7;1306;1;1;0.0000;1;19889.0000;None;214800.0000
12713;2023-01-07 13:30:30.160000;7;1306;1;1;0.0000;1;13759.0000;None;148600.0000
676;2023-01-07 12:43:33.053000;7;1306;2;1;0.0000;1;23352.0000;None;252200.0000
676;2023-01-07 12:43:33.053000;7;1306;1;1;0.0000;1;23352.0000;None;252200.0000
680;2023-01-07 13:13:39.093000;7;1306;1;1;None;1;23963.0000;None;258800.0000
679;2023-01-07 14:06:50.487000;7;1306;1;1;0.0000;1;28370.0000;None;306400.0000
20160;2023-01-07 14:14:50.593000;7;1306;1;1;0.0000;1;49908.0000;None;539000.0000
20160;2023-01-07 13:27:09.790000;7;1306;1;1;0.0000;1;49908.0000;None;539000.0000
20160;2023-01-07 13:27:09.790000;7;1306;1;1;0.0000;1;49908.0000;None;539000.0000
20160;2023-01-07 13:27:09.790000;7;1306;1;1;0.0000;1;49908.0000;None;539000.0000
20164;2023-01-07 13:54:18.463000;7;1308;1;1;0.0000;1;19889.0000;None;214800.0000
687;2023-01-07 14:39:42.447000;7;2002;1;1;0.0000;1;12537.0000;None;135400.0000
681;2023-01-07 13:09:39.003000;7;2002;1;1;0.0000;1;25389.0000;None;274200.0000
679;2023-01-07 12:57:13.033000;7;2008;1;2;0.0000;1;28370.0000;None;306400.0000
673;2023-01-07 12:07:01.463000;7;2008;1;1;0.0000;1;10574.0000;None;114200.0000
673;2023-01-07 12:07:01.463000;7;2008;1;1;0.0000;1;10574.0000;None;114200.0000
713;2023-01-07 21:27:02.463000;7;2008;1;4;0.0000;1;44648.0000;None;482200.0000
713;2023-01-07 21:27:02.463000;7;2008;1;4;0.0000;1;44648.0000;None;482200.0000
713;2023-01-07 21:27:02.463000;7;2008;1;3;0.0000;1;44648.0000;None;482200.0000
711;2023-01-07 20:18:59.763000;7;2008;1;3;0.0000;1;14667.0000;None;158400.0000
712;2023-01-07 20:32:03.887000;7;2008;1;2;0.0000;1;30871.0000;None;333400.0000
690;2023-01-07 15:05:27.970000;7;2008;1;4;0.0000;1;53371.0000;None;576400.0000
688;2023-01-07 14:57:18.550000;7;2008;1;4;None;1;30759.0000;None;332200.0000
689;2023-01-07 15:00:39.360000;7;2008;1;2;None;1;24685.0000;None;266600.0000
12712;2023-01-07 13:21:43.137000;7;2008;1;1;0.0000;1;14537.0000;None;157000.0000
12712;2023-01-07 13:21:43.137000;7;2008;1;1;0.0000;1;14537.0000;None;157000.0000
685;2023-01-07 14:12:53.070000;7;2008;1;3;0.0000;1;40093.0000;None;433000.0000
709;2023-01-07 19:44:20.877000;7;2008;1;2;0.0000;1;19093.0000;None;206200.0000
707;2023-01-07 19:02:29.813000;7;2008;1;2;0.0000;1;14815.0000;None;160000.0000
677;2023-01-07 13:12:01.930000;7;2015;1;4;0.0000;1;68593.0000;None;740800.0000
694;2023-01-07 16:51:53.417000;7;2015;1;1;0.0000;1;30759.0000;None;332200.0000
694;2023-01-07 16:51:53.417000;7;2015;1;1;0.0000;1;30759.0000;None;332200.0000
686;2023-01-07 14:35:49.007000;7;2015;1;2;0.0000;1;37556.0000;None;405600.0000
686;2023-01-07 14:53:52.503000;7;2015;1;2;0.0000;1;37556.0000;None;405600.0000
690;2023-01-07 15:05:27.970000;7;2015;1;4;0.0000;1;53371.0000;None;576400.0000
683;2023-01-07 13:17:32.533000;7;2036;1;1;0.0000;1;65815.0000;None;710800.0000
683;2023-01-07 13:17:32.533000;7;2042;1;1;0.0000;1;65815.0000;None;710800.0000
683;2023-01-07 13:37:15.243000;7;2042;1;3;0.0000;1;65815.0000;None;710800.0000
683;2023-01-07 13:37:15.243000;7;2042;1;1;0.0000;1;65815.0000;None;710800.0000
683;2023-01-07 14:04:59.297000;7;2042;1;1;0.0000;1;65815.0000;None;710800.0000
676;2023-01-07 13:19:55.817000;7;2042;1;1;0.0000;1;23352.0000;None;252200.0000
676;2023-01-07 12:32:20.287000;7;2042;1;1;0.0000;1;23352.0000;None;252200.0000
676;2023-01-07 12:32:20.287000;7;2042;1;1;0.0000;1;23352.0000;None;252200.0000
680;2023-01-07 12:59:49.537000;7;2042;1;1;0.0000;1;23963.0000;None;258800.0000
687;2023-01-07 14:39:42.447000;7;2042;1;1;0.0000;1;12537.0000;None;135400.0000
689;2023-01-07 15:34:27.110000;7;2044;1;1;0.0000;1;24685.0000;None;266600.0000
20165;2023-01-07 15:22:32.930000;7;2045;1;1;None;1;7148.0000;None;77200.0000
20166;2023-01-07 16:07:27.610000;7;2045;1;1;0.0000;1;14000.0000;None;151200.0000
698;2023-01-07 17:42:52.143000;7;2045;1;1;0.0000;1;8611.0000;None;93000.0000
679;2023-01-07 12:57:13.033000;7;2050;1;1;0.0000;1;28370.0000;None;306400.0000
679;2023-01-07 12:57:13.033000;7;2050;1;1;0.0000;1;28370.0000;None;306400.0000
683;2023-01-07 13:37:15.243000;7;2050;1;1;0.0000;1;65815.0000;None;710800.0000
696;2023-01-07 15:58:53.423000;7;2050;1;1;0.0000;1;19407.0000;None;209600.0000
696;2023-01-07 15:33:14.083000;7;2050;1;1;0.0000;1;19407.0000;None;209600.0000
709;2023-01-07 19:44:20.877000;7;2050;1;1;0.0000;1;19093.0000;None;206200.0000
705;2023-01-07 18:26:45.830000;7;2058;1;1;0.0000;1;2611.0000;None;28200.0000
702;2023-01-07 17:50:30.823000;7;2065;1;1;0.0000;1;14167.0000;None;153000.0000
12713;2023-01-07 13:21:18.227000;7;2065;1;1;0.0000;1;13759.0000;None;148600.0000
12713;2023-01-07 13:21:18.227000;7;2065;1;1;0.0000;1;13759.0000;None;148600.0000
711;2023-01-07 20:18:59.763000;7;2072;1;1;0.0000;1;14667.0000;None;158400.0000
676;2023-01-07 12:32:20.287000;7;2072;1;1;0.0000;1;23352.0000;None;252200.0000
676;2023-01-07 13:19:55.817000;7;2072;1;1;0.0000;1;23352.0000;None;252200.0000
713;2023-01-07 21:27:02.463000;7;2073;1;1;0.0000;1;44648.0000;None;482200.0000
698;2023-01-07 17:01:21.717000;7;2094;1;1;None;1;8611.0000;None;93000.0000
698;2023-01-07 17:05:07.420000;7;2094;1;-1;0.0000;1;8611.0000;None;93000.0000
694;2023-01-07 16:51:53.417000;3;100596;1;1;5800.0000;1;30759.0000;None;332200.0000
700;2023-01-07 18:20:14.483000;3;100596;1;6;34800.0000;1;14796.0000;None;159800.0000
700;2023-01-07 18:20:14.483000;3;100596;1;1;5800.0000;1;14796.0000;None;159800.0000
700;2023-01-07 18:21:24.613000;3;100596;1;-6;-34800.0000;1;14796.0000;None;159800.0000
700;2023-01-07 18:23:50.763000;3;100596;1;1;5800.0000;1;14796.0000;None;159800.0000
677;2023-01-07 15:09:56.773000;3;100606;1;1;6800.0000;1;68593.0000;None;740800.0000
683;2023-01-07 14:29:55.817000;3;100606;1;1;6800.0000;1;65815.0000;None;710800.0000
692;2023-01-07 16:24:03.040000;3;100607;1;1;6800.0000;1;20574.0000;None;222200.0000
689;2023-01-07 15:34:27.110000;3;100613;1;2;11600.0000;1;24685.0000;None;266600.0000
683;2023-01-07 14:45:29.947000;3;100613;1;1;5800.0000;1;65815.0000;None;710800.0000
683;2023-01-07 14:29:55.817000;3;100614;1;1;5800.0000;1;65815.0000;None;710800.0000
683;2023-01-07 14:29:55.817000;3;100614;1;1;5800.0000;1;65815.0000;None;710800.0000
677;2023-01-07 15:09:56.773000;3;100614;1;1;5800.0000;1;68593.0000;None;740800.0000
677;2023-01-07 15:09:56.773000;3;100614;1;1;5800.0000;1;68593.0000;None;740800.0000
678;2023-01-07 13:54:15.637000;3;100614;1;1;5800.0000;1;23472.0000;None;253500.0000
680;2023-01-07 14:17:31.217000;3;100614;1;1;5800.0000;1;23963.0000;None;258800.0000
711;2023-01-07 20:18:59.763000;3;100614;1;1;5800.0000;1;14667.0000;None;158400.0000
689;2023-01-07 15:34:27.110000;3;100614;1;1;5800.0000;1;24685.0000;None;266600.0000
687;2023-01-07 15:20:49.353000;3;100614;1;1;5800.0000;1;12537.0000;None;135400.0000
687;2023-01-07 15:20:49.353000;3;100614;1;1;5800.0000;1;12537.0000;None;135400.0000
690;2023-01-07 15:58:29.400000;3;100614;1;1;5800.0000;1;53371.0000;None;576400.0000
690;2023-01-07 15:58:29.400000;3;100614;1;1;5800.0000;1;53371.0000;None;576400.0000
691;2023-01-07 16:16:08.120000;3;100614;1;1;5800.0000;1;23852.0000;None;257600.0000
12712;2023-01-07 14:08:46.233000;3;100614;1;1;5800.0000;1;14537.0000;None;157000.0000
684;2023-01-07 13:31:27.243000;1;100891;5;1;36800.0000;1;11000.0000;None;118800.0000
20160;2023-01-07 13:27:09.790000;1;100892;5;1;36800.0000;1;49908.0000;None;539000.0000
697;2023-01-07 16:35:39.423000;1;100963;1;1;0.0000;1;9630.0000;None;104000.0000
679;2023-01-07 13:08:44.903000;2;100971;1;1;25800.0000;1;28370.0000;None;306400.0000
679;2023-01-07 14:35:25.900000;3;100999;1;1;5800.0000;1;28370.0000;None;306400.0000
679;2023-01-07 14:35:25.900000;3;100999;1;1;5800.0000;1;28370.0000;None;306400.0000
677;2023-01-07 15:09:56.773000;3;100999;1;1;5800.0000;1;68593.0000;None;740800.0000
20160;2023-01-07 14:34:23.917000;3;100999;1;1;5800.0000;1;49908.0000;None;539000.0000
20161;2023-01-07 13:33:35.067000;3;100999;1;1;5800.0000;1;7241.0000;None;78200.0000
20161;2023-01-07 13:33:35.067000;1;101015;1;1;32800.0000;1;7241.0000;None;78200.0000
677;2023-01-07 13:24:05.930000;1;101015;1;1;32800.0000;1;68593.0000;None;740800.0000
690;2023-01-07 15:20:12.457000;1;101084;1;1;69800.0000;1;53371.0000;None;576400.0000
677;2023-01-07 15:09:56.773000;1;101088;1;1;3800.0000;1;68593.0000;None;740800.0000
20160;2023-01-07 14:34:23.917000;1;101088;1;1;3800.0000;1;49908.0000;None;539000.0000
20160;2023-01-07 14:34:23.917000;1;101088;1;1;3800.0000;1;49908.0000;None;539000.0000
20160;2023-01-07 14:34:23.917000;1;101088;1;1;3800.0000;1;49908.0000;None;539000.0000
687;2023-01-07 15:20:49.353000;1;101088;1;1;3800.0000;1;12537.0000;None;135400.0000
705;2023-01-07 18:34:35.980000;1;101088;1;1;3800.0000;1;2611.0000;None;28200.0000
696;2023-01-07 15:42:11.007000;1;101092;1;1;49800.0000;1;19407.0000;None;209600.0000
676;2023-01-07 12:43:33.053000;1;101092;1;1;49800.0000;1;23352.0000;None;252200.0000
676;2023-01-07 12:43:33.053000;1;101092;1;1;49800.0000;1;23352.0000;None;252200.0000
677;2023-01-07 15:09:56.773000;1;101118;1;1;10800.0000;1;68593.0000;None;740800.0000
20160;2023-01-07 14:34:23.917000;1;101118;1;1;10800.0000;1;49908.0000;None;539000.0000
20160;2023-01-07 14:34:23.917000;1;101118;1;1;10800.0000;1;49908.0000;None;539000.0000
673;2023-01-07 12:09:31.730000;1;101119;1;-1;-8800.0000;1;10574.0000;None;114200.0000
673;2023-01-07 12:07:01.463000;1;101119;1;1;8800.0000;1;10574.0000;None;114200.0000
698;2023-01-07 17:07:07.943000;1;101122;1;1;34800.0000;1;8611.0000;None;93000.0000
20167;2023-01-07 16:15:39.917000;1;101122;1;1;34800.0000;1;15500.0000;None;167400.0000
681;2023-01-07 13:16:03.633000;1;101178;1;1;42800.0000;1;25389.0000;None;274200.0000
696;2023-01-07 15:33:14.083000;1;101178;1;1;42800.0000;1;19407.0000;None;209600.0000
691;2023-01-07 15:23:47.407000;1;101178;1;1;42800.0000;1;23852.0000;None;257600.0000
694;2023-01-07 15:32:25.590000;1;101178;1;1;42800.0000;1;30759.0000;None;332200.0000
714;2023-01-07 21:47:57.807000;1;101190;1;1;34800.0000;1;8519.0000;None;92000.0000
686;2023-01-07 15:24:48.907000;1;101203;1;1;51800.0000;1;37556.0000;None;405600.0000
678;2023-01-07 13:06:24.553000;1;101203;1;1;51800.0000;1;23472.0000;None;253500.0000
20162;2023-01-07 13:37:07.380000;1;101212;1;1;25800.0000;1;11648.0000;None;125800.0000
20166;2023-01-07 15:51:31.437000;1;101244;1;1;29800.0000;1;14000.0000;None;151200.0000
712;2023-01-07 20:35:04.980000;1;101250;1;1;46800.0000;1;30871.0000;None;333400.0000
680;2023-01-07 13:04:05.777000;1;101258;1;1;47800.0000;1;23963.0000;None;258800.0000
686;2023-01-07 14:58:27.947000;1;101267;1;1;28800.0000;1;37556.0000;None;405600.0000
681;2023-01-07 13:09:39.003000;1;101270;1;1;0.0000;1;25389.0000;None;274200.0000
20160;2023-01-07 13:25:12.287000;1;101270;1;1;None;1;49908.0000;None;539000.0000
683;2023-01-07 13:17:32.533000;1;101270;1;1;0.0000;1;65815.0000;None;710800.0000
686;2023-01-07 14:35:49.007000;1;101270;1;2;0.0000;1;37556.0000;None;405600.0000
20161;2023-01-07 13:33:35.067000;1;101270;1;1;0.0000;1;7241.0000;None;78200.0000
691;2023-01-07 15:24:00.627000;1;101270;1;1;None;1;23852.0000;None;257600.0000
697;2023-01-07 16:35:39.423000;1;101270;1;1;None;1;9630.0000;None;104000.0000
698;2023-01-07 17:05:07.420000;1;101270;1;-1;0.0000;1;8611.0000;None;93000.0000
697;2023-01-07 16:38:05.067000;1;101270;1;-1;0.0000;1;9630.0000;None;104000.0000
698;2023-01-07 17:01:21.717000;1;101270;1;1;None;1;8611.0000;None;93000.0000
706;2023-01-07 18:55:36.467000;1;101270;1;1;0.0000;1;9296.0000;None;100400.0000
680;2023-01-07 13:13:39.077000;1;101273;1;1;37800.0000;1;23963.0000;None;258800.0000
676;2023-01-07 12:43:33.053000;1;101418;1;1;0.0000;1;23352.0000;None;252200.0000
20160;2023-01-07 13:27:09.790000;1;101418;2;1;0.0000;1;49908.0000;None;539000.0000
712;2023-01-07 20:42:00.753000;1;101433;1;1;None;1;30871.0000;None;333400.0000
713;2023-01-07 21:39:03.217000;6;101438;1;1;0.0000;1;44648.0000;None;482200.0000
693;2023-01-07 15:27:15.487000;6;101438;1;1;0.0000;1;7963.0000;None;86000.0000
20164;2023-01-07 13:54:18.443000;6;101438;1;1;0.0000;1;19889.0000;None;214800.0000
20165;2023-01-07 14:28:58.557000;6;101438;1;1;None;1;7148.0000;None;77200.0000
20164;2023-01-07 13:54:18.463000;6;101438;1;1;0.0000;1;19889.0000;None;214800.0000
693;2023-01-07 15:27:15.487000;None;101442;None;1;0.0000;1;7963.0000;None;86000.0000
688;2023-01-07 14:53:37.183000;None;101442;None;1;None;1;30759.0000;None;332200.0000
685;2023-01-07 13:51:32.457000;6;101470;1;1;0.0000;1;40093.0000;None;433000.0000
707;2023-01-07 19:02:56.873000;6;101470;1;1;0.0000;1;14815.0000;None;160000.0000
683;2023-01-07 13:36:36.760000;6;101470;1;1;0.0000;1;65815.0000;None;710800.0000
20160;2023-01-07 13:27:09.790000;1;101519;1;1;0.0000;1;49908.0000;None;539000.0000
20160;2023-01-07 14:14:50.593000;1;101519;1;1;0.0000;1;49908.0000;None;539000.0000
20164;2023-01-07 13:54:18.443000;1;101519;1;1;0.0000;1;19889.0000;None;214800.0000
20164;2023-01-07 13:54:18.463000;1;101519;1;1;0.0000;1;19889.0000;None;214800.0000
12713;2023-01-07 13:30:30.160000;1;101519;1;1;0.0000;1;13759.0000;None;148600.0000
686;2023-01-07 15:24:48.907000;1;101519;1;1;0.0000;1;37556.0000;None;405600.0000
692;2023-01-07 15:36:30.973000;1;101519;1;1;None;1;20574.0000;None;222200.0000
692;2023-01-07 15:36:30.973000;6;101525;1;1;None;1;20574.0000;None;222200.0000
692;2023-01-07 16:02:36.457000;6;101525;1;1;0.0000;1;20574.0000;None;222200.0000
688;2023-01-07 14:53:37.183000;6;101525;1;1;None;1;30759.0000;None;332200.0000
20166;2023-01-07 15:57:11.913000;6;101525;1;1;0.0000;1;14000.0000;None;151200.0000
20166;2023-01-07 15:57:11.913000;6;101525;1;1;0.0000;1;14000.0000;None;151200.0000
694;2023-01-07 16:10:05.137000;6;101525;1;1;0.0000;1;30759.0000;None;332200.0000
702;2023-01-07 17:49:58.453000;6;101535;1;1;0.0000;1;14167.0000;None;153000.0000
688;2023-01-07 14:53:37.183000;6;101535;1;1;None;1;30759.0000;None;332200.0000
689;2023-01-07 15:00:39.360000;6;101535;1;1;None;1;24685.0000;None;266600.0000
693;2023-01-07 15:27:15.487000;6;101535;1;1;0.0000;1;7963.0000;None;86000.0000
692;2023-01-07 15:36:30.973000;6;101535;1;1;None;1;20574.0000;None;222200.0000
20163;2023-01-07 13:47:25.963000;6;101535;1;1;0.0000;1;8259.0000;None;89200.0000
706;2023-01-07 18:55:36.467000;1;101552;1;1;0.0000;1;9296.0000;None;100400.0000
680;2023-01-07 13:13:39.093000;1;101552;1;1;None;1;23963.0000;None;258800.0000
683;2023-01-07 14:04:59.297000;1;101573;1;1;0.0000;1;65815.0000;None;710800.0000
20162;2023-01-07 13:37:24.417000;1;101573;1;1;0.0000;1;11648.0000;None;125800.0000
692;2023-01-07 15:36:30.973000;1;101573;1;1;None;1;20574.0000;None;222200.0000
687;2023-01-07 14:40:08.233000;1;101573;1;1;0.0000;1;12537.0000;None;135400.0000
20160;2023-01-07 13:27:09.790000;6;101624;1;1;0.0000;1;49908.0000;None;539000.0000
681;2023-01-07 13:16:03.633000;6;101624;1;1;0.0000;1;25389.0000;None;274200.0000
681;2023-01-07 13:16:03.633000;6;101624;1;1;0.0000;1;25389.0000;None;274200.0000
681;2023-01-07 13:16:03.633000;6;101624;1;1;0.0000;1;25389.0000;None;274200.0000
679;2023-01-07 13:46:52.020000;6;101624;1;1;None;1;28370.0000;None;306400.0000
678;2023-01-07 13:06:24.553000;6;101624;1;1;0.0000;1;23472.0000;None;253500.0000
688;2023-01-07 14:53:37.183000;6;101624;1;1;None;1;30759.0000;None;332200.0000
693;2023-01-07 15:27:15.487000;6;101624;1;1;0.0000;1;7963.0000;None;86000.0000
20164;2023-01-07 13:54:18.443000;6;101624;1;1;0.0000;1;19889.0000;None;214800.0000
20161;2023-01-07 13:33:35.067000;6;101624;1;1;0.0000;1;7241.0000;None;78200.0000
12713;2023-01-07 13:30:30.160000;6;101624;1;1;0.0000;1;13759.0000;None;148600.0000
701;2023-01-07 17:42:28.457000;6;101624;1;1;0.0000;1;9926.0000;None;107200.0000
694;2023-01-07 16:10:05.137000;6;101624;1;1;0.0000;1;30759.0000;None;332200.0000
698;2023-01-07 17:07:07.943000;6;101624;1;1;None;1;8611.0000;None;93000.0000
697;2023-01-07 16:35:39.423000;6;101624;1;1;0.0000;1;9630.0000;None;104000.0000
714;2023-01-07 21:47:57.807000;6;101624;1;1;0.0000;1;8519.0000;None;92000.0000
20160;2023-01-07 14:34:23.917000;1;101647;1;1;10800.0000;1;49908.0000;None;539000.0000
697;2023-01-07 16:35:39.423000;1;101665;1;1;37800.0000;1;9630.0000;None;104000.0000
710;2023-01-07 20:42:11.190000;2;101706;1;1;27800.0000;1;10000.0000;None;108000.0000
694;2023-01-07 16:51:24.580000;1;101891;1;1;16800.0000;1;30759.0000;None;332200.0000
677;2023-01-07 13:24:05.930000;1;102025;1;1;31800.0000;1;68593.0000;None;740800.0000
12713;2023-01-07 13:30:30.160000;1;102058;1;1;49800.0000;1;13759.0000;None;148600.0000
690;2023-01-07 15:03:29.723000;1;102065;1;1;29800.0000;1;53371.0000;None;576400.0000
708;2023-01-07 19:07:15.120000;1;102065;1;1;29800.0000;1;10833.0000;None;117000.0000
680;2023-01-07 12:59:49.537000;1;102065;1;1;29800.0000;1;23963.0000;None;258800.0000
683;2023-01-07 13:36:36.760000;1;102069;1;1;35800.0000;1;65815.0000;None;710800.0000
683;2023-01-07 14:29:55.817000;3;102102;1;1;9800.0000;1;65815.0000;None;710800.0000
683;2023-01-07 14:29:55.817000;3;102109;1;1;5800.0000;1;65815.0000;None;710800.0000
686;2023-01-07 14:40:15.680000;1;102150;1;1;3800.0000;1;37556.0000;None;405600.0000
712;2023-01-07 20:42:00.753000;1;102163;1;1;2800.0000;1;30871.0000;None;333400.0000
686;2023-01-07 15:24:48.907000;1;102176;1;1;4800.0000;1;37556.0000;None;405600.0000
678;2023-01-07 13:39:35.937000;1;102177;1;1;2500.0000;1;23472.0000;None;253500.0000
677;2023-01-07 13:51:50.387000;1;102222;1;1;2800.0000;1;68593.0000;None;740800.0000
693;2023-01-07 15:38:50.527000;1;102222;1;1;2800.0000;1;7963.0000;None;86000.0000
20164;2023-01-07 14:03:22.583000;1;102222;1;1;2800.0000;1;19889.0000;None;214800.0000
12713;2023-01-07 13:29:25.820000;1;102222;1;1;2800.0000;1;13759.0000;None;148600.0000
20162;2023-01-07 13:55:55.990000;1;102222;1;1;2800.0000;1;11648.0000;None;125800.0000
20166;2023-01-07 16:15:50.677000;1;102222;1;1;2800.0000;1;14000.0000;None;151200.0000
706;2023-01-07 18:55:36.467000;1;102227;1;1;6800.0000;1;9296.0000;None;100400.0000
706;2023-01-07 19:22:58.503000;1;102227;1;1;6800.0000;1;9296.0000;None;100400.0000
692;2023-01-07 15:35:14.200000;1;102227;1;1;6800.0000;1;20574.0000;None;222200.0000
681;2023-01-07 13:16:03.633000;1;102227;1;1;6800.0000;1;25389.0000;None;274200.0000
681;2023-01-07 13:16:03.633000;1;102227;1;1;6800.0000;1;25389.0000;None;274200.0000
694;2023-01-07 16:10:05.137000;1;102239;1;1;5800.0000;1;30759.0000;None;332200.0000
698;2023-01-07 17:07:07.943000;1;102239;1;1;5800.0000;1;8611.0000;None;93000.0000
714;2023-01-07 21:47:57.807000;1;102239;1;1;5800.0000;1;8519.0000;None;92000.0000
712;2023-01-07 21:12:19.040000;1;102270;1;2;3600.0000;1;30871.0000;None;333400.0000
12715;2023-01-07 17:06:52.860000;1;102280;1;2;13600.0000;1;None;None;17200.0000
20167;2023-01-07 16:15:39.917000;1;102280;1;1;6800.0000;1;15500.0000;None;167400.0000
20160;2023-01-07 14:00:16.757000;1;102311;1;1;1800.0000;1;49908.0000;None;539000.0000
12715;2023-01-07 17:06:52.860000;1;102311;1;2;3600.0000;1;None;None;17200.0000
683;2023-01-07 13:36:36.760000;1;102324;1;1;44800.0000;1;65815.0000;None;710800.0000
678;2023-01-07 13:06:24.553000;1;102324;1;1;44800.0000;1;23472.0000;None;253500.0000
678;2023-01-07 13:06:24.553000;1;102324;1;1;44800.0000;1;23472.0000;None;253500.0000
690;2023-01-07 15:05:27.970000;1;102339;1;1;47800.0000;1;53371.0000;None;576400.0000
699;2023-01-07 17:23:06.830000;1;102352;1;1;19800.0000;1;None;None;19800.0000
12717;2023-01-07 18:09:13.437000;1;102352;1;1;19800.0000;1;None;None;19800.0000
705;2023-01-07 18:27:20.040000;1;102360;1;1;12800.0000;1;2611.0000;None;28200.0000
707;2023-01-07 19:02:56.873000;1;102436;1;1;29800.0000;1;14815.0000;None;160000.0000
709;2023-01-07 19:47:41.023000;1;102436;1;1;29800.0000;1;19093.0000;None;206200.0000
20167;2023-01-07 16:15:39.917000;1;102436;1;1;29800.0000;1;15500.0000;None;167400.0000
680;2023-01-07 12:59:49.537000;3;102616;1;1;5800.0000;1;23963.0000;None;258800.0000
683;2023-01-07 14:04:59.297000;3;102616;1;1;5800.0000;1;65815.0000;None;710800.0000
710;2023-01-07 20:06:45.367000;3;102619;1;1;6800.0000;1;10000.0000;None;108000.0000
711;2023-01-07 20:18:59.763000;3;102619;1;1;6800.0000;1;14667.0000;None;158400.0000
701;2023-01-07 17:34:09.057000;3;102619;1;1;6800.0000;1;9926.0000;None;107200.0000
683;2023-01-07 13:37:15.243000;3;102635;1;3;23400.0000;1;65815.0000;None;710800.0000
683;2023-01-07 13:17:32.533000;3;102635;1;1;7800.0000;1;65815.0000;None;710800.0000
678;2023-01-07 13:04:29.560000;3;102635;1;1;7800.0000;1;23472.0000;None;253500.0000
676;2023-01-07 12:32:20.287000;3;102635;1;1;7800.0000;1;23352.0000;None;252200.0000
676;2023-01-07 12:32:20.287000;3;102635;1;1;7800.0000;1;23352.0000;None;252200.0000
714;2023-01-07 21:42:57.283000;3;102635;1;1;7800.0000;1;8519.0000;None;92000.0000
700;2023-01-07 17:27:01.003000;3;102635;1;1;7800.0000;1;14796.0000;None;159800.0000
687;2023-01-07 14:39:42.447000;3;102635;1;2;15600.0000;1;12537.0000;None;135400.0000
693;2023-01-07 15:27:15.487000;3;102635;1;1;7800.0000;1;7963.0000;None;86000.0000
693;2023-01-07 15:27:15.487000;3;102635;1;1;7800.0000;1;7963.0000;None;86000.0000
20162;2023-01-07 13:37:07.380000;3;102635;1;1;7800.0000;1;11648.0000;None;125800.0000
20165;2023-01-07 14:28:58.557000;3;102635;1;1;7800.0000;1;7148.0000;None;77200.0000
20164;2023-01-07 13:54:39.077000;3;102637;1;1;9800.0000;1;19889.0000;None;214800.0000
692;2023-01-07 15:23:10.523000;3;102637;1;1;9800.0000;1;20574.0000;None;222200.0000
708;2023-01-07 19:08:07.793000;3;102637;1;1;9800.0000;1;10833.0000;None;117000.0000
696;2023-01-07 15:33:14.083000;3;102641;1;1;10800.0000;1;19407.0000;None;209600.0000
696;2023-01-07 15:58:53.423000;3;102641;1;1;10800.0000;1;19407.0000;None;209600.0000
709;2023-01-07 19:44:20.877000;3;102644;1;1;5800.0000;1;19093.0000;None;206200.0000
20164;2023-01-07 13:54:39.077000;3;102644;1;1;5800.0000;1;19889.0000;None;214800.0000
20164;2023-01-07 13:54:39.077000;3;102644;1;1;5800.0000;1;19889.0000;None;214800.0000
20164;2023-01-07 13:54:39.077000;3;102644;1;1;5800.0000;1;19889.0000;None;214800.0000
711;2023-01-07 20:18:59.763000;3;102644;1;1;5800.0000;1;14667.0000;None;158400.0000
676;2023-01-07 12:32:20.287000;3;102644;1;1;5800.0000;1;23352.0000;None;252200.0000
676;2023-01-07 13:19:55.817000;3;102644;1;1;5800.0000;1;23352.0000;None;252200.0000
20160;2023-01-07 13:25:12.287000;3;102644;1;1;5800.0000;1;49908.0000;None;539000.0000
20160;2023-01-07 13:25:12.287000;3;102651;1;1;8800.0000;1;49908.0000;None;539000.0000
20160;2023-01-07 13:40:33.760000;3;102651;1;1;8800.0000;1;49908.0000;None;539000.0000
696;2023-01-07 15:33:14.083000;3;102663;1;1;10800.0000;1;19407.0000;None;209600.0000
20162;2023-01-07 13:37:24.417000;1;102726;1;1;44800.0000;1;11648.0000;None;125800.0000
683;2023-01-07 13:36:36.760000;1;102726;1;1;44800.0000;1;65815.0000;None;710800.0000
683;2023-01-07 13:36:36.760000;1;102726;1;1;44800.0000;1;65815.0000;None;710800.0000
679;2023-01-07 14:09:34.013000;1;102726;1;-1;-44800.0000;1;28370.0000;None;306400.0000
679;2023-01-07 13:46:52.020000;1;102726;1;1;44800.0000;1;28370.0000;None;306400.0000
20160;2023-01-07 14:50:10.673000;3;102747;1;1;4800.0000;1;49908.0000;None;539000.0000
20166;2023-01-07 15:46:08.997000;3;102747;1;1;4800.0000;1;14000.0000;None;151200.0000
20166;2023-01-07 16:16:32.657000;3;102747;1;1;4800.0000;1;14000.0000;None;151200.0000
20166;2023-01-07 15:50:16.247000;3;102747;1;1;4800.0000;1;14000.0000;None;151200.0000
713;2023-01-07 21:27:02.463000;3;102747;1;1;4800.0000;1;44648.0000;None;482200.0000
683;2023-01-07 13:37:15.243000;3;102748;1;1;14800.0000;1;65815.0000;None;710800.0000
681;2023-01-07 13:43:17.677000;3;102749;1;1;5800.0000;1;25389.0000;None;274200.0000
681;2023-01-07 13:43:17.677000;3;102749;1;1;5800.0000;1;25389.0000;None;274200.0000
681;2023-01-07 13:44:37.447000;3;102749;1;1;5800.0000;1;25389.0000;None;274200.0000
681;2023-01-07 13:09:39.003000;3;102749;1;1;5800.0000;1;25389.0000;None;274200.0000
681;2023-01-07 13:09:39.003000;3;102749;1;1;5800.0000;1;25389.0000;None;274200.0000
20164;2023-01-07 13:54:39.077000;3;102749;1;1;5800.0000;1;19889.0000;None;214800.0000
692;2023-01-07 15:23:10.523000;3;102749;1;1;5800.0000;1;20574.0000;None;222200.0000
707;2023-01-07 19:02:56.873000;1;102753;1;1;56800.0000;1;14815.0000;None;160000.0000
20163;2023-01-07 13:47:25.963000;1;102873;1;1;42800.0000;1;8259.0000;None;89200.0000
677;2023-01-07 14:20:52.280000;1;102876;1;1;28800.0000;1;68593.0000;None;740800.0000
676;2023-01-07 12:43:33.053000;1;102877;1;1;49800.0000;1;23352.0000;None;252200.0000
20160;2023-01-07 13:27:09.790000;1;102877;1;1;49800.0000;1;49908.0000;None;539000.0000
20160;2023-01-07 13:27:09.790000;1;102877;1;1;49800.0000;1;49908.0000;None;539000.0000
20160;2023-01-07 13:27:09.790000;1;102877;1;1;49800.0000;1;49908.0000;None;539000.0000
692;2023-01-07 15:36:30.973000;1;102877;1;1;49800.0000;1;20574.0000;None;222200.0000
688;2023-01-07 14:47:47.907000;1;102959;1;1;39800.0000;1;30759.0000;None;332200.0000
685;2023-01-07 13:51:32.457000;1;102959;1;1;39800.0000;1;40093.0000;None;433000.0000
20164;2023-01-07 13:54:18.443000;1;103083;1;1;29800.0000;1;19889.0000;None;214800.0000
706;2023-01-07 18:55:36.467000;1;103083;1;1;29800.0000;1;9296.0000;None;100400.0000
673;2023-01-07 12:01:21.593000;1;103111;1;1;0.0000;1;10574.0000;None;114200.0000
20160;2023-01-07 13:18:33.040000;1;103111;1;1;0.0000;1;49908.0000;None;539000.0000
20160;2023-01-07 13:18:33.040000;1;103111;1;1;0.0000;1;49908.0000;None;539000.0000
682;2023-01-07 13:12:15.767000;1;103111;1;1;0.0000;1;6907.0000;None;74600.0000
683;2023-01-07 13:23:35.187000;1;103111;1;1;0.0000;1;65815.0000;None;710800.0000
683;2023-01-07 13:23:35.187000;1;103111;1;1;0.0000;1;65815.0000;None;710800.0000
677;2023-01-07 12:54:07.433000;1;103111;1;1;0.0000;1;68593.0000;None;740800.0000
676;2023-01-07 12:30:27.893000;1;103111;1;1;0.0000;1;23352.0000;None;252200.0000
678;2023-01-07 12:55:54.543000;1;103111;1;1;0.0000;1;23472.0000;None;253500.0000
681;2023-01-07 13:06:32.890000;1;103111;1;1;0.0000;1;25389.0000;None;274200.0000
680;2023-01-07 12:56:14.017000;1;103111;1;1;None;1;23963.0000;None;258800.0000
679;2023-01-07 12:56:05.310000;1;103111;1;1;0.0000;1;28370.0000;None;306400.0000
706;2023-01-07 18:50:54.763000;1;103111;1;1;0.0000;1;9296.0000;None;100400.0000
700;2023-01-07 17:27:01.003000;1;103111;1;1;0.0000;1;14796.0000;None;159800.0000
701;2023-01-07 17:34:09.057000;1;103111;1;1;0.0000;1;9926.0000;None;107200.0000
702;2023-01-07 17:37:36.820000;1;103111;1;1;0.0000;1;14167.0000;None;153000.0000
708;2023-01-07 19:03:21.653000;1;103111;1;1;0.0000;1;10833.0000;None;117000.0000
707;2023-01-07 19:02:29.813000;1;103111;1;1;0.0000;1;14815.0000;None;160000.0000
30106;2023-01-07 18:51:12.197000;1;103111;1;1;0.0000;1;5370.0000;None;58000.0000
709;2023-01-07 19:30:23.780000;1;103111;1;1;0.0000;1;19093.0000;None;206200.0000
711;2023-01-07 20:13:26.757000;1;103111;1;1;0.0000;1;14667.0000;None;158400.0000
711;2023-01-07 20:13:26.757000;1;103111;1;1;0.0000;1;14667.0000;None;158400.0000
710;2023-01-07 20:00:59.290000;1;103111;1;1;0.0000;1;10000.0000;None;108000.0000
20166;2023-01-07 15:46:14.707000;1;103111;1;1;0.0000;1;14000.0000;None;151200.0000
696;2023-01-07 15:28:50.887000;1;103111;1;1;0.0000;1;19407.0000;None;209600.0000
20167;2023-01-07 15:57:18.260000;1;103111;1;1;0.0000;1;15500.0000;None;167400.0000
697;2023-01-07 16:27:08.040000;1;103111;1;1;0.0000;1;9630.0000;None;104000.0000
698;2023-01-07 17:01:07.810000;1;103111;1;1;0.0000;1;8611.0000;None;93000.0000
20164;2023-01-07 13:42:04.460000;1;103111;1;1;None;1;19889.0000;None;214800.0000
20163;2023-01-07 13:40:13.303000;1;103111;1;1;0.0000;1;8259.0000;None;89200.0000
20162;2023-01-07 13:33:41.797000;1;103111;1;1;None;1;11648.0000;None;125800.0000
685;2023-01-07 13:39:56.030000;1;103111;1;1;0.0000;1;40093.0000;None;433000.0000
20161;2023-01-07 13:19:47.720000;1;103111;1;1;0.0000;1;7241.0000;None;78200.0000
684;2023-01-07 13:25:39.900000;1;103111;1;1;0.0000;1;11000.0000;None;118800.0000
12712;2023-01-07 13:20:18.320000;1;103111;1;1;0.0000;1;14537.0000;None;157000.0000
12713;2023-01-07 13:14:58.033000;1;103111;1;1;0.0000;1;13759.0000;None;148600.0000
20165;2023-01-07 14:19:58.423000;1;103111;1;1;0.0000;1;7148.0000;None;77200.0000
686;2023-01-07 14:35:49.007000;1;103111;1;1;0.0000;1;37556.0000;None;405600.0000
688;2023-01-07 14:39:24.670000;1;103111;1;1;0.0000;1;30759.0000;None;332200.0000
688;2023-01-07 14:39:24.670000;1;103111;1;1;0.0000;1;30759.0000;None;332200.0000
687;2023-01-07 14:35:58.193000;1;103111;1;1;0.0000;1;12537.0000;None;135400.0000
690;2023-01-07 15:00:10.033000;1;103111;1;1;0.0000;1;53371.0000;None;576400.0000
689;2023-01-07 14:53:58.817000;1;103111;1;1;0.0000;1;24685.0000;None;266600.0000
693;2023-01-07 15:22:50.457000;1;103111;1;1;0.0000;1;7963.0000;None;86000.0000
694;2023-01-07 15:27:49.863000;1;103111;1;1;0.0000;1;30759.0000;None;332200.0000
694;2023-01-07 15:28:43.990000;1;103111;1;1;0.0000;1;30759.0000;None;332200.0000
692;2023-01-07 15:16:38.157000;1;103111;1;1;0.0000;1;20574.0000;None;222200.0000
692;2023-01-07 15:16:38.157000;1;103111;1;1;0.0000;1;20574.0000;None;222200.0000
691;2023-01-07 15:16:26.767000;1;103111;1;1;0.0000;1;23852.0000;None;257600.0000
712;2023-01-07 20:19:28.953000;1;103111;1;1;None;1;30871.0000;None;333400.0000
690;2023-01-07 15:58:29.400000;1;103120;1;1;14800.0000;1;53371.0000;None;576400.0000
688;2023-01-07 14:53:37.183000;1;103134;1;1;31800.0000;1;30759.0000;None;332200.0000
694;2023-01-07 16:10:05.137000;1;103134;1;1;31800.0000;1;30759.0000;None;332200.0000
20166;2023-01-07 15:57:11.913000;1;103134;1;1;31800.0000;1;14000.0000;None;151200.0000
20166;2023-01-07 15:57:11.913000;1;103134;1;1;31800.0000;1;14000.0000;None;151200.0000
688;2023-01-07 14:53:37.183000;1;103154;1;1;29800.0000;1;30759.0000;None;332200.0000
693;2023-01-07 15:27:15.487000;1;103154;1;1;29800.0000;1;7963.0000;None;86000.0000
20165;2023-01-07 14:28:58.557000;1;103173;1;1;26800.0000;1;7148.0000;None;77200.0000
677;2023-01-07 14:20:52.280000;1;103187;1;1;89800.0000;1;68593.0000;None;740800.0000
677;2023-01-07 14:20:52.280000;1;103187;1;1;89800.0000;1;68593.0000;None;740800.0000
677;2023-01-07 14:20:52.280000;1;103187;1;1;89800.0000;1;68593.0000;None;740800.0000
694;2023-01-07 16:10:05.137000;1;103191;1;1;79800.0000;1;30759.0000;None;332200.0000
12713;2023-01-07 13:30:30.160000;1;103198;1;1;49800.0000;1;13759.0000;None;148600.0000
680;2023-01-07 13:13:39.093000;1;103198;1;1;49800.0000;1;23963.0000;None;258800.0000
684;2023-01-07 13:31:27.243000;1;103338;5;1;58800.0000;1;11000.0000;None;118800.0000
12712;2023-01-07 13:25:46.553000;1;103354;5;1;58800.0000;1;14537.0000;None;157000.0000
692;2023-01-07 16:24:03.040000;1;103372;1;1;14800.0000;1;20574.0000;None;222200.0000
711;2023-01-07 20:17:59.400000;1;103381;1;1;58800.0000;1;14667.0000;None;158400.0000
685;2023-01-07 13:51:32.457000;1;103410;1;1;32800.0000;1;40093.0000;None;433000.0000
708;2023-01-07 19:07:15.120000;1;103419;1;1;49800.0000;1;10833.0000;None;117000.0000
709;2023-01-07 19:47:41.023000;1;103421;1;1;41800.0000;1;19093.0000;None;206200.0000
673;2023-01-07 12:07:01.463000;1;103434;1;1;34800.0000;1;10574.0000;None;114200.0000
680;2023-01-07 13:13:39.093000;1;103434;1;1;34800.0000;1;23963.0000;None;258800.0000
709;2023-01-07 19:47:41.023000;1;103434;1;1;34800.0000;1;19093.0000;None;206200.0000
711;2023-01-07 20:17:59.400000;1;103434;1;1;34800.0000;1;14667.0000;None;158400.0000
20166;2023-01-07 15:57:11.913000;1;103434;1;1;34800.0000;1;14000.0000;None;151200.0000
20163;2023-01-07 13:47:25.963000;1;103434;1;1;34800.0000;1;8259.0000;None;89200.0000
698;2023-01-07 17:07:17.033000;1;103441;1;1;29800.0000;1;8611.0000;None;93000.0000
710;2023-01-07 20:16:56.670000;1;103449;1;1;29800.0000;1;10000.0000;None;108000.0000
707;2023-01-07 19:22:43.180000;1;103449;1;1;29800.0000;1;14815.0000;None;160000.0000
707;2023-01-07 19:22:43.180000;1;103449;1;1;29800.0000;1;14815.0000;None;160000.0000
713;2023-01-07 21:46:49.540000;1;103449;1;1;29800.0000;1;44648.0000;None;482200.0000
30106;2023-01-07 18:51:32.947000;1;103452;1;1;34800.0000;1;5370.0000;None;58000.0000
711;2023-01-07 20:17:59.400000;1;103452;1;1;34800.0000;1;14667.0000;None;158400.0000
673;2023-01-07 12:42:42.760000;1;103458;1;1;35800.0000;1;10574.0000;None;114200.0000
673;2023-01-07 12:43:04.350000;1;103467;1;-1;-29800.0000;1;10574.0000;None;114200.0000
673;2023-01-07 12:07:01.463000;1;103467;1;1;29800.0000;1;10574.0000;None;114200.0000
712;2023-01-07 20:42:00.753000;1;103471;1;1;32800.0000;1;30871.0000;None;333400.0000
701;2023-01-07 17:42:28.457000;1;103514;1;1;53800.0000;1;9926.0000;None;107200.0000
688;2023-01-07 14:53:37.183000;1;103515;1;1;41800.0000;1;30759.0000;None;332200.0000
683;2023-01-07 14:04:59.297000;1;103530;1;1;38800.0000;1;65815.0000;None;710800.0000
687;2023-01-07 14:40:08.233000;1;103530;1;1;38800.0000;1;12537.0000;None;135400.0000
692;2023-01-07 15:36:30.973000;1;103530;1;1;38800.0000;1;20574.0000;None;222200.0000
20162;2023-01-07 13:37:24.417000;1;103530;1;1;38800.0000;1;11648.0000;None;125800.0000
702;2023-01-07 17:49:58.453000;1;103530;1;1;38800.0000;1;14167.0000;None;153000.0000
700;2023-01-07 17:44:45.323000;1;103538;1;1;56800.0000;1;14796.0000;None;159800.0000
20160;2023-01-07 13:27:09.790000;1;103552;1;1;38800.0000;1;49908.0000;None;539000.0000
713;2023-01-07 21:39:03.217000;1;103555;1;1;59800.0000;1;44648.0000;None;482200.0000
713;2023-01-07 21:39:03.217000;1;103555;1;1;59800.0000;1;44648.0000;None;482200.0000
691;2023-01-07 15:31:21.453000;1;103555;1;1;59800.0000;1;23852.0000;None;257600.0000
688;2023-01-07 14:53:37.183000;1;103560;1;1;38800.0000;1;30759.0000;None;332200.0000
713;2023-01-07 21:39:03.217000;1;103562;1;1;46800.0000;1;44648.0000;None;482200.0000
683;2023-01-07 13:36:36.760000;1;103564;1;1;67800.0000;1;65815.0000;None;710800.0000
683;2023-01-07 13:36:36.760000;1;103564;1;1;67800.0000;1;65815.0000;None;710800.0000
683;2023-01-07 13:36:36.760000;1;103564;1;1;67800.0000;1;65815.0000;None;710800.0000
681;2023-01-07 13:16:03.633000;1;103564;1;1;67800.0000;1;25389.0000;None;274200.0000
713;2023-01-07 21:39:03.217000;1;103564;1;1;67800.0000;1;44648.0000;None;482200.0000
691;2023-01-07 15:31:21.453000;1;103564;1;1;67800.0000;1;23852.0000;None;257600.0000
712;2023-01-07 20:42:00.753000;1;103597;1;1;69800.0000;1;30871.0000;None;333400.0000
676;2023-01-07 12:43:33.053000;1;103599;1;1;69800.0000;1;23352.0000;None;252200.0000
691;2023-01-07 15:31:21.453000;1;103600;1;1;69800.0000;1;23852.0000;None;257600.0000
685;2023-01-07 13:51:32.457000;1;103763;1;1;14800.0000;1;40093.0000;None;433000.0000
679;2023-01-07 13:11:26.863000;1;103771;1;1;24800.0000;1;28370.0000;None;306400.0000
683;2023-01-07 13:36:36.760000;1;103771;1;1;24800.0000;1;65815.0000;None;710800.0000
685;2023-01-07 13:51:32.457000;1;103771;1;1;24800.0000;1;40093.0000;None;433000.0000
713;2023-01-07 21:39:03.217000;1;103773;1;1;14800.0000;1;44648.0000;None;482200.0000
679;2023-01-07 13:11:49.237000;1;103776;1;1;14800.0000;1;28370.0000;None;306400.0000
714;2023-01-07 21:43:20.827000;1;103776;1;2;29600.0000;1;8519.0000;None;92000.0000
714;2023-01-07 21:44:47.300000;1;103776;1;-2;-29600.0000;1;8519.0000;None;92000.0000
714;2023-01-07 21:44:47.300000;1;103776;1;1;14800.0000;1;8519.0000;None;92000.0000
696;2023-01-07 15:38:52.063000;1;103776;1;1;14800.0000;1;19407.0000;None;209600.0000
702;2023-01-07 17:49:58.453000;1;103777;1;1;49800.0000;1;14167.0000;None;153000.0000
685;2023-01-07 13:51:32.457000;1;103777;1;1;49800.0000;1;40093.0000;None;433000.0000
679;2023-01-07 13:11:26.863000;1;103777;1;1;49800.0000;1;28370.0000;None;306400.0000
20161;2023-01-07 13:33:35.067000;1;103784;1;1;29800.0000;1;7241.0000;None;78200.0000
12713;2023-01-07 13:30:30.160000;1;103785;1;1;28800.0000;1;13759.0000;None;148600.0000
714;2023-01-07 21:47:57.807000;1;103785;1;1;28800.0000;1;8519.0000;None;92000.0000
683;2023-01-07 13:36:36.760000;1;103786;1;1;37800.0000;1;65815.0000;None;710800.0000
678;2023-01-07 13:06:24.553000;1;103788;1;1;36800.0000;1;23472.0000;None;253500.0000
713;2023-01-07 21:39:03.217000;1;103788;1;1;36800.0000;1;44648.0000;None;482200.0000
20165;2023-01-07 14:28:58.557000;1;103788;1;1;36800.0000;1;7148.0000;None;77200.0000
701;2023-01-07 17:42:28.457000;1;103788;1;1;36800.0000;1;9926.0000;None;107200.0000
681;2023-01-07 13:16:03.633000;1;103789;1;1;33800.0000;1;25389.0000;None;274200.0000
681;2023-01-07 13:16:03.633000;1;103789;1;1;33800.0000;1;25389.0000;None;274200.0000
681;2023-01-07 13:16:03.633000;1;103791;1;1;37800.0000;1;25389.0000;None;274200.0000
679;2023-01-07 13:46:52.020000;1;103791;1;1;37800.0000;1;28370.0000;None;306400.0000
694;2023-01-07 16:10:05.137000;1;103791;1;1;37800.0000;1;30759.0000;None;332200.0000
697;2023-01-07 16:35:39.423000;1;103791;1;1;37800.0000;1;9630.0000;None;104000.0000
20160;2023-01-07 13:27:09.790000;1;103818;1;1;109800.0000;1;49908.0000;None;539000.0000
697;2023-01-07 17:03:12.480000;1;103899;1;1;16800.0000;1;9630.0000;None;104000.0000
709;2023-01-07 20:56:33.130000;1;103899;1;1;16800.0000;1;19093.0000;None;206200.0000
689;2023-01-07 15:34:27.110000;1;103961;1;1;16800.0000;1;24685.0000;None;266600.0000
677;2023-01-07 15:09:56.773000;1;103961;1;1;16800.0000;1;68593.0000;None;740800.0000
678;2023-01-07 13:54:15.637000;1;104004;1;1;15800.0000;1;23472.0000;None;253500.0000
687;2023-01-07 15:20:49.353000;1;104004;1;1;15800.0000;1;12537.0000;None;135400.0000
683;2023-01-07 14:45:19.690000;3;104195;1;1;3800.0000;1;65815.0000;None;710800.0000
688;2023-01-07 14:57:18.550000;3;104446;1;1;5800.0000;1;30759.0000;None;332200.0000
20162;2023-01-07 13:37:07.380000;3;104446;1;1;5800.0000;1;11648.0000;None;125800.0000
694;2023-01-07 16:36:06.397000;3;104446;1;1;5800.0000;1;30759.0000;None;332200.0000
709;2023-01-07 21:32:22.680000;3;104554;1;1;4800.0000;1;19093.0000;None;206200.0000
705;2023-01-07 18:26:45.830000;3;104554;1;1;4800.0000;1;2611.0000;None;28200.0000
706;2023-01-07 19:49:05.490000;3;104554;1;1;4800.0000;1;9296.0000;None;100400.0000
12712;2023-01-07 14:08:46.233000;3;104554;1;1;4800.0000;1;14537.0000;None;157000.0000
692;2023-01-07 16:24:03.040000;3;104554;1;1;4800.0000;1;20574.0000;None;222200.0000
20160;2023-01-07 14:34:23.917000;3;104554;1;1;4800.0000;1;49908.0000;None;539000.0000
682;2023-01-07 13:15:24.417000;3;104554;1;1;4800.0000;1;6907.0000;None;74600.0000
679;2023-01-07 14:35:25.900000;3;104554;1;1;4800.0000;1;28370.0000;None;306400.0000
679;2023-01-07 13:10:58.613000;1;104602;1;1;0.0000;1;28370.0000;None;306400.0000
20163;2023-01-07 14:06:35.497000;1;104602;1;1;0.0000;1;8259.0000;None;89200.0000
20164;2023-01-07 13:54:18.443000;1;104730;1;1;18800.0000;1;19889.0000;None;214800.0000
20160;2023-01-07 13:27:09.790000;1;104742;1;1;22800.0000;1;49908.0000;None;539000.0000
676;2023-01-07 12:43:33.053000;1;104837;1;1;0.0000;1;23352.0000;None;252200.0000
676;2023-01-07 12:43:33.053000;1;104837;1;1;0.0000;1;23352.0000;None;252200.0000
676;2023-01-07 12:43:33.053000;1;104837;1;1;0.0000;1;23352.0000;None;252200.0000
694;2023-01-07 16:10:05.137000;1;104837;1;1;0.0000;1;30759.0000;None;332200.0000
696;2023-01-07 15:42:11.007000;1;104837;1;1;0.0000;1;19407.0000;None;209600.0000
686;2023-01-07 15:24:48.907000;7;105108;1;1;0.0000;1;37556.0000;None;405600.0000
679;2023-01-07 14:35:25.900000;1;105421;1;1;16800.0000;1;28370.0000;None;306400.0000
683;2023-01-07 14:29:55.817000;1;105421;1;1;16800.0000;1;65815.0000;None;710800.0000
12712;2023-01-07 14:08:46.233000;1;105421;1;1;16800.0000;1;14537.0000;None;157000.0000
12716;2023-01-07 17:07:57.260000;1;105421;1;1;16800.0000;1;None;None;33600.0000
673;2023-01-07 12:07:01.463000;1;105506;1;1;29800.0000;1;10574.0000;None;114200.0000
692;2023-01-07 16:02:36.457000;1;105621;1;1;18800.0000;1;20574.0000;None;222200.0000
692;2023-01-07 15:36:30.973000;1;105621;1;1;18800.0000;1;20574.0000;None;222200.0000
20167;2023-01-07 16:15:39.917000;6;105836;1;1;0.0000;1;15500.0000;None;167400.0000
20167;2023-01-07 16:12:35.707000;2;105918;1;1;27800.0000;1;15500.0000;None;167400.0000
20167;2023-01-07 16:12:35.707000;2;105918;1;1;27800.0000;1;15500.0000;None;167400.0000
710;2023-01-07 20:11:49.317000;2;105918;1;1;27800.0000;1;10000.0000;None;108000.0000
714;2023-01-07 21:42:57.283000;6;106272;1;9;0.0000;1;8519.0000;None;92000.0000
713;2023-01-07 21:19:48.237000;6;106272;1;10;0.0000;1;44648.0000;None;482200.0000
700;2023-01-07 17:34:21.890000;6;106272;1;9;0.0000;1;14796.0000;None;159800.0000
20164;2023-01-07 13:54:18.463000;1;106352;1;1;69800.0000;1;19889.0000;None;214800.0000
686;2023-01-07 15:24:48.907000;1;106352;1;1;69800.0000;1;37556.0000;None;405600.0000
696;2023-01-07 15:42:11.007000;1;106353;1;1;69800.0000;1;19407.0000;None;209600.0000
683;2023-01-07 13:36:36.760000;6;106511;1;1;0.0000;1;65815.0000;None;710800.0000
678;2023-01-07 13:06:24.553000;6;106511;1;1;0.0000;1;23472.0000;None;253500.0000
678;2023-01-07 13:06:24.553000;6;106511;1;1;0.0000;1;23472.0000;None;253500.0000
692;2023-01-07 15:36:30.973000;1;106655;1;1;13800.0000;1;20574.0000;None;222200.0000
20164;2023-01-07 13:54:18.443000;1;106879;1;1;22800.0000;1;19889.0000;None;214800.0000
679;2023-01-07 14:06:50.487000;1;107002;1;1;69800.0000;1;28370.0000;None;306400.0000
20160;2023-01-07 14:14:50.593000;1;107002;1;1;69800.0000;1;49908.0000;None;539000.0000
685;2023-01-07 13:51:32.457000;1;107149;1;1;53800.0000;1;40093.0000;None;433000.0000
20165;2023-01-07 14:28:58.557000;6;107345;1;1;None;1;7148.0000;None;77200.0000
706;2023-01-07 18:55:36.467000;1;107647;1;1;34800.0000;1;9296.0000;None;100400.0000
713;2023-01-07 21:27:02.463000;2;107759;1;1;67800.0000;1;44648.0000;None;482200.0000
678;2023-01-07 13:04:29.560000;3;108191;1;1;0.0000;1;23472.0000;None;253500.0000
30106;2023-01-07 18:51:54.333000;3;108191;1;1;0.0000;1;5370.0000;None;58000.0000
20164;2023-01-07 13:54:18.443000;1;108207;1;1;37800.0000;1;19889.0000;None;214800.0000
693;2023-01-07 15:27:15.487000;1;108207;1;1;37800.0000;1;7963.0000;None;86000.0000
677;2023-01-07 14:20:52.280000;1;108234;1;1;None;1;68593.0000;None;740800.0000
677;2023-01-07 14:20:52.280000;1;108234;1;1;None;1;68593.0000;None;740800.0000
677;2023-01-07 14:20:52.280000;1;108234;1;1;None;1;68593.0000;None;740800.0000
679;2023-01-07 14:06:50.537000;1;108236;1;1;0.0000;1;28370.0000;None;306400.0000
20160;2023-01-07 13:27:09.790000;1;108236;1;1;0.0000;1;49908.0000;None;539000.0000
20160;2023-01-07 13:27:09.790000;1;108236;1;1;0.0000;1;49908.0000;None;539000.0000
20160;2023-01-07 13:27:09.790000;1;108236;1;1;0.0000;1;49908.0000;None;539000.0000
691;2023-01-07 15:31:21.453000;1;108236;1;1;0.0000;1;23852.0000;None;257600.0000
700;2023-01-07 17:44:45.323000;1;108236;1;1;0.0000;1;14796.0000;None;159800.0000
689;2023-01-07 15:00:39.360000;1;108266;1;1;52800.0000;1;24685.0000;None;266600.0000
688;2023-01-07 14:53:37.183000;1;108267;1;1;38800.0000;1;30759.0000;None;332200.0000
12716;2023-01-07 17:07:57.260000;1;108280;1;1;16800.0000;1;None;None;33600.0000
683;2023-01-07 14:29:55.817000;1;108280;1;1;16800.0000;1;65815.0000;None;710800.0000
705;2023-01-07 18:26:45.830000;3;108531;1;1;6800.0000;1;2611.0000;None;28200.0000
683;2023-01-07 13:37:15.243000;3;108532;1;1;6800.0000;1;65815.0000;None;710800.0000
709;2023-01-07 19:47:41.023000;1;108550;1;1;44800.0000;1;19093.0000;None;206200.0000
690;2023-01-07 15:20:12.457000;1;108550;1;1;44800.0000;1;53371.0000;None;576400.0000
702;2023-01-07 17:49:29.233000;2;108836;1;1;30800.0000;1;14167.0000;None;153000.0000
688;2023-01-07 14:57:18.550000;2;108837;1;1;76800.0000;1;30759.0000;None;332200.0000
702;2023-01-07 17:49:29.233000;2;109123;1;1;27800.0000;1;14167.0000;None;153000.0000
683;2023-01-07 13:36:36.760000;1;109196;1;1;65800.0000;1;65815.0000;None;710800.0000
713;2023-01-07 21:39:03.217000;1;109203;1;1;38800.0000;1;44648.0000;None;482200.0000
710;2023-01-07 20:11:49.317000;1;109216;1;1;15800.0000;1;10000.0000;None;108000.0000
20167;2023-01-07 16:12:35.707000;1;109216;1;1;15800.0000;1;15500.0000;None;167400.0000
20167;2023-01-07 16:52:39.550000;1;109356;1;1;18800.0000;1;15500.0000;None;167400.0000
682;2023-01-07 13:15:31.760000;1;109361;1;1;69800.0000;1;6907.0000;None;74600.0000
700;2023-01-07 17:44:45.323000;1;109361;1;1;69800.0000;1;14796.0000;None;159800.0000
690;2023-01-07 15:20:12.457000;1;109361;1;1;69800.0000;1;53371.0000;None;576400.0000
688;2023-01-07 14:47:47.907000;1;109363;1;1;28800.0000;1;30759.0000;None;332200.0000
712;2023-01-07 20:35:04.980000;1;109363;1;1;28800.0000;1;30871.0000;None;333400.0000
694;2023-01-07 16:08:40.277000;2;109386;1;1;22800.0000;1;30759.0000;None;332200.0000
694;2023-01-07 16:08:40.277000;2;109386;1;1;22800.0000;1;30759.0000;None;332200.0000
687;2023-01-07 14:40:08.233000;1;109420;1;1;49800.0000;1;12537.0000;None;135400.0000
690;2023-01-07 15:20:12.457000;1;109420;1;1;49800.0000;1;53371.0000;None;576400.0000
690;2023-01-07 15:58:29.400000;1;109422;1;1;16800.0000;1;53371.0000;None;576400.0000
694;2023-01-07 16:49:47.747000;1;109422;1;1;16800.0000;1;30759.0000;None;332200.0000
698;2023-01-07 17:32:26.510000;1;109422;1;1;16800.0000;1;8611.0000;None;93000.0000
683;2023-01-07 14:29:55.817000;1;109422;1;1;16800.0000;1;65815.0000;None;710800.0000
689;2023-01-07 15:00:39.360000;1;109565;1;1;39800.0000;1;24685.0000;None;266600.0000
678;2023-01-07 13:15:10.397000;2;109584;1;1;23800.0000;1;23472.0000;None;253500.0000
694;2023-01-07 16:32:04.810000;2;109584;1;1;23800.0000;1;30759.0000;None;332200.0000
679;2023-01-07 13:17:05.117000;2;109585;1;1;30800.0000;1;28370.0000;None;306400.0000
681;2023-01-07 13:09:39.003000;3;200004;1;1;9800.0000;1;25389.0000;None;274200.0000
20160;2023-01-07 13:25:12.287000;3;200004;1;1;9800.0000;1;49908.0000;None;539000.0000
697;2023-01-07 16:38:05.067000;3;200004;1;-1;-9800.0000;1;9630.0000;None;104000.0000
698;2023-01-07 17:01:21.717000;3;200004;1;1;9800.0000;1;8611.0000;None;93000.0000
698;2023-01-07 17:05:07.420000;3;200004;1;-1;-9800.0000;1;8611.0000;None;93000.0000
697;2023-01-07 16:35:39.423000;3;200004;1;1;9800.0000;1;9630.0000;None;104000.0000
20161;2023-01-07 13:33:35.067000;3;200004;1;1;9800.0000;1;7241.0000;None;78200.0000
679;2023-01-07 12:57:13.033000;3;200008;1;1;13800.0000;1;28370.0000;None;306400.0000
713;2023-01-07 21:27:02.463000;3;200008;1;1;13800.0000;1;44648.0000;None;482200.0000
713;2023-01-07 22:04:26.120000;3;200008;1;1;13800.0000;1;44648.0000;None;482200.0000
686;2023-01-07 14:35:49.007000;3;200008;1;1;13800.0000;1;37556.0000;None;405600.0000
690;2023-01-07 15:05:27.970000;3;200008;1;1;13800.0000;1;53371.0000;None;576400.0000
709;2023-01-07 19:44:20.877000;3;200008;1;1;13800.0000;1;19093.0000;None;206200.0000
689;2023-01-07 15:00:39.360000;2;200028;1;1;139800.0000;1;24685.0000;None;266600.0000
686;2023-01-07 14:53:52.503000;2;200031;1;1;232800.0000;1;37556.0000;None;405600.0000
677;2023-01-07 13:52:52.787000;2;200150;1;1;159800.0000;1;68593.0000;None;740800.0000
677;2023-01-07 13:12:01.930000;2;200150;1;1;159800.0000;1;68593.0000;None;740800.0000
12712;2023-01-07 13:21:43.137000;2;200627;1;1;70800.0000;1;14537.0000;None;157000.0000
20163;2023-01-07 13:47:06.677000;3;201146;1;1;5800.0000;1;8259.0000;None;89200.0000
12713;2023-01-07 13:21:18.227000;3;201146;1;1;5800.0000;1;13759.0000;None;148600.0000
691;2023-01-07 15:24:00.627000;3;201146;1;1;5800.0000;1;23852.0000;None;257600.0000
711;2023-01-07 20:18:59.763000;3;201146;1;1;5800.0000;1;14667.0000;None;158400.0000
711;2023-01-07 20:18:59.763000;3;201146;1;1;5800.0000;1;14667.0000;None;158400.0000
702;2023-01-07 17:50:30.823000;3;201146;1;1;5800.0000;1;14167.0000;None;153000.0000
697;2023-01-07 16:35:39.423000;3;201146;1;1;5800.0000;1;9630.0000;None;104000.0000
20167;2023-01-07 16:12:35.707000;3;201146;1;1;5800.0000;1;15500.0000;None;167400.0000
698;2023-01-07 17:05:20.503000;3;201146;1;1;5800.0000;1;8611.0000;None;93000.0000
694;2023-01-07 16:51:53.417000;3;201146;1;1;5800.0000;1;30759.0000;None;332200.0000
20166;2023-01-07 15:46:08.997000;3;201146;1;1;5800.0000;1;14000.0000;None;151200.0000
678;2023-01-07 13:04:29.560000;3;201146;1;1;5800.0000;1;23472.0000;None;253500.0000
676;2023-01-07 12:32:20.287000;3;201146;1;1;5800.0000;1;23352.0000;None;252200.0000
680;2023-01-07 12:59:49.537000;3;201146;1;1;5800.0000;1;23963.0000;None;258800.0000
20160;2023-01-07 13:25:12.287000;3;201146;1;1;5800.0000;1;49908.0000;None;539000.0000
20160;2023-01-07 13:25:12.287000;3;201146;1;1;5800.0000;1;49908.0000;None;539000.0000
683;2023-01-07 13:17:32.533000;3;201146;1;1;5800.0000;1;65815.0000;None;710800.0000
683;2023-01-07 13:37:15.243000;3;201146;1;1;5800.0000;1;65815.0000;None;710800.0000
683;2023-01-07 13:37:15.243000;3;201146;1;1;5800.0000;1;65815.0000;None;710800.0000
685;2023-01-07 13:40:05.917000;2;201187;1;1;9800.0000;1;40093.0000;None;433000.0000
685;2023-01-07 13:41:11.170000;2;201187;1;1;9800.0000;1;40093.0000;None;433000.0000
685;2023-01-07 13:41:11.170000;2;201187;1;1;9800.0000;1;40093.0000;None;433000.0000
684;2023-01-07 13:27:43.090000;3;201206;1;3;17400.0000;1;11000.0000;None;118800.0000
12713;2023-01-07 13:17:16.393000;3;201206;1;1;5800.0000;1;13759.0000;None;148600.0000
20165;2023-01-07 14:28:58.557000;3;201206;1;1;5800.0000;1;7148.0000;None;77200.0000
692;2023-01-07 15:23:10.523000;3;201206;1;1;5800.0000;1;20574.0000;None;222200.0000
679;2023-01-07 12:57:13.033000;3;201206;1;1;5800.0000;1;28370.0000;None;306400.0000
681;2023-01-07 13:17:14.523000;3;201211;1;1;5800.0000;1;25389.0000;None;274200.0000
20160;2023-01-07 13:25:12.287000;3;201211;1;1;5800.0000;1;49908.0000;None;539000.0000
690;2023-01-07 15:43:23.227000;3;201211;1;1;5800.0000;1;53371.0000;None;576400.0000
12713;2023-01-07 13:21:18.227000;3;201211;1;1;5800.0000;1;13759.0000;None;148600.0000
20163;2023-01-07 13:47:06.677000;3;201211;1;1;5800.0000;1;8259.0000;None;89200.0000
706;2023-01-07 18:55:36.467000;3;201211;1;1;5800.0000;1;9296.0000;None;100400.0000
30106;2023-01-07 18:51:54.333000;3;201211;1;1;5800.0000;1;5370.0000;None;58000.0000
30106;2023-01-07 19:05:47.047000;3;201211;1;1;5800.0000;1;5370.0000;None;58000.0000
30106;2023-01-07 19:14:06.013000;3;201211;1;1;5800.0000;1;5370.0000;None;58000.0000
30106;2023-01-07 18:51:54.333000;3;201237;1;1;5800.0000;1;5370.0000;None;58000.0000
684;2023-01-07 13:27:43.090000;3;201237;1;1;5800.0000;1;11000.0000;None;118800.0000
691;2023-01-07 15:24:00.627000;3;201237;1;1;5800.0000;1;23852.0000;None;257600.0000
706;2023-01-07 18:55:36.467000;3;201269;1;1;5800.0000;1;9296.0000;None;100400.0000
706;2023-01-07 19:35:09.217000;3;201269;1;1;5800.0000;1;9296.0000;None;100400.0000
697;2023-01-07 16:38:29.907000;3;201269;1;1;5800.0000;1;9630.0000;None;104000.0000
712;2023-01-07 20:32:03.887000;2;201387;1;1;148800.0000;1;30871.0000;None;333400.0000
700;2023-01-07 17:27:01.003000;2;201615;1;1;13800.0000;1;14796.0000;None;159800.0000
708;2023-01-07 19:06:39.250000;2;201615;1;1;13800.0000;1;10833.0000;None;117000.0000
709;2023-01-07 19:44:20.877000;2;201615;1;1;13800.0000;1;19093.0000;None;206200.0000
708;2023-01-07 19:57:30.947000;2;201615;1;1;13800.0000;1;10833.0000;None;117000.0000
692;2023-01-07 15:23:10.523000;2;201615;1;1;13800.0000;1;20574.0000;None;222200.0000
692;2023-01-07 15:23:10.523000;2;201615;1;1;13800.0000;1;20574.0000;None;222200.0000
694;2023-01-07 15:42:55.260000;2;201615;1;1;13800.0000;1;30759.0000;None;332200.0000
680;2023-01-07 12:59:49.537000;2;201615;1;1;13800.0000;1;23963.0000;None;258800.0000
680;2023-01-07 13:25:27.827000;2;201615;1;1;13800.0000;1;23963.0000;None;258800.0000
680;2023-01-07 14:17:31.217000;2;201615;1;1;13800.0000;1;23963.0000;None;258800.0000
678;2023-01-07 13:04:29.560000;2;201615;1;1;13800.0000;1;23472.0000;None;253500.0000
673;2023-01-07 12:07:01.463000;3;201704;1;1;13800.0000;1;10574.0000;None;114200.0000
707;2023-01-07 19:02:29.813000;3;201704;1;1;13800.0000;1;14815.0000;None;160000.0000
713;2023-01-07 21:27:02.463000;3;201704;1;1;13800.0000;1;44648.0000;None;482200.0000
713;2023-01-07 22:04:26.120000;3;201704;1;1;13800.0000;1;44648.0000;None;482200.0000
701;2023-01-07 17:34:09.057000;3;202134;1;1;9800.0000;1;9926.0000;None;107200.0000
685;2023-01-07 14:12:53.070000;2;202367;1;1;187800.0000;1;40093.0000;None;433000.0000
690;2023-01-07 15:05:27.970000;2;202509;1;1;201800.0000;1;53371.0000;None;576400.0000
