717;2023-01-08 12:27:45.477000;7;1001;1;1;None;1;20593.0000;None;222400.0000
719;2023-01-08 12:44:24.107000;7;1001;1;1;0.0000;1;22500.0000;None;243000.0000
728;2023-01-08 13:37:52.167000;7;1001;1;-1;0.0000;1;5148.0000;None;55600.0000
728;2023-01-08 13:36:56.347000;7;1001;1;1;None;1;5148.0000;None;55600.0000
730;2023-01-08 13:45:41.467000;7;1001;1;1;0.0000;1;16796.0000;None;181400.0000
734;2023-01-08 14:18:51.733000;7;1001;1;1;0.0000;1;26778.0000;None;289200.0000
736;2023-01-08 14:22:40.277000;7;1001;1;1;0.0000;1;11463.0000;None;123800.0000
739;2023-01-08 15:23:51.340000;7;1001;1;1;0.0000;1;20630.0000;None;222800.0000
748;2023-01-08 19:28:55.487000;7;1001;1;1;0.0000;1;15685.0000;None;169400.0000
752;2023-01-08 20:09:38.687000;7;1002;1;1;None;1;18778.0000;None;202800.0000
717;2023-01-08 12:27:45.477000;7;1002;1;1;None;1;20593.0000;None;222400.0000
726;2023-01-08 13:27:42.830000;7;1002;1;1;0.0000;1;28000.0000;None;302400.0000
755;2023-01-08 20:41:01.923000;7;1006;1;1;0.0000;1;14185.0000;None;153200.0000
746;2023-01-08 19:12:51.397000;7;1006;1;1;0.0000;1;19593.0000;None;211600.0000
746;2023-01-08 19:12:51.397000;7;1006;1;1;0.0000;1;19593.0000;None;211600.0000
20177;2023-01-08 15:17:03.463000;7;1006;1;1;0.0000;1;25722.0000;None;277800.0000
20172;2023-01-08 14:52:44.290000;7;1006;1;1;0.0000;1;64537.0000;None;697000.0000
20172;2023-01-08 14:52:44.290000;7;1006;1;1;0.0000;1;64537.0000;None;697000.0000
20172;2023-01-08 14:52:44.290000;7;1006;1;1;0.0000;1;64537.0000;None;697000.0000
20172;2023-01-08 14:33:48.060000;7;1006;1;1;0.0000;1;64537.0000;None;697000.0000
20168;2023-01-08 13:29:10.697000;7;1006;1;1;0.0000;1;17796.0000;None;192200.0000
20168;2023-01-08 13:29:10.697000;7;1006;1;1;0.0000;1;17796.0000;None;192200.0000
20169;2023-01-08 13:33:40.990000;7;1007;1;1;0.0000;1;49019.0000;None;529400.0000
733;2023-01-08 14:32:54.693000;7;1007;1;1;None;1;34074.0000;None;368000.0000
730;2023-01-08 13:45:41.467000;7;1027;1;1;0.0000;1;16796.0000;None;181400.0000
730;2023-01-08 13:45:41.467000;7;1027;1;1;0.0000;1;16796.0000;None;181400.0000
730;2023-01-08 13:45:41.467000;7;1027;1;1;0.0000;1;16796.0000;None;181400.0000
730;2023-01-08 13:45:41.467000;7;1027;1;1;0.0000;1;16796.0000;None;181400.0000
736;2023-01-08 14:59:25.860000;7;1045;1;1;0.0000;1;11463.0000;None;123800.0000
736;2023-01-08 14:22:40.277000;7;1045;1;1;0.0000;1;11463.0000;None;123800.0000
747;2023-01-08 19:45:06.590000;7;1045;1;1;0.0000;1;48241.0000;None;521000.0000
728;2023-01-08 13:36:56.347000;7;1045;1;1;0.0000;1;5148.0000;None;55600.0000
726;2023-01-08 13:27:42.830000;7;1045;1;1;0.0000;1;28000.0000;None;302400.0000
717;2023-01-08 12:27:45.477000;7;1045;1;1;None;1;20593.0000;None;222400.0000
735;2023-01-08 14:28:58.390000;7;1093;1;1;0.0000;1;17741.0000;None;191600.0000
740;2023-01-08 15:39:38.027000;7;1131;1;1;0.0000;1;16907.0000;None;182600.0000
721;2023-01-08 13:08:07.393000;7;1135;1;1;0.0000;1;24000.0000;None;259200.0000
12719;2023-01-08 12:03:47.307000;7;1135;1;1;0.0000;1;None;None;132100.0000
12719;2023-01-08 12:03:47.307000;7;1135;1;1;0.0000;1;None;None;132100.0000
12719;2023-01-08 12:03:47.307000;7;1135;1;1;0.0000;1;None;None;132100.0000
725;2023-01-08 13:03:03.453000;7;1135;1;1;0.0000;1;None;None;187000.0000
721;2023-01-08 13:08:07.393000;7;1135;1;1;0.0000;1;24000.0000;None;259200.0000
723;2023-01-08 13:17:19.687000;7;1135;1;1;0.0000;1;28500.0000;None;307800.0000
20169;2023-01-08 14:24:43.550000;7;1135;1;1;0.0000;1;49019.0000;None;529400.0000
727;2023-01-08 13:30:17.873000;7;1135;1;1;0.0000;1;26222.0000;None;283200.0000
728;2023-01-08 13:36:56.347000;7;1135;1;1;0.0000;1;5148.0000;None;55600.0000
733;2023-01-08 14:55:41.933000;7;1135;1;1;0.0000;1;34074.0000;None;368000.0000
20172;2023-01-08 14:33:48.060000;7;1135;1;1;0.0000;1;64537.0000;None;697000.0000
20172;2023-01-08 14:52:44.290000;7;1135;1;1;0.0000;1;64537.0000;None;697000.0000
20172;2023-01-08 14:42:59.457000;7;1135;1;1;0.0000;1;64537.0000;None;697000.0000
20172;2023-01-08 13:59:27.320000;7;1135;1;1;0.0000;1;64537.0000;None;697000.0000
20172;2023-01-08 14:02:11.237000;7;1135;1;1;0.0000;1;64537.0000;None;697000.0000
20172;2023-01-08 14:02:11.237000;7;1135;1;1;0.0000;1;64537.0000;None;697000.0000
20178;2023-01-08 16:22:13.930000;7;1135;1;1;0.0000;1;3500.0000;None;37800.0000
742;2023-01-08 17:25:11.423000;7;1135;1;1;0.0000;1;42871.0000;None;463000.0000
20177;2023-01-08 15:17:03.463000;7;1135;1;1;0.0000;1;25722.0000;None;277800.0000
20176;2023-01-08 15:13:07.870000;7;1135;1;1;0.0000;1;40741.0000;None;440000.0000
738;2023-01-08 15:19:20.087000;7;1135;1;1;0.0000;1;None;None;238000.0000
738;2023-01-08 15:19:20.087000;7;1135;1;1;0.0000;1;None;None;238000.0000
20172;2023-01-08 14:52:44.290000;7;1135;1;1;0.0000;1;64537.0000;None;697000.0000
20172;2023-01-08 14:52:44.290000;7;1135;1;1;0.0000;1;64537.0000;None;697000.0000
20175;2023-01-08 14:31:29.520000;7;1135;1;1;None;1;6074.0000;None;65600.0000
20174;2023-01-08 15:00:16.847000;7;1135;1;1;0.0000;1;50056.0000;None;540600.0000
20174;2023-01-08 14:54:50.203000;7;1135;1;1;0.0000;1;50056.0000;None;540600.0000
20174;2023-01-08 15:00:16.847000;7;1135;1;1;0.0000;1;50056.0000;None;540600.0000
30107;2023-01-08 17:20:27.343000;7;1135;1;1;None;1;28713.0000;None;310100.0000
744;2023-01-08 18:00:25.253000;7;1135;1;1;0.0000;1;13556.0000;None;146400.0000
30107;2023-01-08 17:28:12.303000;7;1135;1;1;0.0000;1;28713.0000;None;310100.0000
30107;2023-01-08 18:01:08.913000;7;1135;1;1;None;1;28713.0000;None;310100.0000
30108;2023-01-08 20:43:03.057000;7;1135;1;1;0.0000;1;26204.0000;None;283000.0000
753;2023-01-08 20:39:47.250000;7;1135;1;1;0.0000;1;None;None;196600.0000
753;2023-01-08 20:25:28.640000;7;1135;1;1;0.0000;1;None;None;196600.0000
749;2023-01-08 19:48:59.950000;7;1135;1;1;0.0000;1;14037.0000;None;151600.0000
744;2023-01-08 17:59:27.317000;7;1207;1;1;0.0000;1;13556.0000;None;146400.0000
20174;2023-01-08 14:35:29.150000;7;1207;1;1;0.0000;1;50056.0000;None;540600.0000
20174;2023-01-08 15:40:49.947000;7;1207;1;1;0.0000;1;50056.0000;None;540600.0000
736;2023-01-08 14:22:02.293000;7;1207;1;1;0.0000;1;11463.0000;None;123800.0000
742;2023-01-08 17:01:38.913000;7;1207;1;1;0.0000;1;42871.0000;None;463000.0000
726;2023-01-08 14:17:50.283000;7;1207;1;1;0.0000;1;28000.0000;None;302400.0000
726;2023-01-08 13:12:47.187000;7;1207;1;1;0.0000;1;28000.0000;None;302400.0000
726;2023-01-08 13:12:47.187000;7;1207;1;1;0.0000;1;28000.0000;None;302400.0000
724;2023-01-08 13:24:22.947000;7;1207;1;1;0.0000;1;22259.0000;None;240400.0000
716;2023-01-08 12:15:42.930000;7;1207;1;1;0.0000;1;15500.0000;None;167400.0000
719;2023-01-08 13:23:19.697000;7;1207;1;1;0.0000;1;22500.0000;None;243000.0000
723;2023-01-08 13:51:06.320000;7;1216;1;1;0.0000;1;28500.0000;None;307800.0000
727;2023-01-08 14:21:44.367000;7;1216;1;1;0.0000;1;26222.0000;None;283200.0000
30107;2023-01-08 18:12:51.637000;7;1216;1;1;0.0000;1;28713.0000;None;310100.0000
749;2023-01-08 20:25:55.897000;7;1216;1;1;0.0000;1;14037.0000;None;151600.0000
750;2023-01-08 20:37:41.053000;7;1216;1;1;0.0000;1;10722.0000;None;115800.0000
30107;2023-01-08 18:12:51.637000;7;1219;1;1;0.0000;1;28713.0000;None;310100.0000
745;2023-01-08 19:27:22.910000;7;1219;1;1;0.0000;1;28408.0000;None;306800.0000
745;2023-01-08 19:27:22.910000;7;1219;1;1;0.0000;1;28408.0000;None;306800.0000
726;2023-01-08 13:37:04.437000;7;1220;1;1;0.0000;1;28000.0000;None;302400.0000
20168;2023-01-08 13:53:10.693000;7;1220;1;1;0.0000;1;17796.0000;None;192200.0000
20168;2023-01-08 13:53:10.693000;7;1220;1;1;0.0000;1;17796.0000;None;192200.0000
730;2023-01-08 14:07:45.770000;7;1220;1;1;0.0000;1;16796.0000;None;181400.0000
730;2023-01-08 14:07:45.770000;7;1220;1;1;0.0000;1;16796.0000;None;181400.0000
734;2023-01-08 14:35:14.420000;7;1220;1;1;0.0000;1;26778.0000;None;289200.0000
734;2023-01-08 14:35:14.420000;7;1220;1;1;0.0000;1;26778.0000;None;289200.0000
719;2023-01-08 12:58:11.377000;7;1220;1;1;0.0000;1;22500.0000;None;243000.0000
719;2023-01-08 12:58:11.377000;7;1220;1;1;0.0000;1;22500.0000;None;243000.0000
747;2023-01-08 19:56:14.950000;7;1220;1;1;0.0000;1;48241.0000;None;521000.0000
748;2023-01-08 19:46:18.637000;7;1220;1;1;None;1;15685.0000;None;169400.0000
739;2023-01-08 15:45:37.033000;7;1220;1;1;0.0000;1;20630.0000;None;222800.0000
20176;2023-01-08 15:20:47.957000;7;1220;1;1;None;1;40741.0000;None;440000.0000
736;2023-01-08 14:37:28.707000;7;1220;1;1;0.0000;1;11463.0000;None;123800.0000
20174;2023-01-08 15:11:35.180000;7;1220;1;1;None;1;50056.0000;None;540600.0000
738;2023-01-08 15:19:20.087000;7;1302;1;1;0.0000;1;None;None;238000.0000
753;2023-01-08 20:39:47.250000;7;1302;1;1;0.0000;1;None;None;196600.0000
744;2023-01-08 18:00:25.253000;7;1302;1;1;0.0000;1;13556.0000;None;146400.0000
30107;2023-01-08 17:20:27.343000;7;1302;1;1;None;1;28713.0000;None;310100.0000
723;2023-01-08 13:17:19.687000;7;1302;1;1;0.0000;1;28500.0000;None;307800.0000
722;2023-01-08 13:00:55.163000;7;1302;1;1;0.0000;1;22259.0000;None;240400.0000
721;2023-01-08 14:06:36.833000;7;1303;1;1;0.0000;1;24000.0000;None;259200.0000
722;2023-01-08 13:41:27.787000;7;1303;1;1;0.0000;1;22259.0000;None;240400.0000
719;2023-01-08 13:37:56.203000;7;1303;1;1;0.0000;1;22500.0000;None;243000.0000
717;2023-01-08 13:37:39.180000;7;1303;1;1;0.0000;1;20593.0000;None;222400.0000
716;2023-01-08 13:43:31.270000;7;1303;1;1;0.0000;1;15500.0000;None;167400.0000
734;2023-01-08 15:26:26.170000;7;1303;1;1;0.0000;1;26778.0000;None;289200.0000
733;2023-01-08 15:31:40.960000;7;1303;1;1;0.0000;1;34074.0000;None;368000.0000
731;2023-01-08 15:01:45.187000;7;1303;1;1;0.0000;1;12185.0000;None;131600.0000
732;2023-01-08 15:16:37.143000;7;1303;1;1;0.0000;1;17445.0000;None;188400.0000
730;2023-01-08 15:01:36.760000;7;1303;1;1;0.0000;1;16796.0000;None;181400.0000
20170;2023-01-08 14:22:21.073000;7;1303;1;1;0.0000;1;11741.0000;None;126800.0000
20171;2023-01-08 17:00:56.947000;7;1303;1;1;0.0000;1;16407.0000;None;177200.0000
20168;2023-01-08 14:30:12.727000;7;1303;1;1;0.0000;1;17796.0000;None;192200.0000
726;2023-01-08 14:30:43.923000;7;1303;1;1;0.0000;1;28000.0000;None;302400.0000
727;2023-01-08 14:44:27.433000;7;1303;1;1;0.0000;1;26222.0000;None;283200.0000
20169;2023-01-08 15:04:09.680000;7;1303;1;1;0.0000;1;49019.0000;None;529400.0000
744;2023-01-08 18:52:23.177000;7;1303;1;1;0.0000;1;13556.0000;None;146400.0000
746;2023-01-08 20:20:31.810000;7;1303;1;1;0.0000;1;19593.0000;None;211600.0000
745;2023-01-08 19:45:46.710000;7;1303;1;1;0.0000;1;28408.0000;None;306800.0000
30108;2023-01-08 21:20:57.237000;7;1303;1;1;0.0000;1;26204.0000;None;283000.0000
748;2023-01-08 21:00:42.757000;7;1303;1;1;0.0000;1;15685.0000;None;169400.0000
750;2023-01-08 21:03:03.170000;7;1303;1;1;0.0000;1;10722.0000;None;115800.0000
752;2023-01-08 21:15:16.827000;7;1303;1;1;0.0000;1;18778.0000;None;202800.0000
20176;2023-01-08 16:15:01.707000;7;1303;1;1;0.0000;1;40741.0000;None;440000.0000
20177;2023-01-08 16:02:50.230000;7;1303;1;1;0.0000;1;25722.0000;None;277800.0000
739;2023-01-08 16:25:21.397000;7;1303;1;1;0.0000;1;20630.0000;None;222800.0000
740;2023-01-08 16:26:03.167000;7;1303;1;1;0.0000;1;16907.0000;None;182600.0000
20178;2023-01-08 16:22:23.173000;7;1303;1;1;0.0000;1;3500.0000;None;37800.0000
20174;2023-01-08 16:12:32.573000;7;1303;1;1;0.0000;1;50056.0000;None;540600.0000
20175;2023-01-08 15:34:16.577000;7;1303;1;1;0.0000;1;6074.0000;None;65600.0000
737;2023-01-08 16:31:44.213000;7;1303;1;1;0.0000;1;15370.0000;None;166000.0000
736;2023-01-08 15:34:24.193000;7;1303;1;1;0.0000;1;11463.0000;None;123800.0000
20172;2023-01-08 15:45:54.737000;7;1303;1;1;0.0000;1;64537.0000;None;697000.0000
736;2023-01-08 14:22:40.277000;7;1306;1;1;0.0000;1;11463.0000;None;123800.0000
20174;2023-01-08 15:00:16.847000;7;1306;1;1;0.0000;1;50056.0000;None;540600.0000
739;2023-01-08 15:23:51.340000;7;1306;1;1;0.0000;1;20630.0000;None;222800.0000
752;2023-01-08 20:09:38.687000;7;1306;1;1;None;1;18778.0000;None;202800.0000
746;2023-01-08 19:12:51.397000;7;1306;1;1;0.0000;1;19593.0000;None;211600.0000
30107;2023-01-08 17:20:27.343000;7;1306;2;1;None;1;28713.0000;None;310100.0000
728;2023-01-08 13:36:56.347000;7;1306;1;1;0.0000;1;5148.0000;None;55600.0000
20172;2023-01-08 14:52:44.290000;7;1306;1;1;0.0000;1;64537.0000;None;697000.0000
20172;2023-01-08 14:52:44.290000;7;1306;1;1;0.0000;1;64537.0000;None;697000.0000
717;2023-01-08 12:27:45.477000;7;1306;1;1;None;1;20593.0000;None;222400.0000
717;2023-01-08 12:27:45.477000;7;1306;1;1;None;1;20593.0000;None;222400.0000
724;2023-01-08 13:05:26.327000;7;1306;1;1;0.0000;1;22259.0000;None;240400.0000
722;2023-01-08 13:00:55.163000;7;1306;1;1;0.0000;1;22259.0000;None;240400.0000
722;2023-01-08 13:00:55.163000;7;1306;1;1;0.0000;1;22259.0000;None;240400.0000
722;2023-01-08 13:00:55.163000;7;1306;1;1;0.0000;1;22259.0000;None;240400.0000
724;2023-01-08 13:05:26.327000;7;1306;1;1;0.0000;1;22259.0000;None;240400.0000
726;2023-01-08 13:27:42.830000;7;1306;1;1;0.0000;1;28000.0000;None;302400.0000
20177;2023-01-08 15:17:03.463000;7;1307;1;1;0.0000;1;25722.0000;None;277800.0000
20172;2023-01-08 14:52:44.290000;7;1307;1;1;0.0000;1;64537.0000;None;697000.0000
20169;2023-01-08 13:33:40.990000;7;1308;2;1;0.0000;1;49019.0000;None;529400.0000
20171;2023-01-08 13:54:37.793000;7;2002;1;1;0.0000;1;16407.0000;None;177200.0000
20171;2023-01-08 13:54:37.793000;7;2002;1;1;0.0000;1;16407.0000;None;177200.0000
20171;2023-01-08 13:54:37.793000;7;2002;1;1;0.0000;1;16407.0000;None;177200.0000
733;2023-01-08 13:58:12.523000;7;2002;1;1;0.0000;1;34074.0000;None;368000.0000
735;2023-01-08 14:18:24.607000;7;2002;1;1;None;1;17741.0000;None;191600.0000
30107;2023-01-08 17:08:08.833000;7;2002;1;1;None;1;28713.0000;None;310100.0000
30107;2023-01-08 17:08:08.833000;7;2002;1;1;None;1;28713.0000;None;310100.0000
30107;2023-01-08 17:12:26.730000;7;2002;1;-1;0.0000;1;28713.0000;None;310100.0000
30107;2023-01-08 17:12:26.730000;7;2002;1;-1;0.0000;1;28713.0000;None;310100.0000
30107;2023-01-08 17:12:53.747000;7;2002;1;1;0.0000;1;28713.0000;None;310100.0000
748;2023-01-08 19:10:33.150000;7;2002;1;1;0.0000;1;15685.0000;None;169400.0000
20172;2023-01-08 14:00:54.020000;7;2008;1;3;0.0000;1;64537.0000;None;697000.0000
20169;2023-01-08 13:26:10.393000;7;2008;1;2;0.0000;1;49019.0000;None;529400.0000
20169;2023-01-08 13:29:55.993000;7;2008;1;2;0.0000;1;49019.0000;None;529400.0000
20169;2023-01-08 13:29:55.993000;7;2008;1;1;0.0000;1;49019.0000;None;529400.0000
20168;2023-01-08 13:28:37.810000;7;2008;1;2;0.0000;1;17796.0000;None;192200.0000
20174;2023-01-08 15:17:26.847000;7;2008;1;3;None;1;50056.0000;None;540600.0000
735;2023-01-08 15:11:06.013000;7;2009;1;1;0.0000;1;17741.0000;None;191600.0000
30107;2023-01-08 18:12:51.637000;7;2009;1;1;0.0000;1;28713.0000;None;310100.0000
753;2023-01-08 20:39:47.250000;7;2012;1;1;0.0000;1;None;None;196600.0000
753;2023-01-08 20:29:15.127000;7;2012;1;1;0.0000;1;None;None;196600.0000
747;2023-01-08 19:04:21.810000;7;2015;1;4;0.0000;1;48241.0000;None;521000.0000
737;2023-01-08 16:08:31.383000;7;2015;1;2;0.0000;1;15370.0000;None;166000.0000
728;2023-01-08 13:36:09.410000;7;2015;1;1;0.0000;1;5148.0000;None;55600.0000
728;2023-01-08 13:36:09.410000;7;2015;1;1;0.0000;1;5148.0000;None;55600.0000
730;2023-01-08 13:34:02.557000;7;2015;1;2;0.0000;1;16796.0000;None;181400.0000
20172;2023-01-08 14:33:48.060000;7;2015;1;3;0.0000;1;64537.0000;None;697000.0000
732;2023-01-08 13:57:20.600000;7;2015;1;1;0.0000;1;17445.0000;None;188400.0000
732;2023-01-08 13:57:20.600000;7;2015;1;1;0.0000;1;17445.0000;None;188400.0000
731;2023-01-08 14:02:42.033000;7;2042;1;1;0.0000;1;12185.0000;None;131600.0000
730;2023-01-08 13:34:02.557000;7;2042;1;1;0.0000;1;16796.0000;None;181400.0000
731;2023-01-08 13:58:34.407000;7;2042;1;2;0.0000;1;12185.0000;None;131600.0000
721;2023-01-08 12:49:50.047000;7;2042;1;1;0.0000;1;24000.0000;None;259200.0000
725;2023-01-08 13:28:26.087000;7;2042;1;1;0.0000;1;None;None;187000.0000
725;2023-01-08 13:01:18.933000;7;2042;1;1;0.0000;1;None;None;187000.0000
735;2023-01-08 14:06:16.337000;7;2042;1;1;0.0000;1;17741.0000;None;191600.0000
735;2023-01-08 14:42:52.357000;7;2042;1;1;0.0000;1;17741.0000;None;191600.0000
20176;2023-01-08 15:55:57.960000;7;2042;1;1;0.0000;1;40741.0000;None;440000.0000
20176;2023-01-08 15:06:17.930000;7;2042;1;1;None;1;40741.0000;None;440000.0000
746;2023-01-08 19:33:32.903000;7;2042;1;1;0.0000;1;19593.0000;None;211600.0000
747;2023-01-08 19:43:52.047000;7;2042;1;1;0.0000;1;48241.0000;None;521000.0000
745;2023-01-08 18:28:43.440000;7;2046;1;2;0.0000;1;28408.0000;None;306800.0000
726;2023-01-08 13:12:47.187000;7;2050;1;1;0.0000;1;28000.0000;None;302400.0000
726;2023-01-08 13:12:47.187000;7;2050;1;1;0.0000;1;28000.0000;None;302400.0000
730;2023-01-08 13:34:02.557000;7;2050;1;1;0.0000;1;16796.0000;None;181400.0000
728;2023-01-08 13:36:09.410000;7;2050;1;1;0.0000;1;5148.0000;None;55600.0000
20168;2023-01-08 13:28:37.810000;7;2050;1;1;0.0000;1;17796.0000;None;192200.0000
733;2023-01-08 14:20:25.867000;7;2050;1;1;0.0000;1;34074.0000;None;368000.0000
748;2023-01-08 19:14:14.957000;7;2058;1;1;0.0000;1;15685.0000;None;169400.0000
748;2023-01-08 19:48:08.440000;7;2058;1;1;0.0000;1;15685.0000;None;169400.0000
726;2023-01-08 13:12:47.187000;7;2065;1;1;0.0000;1;28000.0000;None;302400.0000
745;2023-01-08 18:28:43.440000;7;2065;1;1;0.0000;1;28408.0000;None;306800.0000
746;2023-01-08 19:33:32.903000;7;2065;1;1;0.0000;1;19593.0000;None;211600.0000
746;2023-01-08 19:00:08.663000;7;2065;1;1;0.0000;1;19593.0000;None;211600.0000
746;2023-01-08 19:00:08.663000;7;2065;1;1;0.0000;1;19593.0000;None;211600.0000
20176;2023-01-08 15:47:04.050000;7;2065;1;1;0.0000;1;40741.0000;None;440000.0000
736;2023-01-08 14:22:02.293000;7;2065;1;1;0.0000;1;11463.0000;None;123800.0000
721;2023-01-08 13:50:25.057000;7;2070;1;1;0.0000;1;24000.0000;None;259200.0000
730;2023-01-08 13:34:02.557000;7;2072;1;1;0.0000;1;16796.0000;None;181400.0000
20176;2023-01-08 14:55:12.263000;7;2072;1;1;0.0000;1;40741.0000;None;440000.0000
746;2023-01-08 19:33:32.903000;7;2072;1;1;0.0000;1;19593.0000;None;211600.0000
30107;2023-01-08 17:48:27.157000;7;2072;1;1;0.0000;1;28713.0000;None;310100.0000
750;2023-01-08 19:38:47.527000;7;2073;1;1;0.0000;1;10722.0000;None;115800.0000
30107;2023-01-08 18:12:51.637000;3;100606;1;1;6800.0000;1;28713.0000;None;310100.0000
735;2023-01-08 15:11:06.013000;3;100606;1;1;6800.0000;1;17741.0000;None;191600.0000
726;2023-01-08 14:17:50.283000;3;100606;1;1;6800.0000;1;28000.0000;None;302400.0000
747;2023-01-08 19:33:12.687000;3;100607;1;1;6800.0000;1;48241.0000;None;521000.0000
747;2023-01-08 20:21:16.227000;3;100607;1;1;6800.0000;1;48241.0000;None;521000.0000
747;2023-01-08 20:21:16.227000;3;100607;1;1;6800.0000;1;48241.0000;None;521000.0000
726;2023-01-08 14:17:50.283000;3;100613;1;1;5800.0000;1;28000.0000;None;302400.0000
726;2023-01-08 14:17:50.283000;3;100613;1;1;5800.0000;1;28000.0000;None;302400.0000
726;2023-01-08 14:17:50.283000;3;100613;1;1;5800.0000;1;28000.0000;None;302400.0000
726;2023-01-08 14:17:50.283000;3;100613;1;1;5800.0000;1;28000.0000;None;302400.0000
727;2023-01-08 14:21:44.367000;3;100614;1;3;17400.0000;1;26222.0000;None;283200.0000
730;2023-01-08 14:41:17.550000;3;100614;1;1;5800.0000;1;16796.0000;None;181400.0000
730;2023-01-08 14:41:17.550000;3;100614;1;1;5800.0000;1;16796.0000;None;181400.0000
733;2023-01-08 15:16:29.543000;3;100614;1;1;5800.0000;1;34074.0000;None;368000.0000
733;2023-01-08 15:16:29.543000;3;100614;1;1;5800.0000;1;34074.0000;None;368000.0000
731;2023-01-08 14:46:02.657000;3;100614;1;1;5800.0000;1;12185.0000;None;131600.0000
731;2023-01-08 14:46:02.657000;3;100614;1;1;5800.0000;1;12185.0000;None;131600.0000
734;2023-01-08 15:12:09.750000;3;100614;1;1;5800.0000;1;26778.0000;None;289200.0000
719;2023-01-08 13:23:19.697000;3;100614;1;1;5800.0000;1;22500.0000;None;243000.0000
719;2023-01-08 13:23:19.697000;3;100614;1;1;5800.0000;1;22500.0000;None;243000.0000
717;2023-01-08 13:19:55.243000;3;100614;1;1;5800.0000;1;20593.0000;None;222400.0000
721;2023-01-08 13:50:25.057000;3;100614;1;1;5800.0000;1;24000.0000;None;259200.0000
721;2023-01-08 13:50:25.057000;3;100614;1;1;5800.0000;1;24000.0000;None;259200.0000
724;2023-01-08 13:48:30.577000;3;100614;1;1;5800.0000;1;22259.0000;None;240400.0000
745;2023-01-08 19:30:10.613000;3;100614;1;1;5800.0000;1;28408.0000;None;306800.0000
737;2023-01-08 16:08:31.383000;3;100614;1;1;5800.0000;1;15370.0000;None;166000.0000
737;2023-01-08 16:08:31.383000;3;100614;1;1;5800.0000;1;15370.0000;None;166000.0000
20174;2023-01-08 15:52:26.873000;3;100614;1;1;5800.0000;1;50056.0000;None;540600.0000
719;2023-01-08 12:44:24.107000;1;100963;1;1;0.0000;1;22500.0000;None;243000.0000
20174;2023-01-08 15:52:26.873000;3;100999;1;1;5800.0000;1;50056.0000;None;540600.0000
742;2023-01-08 18:40:43.567000;3;100999;1;1;5800.0000;1;42871.0000;None;463000.0000
747;2023-01-08 19:46:04.267000;3;100999;1;1;5800.0000;1;48241.0000;None;521000.0000
719;2023-01-08 13:23:19.697000;3;100999;1;1;5800.0000;1;22500.0000;None;243000.0000
727;2023-01-08 13:30:17.873000;1;101015;1;1;32800.0000;1;26222.0000;None;283200.0000
736;2023-01-08 14:59:25.860000;1;101043;1;1;19800.0000;1;11463.0000;None;123800.0000
20169;2023-01-08 14:24:43.550000;1;101043;1;1;19800.0000;1;49019.0000;None;529400.0000
745;2023-01-08 19:27:22.910000;1;101088;1;1;3800.0000;1;28408.0000;None;306800.0000
745;2023-01-08 19:27:22.910000;1;101088;1;1;3800.0000;1;28408.0000;None;306800.0000
750;2023-01-08 20:37:41.053000;1;101088;1;1;3800.0000;1;10722.0000;None;115800.0000
749;2023-01-08 20:25:55.897000;1;101088;1;1;3800.0000;1;14037.0000;None;151600.0000
727;2023-01-08 14:21:44.367000;1;101088;1;1;3800.0000;1;26222.0000;None;283200.0000
723;2023-01-08 13:51:06.320000;1;101088;1;1;3800.0000;1;28500.0000;None;307800.0000
733;2023-01-08 14:32:54.693000;1;101092;1;1;49800.0000;1;34074.0000;None;368000.0000
744;2023-01-08 18:00:25.253000;1;101092;1;1;49800.0000;1;13556.0000;None;146400.0000
30107;2023-01-08 17:20:27.343000;1;101092;1;1;49800.0000;1;28713.0000;None;310100.0000
738;2023-01-08 15:19:20.087000;1;101092;1;1;49800.0000;1;None;None;238000.0000
750;2023-01-08 20:37:41.053000;1;101118;1;1;10800.0000;1;10722.0000;None;115800.0000
727;2023-01-08 14:21:44.367000;1;101118;1;1;10800.0000;1;26222.0000;None;283200.0000
716;2023-01-08 12:18:27.457000;1;101119;1;1;8800.0000;1;15500.0000;None;167400.0000
20176;2023-01-08 15:13:07.870000;1;101122;1;1;34800.0000;1;40741.0000;None;440000.0000
20176;2023-01-08 15:02:28.263000;1;101178;1;1;42800.0000;1;40741.0000;None;440000.0000
739;2023-01-08 15:23:51.340000;1;101178;1;1;42800.0000;1;20630.0000;None;222800.0000
755;2023-01-08 20:41:01.923000;1;101203;1;1;51800.0000;1;14185.0000;None;153200.0000
736;2023-01-08 14:22:40.277000;1;101212;1;1;25800.0000;1;11463.0000;None;123800.0000
754;2023-01-08 20:42:58.363000;1;101244;1;1;29800.0000;1;4296.0000;None;46400.0000
745;2023-01-08 18:33:45.343000;1;101244;1;1;29800.0000;1;28408.0000;None;306800.0000
12719;2023-01-08 12:03:47.307000;1;101244;1;1;29800.0000;1;None;None;132100.0000
12719;2023-01-08 12:03:47.307000;1;101244;1;1;29800.0000;1;None;None;132100.0000
723;2023-01-08 12:48:59.270000;1;101244;1;1;29800.0000;1;28500.0000;None;307800.0000
726;2023-01-08 13:27:42.830000;1;101244;1;1;29800.0000;1;28000.0000;None;302400.0000
730;2023-01-08 13:45:41.467000;1;101244;1;1;29800.0000;1;16796.0000;None;181400.0000
734;2023-01-08 14:18:51.733000;1;101244;1;1;29800.0000;1;26778.0000;None;289200.0000
20172;2023-01-08 14:33:48.060000;1;101244;1;1;29800.0000;1;64537.0000;None;697000.0000
747;2023-01-08 19:32:43.670000;1;101254;1;1;27800.0000;1;48241.0000;None;521000.0000
734;2023-01-08 14:18:51.733000;1;101262;1;1;28800.0000;1;26778.0000;None;289200.0000
742;2023-01-08 17:08:11.800000;1;101262;1;1;28800.0000;1;42871.0000;None;463000.0000
748;2023-01-08 19:28:55.487000;1;101267;1;1;28800.0000;1;15685.0000;None;169400.0000
20172;2023-01-08 14:33:48.060000;1;101267;1;1;28800.0000;1;64537.0000;None;697000.0000
751;2023-01-08 19:51:39.217000;1;101269;1;1;39800.0000;1;9111.0000;None;98400.0000
748;2023-01-08 19:10:33.150000;1;101270;1;1;0.0000;1;15685.0000;None;169400.0000
742;2023-01-08 18:40:43.567000;1;101270;1;1;0.0000;1;42871.0000;None;463000.0000
20176;2023-01-08 15:06:17.930000;1;101270;1;1;None;1;40741.0000;None;440000.0000
20176;2023-01-08 15:06:17.930000;1;101270;1;1;None;1;40741.0000;None;440000.0000
20176;2023-01-08 15:55:57.960000;1;101270;1;1;0.0000;1;40741.0000;None;440000.0000
20176;2023-01-08 15:55:57.960000;1;101270;1;1;0.0000;1;40741.0000;None;440000.0000
735;2023-01-08 14:18:24.607000;1;101270;1;1;None;1;17741.0000;None;191600.0000
20174;2023-01-08 15:38:41.273000;1;101270;1;1;0.0000;1;50056.0000;None;540600.0000
733;2023-01-08 13:58:12.523000;1;101270;1;1;0.0000;1;34074.0000;None;368000.0000
20171;2023-01-08 13:54:37.793000;1;101270;1;1;0.0000;1;16407.0000;None;177200.0000
20171;2023-01-08 13:54:37.793000;1;101270;1;1;0.0000;1;16407.0000;None;177200.0000
20171;2023-01-08 13:54:37.793000;1;101270;1;1;0.0000;1;16407.0000;None;177200.0000
727;2023-01-08 13:29:42.880000;1;101270;1;1;0.0000;1;26222.0000;None;283200.0000
727;2023-01-08 13:29:42.880000;1;101270;1;1;0.0000;1;26222.0000;None;283200.0000
727;2023-01-08 13:29:42.880000;1;101270;1;1;0.0000;1;26222.0000;None;283200.0000
719;2023-01-08 12:45:36.337000;1;101270;1;1;0.0000;1;22500.0000;None;243000.0000
719;2023-01-08 12:42:44.477000;1;101270;1;1;0.0000;1;22500.0000;None;243000.0000
726;2023-01-08 13:12:47.187000;1;101270;1;1;0.0000;1;28000.0000;None;302400.0000
726;2023-01-08 13:12:47.187000;1;101270;1;1;0.0000;1;28000.0000;None;302400.0000
724;2023-01-08 13:20:04.913000;1;101270;1;1;None;1;22259.0000;None;240400.0000
724;2023-01-08 14:01:56.263000;1;101270;1;-1;0.0000;1;22259.0000;None;240400.0000
724;2023-01-08 13:24:22.947000;1;101270;1;1;0.0000;1;22259.0000;None;240400.0000
724;2023-01-08 12:52:57.290000;1;101270;1;1;0.0000;1;22259.0000;None;240400.0000
722;2023-01-08 13:00:00.457000;1;101270;1;1;0.0000;1;22259.0000;None;240400.0000
722;2023-01-08 13:00:00.457000;1;101270;1;1;0.0000;1;22259.0000;None;240400.0000
722;2023-01-08 13:00:00.457000;1;101270;1;1;0.0000;1;22259.0000;None;240400.0000
722;2023-01-08 13:00:00.457000;1;101270;1;1;0.0000;1;22259.0000;None;240400.0000
725;2023-01-08 13:34:18.243000;1;101308;1;1;16800.0000;1;None;None;187000.0000
20168;2023-01-08 14:13:37.230000;1;101308;1;1;16800.0000;1;17796.0000;None;192200.0000
742;2023-01-08 18:22:01.257000;1;101308;1;1;16800.0000;1;42871.0000;None;463000.0000
749;2023-01-08 20:18:08.650000;1;101308;1;1;16800.0000;1;14037.0000;None;151600.0000
753;2023-01-08 21:15:30.097000;1;101308;1;1;16800.0000;1;None;None;196600.0000
20168;2023-01-08 13:29:10.697000;1;101313;1;1;79800.0000;1;17796.0000;None;192200.0000
725;2023-01-08 13:03:03.453000;1;101418;1;1;0.0000;1;None;None;187000.0000
724;2023-01-08 13:05:26.327000;1;101433;1;1;0.0000;1;22259.0000;None;240400.0000
722;2023-01-08 13:00:55.163000;1;101433;1;1;0.0000;1;22259.0000;None;240400.0000
717;2023-01-08 12:27:45.477000;1;101433;1;1;None;1;20593.0000;None;222400.0000
20168;2023-01-08 13:29:10.697000;1;101433;1;1;0.0000;1;17796.0000;None;192200.0000
733;2023-01-08 14:32:54.693000;1;101433;1;1;None;1;34074.0000;None;368000.0000
739;2023-01-08 15:23:51.340000;1;101433;1;1;0.0000;1;20630.0000;None;222800.0000
20172;2023-01-08 14:52:44.290000;1;101433;1;1;0.0000;1;64537.0000;None;697000.0000
20175;2023-01-08 14:38:19.407000;6;101438;1;1;0.0000;1;6074.0000;None;65600.0000
740;2023-01-08 15:43:51.717000;6;101438;1;1;0.0000;1;16907.0000;None;182600.0000
742;2023-01-08 17:25:11.423000;6;101438;1;1;0.0000;1;42871.0000;None;463000.0000
20176;2023-01-08 15:13:07.870000;6;101438;1;1;0.0000;1;40741.0000;None;440000.0000
30108;2023-01-08 20:38:02.640000;6;101438;1;1;0.0000;1;26204.0000;None;283000.0000
733;2023-01-08 14:32:54.693000;6;101438;1;1;None;1;34074.0000;None;368000.0000
733;2023-01-08 14:32:54.693000;6;101438;1;1;None;1;34074.0000;None;368000.0000
733;2023-01-08 14:32:54.693000;6;101438;1;1;None;1;34074.0000;None;368000.0000
20172;2023-01-08 14:42:59.457000;6;101438;1;1;0.0000;1;64537.0000;None;697000.0000
734;2023-01-08 14:18:51.733000;6;101438;1;1;0.0000;1;26778.0000;None;289200.0000
726;2023-01-08 13:27:42.830000;6;101438;1;1;0.0000;1;28000.0000;None;302400.0000
732;2023-01-08 14:20:57.433000;None;101442;None;1;0.0000;1;17445.0000;None;188400.0000
30107;2023-01-08 17:20:27.343000;None;101442;None;1;None;1;28713.0000;None;310100.0000
748;2023-01-08 19:28:55.487000;6;101470;1;1;0.0000;1;15685.0000;None;169400.0000
20169;2023-01-08 13:33:40.990000;6;101470;1;1;0.0000;1;49019.0000;None;529400.0000
727;2023-01-08 13:44:14.547000;6;101470;1;1;0.0000;1;26222.0000;None;283200.0000
20171;2023-01-08 13:55:18.920000;6;101470;1;1;0.0000;1;16407.0000;None;177200.0000
730;2023-01-08 13:45:41.467000;6;101470;1;1;0.0000;1;16796.0000;None;181400.0000
725;2023-01-08 13:25:40.657000;6;101470;1;-1;0.0000;1;None;None;187000.0000
725;2023-01-08 13:03:03.453000;6;101470;1;1;None;1;None;None;187000.0000
725;2023-01-08 13:21:03.080000;6;101470;1;1;0.0000;1;None;None;187000.0000
716;2023-01-08 12:57:11.940000;6;101470;1;1;0.0000;1;15500.0000;None;167400.0000
726;2023-01-08 13:27:42.830000;1;101519;1;1;0.0000;1;28000.0000;None;302400.0000
20169;2023-01-08 13:33:40.990000;1;101519;1;1;0.0000;1;49019.0000;None;529400.0000
20172;2023-01-08 14:52:44.290000;1;101519;1;1;0.0000;1;64537.0000;None;697000.0000
20172;2023-01-08 14:52:44.290000;1;101519;1;1;0.0000;1;64537.0000;None;697000.0000
746;2023-01-08 19:12:51.397000;1;101519;1;1;0.0000;1;19593.0000;None;211600.0000
20177;2023-01-08 15:17:03.463000;1;101519;1;1;0.0000;1;25722.0000;None;277800.0000
20174;2023-01-08 15:00:16.847000;1;101519;1;1;0.0000;1;50056.0000;None;540600.0000
20172;2023-01-08 14:52:44.290000;1;101519;1;1;0.0000;1;64537.0000;None;697000.0000
20172;2023-01-08 14:52:44.290000;6;101525;1;1;0.0000;1;64537.0000;None;697000.0000
749;2023-01-08 19:48:59.950000;6;101525;1;1;0.0000;1;14037.0000;None;151600.0000
734;2023-01-08 14:18:51.733000;6;101525;1;1;0.0000;1;26778.0000;None;289200.0000
734;2023-01-08 14:18:51.733000;6;101525;1;1;0.0000;1;26778.0000;None;289200.0000
20170;2023-01-08 14:02:26.123000;6;101525;1;1;0.0000;1;11741.0000;None;126800.0000
721;2023-01-08 13:08:07.393000;6;101525;1;1;0.0000;1;24000.0000;None;259200.0000
723;2023-01-08 13:17:19.687000;6;101535;1;1;0.0000;1;28500.0000;None;307800.0000
719;2023-01-08 12:44:24.107000;6;101535;1;1;0.0000;1;22500.0000;None;243000.0000
749;2023-01-08 19:48:59.950000;6;101535;1;1;0.0000;1;14037.0000;None;151600.0000
752;2023-01-08 20:09:38.687000;6;101535;1;1;None;1;18778.0000;None;202800.0000
747;2023-01-08 19:45:06.590000;6;101535;1;1;0.0000;1;48241.0000;None;521000.0000
738;2023-01-08 15:19:20.087000;6;101535;1;1;0.0000;1;None;None;238000.0000
742;2023-01-08 17:25:11.423000;6;101535;1;1;0.0000;1;42871.0000;None;463000.0000
738;2023-01-08 15:19:20.087000;1;101552;1;1;0.0000;1;None;None;238000.0000
20172;2023-01-08 14:52:44.290000;1;101552;1;1;0.0000;1;64537.0000;None;697000.0000
744;2023-01-08 18:00:25.253000;1;101552;1;1;0.0000;1;13556.0000;None;146400.0000
752;2023-01-08 20:09:38.687000;1;101552;1;1;None;1;18778.0000;None;202800.0000
753;2023-01-08 20:39:47.250000;1;101552;1;1;0.0000;1;None;None;196600.0000
753;2023-01-08 20:39:47.250000;1;101552;1;1;0.0000;1;None;None;196600.0000
722;2023-01-08 13:00:55.163000;1;101552;1;1;0.0000;1;22259.0000;None;240400.0000
725;2023-01-08 13:03:03.453000;1;101552;1;1;0.0000;1;None;None;187000.0000
724;2023-01-08 13:05:26.327000;1;101552;1;1;0.0000;1;22259.0000;None;240400.0000
20168;2023-01-08 13:29:10.697000;1;101552;1;1;0.0000;1;17796.0000;None;192200.0000
737;2023-01-08 15:33:43.247000;1;101573;1;1;0.0000;1;15370.0000;None;166000.0000
20176;2023-01-08 15:13:07.870000;1;101573;1;1;0.0000;1;40741.0000;None;440000.0000
740;2023-01-08 15:43:51.717000;1;101623;1;1;0.0000;1;16907.0000;None;182600.0000
20176;2023-01-08 15:13:07.870000;6;101624;1;1;0.0000;1;40741.0000;None;440000.0000
20172;2023-01-08 14:52:44.290000;6;101624;1;1;0.0000;1;64537.0000;None;697000.0000
735;2023-01-08 14:28:58.390000;6;101624;1;1;0.0000;1;17741.0000;None;191600.0000
735;2023-01-08 14:28:58.390000;6;101624;1;1;0.0000;1;17741.0000;None;191600.0000
735;2023-01-08 14:28:58.390000;6;101624;1;1;0.0000;1;17741.0000;None;191600.0000
736;2023-01-08 14:22:40.277000;6;101624;1;1;0.0000;1;11463.0000;None;123800.0000
753;2023-01-08 20:39:47.250000;6;101624;1;1;0.0000;1;None;None;196600.0000
30108;2023-01-08 20:43:03.057000;6;101624;1;1;0.0000;1;26204.0000;None;283000.0000
756;2023-01-08 21:27:16.073000;6;101624;1;1;0.0000;1;8426.0000;None;91000.0000
30107;2023-01-08 17:28:12.303000;6;101624;1;1;0.0000;1;28713.0000;None;310100.0000
745;2023-01-08 18:45:45.770000;6;101624;1;1;0.0000;1;28408.0000;None;306800.0000
745;2023-01-08 18:45:45.770000;6;101624;1;1;0.0000;1;28408.0000;None;306800.0000
745;2023-01-08 18:45:45.770000;6;101624;1;1;0.0000;1;28408.0000;None;306800.0000
20172;2023-01-08 14:52:44.290000;6;101624;1;1;0.0000;1;64537.0000;None;697000.0000
733;2023-01-08 14:32:54.693000;6;101624;1;1;None;1;34074.0000;None;368000.0000
733;2023-01-08 14:32:54.693000;6;101624;1;1;None;1;34074.0000;None;368000.0000
733;2023-01-08 14:32:54.693000;6;101624;1;1;None;1;34074.0000;None;368000.0000
725;2023-01-08 13:03:03.453000;6;101624;1;1;0.0000;1;None;None;187000.0000
723;2023-01-08 13:17:19.687000;6;101624;1;1;0.0000;1;28500.0000;None;307800.0000
30107;2023-01-08 18:12:51.637000;1;101647;1;1;10800.0000;1;28713.0000;None;310100.0000
719;2023-01-08 12:44:24.107000;1;101665;1;1;37800.0000;1;22500.0000;None;243000.0000
20172;2023-01-08 14:52:44.290000;1;101665;1;1;37800.0000;1;64537.0000;None;697000.0000
739;2023-01-08 15:23:51.340000;1;101665;1;1;37800.0000;1;20630.0000;None;222800.0000
742;2023-01-08 18:40:43.567000;2;101689;1;1;30800.0000;1;42871.0000;None;463000.0000
716;2023-01-08 12:41:32.803000;2;101818;1;1;28800.0000;1;15500.0000;None;167400.0000
20169;2023-01-08 14:40:58.150000;2;101822;1;1;34800.0000;1;49019.0000;None;529400.0000
20169;2023-01-08 14:40:58.150000;2;101822;1;1;34800.0000;1;49019.0000;None;529400.0000
745;2023-01-08 19:30:10.613000;2;101858;1;1;27800.0000;1;28408.0000;None;306800.0000
745;2023-01-08 19:43:05.563000;2;101858;1;1;27800.0000;1;28408.0000;None;306800.0000
742;2023-01-08 17:01:38.913000;3;101889;1;1;9800.0000;1;42871.0000;None;463000.0000
749;2023-01-08 20:18:08.650000;1;101891;1;1;16800.0000;1;14037.0000;None;151600.0000
20171;2023-01-08 15:00:47.110000;1;101891;1;1;16800.0000;1;16407.0000;None;177200.0000
742;2023-01-08 18:22:01.257000;1;101905;1;1;21800.0000;1;42871.0000;None;463000.0000
745;2023-01-08 18:28:58.563000;2;101978;1;1;47800.0000;1;28408.0000;None;306800.0000
747;2023-01-08 19:32:43.670000;1;102025;1;1;31800.0000;1;48241.0000;None;521000.0000
20172;2023-01-08 13:59:27.320000;1;102065;1;1;29800.0000;1;64537.0000;None;697000.0000
737;2023-01-08 14:48:42.487000;1;102065;1;1;29800.0000;1;15370.0000;None;166000.0000
737;2023-01-08 14:48:42.487000;1;102086;1;1;10800.0000;1;15370.0000;None;166000.0000
753;2023-01-08 20:53:01.683000;3;102102;1;1;9800.0000;1;None;None;196600.0000
752;2023-01-08 20:40:13.497000;3;102102;1;1;9800.0000;1;18778.0000;None;202800.0000
745;2023-01-08 19:30:10.613000;3;102102;1;1;9800.0000;1;28408.0000;None;306800.0000
724;2023-01-08 13:48:30.577000;3;102102;1;1;9800.0000;1;22259.0000;None;240400.0000
748;2023-01-08 20:13:07.700000;3;102112;1;1;5800.0000;1;15685.0000;None;169400.0000
20172;2023-01-08 14:24:02.830000;1;102127;1;1;2800.0000;1;64537.0000;None;697000.0000
20172;2023-01-08 14:33:48.060000;1;102132;1;1;3500.0000;1;64537.0000;None;697000.0000
20172;2023-01-08 13:59:27.320000;1;102132;1;1;3500.0000;1;64537.0000;None;697000.0000
20172;2023-01-08 14:12:54.617000;1;102151;1;1;5800.0000;1;64537.0000;None;697000.0000
726;2023-01-08 13:27:42.830000;1;102172;1;1;4800.0000;1;28000.0000;None;302400.0000
12719;2023-01-08 12:03:47.307000;1;102177;1;1;2500.0000;1;None;None;132100.0000
30107;2023-01-08 18:01:08.913000;1;102177;1;1;2500.0000;1;28713.0000;None;310100.0000
20174;2023-01-08 15:00:16.847000;1;102227;1;1;6800.0000;1;50056.0000;None;540600.0000
721;2023-01-08 13:08:07.393000;1;102239;1;1;5800.0000;1;24000.0000;None;259200.0000
30107;2023-01-08 17:20:27.343000;1;102239;1;1;5800.0000;1;28713.0000;None;310100.0000
725;2023-01-08 13:03:03.453000;1;102277;1;1;4800.0000;1;None;None;187000.0000
20172;2023-01-08 14:52:44.290000;1;102311;1;1;1800.0000;1;64537.0000;None;697000.0000
727;2023-01-08 13:44:14.547000;1;102324;1;1;44800.0000;1;26222.0000;None;283200.0000
742;2023-01-08 17:25:11.423000;1;102325;1;1;47800.0000;1;42871.0000;None;463000.0000
30107;2023-01-08 17:20:27.343000;1;102407;1;1;34800.0000;1;28713.0000;None;310100.0000
750;2023-01-08 19:47:16.200000;1;102440;1;1;29800.0000;1;10722.0000;None;115800.0000
737;2023-01-08 16:08:31.383000;1;102541;1;1;23800.0000;1;15370.0000;None;166000.0000
730;2023-01-08 13:34:02.557000;3;102619;1;1;6800.0000;1;16796.0000;None;181400.0000
30107;2023-01-08 17:12:53.747000;3;102619;1;1;6800.0000;1;28713.0000;None;310100.0000
721;2023-01-08 12:49:50.047000;3;102633;1;1;11800.0000;1;24000.0000;None;259200.0000
721;2023-01-08 12:49:50.047000;3;102635;1;1;7800.0000;1;24000.0000;None;259200.0000
726;2023-01-08 13:12:47.187000;3;102635;1;1;7800.0000;1;28000.0000;None;302400.0000
731;2023-01-08 13:58:34.407000;3;102635;1;2;15600.0000;1;12185.0000;None;131600.0000
731;2023-01-08 14:02:42.033000;3;102635;1;1;7800.0000;1;12185.0000;None;131600.0000
20170;2023-01-08 13:43:54.863000;3;102635;1;1;7800.0000;1;11741.0000;None;126800.0000
20172;2023-01-08 14:08:26.997000;3;102635;1;1;7800.0000;1;64537.0000;None;697000.0000
20172;2023-01-08 14:01:37.820000;3;102635;1;1;7800.0000;1;64537.0000;None;697000.0000
20172;2023-01-08 14:01:37.820000;3;102635;1;1;7800.0000;1;64537.0000;None;697000.0000
745;2023-01-08 18:28:43.440000;3;102635;1;1;7800.0000;1;28408.0000;None;306800.0000
746;2023-01-08 19:00:08.663000;3;102635;1;1;7800.0000;1;19593.0000;None;211600.0000
753;2023-01-08 20:39:47.250000;3;102635;1;1;7800.0000;1;None;None;196600.0000
753;2023-01-08 20:29:15.127000;3;102635;1;1;7800.0000;1;None;None;196600.0000
20177;2023-01-08 15:21:36.640000;3;102635;1;1;7800.0000;1;25722.0000;None;277800.0000
20176;2023-01-08 14:55:12.263000;3;102637;1;1;9800.0000;1;40741.0000;None;440000.0000
736;2023-01-08 14:22:02.293000;3;102638;1;1;10800.0000;1;11463.0000;None;123800.0000
746;2023-01-08 19:00:08.663000;3;102638;1;1;10800.0000;1;19593.0000;None;211600.0000
746;2023-01-08 19:33:32.903000;3;102638;1;1;10800.0000;1;19593.0000;None;211600.0000
719;2023-01-08 12:42:44.477000;3;102651;1;1;8800.0000;1;22500.0000;None;243000.0000
747;2023-01-08 19:45:06.590000;1;102726;1;1;44800.0000;1;48241.0000;None;521000.0000
747;2023-01-08 19:45:06.590000;1;102726;1;1;44800.0000;1;48241.0000;None;521000.0000
20176;2023-01-08 15:13:07.870000;1;102726;1;1;44800.0000;1;40741.0000;None;440000.0000
726;2023-01-08 13:12:47.187000;3;102747;1;1;4800.0000;1;28000.0000;None;302400.0000
725;2023-01-08 13:28:26.087000;3;102747;1;1;4800.0000;1;None;None;187000.0000
725;2023-01-08 13:28:26.087000;3;102747;1;1;4800.0000;1;None;None;187000.0000
725;2023-01-08 13:01:18.933000;3;102747;1;2;9600.0000;1;None;None;187000.0000
725;2023-01-08 13:01:18.933000;3;102747;1;1;4800.0000;1;None;None;187000.0000
734;2023-01-08 14:02:52.300000;3;102747;1;1;4800.0000;1;26778.0000;None;289200.0000
733;2023-01-08 14:07:34.010000;3;102747;1;1;4800.0000;1;34074.0000;None;368000.0000
20176;2023-01-08 15:06:17.930000;3;102747;1;1;4800.0000;1;40741.0000;None;440000.0000
746;2023-01-08 19:33:32.903000;3;102747;1;1;4800.0000;1;19593.0000;None;211600.0000
30107;2023-01-08 17:48:27.157000;3;102747;1;1;4800.0000;1;28713.0000;None;310100.0000
750;2023-01-08 19:38:47.527000;3;102747;1;1;4800.0000;1;10722.0000;None;115800.0000
30107;2023-01-08 17:08:08.833000;3;102748;1;1;14800.0000;1;28713.0000;None;310100.0000
742;2023-01-08 17:47:41.077000;3;102748;1;1;14800.0000;1;42871.0000;None;463000.0000
742;2023-01-08 17:01:38.913000;3;102748;1;1;14800.0000;1;42871.0000;None;463000.0000
742;2023-01-08 17:01:38.913000;3;102748;1;1;14800.0000;1;42871.0000;None;463000.0000
742;2023-01-08 17:47:41.077000;3;102749;1;1;5800.0000;1;42871.0000;None;463000.0000
730;2023-01-08 13:45:41.467000;1;102753;1;1;56800.0000;1;16796.0000;None;181400.0000
727;2023-01-08 13:44:14.547000;1;102753;1;1;56800.0000;1;26222.0000;None;283200.0000
20169;2023-01-08 13:33:40.990000;1;102753;1;1;56800.0000;1;49019.0000;None;529400.0000
725;2023-01-08 13:25:40.657000;1;102753;1;-1;-56800.0000;1;None;None;187000.0000
725;2023-01-08 13:03:03.453000;1;102753;1;1;56800.0000;1;None;None;187000.0000
748;2023-01-08 19:28:55.487000;1;102753;1;1;56800.0000;1;15685.0000;None;169400.0000
738;2023-01-08 15:19:20.087000;1;102873;1;1;42800.0000;1;None;None;238000.0000
725;2023-01-08 13:03:03.453000;1;102877;1;1;49800.0000;1;None;None;187000.0000
722;2023-01-08 13:00:55.163000;1;102877;1;1;49800.0000;1;22259.0000;None;240400.0000
724;2023-01-08 13:05:26.327000;1;102877;1;1;49800.0000;1;22259.0000;None;240400.0000
724;2023-01-08 13:05:26.327000;1;102877;1;1;49800.0000;1;22259.0000;None;240400.0000
728;2023-01-08 13:36:56.347000;1;102877;1;1;49800.0000;1;5148.0000;None;55600.0000
739;2023-01-08 15:23:51.340000;1;102877;1;1;49800.0000;1;20630.0000;None;222800.0000
20170;2023-01-08 13:43:42.397000;1;102961;1;1;22800.0000;1;11741.0000;None;126800.0000
20176;2023-01-08 15:02:28.263000;1;102961;1;1;22800.0000;1;40741.0000;None;440000.0000
751;2023-01-08 19:29:13.810000;2;102979;1;1;27800.0000;1;9111.0000;None;98400.0000
736;2023-01-08 14:22:40.277000;1;103083;1;1;29800.0000;1;11463.0000;None;123800.0000
20172;2023-01-08 14:52:44.290000;1;103083;1;1;29800.0000;1;64537.0000;None;697000.0000
736;2023-01-08 14:08:32.277000;1;103111;1;1;0.0000;1;11463.0000;None;123800.0000
20174;2023-01-08 14:18:03.010000;1;103111;1;1;0.0000;1;50056.0000;None;540600.0000
20174;2023-01-08 14:18:03.010000;1;103111;1;1;0.0000;1;50056.0000;None;540600.0000
735;2023-01-08 14:07:58.337000;1;103111;1;1;0.0000;1;17741.0000;None;191600.0000
738;2023-01-08 14:51:59.493000;1;103111;1;1;0.0000;1;None;None;238000.0000
737;2023-01-08 14:48:08.270000;1;103111;1;1;0.0000;1;15370.0000;None;166000.0000
20175;2023-01-08 14:31:29.520000;1;103111;1;1;None;1;6074.0000;None;65600.0000
20176;2023-01-08 14:55:12.263000;1;103111;1;1;0.0000;1;40741.0000;None;440000.0000
20176;2023-01-08 14:55:12.263000;1;103111;1;1;0.0000;1;40741.0000;None;440000.0000
739;2023-01-08 15:16:44.187000;1;103111;1;1;0.0000;1;20630.0000;None;222800.0000
20177;2023-01-08 15:13:35.667000;1;103111;1;1;0.0000;1;25722.0000;None;277800.0000
20177;2023-01-08 15:13:35.667000;1;103111;1;1;0.0000;1;25722.0000;None;277800.0000
740;2023-01-08 15:39:38.027000;1;103111;1;1;0.0000;1;16907.0000;None;182600.0000
742;2023-01-08 16:53:52.227000;1;103111;1;1;0.0000;1;42871.0000;None;463000.0000
742;2023-01-08 16:54:15.980000;1;103111;1;1;0.0000;1;42871.0000;None;463000.0000
751;2023-01-08 19:29:19.127000;1;103111;1;1;0.0000;1;9111.0000;None;98400.0000
750;2023-01-08 19:25:37.173000;1;103111;1;1;0.0000;1;10722.0000;None;115800.0000
752;2023-01-08 20:05:47.947000;1;103111;1;1;None;1;18778.0000;None;202800.0000
748;2023-01-08 19:00:14.577000;1;103111;1;1;0.0000;1;15685.0000;None;169400.0000
749;2023-01-08 19:25:26.403000;1;103111;1;1;0.0000;1;14037.0000;None;151600.0000
754;2023-01-08 20:30:19.873000;1;103111;1;1;0.0000;1;4296.0000;None;46400.0000
30107;2023-01-08 17:07:31.977000;1;103111;1;1;0.0000;1;28713.0000;None;310100.0000
745;2023-01-08 18:17:12.047000;1;103111;1;1;0.0000;1;28408.0000;None;306800.0000
744;2023-01-08 17:44:46.767000;1;103111;1;1;0.0000;1;13556.0000;None;146400.0000
747;2023-01-08 18:50:03.697000;1;103111;1;1;0.0000;1;48241.0000;None;521000.0000
746;2023-01-08 18:49:55.077000;1;103111;1;1;0.0000;1;19593.0000;None;211600.0000
20172;2023-01-08 13:58:51.617000;1;103111;1;1;0.0000;1;64537.0000;None;697000.0000
20172;2023-01-08 13:58:51.617000;1;103111;1;1;0.0000;1;64537.0000;None;697000.0000
733;2023-01-08 13:58:01.970000;1;103111;1;1;0.0000;1;34074.0000;None;368000.0000
733;2023-01-08 13:58:01.970000;1;103111;1;1;0.0000;1;34074.0000;None;368000.0000
732;2023-01-08 13:56:39.403000;1;103111;1;1;0.0000;1;17445.0000;None;188400.0000
734;2023-01-08 13:58:18.940000;1;103111;1;1;0.0000;1;26778.0000;None;289200.0000
20171;2023-01-08 13:41:54.847000;1;103111;1;1;0.0000;1;16407.0000;None;177200.0000
731;2023-01-08 13:55:57.820000;1;103111;1;1;0.0000;1;12185.0000;None;131600.0000
730;2023-01-08 13:34:02.557000;1;103111;1;1;0.0000;1;16796.0000;None;181400.0000
20170;2023-01-08 13:37:34.777000;1;103111;1;1;0.0000;1;11741.0000;None;126800.0000
20169;2023-01-08 13:17:56.147000;1;103111;1;1;0.0000;1;49019.0000;None;529400.0000
20168;2023-01-08 13:17:47.247000;1;103111;1;1;0.0000;1;17796.0000;None;192200.0000
727;2023-01-08 13:24:31.487000;1;103111;1;1;0.0000;1;26222.0000;None;283200.0000
728;2023-01-08 13:24:37.907000;1;103111;1;1;0.0000;1;5148.0000;None;55600.0000
724;2023-01-08 12:52:11.543000;1;103111;1;1;None;1;22259.0000;None;240400.0000
723;2023-01-08 12:47:27.347000;1;103111;1;1;0.0000;1;28500.0000;None;307800.0000
722;2023-01-08 12:46:08.180000;1;103111;1;1;0.0000;1;22259.0000;None;240400.0000
725;2023-01-08 12:56:52.853000;1;103111;1;1;None;1;None;None;187000.0000
726;2023-01-08 13:03:38.037000;1;103111;1;1;0.0000;1;28000.0000;None;302400.0000
719;2023-01-08 12:34:33.680000;1;103111;1;1;0.0000;1;22500.0000;None;243000.0000
721;2023-01-08 12:42:33.997000;1;103111;1;1;0.0000;1;24000.0000;None;259200.0000
716;2023-01-08 12:13:27.477000;1;103111;1;1;0.0000;1;15500.0000;None;167400.0000
717;2023-01-08 12:16:17.643000;1;103111;1;1;0.0000;1;20593.0000;None;222400.0000
30108;2023-01-08 21:18:55.217000;1;103120;1;1;14800.0000;1;26204.0000;None;283000.0000
723;2023-01-08 13:51:06.320000;1;103120;1;1;14800.0000;1;28500.0000;None;307800.0000
721;2023-01-08 13:08:07.393000;1;103134;1;1;31800.0000;1;24000.0000;None;259200.0000
20170;2023-01-08 14:02:26.123000;1;103134;1;1;31800.0000;1;11741.0000;None;126800.0000
734;2023-01-08 14:18:51.733000;1;103134;1;1;31800.0000;1;26778.0000;None;289200.0000
749;2023-01-08 19:48:59.950000;1;103134;1;1;31800.0000;1;14037.0000;None;151600.0000
20172;2023-01-08 14:52:44.290000;1;103134;1;1;31800.0000;1;64537.0000;None;697000.0000
749;2023-01-08 19:48:59.950000;1;103173;1;1;26800.0000;1;14037.0000;None;151600.0000
755;2023-01-08 20:41:01.923000;1;103187;1;1;89800.0000;1;14185.0000;None;153200.0000
753;2023-01-08 20:39:47.250000;1;103191;1;1;79800.0000;1;None;None;196600.0000
20172;2023-01-08 14:33:48.060000;1;103191;1;1;79800.0000;1;64537.0000;None;697000.0000
20168;2023-01-08 13:29:10.697000;1;103193;1;1;89800.0000;1;17796.0000;None;192200.0000
722;2023-01-08 13:00:55.163000;1;103198;1;1;49800.0000;1;22259.0000;None;240400.0000
717;2023-01-08 12:27:45.477000;1;103198;1;1;49800.0000;1;20593.0000;None;222400.0000
20174;2023-01-08 15:00:16.847000;1;103198;1;1;49800.0000;1;50056.0000;None;540600.0000
731;2023-01-08 14:09:08.977000;1;103350;5;1;58800.0000;1;12185.0000;None;131600.0000
756;2023-01-08 21:34:45.040000;1;103372;1;1;14800.0000;1;8426.0000;None;91000.0000
752;2023-01-08 20:40:13.497000;1;103372;1;1;14800.0000;1;18778.0000;None;202800.0000
747;2023-01-08 20:21:16.227000;1;103372;1;1;14800.0000;1;48241.0000;None;521000.0000
20171;2023-01-08 15:00:47.110000;1;103372;1;1;14800.0000;1;16407.0000;None;177200.0000
20171;2023-01-08 15:01:43.560000;1;103377;1;1;16800.0000;1;16407.0000;None;177200.0000
717;2023-01-08 13:19:55.243000;1;103377;1;1;16800.0000;1;20593.0000;None;222400.0000
721;2023-01-08 13:48:16.843000;1;103377;1;1;16800.0000;1;24000.0000;None;259200.0000
723;2023-01-08 13:03:13.020000;1;103380;1;1;48800.0000;1;28500.0000;None;307800.0000
721;2023-01-08 12:49:34.170000;1;103381;1;1;58800.0000;1;24000.0000;None;259200.0000
734;2023-01-08 14:18:51.733000;1;103381;1;1;58800.0000;1;26778.0000;None;289200.0000
20170;2023-01-08 13:43:42.397000;1;103386;1;1;52800.0000;1;11741.0000;None;126800.0000
20169;2023-01-08 13:26:10.393000;1;103386;1;1;52800.0000;1;49019.0000;None;529400.0000
719;2023-01-08 12:44:24.107000;1;103386;1;1;52800.0000;1;22500.0000;None;243000.0000
733;2023-01-08 14:55:41.933000;1;103400;1;1;13800.0000;1;34074.0000;None;368000.0000
20174;2023-01-08 15:00:16.847000;1;103406;1;1;43800.0000;1;50056.0000;None;540600.0000
750;2023-01-08 19:47:16.200000;1;103423;1;1;38800.0000;1;10722.0000;None;115800.0000
30107;2023-01-08 17:20:27.343000;1;103449;1;1;29800.0000;1;28713.0000;None;310100.0000
20172;2023-01-08 14:02:11.237000;1;103449;1;1;29800.0000;1;64537.0000;None;697000.0000
12719;2023-01-08 12:03:47.307000;1;103449;1;1;29800.0000;1;None;None;132100.0000
721;2023-01-08 13:08:07.393000;1;103452;1;1;34800.0000;1;24000.0000;None;259200.0000
12719;2023-01-08 12:03:47.307000;1;103458;1;1;35800.0000;1;None;None;132100.0000
756;2023-01-08 21:27:16.073000;1;103471;1;1;32800.0000;1;8426.0000;None;91000.0000
719;2023-01-08 12:44:24.107000;1;103514;1;1;53800.0000;1;22500.0000;None;243000.0000
727;2023-01-08 13:44:14.547000;1;103514;1;1;53800.0000;1;26222.0000;None;283200.0000
726;2023-01-08 13:27:42.830000;1;103515;1;1;41800.0000;1;28000.0000;None;302400.0000
745;2023-01-08 18:45:45.770000;1;103515;1;1;41800.0000;1;28408.0000;None;306800.0000
20174;2023-01-08 15:00:16.847000;1;103515;1;1;41800.0000;1;50056.0000;None;540600.0000
738;2023-01-08 15:19:20.087000;1;103515;1;1;41800.0000;1;None;None;238000.0000
737;2023-01-08 15:33:43.247000;1;103530;1;1;38800.0000;1;15370.0000;None;166000.0000
20176;2023-01-08 15:13:07.870000;1;103530;1;1;38800.0000;1;40741.0000;None;440000.0000
722;2023-01-08 13:00:55.163000;1;103538;1;1;56800.0000;1;22259.0000;None;240400.0000
20177;2023-01-08 15:22:12.377000;1;103552;1;1;38800.0000;1;25722.0000;None;277800.0000
716;2023-01-08 12:57:11.940000;1;103552;1;1;38800.0000;1;15500.0000;None;167400.0000
742;2023-01-08 17:25:11.423000;1;103559;1;1;43800.0000;1;42871.0000;None;463000.0000
20174;2023-01-08 15:00:16.847000;1;103562;1;1;46800.0000;1;50056.0000;None;540600.0000
747;2023-01-08 19:45:06.590000;1;103562;1;1;46800.0000;1;48241.0000;None;521000.0000
20176;2023-01-08 15:13:07.870000;1;103564;1;1;67800.0000;1;40741.0000;None;440000.0000
20177;2023-01-08 15:22:12.377000;1;103567;1;1;31800.0000;1;25722.0000;None;277800.0000
20172;2023-01-08 14:52:44.290000;1;103600;1;1;69800.0000;1;64537.0000;None;697000.0000
746;2023-01-08 19:12:51.397000;1;103600;1;1;69800.0000;1;19593.0000;None;211600.0000
723;2023-01-08 13:17:19.687000;1;103600;1;1;69800.0000;1;28500.0000;None;307800.0000
753;2023-01-08 20:39:47.250000;1;103702;1;1;37800.0000;1;None;None;196600.0000
722;2023-01-08 13:00:55.163000;1;103703;1;1;44800.0000;1;22259.0000;None;240400.0000
730;2023-01-08 13:45:41.467000;1;103750;1;1;37800.0000;1;16796.0000;None;181400.0000
12724;2023-01-08 18:46:51.600000;1;103750;1;-1;-37800.0000;1;-3500.0000;None;-37800.0000
20174;2023-01-08 15:00:16.847000;1;103750;1;1;37800.0000;1;50056.0000;None;540600.0000
20178;2023-01-08 16:22:13.930000;1;103750;1;1;37800.0000;1;3500.0000;None;37800.0000
730;2023-01-08 13:45:41.467000;1;103771;1;1;24800.0000;1;16796.0000;None;181400.0000
30108;2023-01-08 20:38:02.640000;1;103777;1;1;49800.0000;1;26204.0000;None;283000.0000
20172;2023-01-08 14:42:59.457000;1;103782;1;1;25800.0000;1;64537.0000;None;697000.0000
20172;2023-01-08 14:52:44.290000;1;103782;1;1;25800.0000;1;64537.0000;None;697000.0000
745;2023-01-08 18:45:45.770000;1;103784;1;1;29800.0000;1;28408.0000;None;306800.0000
30108;2023-01-08 20:43:03.057000;1;103785;1;1;28800.0000;1;26204.0000;None;283000.0000
735;2023-01-08 14:28:58.390000;1;103785;1;1;28800.0000;1;17741.0000;None;191600.0000
735;2023-01-08 14:28:58.390000;1;103785;1;1;28800.0000;1;17741.0000;None;191600.0000
723;2023-01-08 13:17:19.687000;1;103785;1;1;28800.0000;1;28500.0000;None;307800.0000
726;2023-01-08 13:27:42.830000;1;103786;1;1;37800.0000;1;28000.0000;None;302400.0000
20175;2023-01-08 14:38:19.407000;1;103786;1;1;37800.0000;1;6074.0000;None;65600.0000
740;2023-01-08 15:43:51.717000;1;103788;1;1;36800.0000;1;16907.0000;None;182600.0000
753;2023-01-08 20:39:47.250000;1;103788;1;1;36800.0000;1;None;None;196600.0000
30107;2023-01-08 17:28:12.303000;1;103788;1;1;36800.0000;1;28713.0000;None;310100.0000
733;2023-01-08 14:32:54.693000;1;103788;1;1;36800.0000;1;34074.0000;None;368000.0000
733;2023-01-08 14:32:54.693000;1;103788;1;1;36800.0000;1;34074.0000;None;368000.0000
732;2023-01-08 14:20:57.433000;1;103789;1;1;33800.0000;1;17445.0000;None;188400.0000
740;2023-01-08 15:43:51.717000;1;103789;1;1;33800.0000;1;16907.0000;None;182600.0000
20171;2023-01-08 13:55:18.920000;1;103791;1;1;37800.0000;1;16407.0000;None;177200.0000
716;2023-01-08 12:57:11.940000;1;103791;1;1;37800.0000;1;15500.0000;None;167400.0000
725;2023-01-08 13:03:03.453000;1;103791;1;1;37800.0000;1;None;None;187000.0000
734;2023-01-08 14:18:51.733000;1;103846;1;1;41800.0000;1;26778.0000;None;289200.0000
742;2023-01-08 17:08:11.800000;1;103898;1;1;26800.0000;1;42871.0000;None;463000.0000
20176;2023-01-08 15:13:07.870000;1;103898;1;1;26800.0000;1;40741.0000;None;440000.0000
20176;2023-01-08 15:02:28.263000;1;103898;1;1;26800.0000;1;40741.0000;None;440000.0000
717;2023-01-08 12:27:45.477000;1;103898;1;1;26800.0000;1;20593.0000;None;222400.0000
721;2023-01-08 13:48:16.843000;1;103899;1;1;16800.0000;1;24000.0000;None;259200.0000
716;2023-01-08 13:23:24.127000;1;103961;1;1;16800.0000;1;15500.0000;None;167400.0000
742;2023-01-08 17:01:38.913000;2;103978;1;1;26800.0000;1;42871.0000;None;463000.0000
726;2023-01-08 13:27:42.830000;1;104009;1;1;26800.0000;1;28000.0000;None;302400.0000
20171;2023-01-08 13:55:18.920000;1;104009;1;1;26800.0000;1;16407.0000;None;177200.0000
735;2023-01-08 14:28:58.390000;1;104009;1;1;26800.0000;1;17741.0000;None;191600.0000
742;2023-01-08 17:25:11.423000;1;104208;1;1;4800.0000;1;42871.0000;None;463000.0000
12722;2023-01-08 17:03:40.617000;1;104208;1;1;4800.0000;1;None;None;4800.0000
742;2023-01-08 17:01:38.913000;2;104219;1;1;11800.0000;1;42871.0000;None;463000.0000
742;2023-01-08 17:47:41.077000;3;104446;1;1;5800.0000;1;42871.0000;None;463000.0000
740;2023-01-08 15:39:38.027000;3;104446;1;1;5800.0000;1;16907.0000;None;182600.0000
716;2023-01-08 12:15:42.930000;3;104446;1;1;5800.0000;1;15500.0000;None;167400.0000
734;2023-01-08 15:12:09.750000;3;104554;1;1;4800.0000;1;26778.0000;None;289200.0000
733;2023-01-08 15:16:29.543000;3;104554;1;1;4800.0000;1;34074.0000;None;368000.0000
20174;2023-01-08 15:52:26.873000;3;104554;1;1;4800.0000;1;50056.0000;None;540600.0000
30107;2023-01-08 18:09:44.317000;3;104554;1;1;4800.0000;1;28713.0000;None;310100.0000
721;2023-01-08 13:08:07.393000;1;104693;1;1;37800.0000;1;24000.0000;None;259200.0000
747;2023-01-08 19:32:43.670000;1;104693;1;1;37800.0000;1;48241.0000;None;521000.0000
723;2023-01-08 13:17:19.687000;1;104730;1;1;18800.0000;1;28500.0000;None;307800.0000
733;2023-01-08 14:32:54.693000;1;104742;1;1;22800.0000;1;34074.0000;None;368000.0000
745;2023-01-08 18:45:45.770000;1;104742;1;1;22800.0000;1;28408.0000;None;306800.0000
745;2023-01-08 18:45:45.770000;1;104742;1;1;22800.0000;1;28408.0000;None;306800.0000
20172;2023-01-08 14:33:48.060000;1;104837;1;1;0.0000;1;64537.0000;None;697000.0000
728;2023-01-08 13:36:56.347000;1;104837;1;1;0.0000;1;5148.0000;None;55600.0000
722;2023-01-08 13:00:55.163000;1;104837;1;1;0.0000;1;22259.0000;None;240400.0000
722;2023-01-08 13:00:55.163000;1;104837;1;1;0.0000;1;22259.0000;None;240400.0000
746;2023-01-08 19:12:51.397000;1;104837;1;1;0.0000;1;19593.0000;None;211600.0000
755;2023-01-08 20:41:01.923000;1;104837;1;1;0.0000;1;14185.0000;None;153200.0000
736;2023-01-08 14:22:40.277000;1;104837;1;1;0.0000;1;11463.0000;None;123800.0000
20169;2023-01-08 13:33:40.990000;1;104893;1;1;119800.0000;1;49019.0000;None;529400.0000
742;2023-01-08 17:25:11.423000;1;105018;1;1;39800.0000;1;42871.0000;None;463000.0000
20174;2023-01-08 14:35:29.150000;6;105419;1;1;0.0000;1;50056.0000;None;540600.0000
716;2023-01-08 13:23:24.127000;1;105421;1;1;16800.0000;1;15500.0000;None;167400.0000
12719;2023-01-08 12:03:47.307000;1;105603;1;1;4400.0000;1;None;None;132100.0000
734;2023-01-08 14:18:51.733000;1;105621;1;1;18800.0000;1;26778.0000;None;289200.0000
20172;2023-01-08 14:52:44.290000;1;105621;1;1;18800.0000;1;64537.0000;None;697000.0000
727;2023-01-08 13:30:17.873000;1;105622;1;1;16800.0000;1;26222.0000;None;283200.0000
724;2023-01-08 12:52:57.290000;3;105735;1;1;0.0000;1;22259.0000;None;240400.0000
749;2023-01-08 19:37:22.800000;2;105918;1;1;27800.0000;1;14037.0000;None;151600.0000
749;2023-01-08 19:37:22.800000;2;105918;1;1;27800.0000;1;14037.0000;None;151600.0000
723;2023-01-08 13:41:18.067000;2;105918;1;1;27800.0000;1;28500.0000;None;307800.0000
723;2023-01-08 12:58:33.737000;2;105918;1;1;27800.0000;1;28500.0000;None;307800.0000
723;2023-01-08 12:58:33.737000;2;105918;1;1;27800.0000;1;28500.0000;None;307800.0000
752;2023-01-08 20:07:52.613000;2;106012;1;1;41800.0000;1;18778.0000;None;202800.0000
753;2023-01-08 20:25:28.640000;6;106272;1;4;0.0000;1;None;None;196600.0000
755;2023-01-08 20:34:44.257000;6;106272;1;9;None;1;14185.0000;None;153200.0000
756;2023-01-08 21:20:17.043000;6;106272;1;4;0.0000;1;8426.0000;None;91000.0000
754;2023-01-08 20:34:54.257000;6;106272;1;9;0.0000;1;4296.0000;None;46400.0000
30108;2023-01-08 20:30:44.550000;6;106272;1;3;0.0000;1;26204.0000;None;283000.0000
726;2023-01-08 13:25:49.777000;6;106272;1;5;0.0000;1;28000.0000;None;302400.0000
20172;2023-01-08 14:02:11.237000;1;106294;1;1;39800.0000;1;64537.0000;None;697000.0000
20172;2023-01-08 14:52:44.290000;1;106352;1;1;69800.0000;1;64537.0000;None;697000.0000
20172;2023-01-08 14:52:44.290000;1;106352;1;1;69800.0000;1;64537.0000;None;697000.0000
746;2023-01-08 19:12:51.397000;1;106352;1;1;69800.0000;1;19593.0000;None;211600.0000
20177;2023-01-08 15:17:03.463000;1;106352;1;1;69800.0000;1;25722.0000;None;277800.0000
752;2023-01-08 20:09:38.687000;1;106353;1;1;69800.0000;1;18778.0000;None;202800.0000
726;2023-01-08 13:27:42.830000;1;106353;1;1;69800.0000;1;28000.0000;None;302400.0000
727;2023-01-08 13:44:14.547000;6;106511;1;1;0.0000;1;26222.0000;None;283200.0000
748;2023-01-08 19:28:55.487000;1;106578;1;1;37800.0000;1;15685.0000;None;169400.0000
746;2023-01-08 19:00:08.663000;1;106578;1;1;37800.0000;1;19593.0000;None;211600.0000
30107;2023-01-08 17:11:01.120000;1;106578;1;1;37800.0000;1;28713.0000;None;310100.0000
731;2023-01-08 13:58:34.407000;1;106578;1;1;37800.0000;1;12185.0000;None;131600.0000
20174;2023-01-08 14:39:23.873000;1;106579;1;1;39800.0000;1;50056.0000;None;540600.0000
20175;2023-01-08 14:38:19.407000;2;106934;1;1;27800.0000;1;6074.0000;None;65600.0000
20176;2023-01-08 15:06:17.930000;2;106934;1;1;27800.0000;1;40741.0000;None;440000.0000
750;2023-01-08 19:38:47.527000;2;106934;1;1;27800.0000;1;10722.0000;None;115800.0000
717;2023-01-08 12:27:45.477000;1;107002;1;1;69800.0000;1;20593.0000;None;222400.0000
725;2023-01-08 13:21:03.080000;1;107149;1;1;53800.0000;1;None;None;187000.0000
744;2023-01-08 17:59:27.317000;2;107760;1;1;68800.0000;1;13556.0000;None;146400.0000
724;2023-01-08 12:52:57.290000;2;108116;1;1;39800.0000;1;22259.0000;None;240400.0000
20174;2023-01-08 14:35:29.150000;2;108116;1;1;39800.0000;1;50056.0000;None;540600.0000
20174;2023-01-08 14:35:29.150000;2;108116;1;1;39800.0000;1;50056.0000;None;540600.0000
717;2023-01-08 12:27:02.273000;2;108132;1;1;23800.0000;1;20593.0000;None;222400.0000
717;2023-01-08 12:27:02.273000;2;108132;1;1;23800.0000;1;20593.0000;None;222400.0000
20176;2023-01-08 15:13:07.870000;1;108207;1;1;37800.0000;1;40741.0000;None;440000.0000
30108;2023-01-08 20:38:02.640000;1;108207;1;1;37800.0000;1;26204.0000;None;283000.0000
739;2023-01-08 15:23:51.340000;1;108236;1;1;0.0000;1;20630.0000;None;222800.0000
717;2023-01-08 12:27:45.477000;1;108236;1;1;None;1;20593.0000;None;222400.0000
723;2023-01-08 13:17:19.687000;1;108236;1;1;0.0000;1;28500.0000;None;307800.0000
719;2023-01-08 12:44:24.107000;1;108266;1;1;52800.0000;1;22500.0000;None;243000.0000
742;2023-01-08 17:25:11.423000;1;108266;1;1;52800.0000;1;42871.0000;None;463000.0000
752;2023-01-08 20:09:38.687000;1;108266;1;1;52800.0000;1;18778.0000;None;202800.0000
747;2023-01-08 19:45:06.590000;1;108266;1;1;52800.0000;1;48241.0000;None;521000.0000
742;2023-01-08 17:25:11.423000;1;108267;1;1;38800.0000;1;42871.0000;None;463000.0000
733;2023-01-08 14:32:54.693000;1;108267;1;1;38800.0000;1;34074.0000;None;368000.0000
20174;2023-01-08 15:52:26.873000;1;108280;1;1;16800.0000;1;50056.0000;None;540600.0000
30107;2023-01-08 18:09:44.317000;1;108280;1;1;16800.0000;1;28713.0000;None;310100.0000
732;2023-01-08 14:20:57.433000;1;108452;1;1;23800.0000;1;17445.0000;None;188400.0000
744;2023-01-08 18:00:25.253000;1;108454;1;1;27800.0000;1;13556.0000;None;146400.0000
20174;2023-01-08 15:00:16.847000;1;108454;1;1;27800.0000;1;50056.0000;None;540600.0000
738;2023-01-08 15:19:20.087000;1;108526;1;1;29800.0000;1;None;None;238000.0000
734;2023-01-08 14:18:51.733000;1;108526;1;1;29800.0000;1;26778.0000;None;289200.0000
748;2023-01-08 19:14:14.957000;3;108531;1;1;6800.0000;1;15685.0000;None;169400.0000
748;2023-01-08 19:48:08.440000;3;108531;1;1;6800.0000;1;15685.0000;None;169400.0000
754;2023-01-08 20:42:58.363000;3;108532;1;1;6800.0000;1;4296.0000;None;46400.0000
738;2023-01-08 15:19:20.087000;1;108550;1;1;44800.0000;1;None;None;238000.0000
728;2023-01-08 13:37:52.167000;1;108669;1;-1;-79800.0000;1;5148.0000;None;55600.0000
728;2023-01-08 13:36:56.347000;1;108669;1;1;79800.0000;1;5148.0000;None;55600.0000
739;2023-01-08 15:45:30.120000;2;108836;1;1;30800.0000;1;20630.0000;None;222800.0000
740;2023-01-08 15:39:38.027000;2;108836;1;1;30800.0000;1;16907.0000;None;182600.0000
740;2023-01-08 16:17:59.407000;2;108836;1;1;30800.0000;1;16907.0000;None;182600.0000
739;2023-01-08 15:23:20.147000;2;108836;1;1;30800.0000;1;20630.0000;None;222800.0000
739;2023-01-08 15:23:20.147000;2;108836;1;1;30800.0000;1;20630.0000;None;222800.0000
751;2023-01-08 20:08:10.713000;2;108836;1;1;30800.0000;1;9111.0000;None;98400.0000
724;2023-01-08 12:57:32.647000;1;109196;1;1;65800.0000;1;22259.0000;None;240400.0000
733;2023-01-08 14:32:54.693000;1;109199;1;1;31800.0000;1;34074.0000;None;368000.0000
733;2023-01-08 14:32:54.693000;1;109199;1;1;31800.0000;1;34074.0000;None;368000.0000
733;2023-01-08 14:32:54.693000;1;109199;1;1;31800.0000;1;34074.0000;None;368000.0000
756;2023-01-08 21:27:16.073000;1;109199;1;1;31800.0000;1;8426.0000;None;91000.0000
735;2023-01-08 14:28:58.390000;1;109199;1;1;31800.0000;1;17741.0000;None;191600.0000
736;2023-01-08 14:22:40.277000;1;109199;1;1;31800.0000;1;11463.0000;None;123800.0000
740;2023-01-08 15:43:51.717000;1;109203;1;1;38800.0000;1;16907.0000;None;182600.0000
20171;2023-01-08 13:55:18.920000;1;109203;1;1;38800.0000;1;16407.0000;None;177200.0000
726;2023-01-08 13:26:10.857000;1;109216;1;1;15800.0000;1;28000.0000;None;302400.0000
726;2023-01-08 13:26:10.857000;1;109216;1;1;15800.0000;1;28000.0000;None;302400.0000
20174;2023-01-08 14:54:50.203000;1;109216;1;1;15800.0000;1;50056.0000;None;540600.0000
30107;2023-01-08 17:11:01.120000;1;109216;1;1;15800.0000;1;28713.0000;None;310100.0000
30107;2023-01-08 17:27:10.760000;1;109216;1;1;15800.0000;1;28713.0000;None;310100.0000
748;2023-01-08 20:13:07.700000;1;109338;1;1;16800.0000;1;15685.0000;None;169400.0000
727;2023-01-08 14:21:44.367000;1;109338;1;1;16800.0000;1;26222.0000;None;283200.0000
30107;2023-01-08 18:13:32.297000;1;109356;1;-1;-18800.0000;1;28713.0000;None;310100.0000
30107;2023-01-08 18:09:44.317000;1;109356;1;1;18800.0000;1;28713.0000;None;310100.0000
734;2023-01-08 15:12:09.750000;1;109422;1;1;16800.0000;1;26778.0000;None;289200.0000
20177;2023-01-08 15:22:12.377000;1;109567;1;1;64800.0000;1;25722.0000;None;277800.0000
20177;2023-01-08 15:22:12.377000;1;109567;1;1;64800.0000;1;25722.0000;None;277800.0000
732;2023-01-08 14:52:09.923000;2;109583;1;1;29800.0000;1;17445.0000;None;188400.0000
732;2023-01-08 14:52:09.923000;2;109583;1;1;29800.0000;1;17445.0000;None;188400.0000
732;2023-01-08 14:17:15.627000;2;109583;1;1;29800.0000;1;17445.0000;None;188400.0000
732;2023-01-08 14:17:15.627000;2;109583;1;1;29800.0000;1;17445.0000;None;188400.0000
20176;2023-01-08 15:06:17.930000;3;200004;1;1;9800.0000;1;40741.0000;None;440000.0000
20176;2023-01-08 15:06:17.930000;3;200004;1;1;9800.0000;1;40741.0000;None;440000.0000
20174;2023-01-08 15:38:41.273000;3;200004;1;1;9800.0000;1;50056.0000;None;540600.0000
737;2023-01-08 16:08:31.383000;3;200004;1;1;9800.0000;1;15370.0000;None;166000.0000
20174;2023-01-08 14:35:29.150000;3;200004;1;1;9800.0000;1;50056.0000;None;540600.0000
20174;2023-01-08 14:35:29.150000;3;200004;1;1;9800.0000;1;50056.0000;None;540600.0000
735;2023-01-08 14:18:24.607000;3;200004;1;1;9800.0000;1;17741.0000;None;191600.0000
748;2023-01-08 19:10:33.150000;3;200004;1;1;9800.0000;1;15685.0000;None;169400.0000
733;2023-01-08 13:58:12.523000;3;200004;1;1;9800.0000;1;34074.0000;None;368000.0000
733;2023-01-08 14:03:37.353000;3;200004;1;1;9800.0000;1;34074.0000;None;368000.0000
733;2023-01-08 14:03:37.353000;3;200004;1;1;9800.0000;1;34074.0000;None;368000.0000
727;2023-01-08 13:29:42.880000;3;200004;1;3;29400.0000;1;26222.0000;None;283200.0000
20171;2023-01-08 13:54:37.793000;3;200004;1;1;9800.0000;1;16407.0000;None;177200.0000
20171;2023-01-08 13:54:37.793000;3;200004;1;1;9800.0000;1;16407.0000;None;177200.0000
719;2023-01-08 12:45:36.337000;3;200004;1;1;9800.0000;1;22500.0000;None;243000.0000
719;2023-01-08 12:42:44.477000;3;200004;1;1;9800.0000;1;22500.0000;None;243000.0000
724;2023-01-08 14:01:56.263000;3;200004;1;-1;-9800.0000;1;22259.0000;None;240400.0000
724;2023-01-08 13:24:22.947000;3;200004;1;1;9800.0000;1;22259.0000;None;240400.0000
724;2023-01-08 13:20:04.913000;3;200004;1;1;9800.0000;1;22259.0000;None;240400.0000
724;2023-01-08 12:52:57.290000;3;200004;1;1;9800.0000;1;22259.0000;None;240400.0000
722;2023-01-08 13:00:00.457000;3;200004;1;4;39200.0000;1;22259.0000;None;240400.0000
20172;2023-01-08 14:00:54.020000;3;200008;1;1;13800.0000;1;64537.0000;None;697000.0000
20172;2023-01-08 14:33:48.060000;3;200008;1;1;13800.0000;1;64537.0000;None;697000.0000
30107;2023-01-08 17:12:26.730000;3;200009;1;-1;-9800.0000;1;28713.0000;None;310100.0000
30107;2023-01-08 17:08:08.833000;3;200009;1;1;9800.0000;1;28713.0000;None;310100.0000
30107;2023-01-08 17:12:26.730000;3;200009;1;-1;-9800.0000;1;28713.0000;None;310100.0000
30107;2023-01-08 17:08:08.833000;3;200009;1;1;9800.0000;1;28713.0000;None;310100.0000
747;2023-01-08 19:04:21.810000;2;200040;1;1;181800.0000;1;48241.0000;None;521000.0000
20174;2023-01-08 15:17:26.847000;2;200140;1;1;70800.0000;1;50056.0000;None;540600.0000
20172;2023-01-08 14:29:18.023000;3;201146;1;1;5800.0000;1;64537.0000;None;697000.0000
733;2023-01-08 14:20:25.867000;3;201146;1;1;5800.0000;1;34074.0000;None;368000.0000
732;2023-01-08 13:57:20.600000;3;201146;1;1;5800.0000;1;17445.0000;None;188400.0000
732;2023-01-08 13:57:20.600000;3;201146;1;1;5800.0000;1;17445.0000;None;188400.0000
734;2023-01-08 14:02:52.300000;3;201146;1;1;5800.0000;1;26778.0000;None;289200.0000
734;2023-01-08 14:02:52.300000;3;201146;1;1;5800.0000;1;26778.0000;None;289200.0000
20171;2023-01-08 13:54:37.793000;3;201146;1;1;5800.0000;1;16407.0000;None;177200.0000
728;2023-01-08 13:36:09.410000;3;201146;1;1;5800.0000;1;5148.0000;None;55600.0000
20168;2023-01-08 13:28:37.810000;3;201146;1;1;5800.0000;1;17796.0000;None;192200.0000
717;2023-01-08 13:19:55.243000;3;201146;1;1;5800.0000;1;20593.0000;None;222400.0000
721;2023-01-08 13:24:51.193000;3;201146;1;1;5800.0000;1;24000.0000;None;259200.0000
726;2023-01-08 13:12:47.187000;3;201146;1;1;5800.0000;1;28000.0000;None;302400.0000
726;2023-01-08 13:12:47.187000;3;201146;1;1;5800.0000;1;28000.0000;None;302400.0000
738;2023-01-08 15:16:54.767000;3;201146;1;1;5800.0000;1;None;None;238000.0000
736;2023-01-08 14:22:02.293000;3;201146;1;1;5800.0000;1;11463.0000;None;123800.0000
20176;2023-01-08 15:06:17.930000;3;201146;1;1;5800.0000;1;40741.0000;None;440000.0000
20176;2023-01-08 15:55:57.960000;3;201146;1;1;5800.0000;1;40741.0000;None;440000.0000
20176;2023-01-08 15:47:04.050000;3;201146;1;1;5800.0000;1;40741.0000;None;440000.0000
740;2023-01-08 15:39:38.027000;3;201146;1;1;5800.0000;1;16907.0000;None;182600.0000
747;2023-01-08 19:07:46.083000;3;201146;1;1;5800.0000;1;48241.0000;None;521000.0000
755;2023-01-08 20:41:01.923000;3;201146;1;1;5800.0000;1;14185.0000;None;153200.0000
754;2023-01-08 20:42:58.363000;2;201187;1;1;9800.0000;1;4296.0000;None;46400.0000
735;2023-01-08 14:18:24.607000;2;201187;1;1;9800.0000;1;17741.0000;None;191600.0000
735;2023-01-08 14:42:52.357000;2;201187;1;1;9800.0000;1;17741.0000;None;191600.0000
721;2023-01-08 13:11:04.400000;2;201187;1;1;9800.0000;1;24000.0000;None;259200.0000
721;2023-01-08 12:49:50.047000;2;201187;1;1;9800.0000;1;24000.0000;None;259200.0000
733;2023-01-08 14:20:25.867000;3;201206;1;1;5800.0000;1;34074.0000;None;368000.0000
20174;2023-01-08 14:35:29.150000;3;201206;1;1;5800.0000;1;50056.0000;None;540600.0000
738;2023-01-08 15:16:54.767000;3;201206;1;1;5800.0000;1;None;None;238000.0000
20174;2023-01-08 15:40:49.947000;3;201206;1;1;5800.0000;1;50056.0000;None;540600.0000
747;2023-01-08 19:43:52.047000;3;201206;1;1;5800.0000;1;48241.0000;None;521000.0000
755;2023-01-08 20:41:01.923000;3;201211;1;1;5800.0000;1;14185.0000;None;153200.0000
756;2023-01-08 21:21:34.990000;3;201211;1;1;5800.0000;1;8426.0000;None;91000.0000
756;2023-01-08 21:21:34.990000;3;201211;1;1;5800.0000;1;8426.0000;None;91000.0000
20174;2023-01-08 14:35:29.150000;3;201211;1;1;5800.0000;1;50056.0000;None;540600.0000
735;2023-01-08 14:42:52.357000;3;201211;1;1;5800.0000;1;17741.0000;None;191600.0000
735;2023-01-08 14:06:16.337000;3;201211;1;1;5800.0000;1;17741.0000;None;191600.0000
733;2023-01-08 14:20:25.867000;3;201211;1;1;5800.0000;1;34074.0000;None;368000.0000
733;2023-01-08 13:58:12.523000;3;201211;1;1;5800.0000;1;34074.0000;None;368000.0000
20172;2023-01-08 14:37:08.523000;3;201211;1;1;5800.0000;1;64537.0000;None;697000.0000
20170;2023-01-08 13:43:54.863000;3;201211;1;1;5800.0000;1;11741.0000;None;126800.0000
20170;2023-01-08 14:07:16.323000;3;201237;1;1;5800.0000;1;11741.0000;None;126800.0000
734;2023-01-08 14:02:52.300000;3;201237;1;1;5800.0000;1;26778.0000;None;289200.0000
738;2023-01-08 15:16:54.767000;3;201237;1;3;17400.0000;1;None;None;238000.0000
745;2023-01-08 19:12:27.460000;3;201237;1;1;5800.0000;1;28408.0000;None;306800.0000
745;2023-01-08 18:28:43.440000;3;201237;1;1;5800.0000;1;28408.0000;None;306800.0000
30107;2023-01-08 18:09:44.317000;3;201269;1;1;5800.0000;1;28713.0000;None;310100.0000
20176;2023-01-08 15:55:57.960000;3;201269;1;1;5800.0000;1;40741.0000;None;440000.0000
20176;2023-01-08 15:55:57.960000;3;201269;1;1;5800.0000;1;40741.0000;None;440000.0000
20176;2023-01-08 15:06:17.930000;3;201269;1;1;5800.0000;1;40741.0000;None;440000.0000
726;2023-01-08 13:12:47.187000;3;201269;1;1;5800.0000;1;28000.0000;None;302400.0000
737;2023-01-08 15:34:32.427000;2;201615;1;1;13800.0000;1;15370.0000;None;166000.0000
737;2023-01-08 14:48:08.270000;2;201615;1;1;13800.0000;1;15370.0000;None;166000.0000
737;2023-01-08 14:48:08.270000;2;201615;1;1;13800.0000;1;15370.0000;None;166000.0000
735;2023-01-08 14:52:18.827000;2;201615;1;1;13800.0000;1;17741.0000;None;191600.0000
735;2023-01-08 14:18:24.607000;2;201615;1;1;13800.0000;1;17741.0000;None;191600.0000
745;2023-01-08 18:28:43.440000;2;201615;1;1;13800.0000;1;28408.0000;None;306800.0000
752;2023-01-08 20:07:52.613000;2;201615;1;1;13800.0000;1;18778.0000;None;202800.0000
716;2023-01-08 12:15:42.930000;2;201615;1;1;13800.0000;1;15500.0000;None;167400.0000
730;2023-01-08 13:34:02.557000;3;201704;1;1;13800.0000;1;16796.0000;None;181400.0000
20169;2023-01-08 13:29:55.993000;3;201704;1;1;13800.0000;1;49019.0000;None;529400.0000
30107;2023-01-08 17:12:53.747000;3;202133;1;1;9800.0000;1;28713.0000;None;310100.0000
723;2023-01-08 12:58:33.737000;3;202134;1;1;9800.0000;1;28500.0000;None;307800.0000
30108;2023-01-08 20:38:52.177000;2;202365;1;1;151800.0000;1;26204.0000;None;283000.0000
20169;2023-01-08 13:26:10.393000;2;202637;1;1;196800.0000;1;49019.0000;None;529400.0000
