780;2023-01-09 18:01:23.857000;7;1001;1;1;0.0000;1;15315.0000;None;165400.0000
763;2023-01-09 13:27:47.817000;7;1001;1;1;0.0000;1;9241.0000;None;99800.0000
760;2023-01-09 13:04:24.550000;7;1002;1;1;0.0000;1;25519.0000;None;275600.0000
772;2023-01-09 15:06:20.170000;7;1002;1;1;0.0000;1;35833.0000;None;387000.0000
767;2023-01-09 13:57:25.467000;7;1002;1;1;0.0000;1;14889.0000;None;160800.0000
797;2023-01-09 20:58:07.693000;7;1002;1;1;0.0000;1;24759.0000;None;267400.0000
20188;2023-01-09 16:48:21.540000;7;1004;1;1;0.0000;1;18204.0000;None;196600.0000
771;2023-01-09 15:10:41.837000;7;1006;1;1;0.0000;1;30278.0000;None;327000.0000
760;2023-01-09 13:04:24.550000;7;1006;1;1;0.0000;1;25519.0000;None;275600.0000
793;2023-01-09 20:10:41.923000;7;1006;1;1;0.0000;1;16796.0000;None;181400.0000
784;2023-01-09 18:31:53.540000;7;1006;1;1;0.0000;1;22102.0000;None;238700.0000
787;2023-01-09 19:04:54.477000;7;1006;1;1;0.0000;1;12222.0000;None;132000.0000
789;2023-01-09 19:27:34.477000;7;1006;1;1;None;1;21056.0000;None;227400.0000
789;2023-01-09 19:29:21.090000;7;1006;1;1;0.0000;1;21056.0000;None;227400.0000
789;2023-01-09 19:29:49.967000;7;1006;1;-1;0.0000;1;21056.0000;None;227400.0000
770;2023-01-09 14:22:57.683000;7;1007;1;1;0.0000;1;12815.0000;None;138400.0000
771;2023-01-09 14:22:33.380000;7;1009;1;1;0.0000;1;30278.0000;None;327000.0000
764;2023-01-09 14:01:42.387000;7;1021;1;1;0.0000;1;22426.0000;None;242200.0000
759;2023-01-09 14:26:49.927000;7;1037;1;1;0.0000;1;74667.0000;None;806400.0000
762;2023-01-09 13:05:06.620000;7;1045;1;1;0.0000;1;8556.0000;None;92400.0000
766;2023-01-09 14:03:06.160000;7;1045;1;1;0.0000;1;50500.0000;None;545400.0000
766;2023-01-09 14:04:38.453000;7;1045;1;1;0.0000;1;50500.0000;None;545400.0000
12727;2023-01-09 12:30:15.987000;7;1045;1;1;0.0000;1;16889.0000;None;182400.0000
12727;2023-01-09 12:32:07.033000;7;1045;1;1;0.0000;1;16889.0000;None;182400.0000
772;2023-01-09 15:07:37.997000;7;1045;1;1;0.0000;1;35833.0000;None;387000.0000
789;2023-01-09 19:29:21.090000;7;1045;1;1;0.0000;1;21056.0000;None;227400.0000
789;2023-01-09 19:29:49.967000;7;1045;1;-1;0.0000;1;21056.0000;None;227400.0000
790;2023-01-09 19:36:33.493000;7;1045;1;1;0.0000;1;6296.0000;None;68000.0000
789;2023-01-09 19:27:34.477000;7;1045;1;1;None;1;21056.0000;None;227400.0000
785;2023-01-09 18:42:31.243000;7;1045;1;1;0.0000;1;13778.0000;None;148800.0000
784;2023-01-09 18:31:53.540000;7;1045;1;1;0.0000;1;22102.0000;None;238700.0000
780;2023-01-09 18:01:23.857000;7;1045;1;1;0.0000;1;15315.0000;None;165400.0000
793;2023-01-09 20:10:41.923000;7;1045;1;1;0.0000;1;16796.0000;None;181400.0000
759;2023-01-09 13:24:45.787000;7;1079;1;1;0.0000;1;74667.0000;None;806400.0000
759;2023-01-09 13:24:45.787000;7;1083;1;1;0.0000;1;74667.0000;None;806400.0000
771;2023-01-09 14:22:33.380000;7;1109;1;1;0.0000;1;30278.0000;None;327000.0000
763;2023-01-09 13:55:31.587000;7;1131;1;1;0.0000;1;9241.0000;None;99800.0000
759;2023-01-09 14:26:49.927000;7;1134;1;1;0.0000;1;74667.0000;None;806400.0000
758;2023-01-09 12:36:08.143000;7;1135;1;1;0.0000;1;18333.0000;None;198000.0000
20181;2023-01-09 13:16:35.973000;7;1135;1;1;0.0000;1;17667.0000;None;190800.0000
12727;2023-01-09 12:30:15.987000;7;1135;1;1;0.0000;1;16889.0000;None;182400.0000
12727;2023-01-09 12:30:15.987000;7;1135;1;1;0.0000;1;16889.0000;None;182400.0000
764;2023-01-09 14:01:42.387000;7;1135;1;1;0.0000;1;22426.0000;None;242200.0000
763;2023-01-09 13:55:31.587000;7;1135;1;1;0.0000;1;9241.0000;None;99800.0000
764;2023-01-09 14:01:42.387000;7;1135;1;1;0.0000;1;22426.0000;None;242200.0000
771;2023-01-09 14:22:33.380000;7;1135;1;1;0.0000;1;30278.0000;None;327000.0000
20183;2023-01-09 14:54:14.150000;7;1135;1;1;0.0000;1;27759.0000;None;299800.0000
30114;2023-01-09 15:22:59.857000;7;1135;1;1;0.0000;1;4019.0000;None;43400.0000
780;2023-01-09 18:01:23.857000;7;1135;1;1;0.0000;1;15315.0000;None;165400.0000
779;2023-01-09 17:42:48.990000;7;1135;1;1;0.0000;1;8241.0000;None;89000.0000
758;2023-01-09 13:07:13.217000;7;1157;1;1;0.0000;1;18333.0000;None;198000.0000
766;2023-01-09 14:17:56.523000;7;1207;1;1;0.0000;1;50500.0000;None;545400.0000
766;2023-01-09 14:02:39.627000;7;1207;1;1;None;1;50500.0000;None;545400.0000
12727;2023-01-09 12:26:51.380000;7;1207;1;1;0.0000;1;16889.0000;None;182400.0000
12727;2023-01-09 12:24:12.560000;7;1207;1;1;0.0000;1;16889.0000;None;182400.0000
772;2023-01-09 15:06:20.170000;7;1207;1;1;0.0000;1;35833.0000;None;387000.0000
775;2023-01-09 17:32:32.063000;7;1207;1;1;0.0000;1;9241.0000;None;99800.0000
777;2023-01-09 17:16:01.597000;7;1207;1;1;0.0000;1;23148.0000;None;250000.0000
793;2023-01-09 20:40:39.117000;7;1216;1;1;0.0000;1;16796.0000;None;181400.0000
777;2023-01-09 18:13:13.147000;7;1216;1;1;0.0000;1;23148.0000;None;250000.0000
20183;2023-01-09 14:54:14.150000;7;1216;1;1;0.0000;1;27759.0000;None;299800.0000
769;2023-01-09 14:47:31.827000;7;1216;1;1;0.0000;1;17852.0000;None;192800.0000
759;2023-01-09 14:36:52.380000;7;1216;1;1;0.0000;1;74667.0000;None;806400.0000
759;2023-01-09 14:26:49.927000;7;1216;1;1;0.0000;1;74667.0000;None;806400.0000
762;2023-01-09 13:14:19.310000;7;1220;1;1;0.0000;1;8556.0000;None;92400.0000
12727;2023-01-09 12:46:04.867000;7;1220;1;1;0.0000;1;16889.0000;None;182400.0000
763;2023-01-09 13:39:50.160000;7;1220;1;1;0.0000;1;9241.0000;None;99800.0000
763;2023-01-09 13:39:50.160000;7;1220;1;1;0.0000;1;9241.0000;None;99800.0000
766;2023-01-09 14:18:09.520000;7;1220;1;1;0.0000;1;50500.0000;None;545400.0000
766;2023-01-09 14:18:09.520000;7;1220;1;1;0.0000;1;50500.0000;None;545400.0000
766;2023-01-09 14:54:14.093000;7;1220;1;1;0.0000;1;50500.0000;None;545400.0000
772;2023-01-09 15:20:27.450000;7;1220;1;1;0.0000;1;35833.0000;None;387000.0000
772;2023-01-09 15:20:27.450000;7;1220;1;1;0.0000;1;35833.0000;None;387000.0000
780;2023-01-09 18:07:58.820000;7;1220;1;1;0.0000;1;15315.0000;None;165400.0000
785;2023-01-09 18:56:14.657000;7;1220;1;1;0.0000;1;13778.0000;None;148800.0000
785;2023-01-09 18:56:14.657000;7;1220;1;1;0.0000;1;13778.0000;None;148800.0000
784;2023-01-09 18:35:55.917000;7;1220;1;1;0.0000;1;22102.0000;None;238700.0000
784;2023-01-09 18:35:55.917000;7;1220;1;1;0.0000;1;22102.0000;None;238700.0000
789;2023-01-09 19:40:18.730000;7;1220;1;1;0.0000;1;21056.0000;None;227400.0000
789;2023-01-09 19:40:18.730000;7;1220;1;1;0.0000;1;21056.0000;None;227400.0000
793;2023-01-09 20:28:47.950000;7;1220;1;1;0.0000;1;16796.0000;None;181400.0000
793;2023-01-09 20:28:47.950000;7;1220;1;1;0.0000;1;16796.0000;None;181400.0000
780;2023-01-09 18:01:23.857000;7;1302;1;1;0.0000;1;15315.0000;None;165400.0000
12727;2023-01-09 12:30:15.987000;7;1302;1;1;0.0000;1;16889.0000;None;182400.0000
758;2023-01-09 13:23:39.110000;7;1303;1;1;0.0000;1;18333.0000;None;198000.0000
762;2023-01-09 13:35:35.530000;7;1303;1;1;0.0000;1;8556.0000;None;92400.0000
761;2023-01-09 13:27:19.333000;7;1303;1;1;0.0000;1;16463.0000;None;177800.0000
759;2023-01-09 14:53:00.687000;7;1303;1;1;0.0000;1;74667.0000;None;806400.0000
12727;2023-01-09 13:15:33.550000;7;1303;1;1;0.0000;1;16889.0000;None;182400.0000
20181;2023-01-09 13:56:27.940000;7;1303;1;1;0.0000;1;17667.0000;None;190800.0000
766;2023-01-09 14:54:26.150000;7;1303;1;1;0.0000;1;50500.0000;None;545400.0000
766;2023-01-09 14:54:26.150000;7;1303;1;1;0.0000;1;50500.0000;None;545400.0000
30110;2023-01-09 14:37:50.460000;7;1303;1;1;0.0000;1;10944.0000;None;118200.0000
763;2023-01-09 14:05:58.377000;7;1303;1;1;0.0000;1;9241.0000;None;99800.0000
20185;2023-01-09 15:11:56.617000;7;1303;1;1;0.0000;1;19982.0000;None;215800.0000
30112;2023-01-09 15:24:49.237000;7;1303;1;1;0.0000;1;5870.0000;None;63400.0000
20186;2023-01-09 15:05:22.983000;7;1303;1;1;0.0000;1;5222.0000;None;56400.0000
30114;2023-01-09 16:04:25.240000;7;1303;1;1;0.0000;1;4019.0000;None;43400.0000
772;2023-01-09 16:12:02.547000;7;1303;1;1;0.0000;1;35833.0000;None;387000.0000
30113;2023-01-09 16:38:45.580000;7;1303;1;1;0.0000;1;17926.0000;None;193600.0000
775;2023-01-09 18:07:52.817000;7;1303;1;1;0.0000;1;9241.0000;None;99800.0000
30116;2023-01-09 16:44:50.887000;7;1303;1;1;0.0000;1;11389.0000;None;123000.0000
30115;2023-01-09 16:15:11.703000;7;1303;1;1;0.0000;1;11389.0000;None;123000.0000
20183;2023-01-09 15:28:00.827000;7;1303;1;1;0.0000;1;27759.0000;None;299800.0000
767;2023-01-09 15:04:56.937000;7;1303;1;1;None;1;14889.0000;None;160800.0000
768;2023-01-09 15:06:46.950000;7;1303;1;1;0.0000;1;9963.0000;None;107600.0000
769;2023-01-09 15:04:49.557000;7;1303;1;1;0.0000;1;17852.0000;None;192800.0000
30111;2023-01-09 15:01:09.420000;7;1303;1;1;0.0000;1;9796.0000;None;105800.0000
20184;2023-01-09 15:00:12.233000;7;1303;1;1;0.0000;1;8407.0000;None;90800.0000
780;2023-01-09 19:26:06.843000;7;1303;1;1;0.0000;1;15315.0000;None;165400.0000
782;2023-01-09 20:28:34.627000;7;1303;1;1;0.0000;1;19222.0000;None;207600.0000
783;2023-01-09 19:35:30.287000;7;1303;1;1;0.0000;1;20759.0000;None;224200.0000
777;2023-01-09 19:19:05.840000;7;1303;1;1;0.0000;1;23148.0000;None;250000.0000
30118;2023-01-09 18:45:16.257000;7;1303;1;1;0.0000;1;3000.0000;None;32400.0000
12733;2023-01-09 17:23:10.163000;7;1303;1;1;0.0000;1;6593.0000;None;71200.0000
779;2023-01-09 18:32:06.487000;7;1303;1;1;0.0000;1;8241.0000;None;89000.0000
778;2023-01-09 18:10:26.627000;7;1303;1;1;0.0000;1;9278.0000;None;100200.0000
789;2023-01-09 20:42:58.570000;7;1303;1;1;0.0000;1;21056.0000;None;227400.0000
784;2023-01-09 19:25:59.153000;7;1303;1;1;0.0000;1;22102.0000;None;238700.0000
785;2023-01-09 19:18:37.067000;7;1303;1;1;0.0000;1;13778.0000;None;148800.0000
786;2023-01-09 19:34:43.193000;7;1303;1;1;0.0000;1;15648.0000;None;169000.0000
795;2023-01-09 21:20:52.973000;7;1303;1;1;0.0000;1;16370.0000;None;176800.0000
795;2023-01-09 20:45:52.563000;7;1306;1;1;0.0000;1;16370.0000;None;176800.0000
795;2023-01-09 20:45:52.563000;7;1306;2;1;0.0000;1;16370.0000;None;176800.0000
787;2023-01-09 19:04:54.477000;7;1306;2;1;0.0000;1;12222.0000;None;132000.0000
787;2023-01-09 19:04:54.477000;7;1306;1;1;0.0000;1;12222.0000;None;132000.0000
789;2023-01-09 19:29:49.967000;7;1306;2;-1;0.0000;1;21056.0000;None;227400.0000
789;2023-01-09 19:27:34.477000;7;1306;2;1;None;1;21056.0000;None;227400.0000
778;2023-01-09 17:28:47.933000;7;1306;1;1;0.0000;1;9278.0000;None;100200.0000
784;2023-01-09 18:31:53.540000;7;1306;1;1;0.0000;1;22102.0000;None;238700.0000
784;2023-01-09 18:31:53.540000;7;1306;2;1;0.0000;1;22102.0000;None;238700.0000
767;2023-01-09 13:57:25.467000;7;1306;1;1;0.0000;1;14889.0000;None;160800.0000
20188;2023-01-09 16:48:21.540000;7;1306;1;1;0.0000;1;18204.0000;None;196600.0000
20188;2023-01-09 16:48:21.540000;7;1306;1;1;0.0000;1;18204.0000;None;196600.0000
20188;2023-01-09 16:48:21.540000;7;1306;2;1;0.0000;1;18204.0000;None;196600.0000
772;2023-01-09 15:06:20.170000;7;1306;1;1;0.0000;1;35833.0000;None;387000.0000
30109;2023-01-09 13:13:23.787000;7;1306;1;1;0.0000;1;20945.0000;None;226200.0000
12727;2023-01-09 12:30:15.987000;7;1306;1;1;0.0000;1;16889.0000;None;182400.0000
760;2023-01-09 13:04:24.550000;7;1306;1;1;0.0000;1;25519.0000;None;275600.0000
797;2023-01-09 20:58:07.693000;7;1307;1;1;0.0000;1;24759.0000;None;267400.0000
30114;2023-01-09 15:22:59.857000;7;1308;1;1;0.0000;1;4019.0000;None;43400.0000
760;2023-01-09 12:42:05.030000;7;2002;1;1;0.0000;1;25519.0000;None;275600.0000
759;2023-01-09 13:15:26.563000;7;2006;1;1;None;1;74667.0000;None;806400.0000
30113;2023-01-09 15:03:46.280000;7;2008;1;2;0.0000;1;17926.0000;None;193600.0000
786;2023-01-09 19:14:15.827000;7;2008;1;2;0.0000;1;15648.0000;None;169000.0000
770;2023-01-09 14:22:41.800000;7;2015;1;2;0.0000;1;12815.0000;None;138400.0000
771;2023-01-09 14:21:49.157000;7;2015;1;2;None;1;30278.0000;None;327000.0000
771;2023-01-09 14:37:50.667000;7;2015;1;2;0.0000;1;30278.0000;None;327000.0000
759;2023-01-09 13:15:26.563000;7;2015;1;3;None;1;74667.0000;None;806400.0000
758;2023-01-09 12:48:09.290000;7;2015;1;2;0.0000;1;18333.0000;None;198000.0000
762;2023-01-09 12:51:41.390000;7;2015;1;2;0.0000;1;8556.0000;None;92400.0000
764;2023-01-09 13:47:43.107000;7;2015;1;3;0.0000;1;22426.0000;None;242200.0000
788;2023-01-09 19:32:06.720000;7;2015;1;4;0.0000;1;49704.0000;None;536800.0000
796;2023-01-09 20:48:44.310000;7;2015;1;2;None;1;7870.0000;None;85000.0000
796;2023-01-09 21:18:42.550000;7;2015;1;-2;0.0000;1;7870.0000;None;85000.0000
783;2023-01-09 19:05:35.127000;7;2042;1;1;0.0000;1;20759.0000;None;224200.0000
783;2023-01-09 18:27:12.687000;7;2042;1;1;0.0000;1;20759.0000;None;224200.0000
761;2023-01-09 13:17:11.967000;7;2042;1;1;0.0000;1;16463.0000;None;177800.0000
760;2023-01-09 12:57:36.323000;7;2042;1;1;None;1;25519.0000;None;275600.0000
759;2023-01-09 12:41:44.180000;7;2042;1;2;0.0000;1;74667.0000;None;806400.0000
759;2023-01-09 13:15:26.563000;7;2042;1;2;None;1;74667.0000;None;806400.0000
771;2023-01-09 14:37:50.667000;7;2042;1;2;0.0000;1;30278.0000;None;327000.0000
20184;2023-01-09 14:29:20.937000;7;2046;1;1;0.0000;1;8407.0000;None;90800.0000
759;2023-01-09 12:41:44.180000;7;2046;1;2;0.0000;1;74667.0000;None;806400.0000
775;2023-01-09 17:04:18.713000;7;2050;1;1;0.0000;1;9241.0000;None;99800.0000
796;2023-01-09 21:18:42.550000;7;2050;1;-1;0.0000;1;7870.0000;None;85000.0000
796;2023-01-09 20:48:44.310000;7;2050;1;1;None;1;7870.0000;None;85000.0000
784;2023-01-09 18:31:27.850000;7;2050;1;1;0.0000;1;22102.0000;None;238700.0000
784;2023-01-09 18:31:27.850000;7;2050;1;1;0.0000;1;22102.0000;None;238700.0000
784;2023-01-09 19:02:35.673000;7;2050;1;1;0.0000;1;22102.0000;None;238700.0000
764;2023-01-09 13:59:52.553000;7;2051;1;1;0.0000;1;22426.0000;None;242200.0000
775;2023-01-09 17:04:18.713000;7;2065;1;1;0.0000;1;9241.0000;None;99800.0000
779;2023-01-09 17:42:10.817000;7;2065;1;1;0.0000;1;8241.0000;None;89000.0000
779;2023-01-09 17:42:10.817000;7;2065;1;1;0.0000;1;8241.0000;None;89000.0000
761;2023-01-09 13:06:57.650000;7;2068;1;1;0.0000;1;16463.0000;None;177800.0000
761;2023-01-09 12:48:24.887000;7;2068;1;2;None;1;16463.0000;None;177800.0000
759;2023-01-09 12:41:44.180000;7;2072;1;1;0.0000;1;74667.0000;None;806400.0000
783;2023-01-09 18:27:12.670000;7;2072;1;1;0.0000;1;20759.0000;None;224200.0000
783;2023-01-09 19:05:35.127000;7;2072;1;1;0.0000;1;20759.0000;None;224200.0000
761;2023-01-09 13:06:57.650000;7;2074;1;1;0.0000;1;16463.0000;None;177800.0000
773;2023-01-09 15:34:55;7;2077;1;1;0.0000;1;3759.0000;None;40600.0000
758;2023-01-09 13:17:34.410000;3;100596;1;1;5800.0000;1;18333.0000;None;198000.0000
30110;2023-01-09 14:23:53.547000;3;100596;1;1;5800.0000;1;10944.0000;None;118200.0000
793;2023-01-09 20:41:32.200000;3;100596;1;1;5800.0000;1;16796.0000;None;181400.0000
784;2023-01-09 19:07:27.123000;3;100606;1;1;6800.0000;1;22102.0000;None;238700.0000
784;2023-01-09 19:07:27.123000;3;100606;1;1;6800.0000;1;22102.0000;None;238700.0000
788;2023-01-09 20:03:55.947000;3;100606;1;1;6800.0000;1;49704.0000;None;536800.0000
759;2023-01-09 14:28:28.163000;3;100606;1;1;6800.0000;1;74667.0000;None;806400.0000
30111;2023-01-09 14:48:08.593000;3;100606;1;1;6800.0000;1;9796.0000;None;105800.0000
20185;2023-01-09 15:07:16.210000;3;100613;1;1;5800.0000;1;19982.0000;None;215800.0000
758;2023-01-09 13:05:55.870000;3;100613;1;1;5800.0000;1;18333.0000;None;198000.0000
788;2023-01-09 20:03:55.947000;3;100614;1;1;5800.0000;1;49704.0000;None;536800.0000
790;2023-01-09 19:36:07.873000;3;100614;1;1;5800.0000;1;6296.0000;None;68000.0000
780;2023-01-09 18:47:05.837000;3;100614;1;1;5800.0000;1;15315.0000;None;165400.0000
30110;2023-01-09 14:23:53.547000;3;100614;1;1;5800.0000;1;10944.0000;None;118200.0000
30110;2023-01-09 14:23:53.547000;3;100614;1;1;5800.0000;1;10944.0000;None;118200.0000
764;2023-01-09 14:50:08.593000;3;100614;1;1;5800.0000;1;22426.0000;None;242200.0000
764;2023-01-09 15:10:20.340000;3;100614;1;1;5800.0000;1;22426.0000;None;242200.0000
764;2023-01-09 15:10:20.340000;3;100614;1;1;5800.0000;1;22426.0000;None;242200.0000
772;2023-01-09 15:54:16.510000;3;100614;1;1;5800.0000;1;35833.0000;None;387000.0000
772;2023-01-09 15:54:16.510000;3;100614;1;1;5800.0000;1;35833.0000;None;387000.0000
30116;2023-01-09 16:12:49.880000;3;100614;1;5;29000.0000;1;11389.0000;None;123000.0000
775;2023-01-09 17:32:32.063000;3;100614;1;1;5800.0000;1;9241.0000;None;99800.0000
775;2023-01-09 17:32:32.063000;3;100614;1;1;5800.0000;1;9241.0000;None;99800.0000
771;2023-01-09 16:20:26.007000;3;100614;1;1;5800.0000;1;30278.0000;None;327000.0000
771;2023-01-09 16:20:26.007000;3;100614;1;1;5800.0000;1;30278.0000;None;327000.0000
769;2023-01-09 14:47:31.827000;3;100614;1;1;5800.0000;1;17852.0000;None;192800.0000
30110;2023-01-09 13:51:08.290000;1;100894;5;1;36800.0000;1;10944.0000;None;118200.0000
760;2023-01-09 12:57:36.323000;2;100948;1;1;43800.0000;1;25519.0000;None;275600.0000
760;2023-01-09 13:02:33.163000;2;100948;1;-1;-43800.0000;1;25519.0000;None;275600.0000
767;2023-01-09 13:57:25.467000;1;100963;1;1;0.0000;1;14889.0000;None;160800.0000
781;2023-01-09 17:52:01.720000;2;100988;1;1;30800.0000;1;11796.0000;None;127400.0000
780;2023-01-09 18:47:05.837000;3;100999;1;1;5800.0000;1;15315.0000;None;165400.0000
787;2023-01-09 19:04:54.477000;3;100999;1;1;5800.0000;1;12222.0000;None;132000.0000
796;2023-01-09 21:14:51.167000;3;100999;1;1;5800.0000;1;7870.0000;None;85000.0000
769;2023-01-09 14:47:31.827000;3;100999;1;1;5800.0000;1;17852.0000;None;192800.0000
761;2023-01-09 13:09:42.417000;3;100999;1;1;5800.0000;1;16463.0000;None;177800.0000
771;2023-01-09 14:22:33.380000;1;101015;1;1;32800.0000;1;30278.0000;None;327000.0000
30109;2023-01-09 13:13:23.787000;1;101084;1;1;69800.0000;1;20945.0000;None;226200.0000
759;2023-01-09 14:36:52.380000;1;101088;1;1;3800.0000;1;74667.0000;None;806400.0000
759;2023-01-09 14:26:49.927000;1;101088;1;1;3800.0000;1;74667.0000;None;806400.0000
769;2023-01-09 14:47:31.827000;1;101088;1;1;3800.0000;1;17852.0000;None;192800.0000
20183;2023-01-09 14:54:14.150000;1;101088;1;1;3800.0000;1;27759.0000;None;299800.0000
793;2023-01-09 20:40:39.117000;1;101088;1;1;3800.0000;1;16796.0000;None;181400.0000
777;2023-01-09 18:13:13.147000;1;101088;1;1;3800.0000;1;23148.0000;None;250000.0000
787;2023-01-09 19:04:54.477000;1;101092;1;1;49800.0000;1;12222.0000;None;132000.0000
789;2023-01-09 19:29:49.967000;1;101092;1;-1;-49800.0000;1;21056.0000;None;227400.0000
789;2023-01-09 19:27:34.477000;1;101092;1;1;49800.0000;1;21056.0000;None;227400.0000
20183;2023-01-09 14:54:14.150000;1;101118;1;1;10800.0000;1;27759.0000;None;299800.0000
796;2023-01-09 20:48:50.013000;1;101119;1;1;8800.0000;1;7870.0000;None;85000.0000
12737;2023-01-09 20:07:01.460000;1;101119;1;1;8800.0000;1;11482.0000;None;124000.0000
775;2023-01-09 17:03:43.490000;1;101122;1;1;34800.0000;1;9241.0000;None;99800.0000
789;2023-01-09 20:07:40.243000;3;101156;1;1;8800.0000;1;21056.0000;None;227400.0000
782;2023-01-09 18:34:17.753000;1;101178;1;1;42800.0000;1;19222.0000;None;207600.0000
20183;2023-01-09 14:21:05.143000;1;101203;1;1;51800.0000;1;27759.0000;None;299800.0000
779;2023-01-09 17:43:46.433000;1;101212;1;1;25800.0000;1;8241.0000;None;89000.0000
30118;2023-01-09 17:19:17.250000;3;101219;1;1;10800.0000;1;3000.0000;None;32400.0000
20185;2023-01-09 14:32:12.593000;1;101244;1;1;29800.0000;1;19982.0000;None;215800.0000
30115;2023-01-09 15:31:21.740000;1;101244;1;1;29800.0000;1;11389.0000;None;123000.0000
759;2023-01-09 13:05:31.437000;1;101244;1;1;29800.0000;1;74667.0000;None;806400.0000
759;2023-01-09 13:05:31.437000;1;101244;1;1;29800.0000;1;74667.0000;None;806400.0000
783;2023-01-09 18:37:04.263000;1;101269;1;1;39800.0000;1;20759.0000;None;224200.0000
795;2023-01-09 20:42:07.680000;1;101270;1;1;0.0000;1;16370.0000;None;176800.0000
759;2023-01-09 12:41:54.663000;1;101270;1;1;0.0000;1;74667.0000;None;806400.0000
759;2023-01-09 13:15:26.563000;1;101270;1;1;None;1;74667.0000;None;806400.0000
12727;2023-01-09 12:26:51.380000;1;101270;1;1;0.0000;1;16889.0000;None;182400.0000
763;2023-01-09 13:27:47.817000;1;101270;1;1;0.0000;1;9241.0000;None;99800.0000
30110;2023-01-09 13:48:02.243000;1;101270;1;1;0.0000;1;10944.0000;None;118200.0000
764;2023-01-09 13:59:52.553000;1;101270;1;1;0.0000;1;22426.0000;None;242200.0000
775;2023-01-09 17:04:18.713000;1;101270;1;1;0.0000;1;9241.0000;None;99800.0000
30114;2023-01-09 15:19:35.447000;1;101270;1;1;None;1;4019.0000;None;43400.0000
771;2023-01-09 16:20:26.007000;1;101308;1;1;16800.0000;1;30278.0000;None;327000.0000
759;2023-01-09 14:36:52.380000;1;101308;1;1;16800.0000;1;74667.0000;None;806400.0000
760;2023-01-09 13:04:24.550000;1;101313;1;1;79800.0000;1;25519.0000;None;275600.0000
780;2023-01-09 18:01:23.857000;1;101433;1;1;0.0000;1;15315.0000;None;165400.0000
778;2023-01-09 17:28:47.933000;1;101433;1;1;0.0000;1;9278.0000;None;100200.0000
760;2023-01-09 13:04:24.550000;1;101433;1;1;0.0000;1;25519.0000;None;275600.0000
772;2023-01-09 15:06:20.170000;1;101433;1;1;0.0000;1;35833.0000;None;387000.0000
20186;2023-01-09 14:46:32.367000;6;101438;1;1;0.0000;1;5222.0000;None;56400.0000
759;2023-01-09 13:24:45.787000;6;101438;1;1;0.0000;1;74667.0000;None;806400.0000
759;2023-01-09 13:24:45.787000;6;101438;1;1;0.0000;1;74667.0000;None;806400.0000
759;2023-01-09 13:24:45.787000;6;101438;1;1;0.0000;1;74667.0000;None;806400.0000
783;2023-01-09 18:50:10.467000;6;101438;1;1;None;1;20759.0000;None;224200.0000
775;2023-01-09 17:03:43.490000;6;101470;1;1;None;1;9241.0000;None;99800.0000
30115;2023-01-09 15:41:29.517000;6;101470;1;1;0.0000;1;11389.0000;None;123000.0000
30115;2023-01-09 15:41:29.517000;6;101470;1;1;0.0000;1;11389.0000;None;123000.0000
20183;2023-01-09 14:21:05.143000;6;101470;1;1;0.0000;1;27759.0000;None;299800.0000
769;2023-01-09 14:16:54.533000;1;101519;1;1;0.0000;1;17852.0000;None;192800.0000
767;2023-01-09 13:57:25.467000;1;101519;1;1;0.0000;1;14889.0000;None;160800.0000
771;2023-01-09 15:10:41.837000;1;101519;1;1;0.0000;1;30278.0000;None;327000.0000
771;2023-01-09 15:10:41.837000;1;101519;1;1;0.0000;1;30278.0000;None;327000.0000
20188;2023-01-09 16:48:21.540000;1;101519;1;1;0.0000;1;18204.0000;None;196600.0000
760;2023-01-09 13:04:24.550000;1;101519;1;1;0.0000;1;25519.0000;None;275600.0000
12727;2023-01-09 12:30:15.987000;1;101519;1;1;0.0000;1;16889.0000;None;182400.0000
793;2023-01-09 20:10:41.923000;1;101519;1;1;0.0000;1;16796.0000;None;181400.0000
12735;2023-01-09 19:01:17.197000;1;101519;1;1;0.0000;1;13685.0000;None;147800.0000
788;2023-01-09 19:12:49.667000;6;101525;1;1;0.0000;1;49704.0000;None;536800.0000
779;2023-01-09 17:43:46.433000;6;101525;1;1;0.0000;1;8241.0000;None;89000.0000
759;2023-01-09 13:24:45.787000;6;101525;1;1;0.0000;1;74667.0000;None;806400.0000
20185;2023-01-09 14:40:48.610000;6;101525;1;1;0.0000;1;19982.0000;None;215800.0000
20185;2023-01-09 14:40:48.610000;6;101525;1;1;0.0000;1;19982.0000;None;215800.0000
20184;2023-01-09 14:30:50.160000;6;101535;1;1;0.0000;1;8407.0000;None;90800.0000
759;2023-01-09 13:24:45.787000;6;101535;1;1;0.0000;1;74667.0000;None;806400.0000
761;2023-01-09 12:50:55.537000;6;101535;1;1;None;1;16463.0000;None;177800.0000
20181;2023-01-09 13:16:35.973000;6;101535;1;1;0.0000;1;17667.0000;None;190800.0000
777;2023-01-09 17:16:16.030000;6;101535;1;1;0.0000;1;23148.0000;None;250000.0000
794;2023-01-09 20:26:45.437000;6;101535;1;1;0.0000;1;6037.0000;None;65200.0000
797;2023-01-09 20:58:07.693000;6;101535;1;1;0.0000;1;24759.0000;None;267400.0000
12737;2023-01-09 20:28:16.770000;6;101535;1;1;0.0000;1;11482.0000;None;124000.0000
797;2023-01-09 20:58:07.693000;1;101552;1;1;0.0000;1;24759.0000;None;267400.0000
788;2023-01-09 19:12:49.667000;1;101552;1;1;0.0000;1;49704.0000;None;536800.0000
789;2023-01-09 19:29:21.090000;1;101552;1;1;0.0000;1;21056.0000;None;227400.0000
763;2023-01-09 13:27:47.817000;1;101552;1;1;0.0000;1;9241.0000;None;99800.0000
768;2023-01-09 14:12:47.837000;1;101573;1;1;0.0000;1;9963.0000;None;107600.0000
20183;2023-01-09 14:05:51.747000;6;101624;1;1;None;1;27759.0000;None;299800.0000
20183;2023-01-09 14:05:51.747000;6;101624;1;1;None;1;27759.0000;None;299800.0000
20185;2023-01-09 14:40:48.610000;6;101624;1;1;0.0000;1;19982.0000;None;215800.0000
20181;2023-01-09 13:16:35.973000;6;101624;1;1;0.0000;1;17667.0000;None;190800.0000
30109;2023-01-09 13:13:23.787000;6;101624;1;1;0.0000;1;20945.0000;None;226200.0000
759;2023-01-09 13:24:45.787000;6;101624;1;1;0.0000;1;74667.0000;None;806400.0000
788;2023-01-09 19:12:49.667000;6;101624;1;1;0.0000;1;49704.0000;None;536800.0000
785;2023-01-09 18:42:31.243000;6;101624;1;1;0.0000;1;13778.0000;None;148800.0000
777;2023-01-09 17:16:16.030000;6;101624;1;1;0.0000;1;23148.0000;None;250000.0000
779;2023-01-09 17:42:48.990000;6;101624;1;1;0.0000;1;8241.0000;None;89000.0000
782;2023-01-09 19:03:58.940000;6;101624;1;1;0.0000;1;19222.0000;None;207600.0000
794;2023-01-09 20:26:45.437000;6;101624;1;1;0.0000;1;6037.0000;None;65200.0000
769;2023-01-09 14:16:54.533000;1;101664;1;1;47800.0000;1;17852.0000;None;192800.0000
763;2023-01-09 13:27:47.817000;1;101665;1;1;37800.0000;1;9241.0000;None;99800.0000
767;2023-01-09 13:57:25.467000;1;101665;1;1;37800.0000;1;14889.0000;None;160800.0000
780;2023-01-09 18:01:23.857000;1;101665;1;1;37800.0000;1;15315.0000;None;165400.0000
12735;2023-01-09 19:01:17.197000;1;101665;1;1;37800.0000;1;13685.0000;None;147800.0000
788;2023-01-09 19:12:49.667000;1;101665;1;1;37800.0000;1;49704.0000;None;536800.0000
788;2023-01-09 19:02:18.473000;2;101709;1;1;28800.0000;1;49704.0000;None;536800.0000
766;2023-01-09 14:40:18.810000;2;101822;1;4;139200.0000;1;50500.0000;None;545400.0000
788;2023-01-09 19:02:18.473000;2;101844;1;1;31800.0000;1;49704.0000;None;536800.0000
797;2023-01-09 20:57:33.170000;2;101850;1;1;49800.0000;1;24759.0000;None;267400.0000
797;2023-01-09 20:57:33.170000;2;101850;1;1;49800.0000;1;24759.0000;None;267400.0000
30116;2023-01-09 16:12:49.880000;1;101891;1;1;16800.0000;1;11389.0000;None;123000.0000
788;2023-01-09 19:50:22.287000;1;101891;1;1;16800.0000;1;49704.0000;None;536800.0000
766;2023-01-09 14:40:18.810000;1;101906;1;1;16800.0000;1;50500.0000;None;545400.0000
764;2023-01-09 14:50:08.593000;1;101906;1;1;16800.0000;1;22426.0000;None;242200.0000
758;2023-01-09 12:30:14.690000;2;101978;1;1;47800.0000;1;18333.0000;None;198000.0000
783;2023-01-09 19:07:06.633000;2;102002;1;1;19800.0000;1;20759.0000;None;224200.0000
12727;2023-01-09 12:30:15.987000;1;102035;1;1;32800.0000;1;16889.0000;None;182400.0000
12737;2023-01-09 20:15:14.153000;1;102035;1;1;32800.0000;1;11482.0000;None;124000.0000
759;2023-01-09 13:05:31.437000;1;102066;1;1;24800.0000;1;74667.0000;None;806400.0000
780;2023-01-09 18:01:23.857000;1;102066;1;1;24800.0000;1;15315.0000;None;165400.0000
792;2023-01-09 20:15:14.153000;1;102069;1;1;35800.0000;1;9574.0000;None;103400.0000
761;2023-01-09 12:50:55.537000;1;102086;1;1;10800.0000;1;16463.0000;None;177800.0000
759;2023-01-09 14:28:28.163000;3;102102;1;1;9800.0000;1;74667.0000;None;806400.0000
12737;2023-01-09 20:15:14.153000;1;102151;1;1;5800.0000;1;11482.0000;None;124000.0000
12727;2023-01-09 12:32:07.033000;1;102170;5;1;4800.0000;1;16889.0000;None;182400.0000
764;2023-01-09 14:17:38.547000;1;102172;1;1;4800.0000;1;22426.0000;None;242200.0000
20184;2023-01-09 14:42:10.247000;1;102172;1;1;4800.0000;1;8407.0000;None;90800.0000
771;2023-01-09 15:10:41.837000;1;102172;1;1;4800.0000;1;30278.0000;None;327000.0000
784;2023-01-09 18:33:10.117000;1;102177;1;1;2500.0000;1;22102.0000;None;238700.0000
784;2023-01-09 18:22:49.200000;1;102206;1;1;1800.0000;1;22102.0000;None;238700.0000
759;2023-01-09 13:17:19.110000;1;102222;1;1;2800.0000;1;74667.0000;None;806400.0000
759;2023-01-09 13:17:19.110000;1;102222;1;1;2800.0000;1;74667.0000;None;806400.0000
761;2023-01-09 12:54:23.300000;1;102222;1;1;2800.0000;1;16463.0000;None;177800.0000
20188;2023-01-09 17:09:25.483000;1;102227;1;1;6800.0000;1;18204.0000;None;196600.0000
12727;2023-01-09 12:30:15.987000;1;102239;1;1;5800.0000;1;16889.0000;None;182400.0000
778;2023-01-09 17:28:47.933000;1;102239;1;1;5800.0000;1;9278.0000;None;100200.0000
758;2023-01-09 12:36:08.143000;1;102270;1;1;1800.0000;1;18333.0000;None;198000.0000
763;2023-01-09 13:55:31.587000;1;102294;1;1;4800.0000;1;9241.0000;None;99800.0000
764;2023-01-09 14:01:42.387000;1;102311;1;1;1800.0000;1;22426.0000;None;242200.0000
12734;2023-01-09 17:32:01.110000;1;102311;1;1;1800.0000;1;None;None;1800.0000
20186;2023-01-09 14:46:32.367000;1;102314;1;1;5800.0000;1;5222.0000;None;56400.0000
20181;2023-01-09 13:16:35.973000;1;102324;1;1;44800.0000;1;17667.0000;None;190800.0000
783;2023-01-09 18:50:10.467000;1;102325;1;1;47800.0000;1;20759.0000;None;224200.0000
785;2023-01-09 18:42:31.243000;1;102328;1;1;36800.0000;1;13778.0000;None;148800.0000
760;2023-01-09 13:04:24.550000;1;102335;1;1;69800.0000;1;25519.0000;None;275600.0000
786;2023-01-09 18:39:30.610000;1;102339;1;1;47800.0000;1;15648.0000;None;169000.0000
12736;2023-01-09 19:13:13.520000;1;102345;1;1;5800.0000;1;None;None;5800.0000
768;2023-01-09 14:12:47.837000;1;102358;1;1;28800.0000;1;9963.0000;None;107600.0000
30116;2023-01-09 16:12:49.880000;1;102360;1;1;12800.0000;1;11389.0000;None;123000.0000
30118;2023-01-09 17:19:17.250000;1;102361;1;1;16800.0000;1;3000.0000;None;32400.0000
782;2023-01-09 19:03:58.940000;1;102407;1;1;34800.0000;1;19222.0000;None;207600.0000
778;2023-01-09 17:28:47.933000;1;102437;1;1;37800.0000;1;9278.0000;None;100200.0000
12733;2023-01-09 16:46:43.867000;1;102440;1;1;29800.0000;1;6593.0000;None;71200.0000
30116;2023-01-09 16:12:49.863000;1;102541;1;1;23800.0000;1;11389.0000;None;123000.0000
30116;2023-01-09 16:12:49.880000;1;102541;1;1;23800.0000;1;11389.0000;None;123000.0000
767;2023-01-09 14:43:56.980000;1;102541;1;1;23800.0000;1;14889.0000;None;160800.0000
760;2023-01-09 13:01:16.143000;2;102599;1;1;51800.0000;1;25519.0000;None;275600.0000
781;2023-01-09 17:52:01.720000;2;102599;1;1;51800.0000;1;11796.0000;None;127400.0000
783;2023-01-09 18:27:12.670000;3;102619;1;1;6800.0000;1;20759.0000;None;224200.0000
778;2023-01-09 17:28:47.933000;3;102619;1;1;6800.0000;1;9278.0000;None;100200.0000
759;2023-01-09 12:41:44.180000;3;102635;1;2;15600.0000;1;74667.0000;None;806400.0000
759;2023-01-09 13:15:26.563000;3;102635;1;2;15600.0000;1;74667.0000;None;806400.0000
12727;2023-01-09 12:24:12.560000;3;102635;1;2;15600.0000;1;16889.0000;None;182400.0000
30109;2023-01-09 12:56:43.073000;3;102635;1;1;7800.0000;1;20945.0000;None;226200.0000
20183;2023-01-09 14:45:08.500000;3;102635;1;1;7800.0000;1;27759.0000;None;299800.0000
769;2023-01-09 14:15:37.107000;3;102635;1;1;7800.0000;1;17852.0000;None;192800.0000
769;2023-01-09 14:15:37.107000;3;102635;1;1;7800.0000;1;17852.0000;None;192800.0000
20184;2023-01-09 14:29:20.937000;3;102635;1;1;7800.0000;1;8407.0000;None;90800.0000
779;2023-01-09 17:42:10.817000;3;102635;1;1;7800.0000;1;8241.0000;None;89000.0000
784;2023-01-09 18:31:27.850000;3;102635;1;1;7800.0000;1;22102.0000;None;238700.0000
784;2023-01-09 18:31:27.850000;3;102635;1;1;7800.0000;1;22102.0000;None;238700.0000
784;2023-01-09 19:02:35.673000;3;102635;1;1;7800.0000;1;22102.0000;None;238700.0000
779;2023-01-09 17:42:10.817000;3;102637;1;1;9800.0000;1;8241.0000;None;89000.0000
20184;2023-01-09 14:29:20.937000;3;102637;1;1;9800.0000;1;8407.0000;None;90800.0000
30109;2023-01-09 12:56:43.073000;3;102637;1;1;9800.0000;1;20945.0000;None;226200.0000
776;2023-01-09 17:13:49.767000;3;102643;1;1;13800.0000;1;5500.0000;None;59400.0000
782;2023-01-09 18:34:00.950000;3;102643;1;1;13800.0000;1;19222.0000;None;207600.0000
782;2023-01-09 18:34:00.950000;3;102643;1;1;13800.0000;1;19222.0000;None;207600.0000
12727;2023-01-09 12:26:51.380000;3;102649;1;1;4800.0000;1;16889.0000;None;182400.0000
783;2023-01-09 19:05:35.127000;3;102651;1;1;8800.0000;1;20759.0000;None;224200.0000
761;2023-01-09 13:06:57.650000;3;102657;1;1;12800.0000;1;16463.0000;None;177800.0000
761;2023-01-09 12:48:24.887000;3;102657;1;2;25600.0000;1;16463.0000;None;177800.0000
760;2023-01-09 13:45:51.333000;1;102708;1;1;16800.0000;1;25519.0000;None;275600.0000
30116;2023-01-09 16:12:49.880000;1;102708;1;1;16800.0000;1;11389.0000;None;123000.0000
790;2023-01-09 19:36:33.493000;1;102708;1;1;16800.0000;1;6296.0000;None;68000.0000
789;2023-01-09 20:07:40.243000;1;102708;1;1;16800.0000;1;21056.0000;None;227400.0000
20185;2023-01-09 14:40:48.610000;1;102726;1;1;44800.0000;1;19982.0000;None;215800.0000
769;2023-01-09 14:16:54.533000;1;102726;1;1;44800.0000;1;17852.0000;None;192800.0000
772;2023-01-09 15:02:42.370000;3;102747;1;1;4800.0000;1;35833.0000;None;387000.0000
759;2023-01-09 13:22:14.777000;3;102747;1;1;4800.0000;1;74667.0000;None;806400.0000
759;2023-01-09 13:15:26.563000;3;102747;1;1;4800.0000;1;74667.0000;None;806400.0000
759;2023-01-09 12:41:44.180000;3;102747;1;1;4800.0000;1;74667.0000;None;806400.0000
20181;2023-01-09 13:20:27.683000;3;102747;1;1;4800.0000;1;17667.0000;None;190800.0000
785;2023-01-09 18:41:48.607000;3;102747;1;1;4800.0000;1;13778.0000;None;148800.0000
795;2023-01-09 20:42:07.680000;3;102748;1;1;14800.0000;1;16370.0000;None;176800.0000
795;2023-01-09 20:42:07.680000;3;102748;1;1;14800.0000;1;16370.0000;None;176800.0000
20181;2023-01-09 13:20:27.683000;3;102748;1;1;14800.0000;1;17667.0000;None;190800.0000
768;2023-01-09 14:17:44.880000;3;102748;1;1;14800.0000;1;9963.0000;None;107600.0000
768;2023-01-09 13:55:45.157000;3;102748;1;1;14800.0000;1;9963.0000;None;107600.0000
768;2023-01-09 13:55:45.157000;3;102749;1;1;5800.0000;1;9963.0000;None;107600.0000
768;2023-01-09 14:15:08.050000;3;102749;1;1;5800.0000;1;9963.0000;None;107600.0000
30110;2023-01-09 13:48:02.243000;3;102749;1;1;5800.0000;1;10944.0000;None;118200.0000
761;2023-01-09 12:48:24.887000;3;102749;1;1;5800.0000;1;16463.0000;None;177800.0000
20183;2023-01-09 14:21:05.143000;1;102753;1;1;56800.0000;1;27759.0000;None;299800.0000
786;2023-01-09 18:39:20.817000;2;102774;1;1;42800.0000;1;15648.0000;None;169000.0000
781;2023-01-09 17:52:01.720000;2;102775;1;1;44800.0000;1;11796.0000;None;127400.0000
758;2023-01-09 12:30:14.690000;2;102848;1;1;44800.0000;1;18333.0000;None;198000.0000
30109;2023-01-09 13:13:23.787000;1;102877;1;1;49800.0000;1;20945.0000;None;226200.0000
778;2023-01-09 17:28:47.933000;1;102877;1;1;49800.0000;1;9278.0000;None;100200.0000
787;2023-01-09 19:04:54.477000;1;102877;1;1;49800.0000;1;12222.0000;None;132000.0000
785;2023-01-09 18:41:48.607000;1;102961;1;1;22800.0000;1;13778.0000;None;148800.0000
790;2023-01-09 19:36:07.873000;1;102961;1;1;22800.0000;1;6296.0000;None;68000.0000
30113;2023-01-09 15:09:56.337000;1;102961;1;1;22800.0000;1;17926.0000;None;193600.0000
30114;2023-01-09 15:22:59.857000;1;103104;1;1;32800.0000;1;4019.0000;None;43400.0000
795;2023-01-09 20:35:29.687000;1;103111;1;1;0.0000;1;16370.0000;None;176800.0000
794;2023-01-09 20:23:33.957000;1;103111;1;1;0.0000;1;6037.0000;None;65200.0000
792;2023-01-09 19:58:48.257000;1;103111;1;1;0.0000;1;9574.0000;None;103400.0000
793;2023-01-09 20:04:06.210000;1;103111;1;1;0.0000;1;16796.0000;None;181400.0000
787;2023-01-09 18:45:58.530000;1;103111;1;1;0.0000;1;12222.0000;None;132000.0000
779;2023-01-09 17:41:18.683000;1;103111;1;1;0.0000;1;8241.0000;None;89000.0000
780;2023-01-09 17:41:50.233000;1;103111;1;1;0.0000;1;15315.0000;None;165400.0000
776;2023-01-09 17:05:11.687000;1;103111;1;1;None;1;5500.0000;None;59400.0000
777;2023-01-09 17:09:56.340000;1;103111;1;1;0.0000;1;23148.0000;None;250000.0000
778;2023-01-09 17:18:58.423000;1;103111;1;1;0.0000;1;9278.0000;None;100200.0000
30118;2023-01-09 17:12:15.717000;1;103111;1;1;0.0000;1;3000.0000;None;32400.0000
30115;2023-01-09 15:26:18.207000;1;103111;1;1;0.0000;1;11389.0000;None;123000.0000
30113;2023-01-09 14:59:33.693000;1;103111;1;1;0.0000;1;17926.0000;None;193600.0000
772;2023-01-09 14:48:11.587000;1;103111;1;1;0.0000;1;35833.0000;None;387000.0000
20186;2023-01-09 14:42:21.390000;1;103111;1;1;0.0000;1;5222.0000;None;56400.0000
20188;2023-01-09 16:31:15.557000;1;103111;1;1;0.0000;1;18204.0000;None;196600.0000
773;2023-01-09 15:34:55;1;103111;1;1;0.0000;1;3759.0000;None;40600.0000
30116;2023-01-09 16:04:13.257000;1;103111;1;1;0.0000;1;11389.0000;None;123000.0000
30116;2023-01-09 16:04:13.257000;1;103111;1;1;0.0000;1;11389.0000;None;123000.0000
12733;2023-01-09 16:45:59.773000;1;103111;1;1;0.0000;1;6593.0000;None;71200.0000
775;2023-01-09 16:52:36.003000;1;103111;1;1;0.0000;1;9241.0000;None;99800.0000
20183;2023-01-09 14:01:54.410000;1;103111;1;1;0.0000;1;27759.0000;None;299800.0000
768;2023-01-09 13:55:45.157000;1;103111;1;1;0.0000;1;9963.0000;None;107600.0000
769;2023-01-09 14:09:38.313000;1;103111;1;1;0.0000;1;17852.0000;None;192800.0000
30111;2023-01-09 14:11:06.233000;1;103111;1;1;0.0000;1;9796.0000;None;105800.0000
30112;2023-01-09 14:37:08.623000;1;103111;1;1;0.0000;1;5870.0000;None;63400.0000
20185;2023-01-09 14:27:04.177000;1;103111;1;1;0.0000;1;19982.0000;None;215800.0000
20184;2023-01-09 14:24:53.237000;1;103111;1;1;None;1;8407.0000;None;90800.0000
770;2023-01-09 14:12:56.297000;1;103111;1;1;None;1;12815.0000;None;138400.0000
771;2023-01-09 14:21:34.977000;1;103111;1;1;None;1;30278.0000;None;327000.0000
30109;2023-01-09 12:56:27.703000;1;103111;1;1;0.0000;1;20945.0000;None;226200.0000
20181;2023-01-09 13:06:29.437000;1;103111;1;1;0.0000;1;17667.0000;None;190800.0000
763;2023-01-09 13:20:03.377000;1;103111;1;1;0.0000;1;9241.0000;None;99800.0000
30110;2023-01-09 13:44:28.547000;1;103111;1;1;0.0000;1;10944.0000;None;118200.0000
764;2023-01-09 13:38:49.940000;1;103111;1;1;0.0000;1;22426.0000;None;242200.0000
767;2023-01-09 13:52:06.187000;1;103111;1;1;0.0000;1;14889.0000;None;160800.0000
766;2023-01-09 13:48:33.640000;1;103111;1;1;0.0000;1;50500.0000;None;545400.0000
758;2023-01-09 12:30:14.690000;1;103111;1;1;0.0000;1;18333.0000;None;198000.0000
759;2023-01-09 12:51:54.057000;1;103111;1;1;0.0000;1;74667.0000;None;806400.0000
759;2023-01-09 12:51:54.057000;1;103111;1;1;0.0000;1;74667.0000;None;806400.0000
761;2023-01-09 12:42:12.437000;1;103111;1;1;0.0000;1;16463.0000;None;177800.0000
762;2023-01-09 12:45:00.883000;1;103111;1;1;0.0000;1;8556.0000;None;92400.0000
12727;2023-01-09 12:16:29.597000;1;103111;1;1;0.0000;1;16889.0000;None;182400.0000
760;2023-01-09 12:42:05.030000;1;103111;1;1;0.0000;1;25519.0000;None;275600.0000
758;2023-01-09 13:07:13.217000;1;103114;1;1;6800.0000;1;18333.0000;None;198000.0000
12733;2023-01-09 16:54:45.650000;1;103114;1;1;6800.0000;1;6593.0000;None;71200.0000
12733;2023-01-09 17:06:40.537000;1;103114;1;-1;-6800.0000;1;6593.0000;None;71200.0000
20185;2023-01-09 14:40:48.610000;1;103134;1;1;31800.0000;1;19982.0000;None;215800.0000
20185;2023-01-09 14:40:48.610000;1;103134;1;1;31800.0000;1;19982.0000;None;215800.0000
768;2023-01-09 14:12:47.837000;1;103134;1;1;31800.0000;1;9963.0000;None;107600.0000
759;2023-01-09 13:24:45.787000;1;103134;1;1;31800.0000;1;74667.0000;None;806400.0000
779;2023-01-09 17:43:46.433000;1;103134;1;1;31800.0000;1;8241.0000;None;89000.0000
788;2023-01-09 19:12:49.667000;1;103134;1;1;31800.0000;1;49704.0000;None;536800.0000
794;2023-01-09 20:26:45.437000;1;103172;1;1;24800.0000;1;6037.0000;None;65200.0000
797;2023-01-09 20:58:07.693000;1;103172;1;1;24800.0000;1;24759.0000;None;267400.0000
770;2023-01-09 14:22:57.683000;1;103187;1;1;89800.0000;1;12815.0000;None;138400.0000
793;2023-01-09 20:10:41.923000;1;103187;1;1;89800.0000;1;16796.0000;None;181400.0000
784;2023-01-09 18:31:53.540000;1;103187;1;1;89800.0000;1;22102.0000;None;238700.0000
766;2023-01-09 13:59:25.150000;2;103225;1;1;45800.0000;1;50500.0000;None;545400.0000
30111;2023-01-09 14:11:53.647000;1;103347;5;1;58800.0000;1;9796.0000;None;105800.0000
12735;2023-01-09 19:01:17.197000;1;103356;1;1;39800.0000;1;13685.0000;None;147800.0000
30111;2023-01-09 14:48:08.593000;1;103372;1;1;14800.0000;1;9796.0000;None;105800.0000
771;2023-01-09 14:22:33.380000;1;103380;1;1;48800.0000;1;30278.0000;None;327000.0000
12727;2023-01-09 12:16:48.633000;1;103380;1;1;48800.0000;1;16889.0000;None;182400.0000
785;2023-01-09 18:41:48.607000;1;103380;1;1;48800.0000;1;13778.0000;None;148800.0000
796;2023-01-09 20:48:44.310000;1;103386;1;1;52800.0000;1;7870.0000;None;85000.0000
772;2023-01-09 15:06:20.170000;1;103410;1;1;32800.0000;1;35833.0000;None;387000.0000
762;2023-01-09 13:05:06.620000;1;103419;1;1;49800.0000;1;8556.0000;None;92400.0000
788;2023-01-09 19:02:18.473000;1;103419;1;1;49800.0000;1;49704.0000;None;536800.0000
770;2023-01-09 14:22:57.683000;1;103434;1;1;34800.0000;1;12815.0000;None;138400.0000
789;2023-01-09 19:27:34.477000;1;103434;1;1;34800.0000;1;21056.0000;None;227400.0000
795;2023-01-09 20:45:52.563000;1;103441;1;1;29800.0000;1;16370.0000;None;176800.0000
783;2023-01-09 19:23:01.057000;1;103449;1;1;29800.0000;1;20759.0000;None;224200.0000
12733;2023-01-09 16:46:43.867000;1;103449;1;1;29800.0000;1;6593.0000;None;71200.0000
758;2023-01-09 12:36:08.143000;1;103449;1;1;29800.0000;1;18333.0000;None;198000.0000
758;2023-01-09 12:36:08.143000;1;103449;1;1;29800.0000;1;18333.0000;None;198000.0000
766;2023-01-09 14:01:57.740000;1;103449;1;1;29800.0000;1;50500.0000;None;545400.0000
773;2023-01-09 15:35:04.337000;1;103452;1;1;34800.0000;1;3759.0000;None;40600.0000
782;2023-01-09 18:48:06.447000;1;103452;1;1;34800.0000;1;19222.0000;None;207600.0000
20188;2023-01-09 16:32:46.757000;1;103471;1;1;32800.0000;1;18204.0000;None;196600.0000
20184;2023-01-09 14:30:50.160000;1;103471;1;1;32800.0000;1;8407.0000;None;90800.0000
783;2023-01-09 18:50:10.467000;1;103514;1;1;53800.0000;1;20759.0000;None;224200.0000
788;2023-01-09 19:12:49.667000;1;103515;1;1;41800.0000;1;49704.0000;None;536800.0000
769;2023-01-09 14:16:54.533000;1;103515;1;1;41800.0000;1;17852.0000;None;192800.0000
759;2023-01-09 13:24:45.787000;1;103515;1;1;41800.0000;1;74667.0000;None;806400.0000
760;2023-01-09 13:04:24.550000;1;103515;1;1;41800.0000;1;25519.0000;None;275600.0000
772;2023-01-09 15:06:20.170000;1;103538;1;1;56800.0000;1;35833.0000;None;387000.0000
766;2023-01-09 14:03:06.160000;1;103552;1;1;38800.0000;1;50500.0000;None;545400.0000
30110;2023-01-09 13:51:08.290000;1;103557;1;1;29800.0000;1;10944.0000;None;118200.0000
766;2023-01-09 14:04:38.453000;1;103559;1;1;43800.0000;1;50500.0000;None;545400.0000
792;2023-01-09 20:28:16.770000;1;103559;1;1;43800.0000;1;9574.0000;None;103400.0000
761;2023-01-09 12:50:55.537000;1;103562;1;1;46800.0000;1;16463.0000;None;177800.0000
20181;2023-01-09 13:16:35.973000;1;103564;1;1;67800.0000;1;17667.0000;None;190800.0000
20188;2023-01-09 16:48:21.540000;1;103599;1;1;69800.0000;1;18204.0000;None;196600.0000
784;2023-01-09 18:31:53.540000;1;103599;1;1;69800.0000;1;22102.0000;None;238700.0000
795;2023-01-09 20:45:52.563000;1;103599;1;1;69800.0000;1;16370.0000;None;176800.0000
780;2023-01-09 18:01:23.857000;1;103600;1;1;69800.0000;1;15315.0000;None;165400.0000
789;2023-01-09 19:29:21.090000;1;103600;1;1;69800.0000;1;21056.0000;None;227400.0000
771;2023-01-09 15:10:41.837000;1;103702;1;1;37800.0000;1;30278.0000;None;327000.0000
764;2023-01-09 14:01:42.387000;1;103702;1;1;37800.0000;1;22426.0000;None;242200.0000
795;2023-01-09 20:45:52.563000;1;103702;1;1;37800.0000;1;16370.0000;None;176800.0000
785;2023-01-09 18:42:31.243000;1;103784;1;1;29800.0000;1;13778.0000;None;148800.0000
30109;2023-01-09 13:13:23.787000;1;103784;1;1;29800.0000;1;20945.0000;None;226200.0000
20184;2023-01-09 14:30:50.160000;1;103784;1;1;29800.0000;1;8407.0000;None;90800.0000
20185;2023-01-09 14:40:48.610000;1;103784;1;1;29800.0000;1;19982.0000;None;215800.0000
30115;2023-01-09 15:41:29.517000;1;103784;1;1;29800.0000;1;11389.0000;None;123000.0000
777;2023-01-09 17:16:16.030000;1;103785;1;1;28800.0000;1;23148.0000;None;250000.0000
794;2023-01-09 20:26:45.437000;1;103785;1;1;28800.0000;1;6037.0000;None;65200.0000
759;2023-01-09 13:24:45.787000;1;103788;1;1;36800.0000;1;74667.0000;None;806400.0000
777;2023-01-09 17:16:16.030000;1;103788;1;1;36800.0000;1;23148.0000;None;250000.0000
30115;2023-01-09 15:41:29.517000;1;103791;1;1;37800.0000;1;11389.0000;None;123000.0000
775;2023-01-09 17:03:43.490000;1;103791;1;1;37800.0000;1;9241.0000;None;99800.0000
759;2023-01-09 13:24:45.787000;1;103846;1;1;41800.0000;1;74667.0000;None;806400.0000
759;2023-01-09 13:24:45.787000;1;103847;1;1;41800.0000;1;74667.0000;None;806400.0000
759;2023-01-09 13:24:45.787000;1;103847;1;1;41800.0000;1;74667.0000;None;806400.0000
790;2023-01-09 19:36:33.493000;1;103961;1;1;16800.0000;1;6296.0000;None;68000.0000
791;2023-01-09 19:38:41.093000;1;103961;1;1;16800.0000;1;2093.0000;None;22600.0000
758;2023-01-09 13:05:55.870000;1;104004;1;1;15800.0000;1;18333.0000;None;198000.0000
759;2023-01-09 14:26:49.927000;1;104004;1;1;15800.0000;1;74667.0000;None;806400.0000
759;2023-01-09 14:36:52.380000;1;104004;1;1;15800.0000;1;74667.0000;None;806400.0000
769;2023-01-09 14:47:31.827000;1;104004;1;1;15800.0000;1;17852.0000;None;192800.0000
788;2023-01-09 19:50:22.287000;1;104004;1;1;15800.0000;1;49704.0000;None;536800.0000
777;2023-01-09 18:13:13.147000;1;104004;1;1;15800.0000;1;23148.0000;None;250000.0000
793;2023-01-09 20:40:39.117000;1;104004;1;1;15800.0000;1;16796.0000;None;181400.0000
783;2023-01-09 18:27:12.687000;2;104219;1;1;11800.0000;1;20759.0000;None;224200.0000
769;2023-01-09 14:15:37.107000;3;104446;1;1;5800.0000;1;17852.0000;None;192800.0000
773;2023-01-09 15:34:55;3;104446;1;1;5800.0000;1;3759.0000;None;40600.0000
30114;2023-01-09 15:47:36.237000;3;104554;1;1;4800.0000;1;4019.0000;None;43400.0000
30109;2023-01-09 13:58:13.303000;3;104554;1;1;4800.0000;1;20945.0000;None;226200.0000
30118;2023-01-09 17:19:17.250000;3;104554;1;1;4800.0000;1;3000.0000;None;32400.0000
12735;2023-01-09 19:57:59.927000;3;104554;1;1;4800.0000;1;13685.0000;None;147800.0000
796;2023-01-09 20:48:28.560000;1;104602;1;1;0.0000;1;7870.0000;None;85000.0000
797;2023-01-09 20:57:33.170000;1;104602;1;1;0.0000;1;24759.0000;None;267400.0000
771;2023-01-09 14:21:34.977000;1;104602;1;1;None;1;30278.0000;None;327000.0000
766;2023-01-09 14:03:06.160000;1;104693;1;1;37800.0000;1;50500.0000;None;545400.0000
759;2023-01-09 13:24:45.787000;1;104742;1;1;22800.0000;1;74667.0000;None;806400.0000
761;2023-01-09 12:50:55.537000;1;104742;1;1;22800.0000;1;16463.0000;None;177800.0000
20183;2023-01-09 14:05:51.747000;1;104742;1;1;22800.0000;1;27759.0000;None;299800.0000
20183;2023-01-09 14:05:51.747000;1;104742;1;1;22800.0000;1;27759.0000;None;299800.0000
770;2023-01-09 14:22:57.683000;1;104837;1;1;0.0000;1;12815.0000;None;138400.0000
30114;2023-01-09 15:22:59.857000;1;104837;1;1;0.0000;1;4019.0000;None;43400.0000
764;2023-01-09 14:01:42.387000;1;104837;1;1;0.0000;1;22426.0000;None;242200.0000
12735;2023-01-09 19:01:17.197000;1;104837;1;1;0.0000;1;13685.0000;None;147800.0000
787;2023-01-09 19:04:54.477000;1;104837;1;1;0.0000;1;12222.0000;None;132000.0000
780;2023-01-09 18:01:23.857000;1;104837;1;1;0.0000;1;15315.0000;None;165400.0000
776;2023-01-09 17:13:49.767000;1;105018;1;1;39800.0000;1;5500.0000;None;59400.0000
771;2023-01-09 15:10:41.837000;7;105108;1;1;0.0000;1;30278.0000;None;327000.0000
788;2023-01-09 19:02:18.473000;6;105446;1;1;0.0000;1;49704.0000;None;536800.0000
788;2023-01-09 19:02:18.473000;6;105446;1;1;0.0000;1;49704.0000;None;536800.0000
775;2023-01-09 17:03:43.490000;6;105836;1;1;None;1;9241.0000;None;99800.0000
785;2023-01-09 18:42:31.243000;6;105836;1;1;0.0000;1;13778.0000;None;148800.0000
782;2023-01-09 18:34:00.950000;2;105918;1;1;27800.0000;1;19222.0000;None;207600.0000
30113;2023-01-09 15:08:16.760000;2;106012;1;1;41800.0000;1;17926.0000;None;193600.0000
30113;2023-01-09 15:59:41.877000;2;106012;1;1;41800.0000;1;17926.0000;None;193600.0000
769;2023-01-09 14:32:53.377000;6;106272;1;1;0.0000;1;17852.0000;None;192800.0000
769;2023-01-09 14:32:53.377000;6;106272;1;1;0.0000;1;17852.0000;None;192800.0000
769;2023-01-09 14:32:53.377000;6;106272;1;1;0.0000;1;17852.0000;None;192800.0000
769;2023-01-09 14:32:53.377000;6;106272;1;1;0.0000;1;17852.0000;None;192800.0000
20181;2023-01-09 13:40:10.213000;6;106272;1;4;0.0000;1;17667.0000;None;190800.0000
782;2023-01-09 18:15:20.210000;6;106272;1;9;0.0000;1;19222.0000;None;207600.0000
783;2023-01-09 18:20:26.670000;6;106272;1;9;0.0000;1;20759.0000;None;224200.0000
784;2023-01-09 18:22:49.200000;6;106272;1;1;0.0000;1;22102.0000;None;238700.0000
784;2023-01-09 18:22:49.200000;6;106272;1;1;0.0000;1;22102.0000;None;238700.0000
784;2023-01-09 18:22:49.200000;6;106272;1;1;0.0000;1;22102.0000;None;238700.0000
784;2023-01-09 18:22:49.200000;6;106272;1;1;0.0000;1;22102.0000;None;238700.0000
779;2023-01-09 17:43:56.593000;6;106272;1;4;0.0000;1;8241.0000;None;89000.0000
780;2023-01-09 17:44:05.980000;6;106272;1;4;0.0000;1;15315.0000;None;165400.0000
785;2023-01-09 18:23:59.267000;6;106272;1;1;0.0000;1;13778.0000;None;148800.0000
785;2023-01-09 18:23:59.267000;6;106272;1;1;0.0000;1;13778.0000;None;148800.0000
785;2023-01-09 18:23:59.267000;6;106272;1;1;0.0000;1;13778.0000;None;148800.0000
785;2023-01-09 18:23:59.267000;6;106272;1;1;0.0000;1;13778.0000;None;148800.0000
786;2023-01-09 18:24:24.827000;6;106272;1;9;0.0000;1;15648.0000;None;169000.0000
788;2023-01-09 18:59:09.247000;6;106272;1;9;0.0000;1;49704.0000;None;536800.0000
789;2023-01-09 19:16:32.783000;6;106272;1;1;0.0000;1;21056.0000;None;227400.0000
789;2023-01-09 19:16:32.783000;6;106272;1;1;0.0000;1;21056.0000;None;227400.0000
789;2023-01-09 19:16:32.783000;6;106272;1;1;0.0000;1;21056.0000;None;227400.0000
789;2023-01-09 19:16:32.783000;6;106272;1;1;0.0000;1;21056.0000;None;227400.0000
790;2023-01-09 19:27:50.423000;6;106272;1;1;0.0000;1;6296.0000;None;68000.0000
790;2023-01-09 19:27:50.423000;6;106272;1;1;0.0000;1;6296.0000;None;68000.0000
790;2023-01-09 19:27:50.423000;6;106272;1;1;0.0000;1;6296.0000;None;68000.0000
790;2023-01-09 19:27:50.423000;6;106272;1;1;0.0000;1;6296.0000;None;68000.0000
782;2023-01-09 18:34:17.753000;1;106294;1;1;39800.0000;1;19222.0000;None;207600.0000
12727;2023-01-09 12:30:15.987000;1;106352;1;1;69800.0000;1;16889.0000;None;182400.0000
767;2023-01-09 13:57:25.467000;1;106352;1;1;69800.0000;1;14889.0000;None;160800.0000
771;2023-01-09 15:10:41.837000;1;106352;1;1;69800.0000;1;30278.0000;None;327000.0000
20188;2023-01-09 16:48:21.540000;1;106352;1;1;69800.0000;1;18204.0000;None;196600.0000
797;2023-01-09 20:58:07.693000;1;106353;1;1;69800.0000;1;24759.0000;None;267400.0000
759;2023-01-09 13:24:45.787000;6;106511;1;1;0.0000;1;74667.0000;None;806400.0000
797;2023-01-09 21:02:28.553000;1;106578;1;1;37800.0000;1;24759.0000;None;267400.0000
784;2023-01-09 18:28:28.810000;1;106578;1;1;37800.0000;1;22102.0000;None;238700.0000
763;2023-01-09 13:27:47.817000;1;106579;1;1;39800.0000;1;9241.0000;None;99800.0000
779;2023-01-09 17:42:48.990000;1;106655;1;1;13800.0000;1;8241.0000;None;89000.0000
12735;2023-01-09 19:01:36.597000;2;106934;1;1;27800.0000;1;13685.0000;None;147800.0000
788;2023-01-09 19:12:49.667000;1;107150;1;1;49800.0000;1;49704.0000;None;536800.0000
30113;2023-01-09 15:59:41.877000;2;107559;1;1;29800.0000;1;17926.0000;None;193600.0000
30113;2023-01-09 15:08:16.760000;2;107559;1;1;29800.0000;1;17926.0000;None;193600.0000
12737;2023-01-09 20:07:01.460000;2;108132;1;1;23800.0000;1;11482.0000;None;124000.0000
797;2023-01-09 20:57:33.170000;2;108132;1;1;23800.0000;1;24759.0000;None;267400.0000
792;2023-01-09 20:07:01.460000;2;108132;1;1;23800.0000;1;9574.0000;None;103400.0000
30115;2023-01-09 15:27:29.137000;3;108191;1;1;0.0000;1;11389.0000;None;123000.0000
30115;2023-01-09 15:27:29.137000;3;108191;1;1;0.0000;1;11389.0000;None;123000.0000
12733;2023-01-09 16:46:19.900000;3;108191;1;1;0.0000;1;6593.0000;None;71200.0000
763;2023-01-09 13:27:47.817000;3;108191;1;1;0.0000;1;9241.0000;None;99800.0000
30109;2023-01-09 12:56:43.073000;3;108191;1;1;0.0000;1;20945.0000;None;226200.0000
759;2023-01-09 13:24:45.787000;1;108207;1;1;37800.0000;1;74667.0000;None;806400.0000
20186;2023-01-09 14:46:32.367000;1;108207;1;1;37800.0000;1;5222.0000;None;56400.0000
795;2023-01-09 20:45:52.563000;1;108235;1;1;0.0000;1;16370.0000;None;176800.0000
784;2023-01-09 18:31:53.540000;1;108236;1;1;0.0000;1;22102.0000;None;238700.0000
30109;2023-01-09 13:13:23.787000;1;108236;1;1;0.0000;1;20945.0000;None;226200.0000
20181;2023-01-09 13:16:35.973000;1;108266;1;1;52800.0000;1;17667.0000;None;190800.0000
12737;2023-01-09 20:28:16.770000;1;108266;1;1;52800.0000;1;11482.0000;None;124000.0000
764;2023-01-09 14:50:08.593000;1;108280;1;1;16800.0000;1;22426.0000;None;242200.0000
30110;2023-01-09 13:51:08.290000;1;108453;1;1;16800.0000;1;10944.0000;None;118200.0000
12735;2023-01-09 17:15:47.703000;2;108473;1;1;31800.0000;1;13685.0000;None;147800.0000
759;2023-01-09 13:24:45.787000;1;108550;1;1;44800.0000;1;74667.0000;None;806400.0000
786;2023-01-09 18:53:13.597000;1;108550;1;1;44800.0000;1;15648.0000;None;169000.0000
789;2023-01-09 19:27:08.903000;1;108669;1;1;79800.0000;1;21056.0000;None;227400.0000
759;2023-01-09 13:05:31.437000;1;108669;1;1;79800.0000;1;74667.0000;None;806400.0000
20183;2023-01-09 14:09:34.237000;2;108836;1;1;30800.0000;1;27759.0000;None;299800.0000
20183;2023-01-09 14:09:34.237000;2;108836;1;1;30800.0000;1;27759.0000;None;299800.0000
20183;2023-01-09 15:00:47.793000;2;108836;1;2;61600.0000;1;27759.0000;None;299800.0000
764;2023-01-09 14:36:38.917000;2;109123;1;1;27800.0000;1;22426.0000;None;242200.0000
764;2023-01-09 13:59:52.553000;2;109123;1;1;27800.0000;1;22426.0000;None;242200.0000
30109;2023-01-09 13:13:23.787000;1;109203;1;1;38800.0000;1;20945.0000;None;226200.0000
761;2023-01-09 12:50:55.537000;1;109203;1;1;38800.0000;1;16463.0000;None;177800.0000
772;2023-01-09 15:06:20.170000;1;109203;1;1;38800.0000;1;35833.0000;None;387000.0000
793;2023-01-09 20:10:41.923000;1;109203;1;1;38800.0000;1;16796.0000;None;181400.0000
793;2023-01-09 20:10:18.250000;1;109216;1;1;15800.0000;1;16796.0000;None;181400.0000
30112;2023-01-09 14:45:23.573000;1;109359;1;1;35800.0000;1;5870.0000;None;63400.0000
772;2023-01-09 15:07:37.997000;1;109361;1;1;69800.0000;1;35833.0000;None;387000.0000
764;2023-01-09 14:01:42.387000;1;109361;1;1;69800.0000;1;22426.0000;None;242200.0000
12726;2023-01-09 12:01:26.123000;1;109361;1;1;69800.0000;1;None;None;69800.0000
762;2023-01-09 13:04:55.320000;1;109363;1;1;28800.0000;1;8556.0000;None;92400.0000
20185;2023-01-09 14:32:12.593000;1;109418;1;1;18800.0000;1;19982.0000;None;215800.0000
772;2023-01-09 15:54:16.510000;1;109422;1;1;16800.0000;1;35833.0000;None;387000.0000
787;2023-01-09 19:45:58.467000;1;109422;1;1;16800.0000;1;12222.0000;None;132000.0000
786;2023-01-09 18:45:34.297000;2;109587;1;1;27800.0000;1;15648.0000;None;169000.0000
796;2023-01-09 21:17:59.453000;3;200003;1;1;8800.0000;1;7870.0000;None;85000.0000
796;2023-01-09 21:17:59.453000;3;200003;1;1;8800.0000;1;7870.0000;None;85000.0000
795;2023-01-09 20:42:07.680000;3;200004;1;1;9800.0000;1;16370.0000;None;176800.0000
787;2023-01-09 19:04:54.477000;3;200004;1;1;9800.0000;1;12222.0000;None;132000.0000
775;2023-01-09 17:04:18.713000;3;200004;1;1;9800.0000;1;9241.0000;None;99800.0000
760;2023-01-09 12:42:05.030000;3;200004;1;1;9800.0000;1;25519.0000;None;275600.0000
758;2023-01-09 12:48:09.290000;3;200004;1;1;9800.0000;1;18333.0000;None;198000.0000
30109;2023-01-09 13:09:59.933000;3;200004;1;1;9800.0000;1;20945.0000;None;226200.0000
762;2023-01-09 12:51:41.390000;3;200008;1;1;13800.0000;1;8556.0000;None;92400.0000
30113;2023-01-09 15:03:46.280000;3;200008;1;1;13800.0000;1;17926.0000;None;193600.0000
30113;2023-01-09 16:26:35.997000;3;200008;1;1;13800.0000;1;17926.0000;None;193600.0000
770;2023-01-09 14:22:41.800000;3;200008;1;1;13800.0000;1;12815.0000;None;138400.0000
759;2023-01-09 13:15:26.563000;2;200150;1;1;159800.0000;1;74667.0000;None;806400.0000
30115;2023-01-09 15:27:29.137000;2;200480;1;1;12800.0000;1;11389.0000;None;123000.0000
30115;2023-01-09 15:27:29.137000;2;200480;1;1;12800.0000;1;11389.0000;None;123000.0000
20186;2023-01-09 14:42:55.157000;2;200480;1;1;12800.0000;1;5222.0000;None;56400.0000
771;2023-01-09 14:21:49.157000;2;200622;1;1;98800.0000;1;30278.0000;None;327000.0000
771;2023-01-09 14:37:50.667000;3;201146;1;1;5800.0000;1;30278.0000;None;327000.0000
769;2023-01-09 14:41:42.527000;3;201146;1;1;5800.0000;1;17852.0000;None;192800.0000
772;2023-01-09 15:06:20.170000;3;201146;1;1;5800.0000;1;35833.0000;None;387000.0000
30114;2023-01-09 15:19:35.447000;3;201146;1;1;5800.0000;1;4019.0000;None;43400.0000
775;2023-01-09 17:04:18.713000;3;201146;1;1;5800.0000;1;9241.0000;None;99800.0000
759;2023-01-09 12:41:44.180000;3;201146;1;1;5800.0000;1;74667.0000;None;806400.0000
763;2023-01-09 14:03:23.943000;3;201146;1;1;5800.0000;1;9241.0000;None;99800.0000
764;2023-01-09 13:47:43.107000;3;201146;1;2;11600.0000;1;22426.0000;None;242200.0000
30110;2023-01-09 13:48:02.243000;3;201146;1;1;5800.0000;1;10944.0000;None;118200.0000
766;2023-01-09 14:17:56.523000;3;201146;1;1;5800.0000;1;50500.0000;None;545400.0000
766;2023-01-09 14:17:56.523000;3;201146;1;1;5800.0000;1;50500.0000;None;545400.0000
12735;2023-01-09 19:01:17.197000;3;201146;1;1;5800.0000;1;13685.0000;None;147800.0000
788;2023-01-09 19:02:18.473000;3;201146;1;1;5800.0000;1;49704.0000;None;536800.0000
786;2023-01-09 19:14:15.827000;3;201146;1;1;5800.0000;1;15648.0000;None;169000.0000
785;2023-01-09 18:41:48.607000;3;201146;1;1;5800.0000;1;13778.0000;None;148800.0000
793;2023-01-09 20:10:18.250000;3;201146;1;1;5800.0000;1;16796.0000;None;181400.0000
790;2023-01-09 19:36:07.873000;3;201146;1;1;5800.0000;1;6296.0000;None;68000.0000
789;2023-01-09 20:23:27.437000;3;201146;1;1;5800.0000;1;21056.0000;None;227400.0000
780;2023-01-09 18:00:20.037000;2;201187;1;1;9800.0000;1;15315.0000;None;165400.0000
767;2023-01-09 13:54:15.917000;2;201187;1;1;9800.0000;1;14889.0000;None;160800.0000
767;2023-01-09 13:54:15.917000;2;201187;1;1;9800.0000;1;14889.0000;None;160800.0000
764;2023-01-09 13:59:52.553000;2;201187;1;1;9800.0000;1;22426.0000;None;242200.0000
30111;2023-01-09 14:11:26.007000;2;201187;1;1;9800.0000;1;9796.0000;None;105800.0000
30111;2023-01-09 14:11:26.007000;2;201187;1;1;9800.0000;1;9796.0000;None;105800.0000
767;2023-01-09 14:21:19.580000;2;201187;1;1;9800.0000;1;14889.0000;None;160800.0000
20188;2023-01-09 16:32:46.757000;3;201206;1;1;5800.0000;1;18204.0000;None;196600.0000
30110;2023-01-09 13:48:02.243000;3;201206;1;1;5800.0000;1;10944.0000;None;118200.0000
20181;2023-01-09 13:41:01.423000;3;201206;1;1;5800.0000;1;17667.0000;None;190800.0000
761;2023-01-09 13:17:11.967000;3;201206;1;1;5800.0000;1;16463.0000;None;177800.0000
760;2023-01-09 12:57:36.323000;3;201206;1;1;5800.0000;1;25519.0000;None;275600.0000
789;2023-01-09 19:27:14.813000;3;201206;1;1;5800.0000;1;21056.0000;None;227400.0000
788;2023-01-09 19:50:22.287000;3;201206;1;1;5800.0000;1;49704.0000;None;536800.0000
788;2023-01-09 19:02:18.473000;3;201206;1;1;5800.0000;1;49704.0000;None;536800.0000
797;2023-01-09 20:57:33.170000;3;201206;1;1;5800.0000;1;24759.0000;None;267400.0000
797;2023-01-09 20:57:33.170000;3;201206;1;1;5800.0000;1;24759.0000;None;267400.0000
794;2023-01-09 20:26:45.437000;3;201211;1;1;5800.0000;1;6037.0000;None;65200.0000
794;2023-01-09 20:26:45.437000;3;201211;1;1;5800.0000;1;6037.0000;None;65200.0000
788;2023-01-09 19:10:33.287000;3;201211;1;1;5800.0000;1;49704.0000;None;536800.0000
789;2023-01-09 19:27:14.813000;3;201211;1;1;5800.0000;1;21056.0000;None;227400.0000
793;2023-01-09 20:10:18.250000;3;201211;1;1;5800.0000;1;16796.0000;None;181400.0000
780;2023-01-09 18:00:20.037000;3;201211;1;1;5800.0000;1;15315.0000;None;165400.0000
776;2023-01-09 17:13:49.767000;3;201211;1;1;5800.0000;1;5500.0000;None;59400.0000
780;2023-01-09 18:43:51.027000;3;201211;1;1;5800.0000;1;15315.0000;None;165400.0000
763;2023-01-09 13:27:47.817000;3;201211;1;1;5800.0000;1;9241.0000;None;99800.0000
20188;2023-01-09 16:32:46.757000;3;201211;1;1;5800.0000;1;18204.0000;None;196600.0000
12733;2023-01-09 16:46:19.900000;3;201211;1;1;5800.0000;1;6593.0000;None;71200.0000
768;2023-01-09 13:55:45.157000;3;201211;1;1;5800.0000;1;9963.0000;None;107600.0000
30111;2023-01-09 14:11:26.007000;3;201211;1;1;5800.0000;1;9796.0000;None;105800.0000
20185;2023-01-09 14:32:12.593000;3;201211;1;4;23200.0000;1;19982.0000;None;215800.0000
20184;2023-01-09 14:29:20.937000;3;201237;1;1;5800.0000;1;8407.0000;None;90800.0000
783;2023-01-09 18:27:12.687000;3;201237;1;1;5800.0000;1;20759.0000;None;224200.0000
791;2023-01-09 19:42:12.163000;3;201237;1;1;5800.0000;1;2093.0000;None;22600.0000
12733;2023-01-09 16:46:19.900000;3;201269;1;1;5800.0000;1;6593.0000;None;71200.0000
20188;2023-01-09 16:32:46.757000;3;201269;1;1;5800.0000;1;18204.0000;None;196600.0000
763;2023-01-09 13:27:47.817000;3;201269;1;1;5800.0000;1;9241.0000;None;99800.0000
30109;2023-01-09 12:56:43.073000;3;201269;1;1;5800.0000;1;20945.0000;None;226200.0000
759;2023-01-09 12:41:54.663000;3;201269;1;1;5800.0000;1;74667.0000;None;806400.0000
759;2023-01-09 13:15:26.563000;3;201269;1;1;5800.0000;1;74667.0000;None;806400.0000
30112;2023-01-09 14:40:48.457000;2;201615;1;1;13800.0000;1;5870.0000;None;63400.0000
30112;2023-01-09 14:40:48.457000;2;201615;1;1;13800.0000;1;5870.0000;None;63400.0000
767;2023-01-09 14:21:50.763000;2;201615;1;-1;-13800.0000;1;14889.0000;None;160800.0000
767;2023-01-09 14:19:31.140000;2;201615;1;1;13800.0000;1;14889.0000;None;160800.0000
796;2023-01-09 21:18:42.550000;3;201704;1;-1;-13800.0000;1;7870.0000;None;85000.0000
796;2023-01-09 20:48:44.310000;3;201704;1;1;13800.0000;1;7870.0000;None;85000.0000
766;2023-01-09 14:02:39.627000;2;202486;1;1;181800.0000;1;50500.0000;None;545400.0000
777;2023-01-09 17:16:01.597000;2;202508;1;1;164800.0000;1;23148.0000;None;250000.0000
788;2023-01-09 19:32:06.720000;2;202636;1;1;196800.0000;1;49704.0000;None;536800.0000
772;2023-01-09 15:04:39.603000;2;212554;1;1;149800.0000;1;35833.0000;None;387000.0000
