12774;2023-01-13 18:09:09.117000;None;3;None;1;-105150.0000;2;None;None;105150.0000
20218;2023-01-13 14:21:42.323000;7;1001;1;1;0.0000;1;15722.0000;None;169800.0000
30136;2023-01-13 19:33:46.453000;7;1001;1;1;0.0000;1;10426.0000;None;112600.0000
30137;2023-01-13 21:00:36.347000;7;1001;1;1;0.0000;1;21630.0000;None;233600.0000
20225;2023-01-13 21:40:42.513000;7;1001;1;1;0.0000;1;9648.0000;None;104200.0000
949;2023-01-13 20:50:49.090000;7;1002;1;1;0.0000;1;9324.0000;None;100700.0000
20217;2023-01-13 14:17:56.797000;7;1002;1;1;0.0000;1;16537.0000;None;178600.0000
916;2023-01-13 13:24:25.573000;7;1002;1;1;None;1;16907.0000;None;182600.0000
916;2023-01-13 13:24:25.573000;7;1006;1;1;None;1;16907.0000;None;182600.0000
914;2023-01-13 13:15:11.067000;7;1006;1;1;0.0000;1;16000.0000;None;172800.0000
914;2023-01-13 13:15:11.067000;7;1006;1;1;0.0000;1;16000.0000;None;172800.0000
908;2023-01-13 13:12:28.677000;7;1006;1;1;0.0000;1;24000.0000;None;259200.0000
911;2023-01-13 13:18:08.487000;7;1006;1;1;0.0000;1;13056.0000;None;141000.0000
905;2023-01-13 12:54:58.183000;7;1006;1;1;0.0000;1;26778.0000;None;289200.0000
20217;2023-01-13 14:17:56.797000;7;1006;1;1;0.0000;1;16537.0000;None;178600.0000
20216;2023-01-13 14:00:53.867000;7;1006;1;1;0.0000;1;18352.0000;None;198200.0000
928;2023-01-13 16:22:49.950000;7;1006;1;1;0.0000;1;22093.0000;None;238600.0000
940;2023-01-13 19:47:55.440000;7;1006;1;1;0.0000;1;24593.0000;None;265600.0000
938;2023-01-13 19:28:46.863000;7;1006;1;1;0.0000;1;21537.0000;None;232600.0000
938;2023-01-13 19:28:46.863000;7;1006;1;1;0.0000;1;21537.0000;None;232600.0000
20224;2023-01-13 21:32:43.093000;7;1007;1;1;0.0000;1;27593.0000;None;298000.0000
20224;2023-01-13 21:32:43.093000;7;1045;1;1;0.0000;1;27593.0000;None;298000.0000
20226;2023-01-13 21:34:59.810000;7;1045;1;1;0.0000;1;24796.0000;None;267800.0000
957;2023-01-13 22:00:21.913000;7;1045;1;1;None;1;27111.0000;None;292800.0000
955;2023-01-13 21:29:39.253000;7;1045;1;1;0.0000;1;26574.0000;None;287000.0000
929;2023-01-13 16:14:04.520000;7;1045;1;1;0.0000;1;12037.0000;None;130000.0000
924;2023-01-13 15:09:12.453000;7;1045;1;1;0.0000;1;10926.0000;None;118000.0000
20216;2023-01-13 14:00:53.867000;7;1128;1;1;0.0000;1;18352.0000;None;198200.0000
20222;2023-01-13 20:11:37.673000;7;1131;1;1;0.0000;1;14056.0000;None;151800.0000
12776;2023-01-13 20:44:50.387000;7;1135;1;1;0.0000;1;2296.0000;None;24800.0000
954;2023-01-13 22:13:11.533000;7;1135;1;1;0.0000;1;None;None;179800.0000
937;2023-01-13 18:54:05.207000;7;1135;1;1;None;1;14315.0000;None;154600.0000
20220;2023-01-13 19:33:47.550000;7;1135;1;1;0.0000;1;27324.0000;None;295100.0000
20221;2023-01-13 19:33:17.077000;7;1135;1;1;0.0000;1;7796.0000;None;84200.0000
943;2023-01-13 19:49:09.533000;7;1135;1;1;0.0000;1;28333.0000;None;306000.0000
930;2023-01-13 16:36:22.273000;7;1135;1;1;0.0000;1;20556.0000;None;222000.0000
936;2023-01-13 19:26:21.697000;7;1135;1;-1;0.0000;1;28278.0000;None;305400.0000
936;2023-01-13 19:21:50.273000;7;1135;1;1;None;1;28278.0000;None;305400.0000
12772;2023-01-13 13:49:54.957000;7;1135;1;1;0.0000;1;None;None;74600.0000
12772;2023-01-13 13:49:54.957000;7;1135;1;1;0.0000;1;None;None;74600.0000
923;2023-01-13 14:22:46.480000;7;1135;1;1;0.0000;1;6241.0000;None;67400.0000
20219;2023-01-13 15:27:30.853000;7;1135;1;1;0.0000;1;45222.0000;None;488400.0000
20219;2023-01-13 15:21:31.920000;7;1135;1;1;0.0000;1;45222.0000;None;488400.0000
20219;2023-01-13 15:21:31.920000;7;1135;1;1;0.0000;1;45222.0000;None;488400.0000
926;2023-01-13 16:02:29.690000;7;1135;1;1;0.0000;1;10148.0000;None;109600.0000
20219;2023-01-13 15:21:31.920000;7;1141;1;1;0.0000;1;45222.0000;None;488400.0000
20219;2023-01-13 15:21:31.920000;7;1141;1;1;0.0000;1;45222.0000;None;488400.0000
20219;2023-01-13 15:21:31.920000;7;1141;1;1;0.0000;1;45222.0000;None;488400.0000
20219;2023-01-13 15:21:31.920000;7;1141;1;1;0.0000;1;45222.0000;None;488400.0000
20219;2023-01-13 15:21:31.920000;7;1141;1;1;0.0000;1;45222.0000;None;488400.0000
20219;2023-01-13 15:21:31.920000;7;1141;1;1;0.0000;1;45222.0000;None;488400.0000
926;2023-01-13 15:47:01.947000;7;1207;1;1;None;1;10148.0000;None;109600.0000
30131;2023-01-13 13:03:30.277000;7;1207;1;1;None;1;14704.0000;None;158800.0000
936;2023-01-13 19:21:50.273000;7;1207;1;1;0.0000;1;28278.0000;None;305400.0000
936;2023-01-13 18:56:36.077000;7;1207;1;1;0.0000;1;28278.0000;None;305400.0000
934;2023-01-13 18:18:43.653000;7;1207;1;1;None;1;6056.0000;None;65400.0000
935;2023-01-13 19:48:56.983000;7;1207;1;1;0.0000;1;11093.0000;None;119800.0000
30135;2023-01-13 19:07:13.150000;7;1207;1;1;0.0000;1;3500.0000;None;37800.0000
943;2023-01-13 19:40:54.077000;7;1207;1;1;0.0000;1;28333.0000;None;306000.0000
940;2023-01-13 19:47:55.440000;7;1207;1;1;0.0000;1;24593.0000;None;265600.0000
957;2023-01-13 21:50:00.590000;7;1207;1;1;0.0000;1;27111.0000;None;292800.0000
956;2023-01-13 22:36:40.737000;7;1216;1;1;0.0000;1;9148.0000;None;98800.0000
30132;2023-01-13 14:23:09.130000;7;1216;1;1;0.0000;1;12454.0000;None;134500.0000
30135;2023-01-13 18:22:38.413000;7;1219;1;1;0.0000;1;3500.0000;None;37800.0000
30136;2023-01-13 19:43:19.537000;7;1220;1;1;0.0000;1;10426.0000;None;112600.0000
957;2023-01-13 22:10:13.557000;7;1220;1;1;None;1;27111.0000;None;292800.0000
957;2023-01-13 22:10:13.557000;7;1220;1;1;None;1;27111.0000;None;292800.0000
20226;2023-01-13 21:40:19.497000;7;1220;1;1;0.0000;1;24796.0000;None;267800.0000
20226;2023-01-13 21:40:19.497000;7;1220;1;1;0.0000;1;24796.0000;None;267800.0000
20225;2023-01-13 22:05:34.427000;7;1220;1;1;0.0000;1;9648.0000;None;104200.0000
20225;2023-01-13 22:05:34.427000;7;1220;1;1;0.0000;1;9648.0000;None;104200.0000
20224;2023-01-13 21:40:49.253000;7;1220;1;1;0.0000;1;27593.0000;None;298000.0000
20224;2023-01-13 21:40:49.253000;7;1220;1;1;0.0000;1;27593.0000;None;298000.0000
955;2023-01-13 21:42:56.327000;7;1220;1;1;0.0000;1;26574.0000;None;287000.0000
955;2023-01-13 21:42:56.327000;7;1220;1;1;0.0000;1;26574.0000;None;287000.0000
30137;2023-01-13 21:27:12.583000;7;1220;1;1;0.0000;1;21630.0000;None;233600.0000
20218;2023-01-13 14:32:59.100000;7;1220;1;1;0.0000;1;15722.0000;None;169800.0000
20218;2023-01-13 14:32:59.100000;7;1220;1;1;0.0000;1;15722.0000;None;169800.0000
929;2023-01-13 16:28:24.023000;7;1220;1;1;None;1;12037.0000;None;130000.0000
929;2023-01-13 16:28:24.023000;7;1220;1;1;None;1;12037.0000;None;130000.0000
924;2023-01-13 15:16:01.657000;7;1220;1;1;0.0000;1;10926.0000;None;118000.0000
924;2023-01-13 15:16:01.657000;7;1220;1;1;0.0000;1;10926.0000;None;118000.0000
936;2023-01-13 19:21:50.273000;7;1302;1;1;0.0000;1;28278.0000;None;305400.0000
30138;2023-01-13 22:09:19.720000;7;1303;1;1;0.0000;1;2500.0000;None;27000.0000
958;2023-01-13 22:43:29.677000;7;1303;1;1;0.0000;1;8982.0000;None;97000.0000
30135;2023-01-13 21:05:45.270000;7;1303;1;1;0.0000;1;3500.0000;None;37800.0000
934;2023-01-13 19:05:16.623000;7;1303;1;1;0.0000;1;6056.0000;None;65400.0000
935;2023-01-13 20:20:45.193000;7;1303;1;1;0.0000;1;11093.0000;None;119800.0000
930;2023-01-13 17:36:08.443000;7;1303;1;1;0.0000;1;20556.0000;None;222000.0000
931;2023-01-13 17:19:39.857000;7;1303;1;1;0.0000;1;16074.0000;None;173600.0000
20221;2023-01-13 20:09:58.253000;7;1303;1;1;0.0000;1;7796.0000;None;84200.0000
30136;2023-01-13 21:02:02.660000;7;1303;1;1;0.0000;1;10426.0000;None;112600.0000
942;2023-01-13 20:24:04.843000;7;1303;1;1;0.0000;1;11019.0000;None;119000.0000
941;2023-01-13 20:44:42.017000;7;1303;1;1;0.0000;1;11833.0000;None;127800.0000
939;2023-01-13 20:42:52.923000;7;1303;1;1;0.0000;1;8556.0000;None;92400.0000
937;2023-01-13 20:13:52.020000;7;1303;1;1;0.0000;1;14315.0000;None;154600.0000
30137;2023-01-13 21:49:51.713000;7;1303;1;1;0.0000;1;21630.0000;None;233600.0000
952;2023-01-13 21:47:01.393000;7;1303;1;1;0.0000;1;12778.0000;None;138000.0000
953;2023-01-13 22:25:31.787000;7;1303;1;1;0.0000;1;19083.0000;None;206100.0000
955;2023-01-13 22:38:20.600000;7;1303;1;1;0.0000;1;26574.0000;None;287000.0000
20224;2023-01-13 22:15:12.953000;7;1303;1;1;0.0000;1;27593.0000;None;298000.0000
20225;2023-01-13 22:32:20.610000;7;1303;1;1;0.0000;1;9648.0000;None;104200.0000
950;2023-01-13 21:44:57.623000;7;1303;1;1;0.0000;1;9000.0000;None;97200.0000
20223;2023-01-13 22:33:57.390000;7;1303;1;1;0.0000;1;8704.0000;None;94000.0000
948;2023-01-13 22:48:15.800000;7;1303;1;1;0.0000;1;17056.0000;None;184200.0000
20222;2023-01-13 21:06:28.920000;7;1303;1;1;0.0000;1;14056.0000;None;151800.0000
946;2023-01-13 20:34:47.440000;7;1303;1;1;0.0000;1;11352.0000;None;122600.0000
947;2023-01-13 21:05:58.367000;7;1303;1;1;0.0000;1;8815.0000;None;95200.0000
944;2023-01-13 22:25:21.423000;7;1303;1;1;0.0000;1;46722.0000;None;504600.0000
30134;2023-01-13 15:38:44.013000;7;1303;1;1;0.0000;1;10537.0000;None;113800.0000
20219;2023-01-13 16:06:45.997000;7;1303;1;1;0.0000;1;45222.0000;None;488400.0000
929;2023-01-13 17:13:11.877000;7;1303;1;1;0.0000;1;12037.0000;None;130000.0000
928;2023-01-13 17:42:04.413000;7;1303;1;1;0.0000;1;22093.0000;None;238600.0000
927;2023-01-13 17:25:12.233000;7;1303;1;1;0.0000;1;10148.0000;None;109600.0000
20218;2023-01-13 15:36:32.990000;7;1303;1;1;0.0000;1;15722.0000;None;169800.0000
923;2023-01-13 14:49:28.970000;7;1303;1;1;0.0000;1;6241.0000;None;67400.0000
922;2023-01-13 15:15:42.560000;7;1303;1;1;0.0000;1;14963.0000;None;161600.0000
20217;2023-01-13 15:30:47.900000;7;1303;1;1;0.0000;1;16537.0000;None;178600.0000
917;2023-01-13 14:51:39.663000;7;1303;1;1;0.0000;1;12185.0000;None;131600.0000
30133;2023-01-13 14:58:34.803000;7;1303;1;1;0.0000;1;8000.0000;None;86400.0000
20216;2023-01-13 15:17:21.767000;7;1303;1;1;0.0000;1;18352.0000;None;198200.0000
30131;2023-01-13 13:34:12.077000;7;1303;1;1;0.0000;1;14704.0000;None;158800.0000
911;2023-01-13 13:58:04.110000;7;1303;1;1;0.0000;1;13056.0000;None;141000.0000
910;2023-01-13 14:38:05.197000;7;1303;1;1;0.0000;1;12741.0000;None;137600.0000
907;2023-01-13 13:51:18.293000;7;1303;1;1;0.0000;1;6870.0000;None;74200.0000
913;2023-01-13 14:16:11.657000;7;1303;1;1;0.0000;1;14685.0000;None;158600.0000
916;2023-01-13 14:22:16.783000;7;1303;1;1;0.0000;1;16907.0000;None;182600.0000
904;2023-01-13 14:15:46.113000;7;1303;1;1;0.0000;1;42352.0000;None;457400.0000
906;2023-01-13 13:46:26.700000;7;1303;1;1;0.0000;1;12852.0000;None;138800.0000
30130;2023-01-13 14:10:34.930000;7;1303;1;1;0.0000;1;10370.0000;None;112000.0000
905;2023-01-13 13:45:37.933000;7;1303;1;1;0.0000;1;26778.0000;None;289200.0000
906;2023-01-13 12:47:49.533000;7;1306;1;1;0.0000;1;12852.0000;None;138800.0000
905;2023-01-13 12:54:58.183000;7;1306;1;1;0.0000;1;26778.0000;None;289200.0000
916;2023-01-13 13:24:25.573000;7;1306;1;1;None;1;16907.0000;None;182600.0000
916;2023-01-13 13:24:25.573000;7;1306;1;1;None;1;16907.0000;None;182600.0000
915;2023-01-13 13:38:00.093000;7;1306;1;1;0.0000;1;24278.0000;None;262200.0000
914;2023-01-13 13:15:11.067000;7;1306;1;1;0.0000;1;16000.0000;None;172800.0000
907;2023-01-13 12:52:11.090000;7;1306;1;1;0.0000;1;6870.0000;None;74200.0000
908;2023-01-13 13:12:28.677000;7;1306;2;1;0.0000;1;24000.0000;None;259200.0000
20216;2023-01-13 14:00:53.867000;7;1306;1;1;0.0000;1;18352.0000;None;198200.0000
20217;2023-01-13 14:17:56.797000;7;1306;1;1;0.0000;1;16537.0000;None;178600.0000
20217;2023-01-13 14:17:56.797000;7;1306;1;1;0.0000;1;16537.0000;None;178600.0000
928;2023-01-13 16:22:49.950000;7;1306;1;1;0.0000;1;22093.0000;None;238600.0000
951;2023-01-13 21:02:45.080000;7;1306;1;1;0.0000;1;14426.0000;None;155800.0000
951;2023-01-13 21:02:45.080000;7;1306;2;1;0.0000;1;14426.0000;None;155800.0000
954;2023-01-13 21:30:16.213000;7;1306;1;1;0.0000;1;None;None;179800.0000
937;2023-01-13 18:54:05.207000;7;1306;1;1;None;1;14315.0000;None;154600.0000
943;2023-01-13 20:24:33.227000;7;1306;1;1;0.0000;1;28333.0000;None;306000.0000
943;2023-01-13 20:24:33.227000;7;1306;2;1;0.0000;1;28333.0000;None;306000.0000
940;2023-01-13 19:47:55.440000;7;1306;2;1;0.0000;1;24593.0000;None;265600.0000
940;2023-01-13 19:47:55.440000;7;1306;1;1;0.0000;1;24593.0000;None;265600.0000
932;2023-01-13 17:32:54.630000;7;1306;1;1;0.0000;1;19667.0000;None;212400.0000
936;2023-01-13 19:21:50.273000;7;1307;1;1;0.0000;1;28278.0000;None;305400.0000
949;2023-01-13 20:50:49.090000;7;1308;1;1;0.0000;1;9324.0000;None;100700.0000
907;2023-01-13 13:08:57.250000;7;2002;1;2;0.0000;1;6870.0000;None;74200.0000
20219;2023-01-13 14:30:09.517000;7;2002;1;7;0.0000;1;45222.0000;None;488400.0000
917;2023-01-13 13:35:59.647000;7;2008;1;2;0.0000;1;12185.0000;None;131600.0000
951;2023-01-13 22:19:27.677000;7;2008;1;2;0.0000;1;14426.0000;None;155800.0000
20226;2023-01-13 21:46:27.173000;7;2008;1;2;0.0000;1;24796.0000;None;267800.0000
910;2023-01-13 13:51:34.660000;7;2009;1;1;0.0000;1;12741.0000;None;137600.0000
20219;2023-01-13 14:30:09.517000;7;2015;1;7;0.0000;1;45222.0000;None;488400.0000
922;2023-01-13 14:11:51.667000;7;2016;1;2;None;1;14963.0000;None;161600.0000
910;2023-01-13 13:01:54.390000;7;2016;1;1;0.0000;1;12741.0000;None;137600.0000
907;2023-01-13 12:52:11.090000;7;2016;1;1;0.0000;1;6870.0000;None;74200.0000
907;2023-01-13 13:08:57.250000;7;2016;1;2;0.0000;1;6870.0000;None;74200.0000
905;2023-01-13 12:44:32.387000;7;2016;1;1;0.0000;1;26778.0000;None;289200.0000
905;2023-01-13 13:25:13.850000;7;2016;1;1;0.0000;1;26778.0000;None;289200.0000
30136;2023-01-13 19:30:56.613000;7;2042;1;1;0.0000;1;10426.0000;None;112600.0000
30136;2023-01-13 20:34:12.200000;7;2042;1;1;0.0000;1;10426.0000;None;112600.0000
20220;2023-01-13 19:26:37.640000;7;2042;1;1;0.0000;1;27324.0000;None;295100.0000
20219;2023-01-13 14:31:08.047000;7;2044;1;1;0.0000;1;45222.0000;None;488400.0000
20219;2023-01-13 14:31:08.047000;7;2044;1;1;0.0000;1;45222.0000;None;488400.0000
20219;2023-01-13 15:18:58.960000;7;2044;1;1;0.0000;1;45222.0000;None;488400.0000
939;2023-01-13 19:23:18.230000;7;2045;1;1;0.0000;1;8556.0000;None;92400.0000
20220;2023-01-13 20:11:50.110000;7;2045;1;1;0.0000;1;27324.0000;None;295100.0000
944;2023-01-13 21:15:48.617000;7;2046;1;1;0.0000;1;46722.0000;None;504600.0000
944;2023-01-13 19:59:51.597000;7;2046;1;1;0.0000;1;46722.0000;None;504600.0000
935;2023-01-13 19:48:56.983000;7;2050;1;1;0.0000;1;11093.0000;None;119800.0000
935;2023-01-13 18:38:41.547000;7;2050;1;1;0.0000;1;11093.0000;None;119800.0000
937;2023-01-13 19:07:54.457000;7;2065;1;1;0.0000;1;14315.0000;None;154600.0000
937;2023-01-13 19:07:54.457000;7;2065;1;1;0.0000;1;14315.0000;None;154600.0000
910;2023-01-13 13:01:54.390000;7;2065;1;1;0.0000;1;12741.0000;None;137600.0000
956;2023-01-13 21:40:00.747000;7;2072;1;1;0.0000;1;9148.0000;None;98800.0000
931;2023-01-13 16:31:22.733000;7;2094;1;1;0.0000;1;16074.0000;None;173600.0000
931;2023-01-13 16:31:22.733000;7;2094;1;1;0.0000;1;16074.0000;None;173600.0000
931;2023-01-13 16:31:22.733000;7;2094;1;1;0.0000;1;16074.0000;None;173600.0000
30131;2023-01-13 13:25:12.737000;3;100596;1;1;5800.0000;1;14704.0000;None;158800.0000
911;2023-01-13 13:47:34.370000;3;100596;1;1;5800.0000;1;13056.0000;None;141000.0000
914;2023-01-13 14:02:13.507000;3;100596;1;1;5800.0000;1;16000.0000;None;172800.0000
20216;2023-01-13 14:41:01.177000;3;100596;1;1;5800.0000;1;18352.0000;None;198200.0000
927;2023-01-13 17:06:13.087000;3;100606;1;1;6800.0000;1;10148.0000;None;109600.0000
916;2023-01-13 14:07:17.273000;3;100606;1;1;6800.0000;1;16907.0000;None;182600.0000
910;2023-01-13 13:51:34.660000;3;100606;1;1;6800.0000;1;12741.0000;None;137600.0000
922;2023-01-13 15:04:26.283000;3;100613;1;1;5800.0000;1;14963.0000;None;161600.0000
955;2023-01-13 22:23:16.373000;3;100613;1;1;5800.0000;1;26574.0000;None;287000.0000
30135;2023-01-13 19:07:13.150000;3;100614;1;1;5800.0000;1;3500.0000;None;37800.0000
940;2023-01-13 20:53:54.957000;3;100614;1;1;5800.0000;1;24593.0000;None;265600.0000
940;2023-01-13 20:53:54.957000;3;100614;1;1;5800.0000;1;24593.0000;None;265600.0000
20217;2023-01-13 15:02:28.390000;3;100614;1;1;5800.0000;1;16537.0000;None;178600.0000
20218;2023-01-13 15:00:01.513000;3;100614;1;3;17400.0000;1;15722.0000;None;169800.0000
20216;2023-01-13 14:41:01.177000;3;100614;1;1;5800.0000;1;18352.0000;None;198200.0000
30133;2023-01-13 14:43:33.033000;3;100614;1;2;11600.0000;1;8000.0000;None;86400.0000
926;2023-01-13 15:25:56.870000;3;100614;1;1;5800.0000;1;10148.0000;None;109600.0000
916;2023-01-13 14:07:17.273000;3;100614;1;1;5800.0000;1;16907.0000;None;182600.0000
915;2023-01-13 14:44:45.057000;3;100614;1;1;5800.0000;1;24278.0000;None;262200.0000
915;2023-01-13 14:44:45.057000;3;100614;1;1;5800.0000;1;24278.0000;None;262200.0000
30138;2023-01-13 21:54:08.440000;3;100614;1;1;5800.0000;1;2500.0000;None;27000.0000
30138;2023-01-13 21:54:08.440000;3;100614;1;1;5800.0000;1;2500.0000;None;27000.0000
906;2023-01-13 12:47:49.533000;1;100963;1;1;0.0000;1;12852.0000;None;138800.0000
928;2023-01-13 16:22:49.950000;1;100963;1;1;0.0000;1;22093.0000;None;238600.0000
20216;2023-01-13 14:00:53.867000;1;100963;1;1;0.0000;1;18352.0000;None;198200.0000
940;2023-01-13 19:47:55.440000;1;100963;1;1;0.0000;1;24593.0000;None;265600.0000
955;2023-01-13 21:29:39.253000;1;100963;1;1;0.0000;1;26574.0000;None;287000.0000
954;2023-01-13 21:30:16.213000;1;100963;1;1;0.0000;1;None;None;179800.0000
20224;2023-01-13 21:32:43.093000;1;100963;1;1;0.0000;1;27593.0000;None;298000.0000
20223;2023-01-13 21:43:45.433000;3;100999;1;1;5800.0000;1;8704.0000;None;94000.0000
948;2023-01-13 21:44:24.907000;3;100999;1;1;5800.0000;1;17056.0000;None;184200.0000
928;2023-01-13 17:14:56.887000;3;100999;1;1;5800.0000;1;22093.0000;None;238600.0000
928;2023-01-13 17:14:56.887000;3;100999;1;1;5800.0000;1;22093.0000;None;238600.0000
908;2023-01-13 13:12:28.677000;1;101084;1;1;69800.0000;1;24000.0000;None;259200.0000
20224;2023-01-13 21:32:43.093000;1;101084;1;1;69800.0000;1;27593.0000;None;298000.0000
956;2023-01-13 22:36:40.737000;1;101088;1;1;3800.0000;1;9148.0000;None;98800.0000
30135;2023-01-13 18:22:38.413000;1;101088;1;1;3800.0000;1;3500.0000;None;37800.0000
30132;2023-01-13 14:23:09.130000;1;101088;1;1;3800.0000;1;12454.0000;None;134500.0000
908;2023-01-13 13:12:28.677000;1;101092;1;1;49800.0000;1;24000.0000;None;259200.0000
940;2023-01-13 19:47:55.440000;1;101092;1;1;49800.0000;1;24593.0000;None;265600.0000
956;2023-01-13 22:36:40.737000;1;101118;1;1;10800.0000;1;9148.0000;None;98800.0000
30132;2023-01-13 14:23:09.130000;1;101118;1;1;10800.0000;1;12454.0000;None;134500.0000
931;2023-01-13 16:37:58.780000;1;101119;1;1;8800.0000;1;16074.0000;None;173600.0000
956;2023-01-13 21:40:00.747000;1;101122;1;1;34800.0000;1;9148.0000;None;98800.0000
922;2023-01-13 14:30:25.970000;1;101122;1;1;34800.0000;1;14963.0000;None;161600.0000
905;2023-01-13 12:54:58.183000;1;101122;1;1;34800.0000;1;26778.0000;None;289200.0000
30137;2023-01-13 21:00:36.347000;1;101178;1;1;42800.0000;1;21630.0000;None;233600.0000
944;2023-01-13 20:11:54.627000;1;101178;1;1;42800.0000;1;46722.0000;None;504600.0000
20222;2023-01-13 20:24:59.697000;1;101203;1;1;51800.0000;1;14056.0000;None;151800.0000
20218;2023-01-13 14:21:42.323000;1;101212;1;1;25800.0000;1;15722.0000;None;169800.0000
917;2023-01-13 14:27:27.577000;3;101216;1;2;13600.0000;1;12185.0000;None;131600.0000
917;2023-01-13 13:39:40.627000;1;101244;1;1;29800.0000;1;12185.0000;None;131600.0000
929;2023-01-13 16:13:52.283000;1;101244;1;1;29800.0000;1;12037.0000;None;130000.0000
926;2023-01-13 15:15:37.010000;1;101244;1;1;29800.0000;1;10148.0000;None;109600.0000
925;2023-01-13 15:19:49.150000;1;101244;1;1;29800.0000;1;6056.0000;None;65400.0000
905;2023-01-13 12:44:11.383000;1;101244;1;1;29800.0000;1;26778.0000;None;289200.0000
906;2023-01-13 12:41:22.037000;1;101244;1;1;29800.0000;1;12852.0000;None;138800.0000
930;2023-01-13 16:53:59.623000;1;101244;1;1;29800.0000;1;20556.0000;None;222000.0000
936;2023-01-13 18:54:12.090000;1;101244;1;1;29800.0000;1;28278.0000;None;305400.0000
20220;2023-01-13 19:27:53.457000;1;101244;1;1;29800.0000;1;27324.0000;None;295100.0000
930;2023-01-13 16:53:59.623000;1;101258;1;1;47800.0000;1;20556.0000;None;222000.0000
30136;2023-01-13 19:33:46.453000;1;101267;1;1;28800.0000;1;10426.0000;None;112600.0000
20226;2023-01-13 21:31:20.613000;1;101267;1;1;28800.0000;1;24796.0000;None;267800.0000
944;2023-01-13 20:11:54.627000;1;101269;1;1;39800.0000;1;46722.0000;None;504600.0000
917;2023-01-13 13:39:40.627000;1;101269;1;1;39800.0000;1;12185.0000;None;131600.0000
917;2023-01-13 13:35:59.647000;1;101270;1;2;0.0000;1;12185.0000;None;131600.0000
917;2023-01-13 13:56:27.213000;1;101270;1;2;0.0000;1;12185.0000;None;131600.0000
922;2023-01-13 14:11:51.667000;1;101270;1;2;None;1;14963.0000;None;161600.0000
20219;2023-01-13 15:18:58.960000;1;101270;1;1;0.0000;1;45222.0000;None;488400.0000
924;2023-01-13 15:00:46.373000;1;101270;1;1;0.0000;1;10926.0000;None;118000.0000
905;2023-01-13 13:25:13.850000;1;101270;1;1;0.0000;1;26778.0000;None;289200.0000
905;2023-01-13 12:44:32.387000;1;101270;1;1;0.0000;1;26778.0000;None;289200.0000
907;2023-01-13 12:52:11.090000;1;101270;1;1;0.0000;1;6870.0000;None;74200.0000
907;2023-01-13 13:08:57.250000;1;101270;1;2;0.0000;1;6870.0000;None;74200.0000
910;2023-01-13 13:01:54.390000;1;101270;1;1;0.0000;1;12741.0000;None;137600.0000
911;2023-01-13 13:03:43.773000;1;101270;1;1;0.0000;1;13056.0000;None;141000.0000
911;2023-01-13 13:03:43.773000;1;101270;1;1;0.0000;1;13056.0000;None;141000.0000
916;2023-01-13 13:22:54.787000;1;101270;1;1;None;1;16907.0000;None;182600.0000
915;2023-01-13 13:27:01.760000;1;101270;1;1;0.0000;1;24278.0000;None;262200.0000
915;2023-01-13 13:31:07.823000;1;101270;1;1;0.0000;1;24278.0000;None;262200.0000
914;2023-01-13 13:57:46.967000;1;101270;1;1;0.0000;1;16000.0000;None;172800.0000
914;2023-01-13 13:09:35.617000;1;101270;1;1;0.0000;1;16000.0000;None;172800.0000
948;2023-01-13 20:30:26.637000;1;101270;1;1;0.0000;1;17056.0000;None;184200.0000
948;2023-01-13 20:30:26.637000;1;101270;1;1;0.0000;1;17056.0000;None;184200.0000
947;2023-01-13 20:24:18.543000;1;101270;1;1;0.0000;1;8815.0000;None;95200.0000
946;2023-01-13 19:52:58.883000;1;101270;1;3;0.0000;1;11352.0000;None;122600.0000
949;2023-01-13 20:36:38.900000;1;101270;1;1;0.0000;1;9324.0000;None;100700.0000
20226;2023-01-13 21:26:03.250000;1;101270;1;1;0.0000;1;24796.0000;None;267800.0000
20225;2023-01-13 21:40:42.513000;1;101270;1;1;0.0000;1;9648.0000;None;104200.0000
954;2023-01-13 21:12:56.247000;1;101270;1;2;0.0000;1;None;None;179800.0000
30136;2023-01-13 19:30:56.613000;1;101270;1;1;0.0000;1;10426.0000;None;112600.0000
941;2023-01-13 19:41:55.413000;1;101270;1;1;0.0000;1;11833.0000;None;127800.0000
20220;2023-01-13 20:11:50.110000;1;101270;1;1;0.0000;1;27324.0000;None;295100.0000
934;2023-01-13 18:18:43.653000;1;101270;1;1;None;1;6056.0000;None;65400.0000
934;2023-01-13 18:18:43.653000;1;101270;1;1;None;1;6056.0000;None;65400.0000
936;2023-01-13 20:10:41.743000;1;101308;1;1;16800.0000;1;28278.0000;None;305400.0000
20218;2023-01-13 15:00:01.513000;1;101308;1;1;16800.0000;1;15722.0000;None;169800.0000
911;2023-01-13 13:18:08.487000;1;101313;1;1;79800.0000;1;13056.0000;None;141000.0000
938;2023-01-13 19:28:46.863000;1;101313;1;1;79800.0000;1;21537.0000;None;232600.0000
911;2023-01-13 13:18:08.487000;1;101433;1;1;0.0000;1;13056.0000;None;141000.0000
915;2023-01-13 13:38:00.093000;1;101433;1;1;0.0000;1;24278.0000;None;262200.0000
916;2023-01-13 13:24:25.573000;1;101433;1;1;None;1;16907.0000;None;182600.0000
910;2023-01-13 13:16:39.947000;6;101438;1;1;0.0000;1;12741.0000;None;137600.0000
910;2023-01-13 13:16:39.947000;6;101438;1;1;0.0000;1;12741.0000;None;137600.0000
905;2023-01-13 12:54:58.183000;6;101438;1;1;0.0000;1;26778.0000;None;289200.0000
30130;2023-01-13 12:49:45.883000;6;101438;1;1;0.0000;1;10370.0000;None;112000.0000
923;2023-01-13 14:22:46.480000;6;101438;1;1;0.0000;1;6241.0000;None;67400.0000
20219;2023-01-13 15:21:31.920000;6;101438;1;1;0.0000;1;45222.0000;None;488400.0000
20221;2023-01-13 19:33:17.077000;6;101438;1;1;0.0000;1;7796.0000;None;84200.0000
942;2023-01-13 19:49:54.627000;6;101438;1;1;0.0000;1;11019.0000;None;119000.0000
934;2023-01-13 18:27:53.630000;6;101438;1;1;0.0000;1;6056.0000;None;65400.0000
948;2023-01-13 20:30:26.637000;6;101438;1;1;0.0000;1;17056.0000;None;184200.0000
950;2023-01-13 20:45:39.157000;6;101438;1;1;0.0000;1;9000.0000;None;97200.0000
947;2023-01-13 20:02:46.697000;6;101438;1;1;0.0000;1;8815.0000;None;95200.0000
944;2023-01-13 20:47:16.510000;None;101442;None;1;0.0000;1;46722.0000;None;504600.0000
954;2023-01-13 21:30:16.213000;None;101442;None;1;None;1;None;None;179800.0000
954;2023-01-13 22:20:35.020000;None;101442;None;-1;0.0000;1;None;None;179800.0000
20219;2023-01-13 15:21:31.920000;None;101442;None;1;0.0000;1;45222.0000;None;488400.0000
12772;2023-01-13 13:49:54.957000;6;101470;1;1;0.0000;1;None;None;74600.0000
954;2023-01-13 22:13:11.533000;6;101470;1;1;0.0000;1;None;None;179800.0000
30137;2023-01-13 21:00:36.347000;6;101470;1;1;0.0000;1;21630.0000;None;233600.0000
944;2023-01-13 20:51:21.907000;6;101470;1;1;0.0000;1;46722.0000;None;504600.0000
948;2023-01-13 20:30:26.637000;6;101470;1;1;0.0000;1;17056.0000;None;184200.0000
936;2023-01-13 19:21:50.273000;6;101470;1;1;0.0000;1;28278.0000;None;305400.0000
939;2023-01-13 19:23:18.230000;6;101470;1;1;0.0000;1;8556.0000;None;92400.0000
938;2023-01-13 19:28:46.863000;1;101519;1;1;0.0000;1;21537.0000;None;232600.0000
936;2023-01-13 19:21:50.273000;1;101519;1;1;0.0000;1;28278.0000;None;305400.0000
949;2023-01-13 20:50:49.090000;1;101519;1;1;0.0000;1;9324.0000;None;100700.0000
905;2023-01-13 12:54:58.183000;1;101519;1;1;0.0000;1;26778.0000;None;289200.0000
30131;2023-01-13 12:58:11.617000;6;101525;1;1;None;1;14704.0000;None;158800.0000
944;2023-01-13 20:51:21.907000;6;101525;1;1;0.0000;1;46722.0000;None;504600.0000
958;2023-01-13 21:59:21.693000;6;101525;1;1;0.0000;1;8982.0000;None;97000.0000
931;2023-01-13 16:38:32.747000;6;101535;1;1;0.0000;1;16074.0000;None;173600.0000
20219;2023-01-13 15:21:31.920000;6;101535;1;1;0.0000;1;45222.0000;None;488400.0000
30134;2023-01-13 14:39:38.667000;6;101535;1;1;0.0000;1;10537.0000;None;113800.0000
928;2023-01-13 16:22:49.950000;1;101552;1;1;0.0000;1;22093.0000;None;238600.0000
20217;2023-01-13 14:17:56.797000;1;101552;1;1;0.0000;1;16537.0000;None;178600.0000
916;2023-01-13 13:24:25.573000;1;101552;1;1;None;1;16907.0000;None;182600.0000
932;2023-01-13 17:32:54.630000;1;101552;1;1;0.0000;1;19667.0000;None;212400.0000
957;2023-01-13 22:00:21.913000;1;101573;1;1;None;1;27111.0000;None;292800.0000
20218;2023-01-13 14:21:42.323000;1;101573;1;1;0.0000;1;15722.0000;None;169800.0000
20219;2023-01-13 14:31:08.047000;6;101575;1;1;0.0000;1;45222.0000;None;488400.0000
20219;2023-01-13 14:31:08.047000;6;101575;1;1;0.0000;1;45222.0000;None;488400.0000
908;2023-01-13 13:12:28.677000;1;101623;1;1;0.0000;1;24000.0000;None;259200.0000
20226;2023-01-13 21:34:59.810000;1;101623;1;1;0.0000;1;24796.0000;None;267800.0000
20226;2023-01-13 21:34:59.810000;6;101624;1;1;0.0000;1;24796.0000;None;267800.0000
957;2023-01-13 22:00:21.913000;6;101624;1;1;None;1;27111.0000;None;292800.0000
953;2023-01-13 21:34:01.447000;6;101624;1;1;0.0000;1;19083.0000;None;206100.0000
953;2023-01-13 21:34:01.447000;6;101624;1;1;0.0000;1;19083.0000;None;206100.0000
944;2023-01-13 20:51:21.907000;6;101624;1;1;0.0000;1;46722.0000;None;504600.0000
952;2023-01-13 20:58:05.670000;6;101624;1;1;0.0000;1;12778.0000;None;138000.0000
930;2023-01-13 16:53:59.623000;6;101624;1;1;0.0000;1;20556.0000;None;222000.0000
934;2023-01-13 18:27:53.630000;6;101624;1;1;0.0000;1;6056.0000;None;65400.0000
913;2023-01-13 13:05:06.480000;6;101624;1;1;0.0000;1;14685.0000;None;158600.0000
20218;2023-01-13 14:21:42.323000;6;101624;1;1;0.0000;1;15722.0000;None;169800.0000
922;2023-01-13 14:30:25.970000;6;101624;1;1;0.0000;1;14963.0000;None;161600.0000
922;2023-01-13 14:30:25.970000;6;101624;1;1;0.0000;1;14963.0000;None;161600.0000
955;2023-01-13 21:29:39.253000;1;101664;1;1;47800.0000;1;26574.0000;None;287000.0000
924;2023-01-13 15:09:12.453000;1;101665;1;1;37800.0000;1;10926.0000;None;118000.0000
924;2023-01-13 15:09:12.453000;1;101665;1;1;37800.0000;1;10926.0000;None;118000.0000
20219;2023-01-13 15:18:58.960000;2;101672;1;2;49600.0000;1;45222.0000;None;488400.0000
20219;2023-01-13 14:31:08.047000;2;101672;1;2;49600.0000;1;45222.0000;None;488400.0000
20219;2023-01-13 14:31:08.047000;2;101672;1;2;49600.0000;1;45222.0000;None;488400.0000
955;2023-01-13 21:28:51.223000;2;101818;1;1;28800.0000;1;26574.0000;None;287000.0000
937;2023-01-13 18:52:03.800000;2;101818;1;1;28800.0000;1;14315.0000;None;154600.0000
20216;2023-01-13 14:42:06.873000;2;101841;1;1;21800.0000;1;18352.0000;None;198200.0000
20216;2023-01-13 14:42:06.873000;2;101841;1;1;21800.0000;1;18352.0000;None;198200.0000
905;2023-01-13 13:38:24.160000;1;101891;1;1;16800.0000;1;26778.0000;None;289200.0000
30134;2023-01-13 14:39:38.667000;1;101891;1;1;16800.0000;1;10537.0000;None;113800.0000
30136;2023-01-13 20:34:12.200000;1;101905;1;1;21800.0000;1;10426.0000;None;112600.0000
942;2023-01-13 19:40:00.847000;2;102002;1;1;19800.0000;1;11019.0000;None;119000.0000
20219;2023-01-13 14:41:09.080000;1;102035;1;1;32800.0000;1;45222.0000;None;488400.0000
20221;2023-01-13 19:33:17.077000;1;102037;1;1;42800.0000;1;7796.0000;None;84200.0000
12774;2023-01-13 16:42:26.370000;1;102065;1;3;89400.0000;1;None;None;105150.0000
927;2023-01-13 16:39:52.040000;3;102102;1;1;9800.0000;1;10148.0000;None;109600.0000
30138;2023-01-13 21:54:08.440000;3;102109;1;1;5800.0000;1;2500.0000;None;27000.0000
20219;2023-01-13 15:21:31.920000;1;102127;1;1;2800.0000;1;45222.0000;None;488400.0000
928;2023-01-13 16:22:49.980000;1;102132;1;1;3500.0000;1;22093.0000;None;238600.0000
928;2023-01-13 16:22:49.980000;1;102132;1;1;3500.0000;1;22093.0000;None;238600.0000
12774;2023-01-13 16:42:26.370000;1;102132;1;3;10500.0000;1;None;None;105150.0000
20219;2023-01-13 15:27:30.853000;1;102163;1;4;11200.0000;1;45222.0000;None;488400.0000
928;2023-01-13 16:22:49.950000;1;102172;1;1;4800.0000;1;22093.0000;None;238600.0000
928;2023-01-13 16:22:49.950000;1;102172;1;1;4800.0000;1;22093.0000;None;238600.0000
953;2023-01-13 21:35:41.533000;1;102177;1;1;2500.0000;1;19083.0000;None;206100.0000
949;2023-01-13 20:57:48.917000;1;102177;1;1;2500.0000;1;9324.0000;None;100700.0000
20219;2023-01-13 15:21:31.920000;1;102185;1;1;3800.0000;1;45222.0000;None;488400.0000
20219;2023-01-13 14:46:04.070000;1;102222;1;1;2800.0000;1;45222.0000;None;488400.0000
20219;2023-01-13 14:46:04.070000;1;102222;1;1;2800.0000;1;45222.0000;None;488400.0000
926;2023-01-13 16:02:29.690000;1;102222;1;1;2800.0000;1;10148.0000;None;109600.0000
20219;2023-01-13 14:26:09.467000;1;102222;1;1;2800.0000;1;45222.0000;None;488400.0000
20219;2023-01-13 14:26:09.467000;1;102222;1;1;2800.0000;1;45222.0000;None;488400.0000
913;2023-01-13 13:25:24.190000;1;102222;1;1;2800.0000;1;14685.0000;None;158600.0000
936;2023-01-13 19:25:38.220000;1;102234;1;1;4800.0000;1;28278.0000;None;305400.0000
931;2023-01-13 16:55:32.573000;1;102260;1;1;3800.0000;1;16074.0000;None;173600.0000
953;2023-01-13 21:34:01.447000;1;102277;1;1;4800.0000;1;19083.0000;None;206100.0000
923;2023-01-13 14:22:46.480000;1;102299;1;1;4800.0000;1;6241.0000;None;67400.0000
936;2023-01-13 19:26:21.697000;1;102311;1;-1;-1800.0000;1;28278.0000;None;305400.0000
936;2023-01-13 19:21:50.273000;1;102311;1;1;1800.0000;1;28278.0000;None;305400.0000
936;2023-01-13 19:21:50.273000;1;102311;1;1;1800.0000;1;28278.0000;None;305400.0000
20218;2023-01-13 14:21:42.323000;1;102314;1;1;5800.0000;1;15722.0000;None;169800.0000
30131;2023-01-13 12:58:11.617000;1;102324;1;1;44800.0000;1;14704.0000;None;158800.0000
910;2023-01-13 13:16:39.947000;1;102325;1;1;47800.0000;1;12741.0000;None;137600.0000
923;2023-01-13 14:22:46.480000;1;102325;1;1;47800.0000;1;6241.0000;None;67400.0000
20219;2023-01-13 15:21:31.920000;1;102327;1;1;17800.0000;1;45222.0000;None;488400.0000
944;2023-01-13 20:47:16.510000;1;102327;1;1;17800.0000;1;46722.0000;None;504600.0000
939;2023-01-13 19:23:18.230000;1;102328;1;1;36800.0000;1;8556.0000;None;92400.0000
933;2023-01-13 17:42:16.317000;1;102344;1;1;10800.0000;1;None;None;17600.0000
20225;2023-01-13 21:40:42.513000;1;102358;1;1;28800.0000;1;9648.0000;None;104200.0000
939;2023-01-13 19:23:18.230000;1;102359;1;1;39800.0000;1;8556.0000;None;92400.0000
911;2023-01-13 13:06:03.347000;1;102359;1;1;39800.0000;1;13056.0000;None;141000.0000
30135;2023-01-13 19:07:13.150000;1;102360;1;1;12800.0000;1;3500.0000;None;37800.0000
954;2023-01-13 22:20:35.020000;1;102407;1;-1;-34800.0000;1;None;None;179800.0000
954;2023-01-13 21:30:16.213000;1;102407;1;1;34800.0000;1;None;None;179800.0000
20219;2023-01-13 15:21:31.920000;1;102407;1;1;34800.0000;1;45222.0000;None;488400.0000
927;2023-01-13 16:39:52.040000;1;102425;1;1;42800.0000;1;10148.0000;None;109600.0000
948;2023-01-13 20:30:26.637000;1;102440;1;1;29800.0000;1;17056.0000;None;184200.0000
941;2023-01-13 19:41:55.413000;3;102616;1;1;5800.0000;1;11833.0000;None;127800.0000
942;2023-01-13 20:00:50.087000;3;102619;1;1;6800.0000;1;11019.0000;None;119000.0000
938;2023-01-13 19:10:40.597000;3;102619;1;1;6800.0000;1;21537.0000;None;232600.0000
938;2023-01-13 19:10:40.597000;3;102635;1;1;7800.0000;1;21537.0000;None;232600.0000
20220;2023-01-13 19:26:37.640000;3;102635;1;1;7800.0000;1;27324.0000;None;295100.0000
20220;2023-01-13 19:26:37.640000;3;102635;1;1;7800.0000;1;27324.0000;None;295100.0000
935;2023-01-13 18:38:41.547000;3;102635;1;1;7800.0000;1;11093.0000;None;119800.0000
935;2023-01-13 18:38:41.547000;3;102635;1;1;7800.0000;1;11093.0000;None;119800.0000
936;2023-01-13 18:43:34.297000;3;102635;1;1;7800.0000;1;28278.0000;None;305400.0000
936;2023-01-13 18:48:31.103000;3;102635;1;1;7800.0000;1;28278.0000;None;305400.0000
952;2023-01-13 21:23:28.827000;3;102635;1;1;7800.0000;1;12778.0000;None;138000.0000
944;2023-01-13 19:59:51.597000;3;102635;1;1;7800.0000;1;46722.0000;None;504600.0000
926;2023-01-13 15:47:01.947000;3;102635;1;1;7800.0000;1;10148.0000;None;109600.0000
926;2023-01-13 15:15:37.010000;3;102635;1;1;7800.0000;1;10148.0000;None;109600.0000
928;2023-01-13 16:22:49.950000;3;102635;1;1;7800.0000;1;22093.0000;None;238600.0000
30134;2023-01-13 14:36:22.227000;3;102635;1;1;7800.0000;1;10537.0000;None;113800.0000
20217;2023-01-13 14:42:26.073000;3;102635;1;1;7800.0000;1;16537.0000;None;178600.0000
914;2023-01-13 13:09:35.617000;3;102635;1;1;7800.0000;1;16000.0000;None;172800.0000
916;2023-01-13 13:22:54.787000;3;102635;1;1;7800.0000;1;16907.0000;None;182600.0000
958;2023-01-13 21:59:21.693000;3;102643;1;1;13800.0000;1;8982.0000;None;97000.0000
910;2023-01-13 13:54:11.750000;1;102708;1;1;16800.0000;1;12741.0000;None;137600.0000
951;2023-01-13 22:19:27.677000;1;102708;1;1;16800.0000;1;14426.0000;None;155800.0000
935;2023-01-13 19:29:32.647000;1;102708;1;1;16800.0000;1;11093.0000;None;119800.0000
938;2023-01-13 20:37:14.350000;1;102708;1;1;16800.0000;1;21537.0000;None;232600.0000
930;2023-01-13 16:53:59.623000;1;102726;1;1;44800.0000;1;20556.0000;None;222000.0000
952;2023-01-13 20:58:05.670000;1;102726;1;1;44800.0000;1;12778.0000;None;138000.0000
950;2023-01-13 20:45:39.157000;1;102726;1;1;44800.0000;1;9000.0000;None;97200.0000
928;2023-01-13 16:22:49.950000;1;102726;1;1;44800.0000;1;22093.0000;None;238600.0000
929;2023-01-13 16:14:04.520000;1;102726;1;1;44800.0000;1;12037.0000;None;130000.0000
929;2023-01-13 16:14:04.520000;1;102726;1;1;44800.0000;1;12037.0000;None;130000.0000
959;2023-01-13 22:16:51.887000;1;102726;1;1;44800.0000;1;12611.0000;None;136200.0000
929;2023-01-13 16:13:52.283000;3;102747;1;1;4800.0000;1;12037.0000;None;130000.0000
913;2023-01-13 13:05:06.480000;3;102747;1;1;4800.0000;1;14685.0000;None;158600.0000
905;2023-01-13 13:25:13.850000;3;102747;1;1;4800.0000;1;26778.0000;None;289200.0000
905;2023-01-13 12:44:32.387000;3;102747;1;1;4800.0000;1;26778.0000;None;289200.0000
905;2023-01-13 12:44:32.387000;3;102747;1;1;4800.0000;1;26778.0000;None;289200.0000
936;2023-01-13 18:56:36.077000;3;102747;1;1;4800.0000;1;28278.0000;None;305400.0000
936;2023-01-13 19:04:55.467000;3;102747;1;1;4800.0000;1;28278.0000;None;305400.0000
936;2023-01-13 19:21:50.273000;3;102747;1;1;4800.0000;1;28278.0000;None;305400.0000
951;2023-01-13 21:02:45.080000;3;102748;1;1;14800.0000;1;14426.0000;None;155800.0000
20222;2023-01-13 20:43:36.227000;3;102748;1;1;14800.0000;1;14056.0000;None;151800.0000
20222;2023-01-13 20:11:37.673000;3;102748;1;1;14800.0000;1;14056.0000;None;151800.0000
956;2023-01-13 21:40:00.747000;3;102748;1;1;14800.0000;1;9148.0000;None;98800.0000
904;2023-01-13 12:51:28.790000;3;102748;1;1;14800.0000;1;42352.0000;None;457400.0000
30131;2023-01-13 12:54:35.730000;3;102748;1;1;14800.0000;1;14704.0000;None;158800.0000
30134;2023-01-13 14:36:22.227000;3;102748;1;1;14800.0000;1;10537.0000;None;113800.0000
922;2023-01-13 14:11:51.667000;3;102748;1;1;14800.0000;1;14963.0000;None;161600.0000
923;2023-01-13 14:14:44.557000;3;102748;1;1;14800.0000;1;6241.0000;None;67400.0000
30134;2023-01-13 14:36:22.227000;3;102749;1;1;5800.0000;1;10537.0000;None;113800.0000
926;2023-01-13 15:15:37.010000;3;102749;1;1;5800.0000;1;10148.0000;None;109600.0000
30130;2023-01-13 12:47:56.713000;3;102749;1;1;5800.0000;1;10370.0000;None;112000.0000
20222;2023-01-13 20:11:37.673000;3;102749;1;1;5800.0000;1;14056.0000;None;151800.0000
951;2023-01-13 21:02:45.080000;3;102749;1;1;5800.0000;1;14426.0000;None;155800.0000
950;2023-01-13 20:45:39.157000;3;102749;1;1;5800.0000;1;9000.0000;None;97200.0000
930;2023-01-13 16:26:19.327000;3;102749;1;1;5800.0000;1;20556.0000;None;222000.0000
20220;2023-01-13 19:26:37.640000;3;102749;1;1;5800.0000;1;27324.0000;None;295100.0000
30136;2023-01-13 19:30:56.613000;3;102749;1;1;5800.0000;1;10426.0000;None;112600.0000
936;2023-01-13 19:21:50.273000;1;102753;1;1;56800.0000;1;28278.0000;None;305400.0000
20226;2023-01-13 21:34:59.810000;1;102753;1;1;56800.0000;1;24796.0000;None;267800.0000
954;2023-01-13 22:13:11.533000;1;102753;1;1;56800.0000;1;None;None;179800.0000
30137;2023-01-13 21:00:36.347000;1;102753;1;1;56800.0000;1;21630.0000;None;233600.0000
908;2023-01-13 13:12:28.677000;1;102753;1;1;56800.0000;1;24000.0000;None;259200.0000
956;2023-01-13 21:40:00.747000;1;102876;1;1;28800.0000;1;9148.0000;None;98800.0000
954;2023-01-13 21:30:16.213000;1;102877;1;1;49800.0000;1;None;None;179800.0000
932;2023-01-13 17:32:54.630000;1;102877;1;1;49800.0000;1;19667.0000;None;212400.0000
940;2023-01-13 19:47:55.440000;1;102877;1;1;49800.0000;1;24593.0000;None;265600.0000
915;2023-01-13 13:38:00.093000;1;102877;1;1;49800.0000;1;24278.0000;None;262200.0000
906;2023-01-13 12:47:49.533000;1;102877;1;1;49800.0000;1;12852.0000;None;138800.0000
20219;2023-01-13 14:40:25.763000;1;102961;1;1;22800.0000;1;45222.0000;None;488400.0000
20219;2023-01-13 14:40:25.763000;1;102961;1;1;22800.0000;1;45222.0000;None;488400.0000
931;2023-01-13 16:37:58.780000;1;102961;1;1;22800.0000;1;16074.0000;None;173600.0000
955;2023-01-13 21:28:51.257000;1;102961;1;1;22800.0000;1;26574.0000;None;287000.0000
905;2023-01-13 12:54:58.183000;None;103076;None;1;39800.0000;1;26778.0000;None;289200.0000
915;2023-01-13 13:38:00.093000;None;103076;None;1;39800.0000;1;24278.0000;None;262200.0000
937;2023-01-13 18:54:05.207000;1;103083;1;1;29800.0000;1;14315.0000;None;154600.0000
907;2023-01-13 12:52:11.090000;1;103104;1;1;32800.0000;1;6870.0000;None;74200.0000
928;2023-01-13 16:22:49.950000;1;103104;1;1;32800.0000;1;22093.0000;None;238600.0000
929;2023-01-13 16:08:42.153000;1;103111;1;1;0.0000;1;12037.0000;None;130000.0000
930;2023-01-13 16:16:33.030000;1;103111;1;1;0.0000;1;20556.0000;None;222000.0000
926;2023-01-13 15:15:27.350000;1;103111;1;1;0.0000;1;10148.0000;None;109600.0000
928;2023-01-13 16:06:44.437000;1;103111;1;1;0.0000;1;22093.0000;None;238600.0000
927;2023-01-13 15:59:29.767000;1;103111;1;1;0.0000;1;10148.0000;None;109600.0000
30134;2023-01-13 14:31:09.787000;1;103111;1;1;0.0000;1;10537.0000;None;113800.0000
924;2023-01-13 14:54:15.347000;1;103111;1;1;0.0000;1;10926.0000;None;118000.0000
925;2023-01-13 15:10:16.653000;1;103111;1;1;0.0000;1;6056.0000;None;65400.0000
923;2023-01-13 14:12:37.697000;1;103111;1;1;0.0000;1;6241.0000;None;67400.0000
922;2023-01-13 14:10:40.313000;1;103111;1;1;0.0000;1;14963.0000;None;161600.0000
20218;2023-01-13 14:14:35.877000;1;103111;1;1;0.0000;1;15722.0000;None;169800.0000
20219;2023-01-13 14:19:25.677000;1;103111;1;1;0.0000;1;45222.0000;None;488400.0000
20219;2023-01-13 14:19:25.677000;1;103111;1;1;0.0000;1;45222.0000;None;488400.0000
20217;2023-01-13 14:03:01.333000;1;103111;1;1;0.0000;1;16537.0000;None;178600.0000
20216;2023-01-13 13:54:24.050000;1;103111;1;1;0.0000;1;18352.0000;None;198200.0000
917;2023-01-13 13:31:50.940000;1;103111;1;1;0.0000;1;12185.0000;None;131600.0000
30133;2023-01-13 13:39:48.467000;1;103111;1;1;0.0000;1;8000.0000;None;86400.0000
908;2023-01-13 12:48:02.277000;1;103111;1;1;0.0000;1;24000.0000;None;259200.0000
30131;2023-01-13 12:54:35.730000;1;103111;1;1;0.0000;1;14704.0000;None;158800.0000
911;2023-01-13 12:58:42.863000;1;103111;1;1;0.0000;1;13056.0000;None;141000.0000
910;2023-01-13 12:57:43.873000;1;103111;1;1;0.0000;1;12741.0000;None;137600.0000
916;2023-01-13 13:22:54.787000;1;103111;1;1;None;1;16907.0000;None;182600.0000
30132;2023-01-13 13:30:20.680000;1;103111;1;1;0.0000;1;12454.0000;None;134500.0000
913;2023-01-13 13:01:06.873000;1;103111;1;1;0.0000;1;14685.0000;None;158600.0000
914;2023-01-13 13:02:31.910000;1;103111;1;1;0.0000;1;16000.0000;None;172800.0000
915;2023-01-13 13:07:46.490000;1;103111;1;1;0.0000;1;24278.0000;None;262200.0000
905;2023-01-13 12:38:51.743000;1;103111;1;1;0.0000;1;26778.0000;None;289200.0000
30130;2023-01-13 12:45:53.550000;1;103111;1;1;None;1;10370.0000;None;112000.0000
907;2023-01-13 12:47:56.010000;1;103111;1;1;0.0000;1;6870.0000;None;74200.0000
906;2023-01-13 12:41:22.037000;1;103111;1;1;0.0000;1;12852.0000;None;138800.0000
904;2023-01-13 12:30:35.653000;1;103111;1;1;0.0000;1;42352.0000;None;457400.0000
904;2023-01-13 12:30:35.653000;1;103111;1;1;0.0000;1;42352.0000;None;457400.0000
937;2023-01-13 18:42:29.590000;1;103111;1;1;0.0000;1;14315.0000;None;154600.0000
938;2023-01-13 19:02:12.997000;1;103111;1;1;0.0000;1;21537.0000;None;232600.0000
939;2023-01-13 19:03:02.400000;1;103111;1;1;0.0000;1;8556.0000;None;92400.0000
20220;2023-01-13 19:21:26.913000;1;103111;1;1;0.0000;1;27324.0000;None;295100.0000
20220;2023-01-13 19:21:26.913000;1;103111;1;1;0.0000;1;27324.0000;None;295100.0000
20221;2023-01-13 19:30:14.377000;1;103111;1;1;0.0000;1;7796.0000;None;84200.0000
940;2023-01-13 19:35:57.250000;1;103111;1;1;0.0000;1;24593.0000;None;265600.0000
941;2023-01-13 19:37:13.740000;1;103111;1;1;0.0000;1;11833.0000;None;127800.0000
30136;2023-01-13 19:30:56.613000;1;103111;1;1;0.0000;1;10426.0000;None;112600.0000
942;2023-01-13 19:37:21.070000;1;103111;1;1;0.0000;1;11019.0000;None;119000.0000
943;2023-01-13 19:37:29.500000;1;103111;1;1;0.0000;1;28333.0000;None;306000.0000
930;2023-01-13 16:26:25.837000;1;103111;1;1;0.0000;1;20556.0000;None;222000.0000
931;2023-01-13 16:28:30.823000;1;103111;1;1;None;1;16074.0000;None;173600.0000
931;2023-01-13 16:28:30.823000;1;103111;1;1;None;1;16074.0000;None;173600.0000
932;2023-01-13 17:29:56.983000;1;103111;1;1;0.0000;1;19667.0000;None;212400.0000
934;2023-01-13 18:17:28.787000;1;103111;1;1;0.0000;1;6056.0000;None;65400.0000
935;2023-01-13 18:20:19.183000;1;103111;1;1;0.0000;1;11093.0000;None;119800.0000
936;2023-01-13 18:42:09.637000;1;103111;1;1;0.0000;1;28278.0000;None;305400.0000
955;2023-01-13 21:18:24.110000;1;103111;1;1;0.0000;1;26574.0000;None;287000.0000
30137;2023-01-13 20:54:30.023000;1;103111;1;1;0.0000;1;21630.0000;None;233600.0000
956;2023-01-13 21:27:02.853000;1;103111;1;1;0.0000;1;9148.0000;None;98800.0000
958;2023-01-13 21:48:41.253000;1;103111;1;1;0.0000;1;8982.0000;None;97000.0000
957;2023-01-13 21:41:25.383000;1;103111;1;1;0.0000;1;27111.0000;None;292800.0000
952;2023-01-13 20:52:00.507000;1;103111;1;1;0.0000;1;12778.0000;None;138000.0000
20223;2023-01-13 20:19:38.147000;1;103111;1;1;0.0000;1;8704.0000;None;94000.0000
949;2023-01-13 20:36:18.187000;1;103111;1;1;0.0000;1;9324.0000;None;100700.0000
948;2023-01-13 20:17:01.777000;1;103111;1;1;0.0000;1;17056.0000;None;184200.0000
20222;2023-01-13 20:01:29.600000;1;103111;1;1;0.0000;1;14056.0000;None;151800.0000
947;2023-01-13 19:50:45.897000;1;103111;1;1;0.0000;1;8815.0000;None;95200.0000
944;2023-01-13 19:38:39.623000;1;103111;1;1;0.0000;1;46722.0000;None;504600.0000
944;2023-01-13 19:38:39.623000;1;103111;1;1;0.0000;1;46722.0000;None;504600.0000
946;2023-01-13 19:50:25.753000;1;103111;1;1;0.0000;1;11352.0000;None;122600.0000
933;2023-01-13 17:42:16.317000;1;103114;1;1;6800.0000;1;None;None;17600.0000
12765;2023-01-13 12:10:52.397000;1;103114;1;1;6800.0000;1;None;None;6800.0000
20219;2023-01-13 15:21:31.920000;1;103114;1;1;6800.0000;1;45222.0000;None;488400.0000
20216;2023-01-13 14:42:55.490000;1;103120;1;1;14800.0000;1;18352.0000;None;198200.0000
30131;2023-01-13 12:58:11.617000;1;103134;1;1;31800.0000;1;14704.0000;None;158800.0000
944;2023-01-13 20:51:21.907000;1;103134;1;1;31800.0000;1;46722.0000;None;504600.0000
958;2023-01-13 21:59:21.693000;1;103134;1;1;31800.0000;1;8982.0000;None;97000.0000
931;2023-01-13 16:38:32.747000;1;103172;1;1;24800.0000;1;16074.0000;None;173600.0000
20219;2023-01-13 15:21:31.920000;1;103172;1;1;24800.0000;1;45222.0000;None;488400.0000
30134;2023-01-13 14:39:38.667000;1;103172;1;1;24800.0000;1;10537.0000;None;113800.0000
928;2023-01-13 16:22:49.950000;1;103191;1;1;79800.0000;1;22093.0000;None;238600.0000
20224;2023-01-13 21:32:43.093000;1;103193;1;1;89800.0000;1;27593.0000;None;298000.0000
955;2023-01-13 22:23:16.373000;1;103377;1;1;16800.0000;1;26574.0000;None;287000.0000
957;2023-01-13 21:56:38.970000;1;103381;1;1;58800.0000;1;27111.0000;None;292800.0000
931;2023-01-13 16:37:58.780000;1;103410;1;1;32800.0000;1;16074.0000;None;173600.0000
935;2023-01-13 18:38:41.547000;1;103419;1;1;49800.0000;1;11093.0000;None;119800.0000
20220;2023-01-13 19:33:47.550000;1;103419;1;1;49800.0000;1;27324.0000;None;295100.0000
937;2023-01-13 18:54:05.207000;1;103419;1;1;49800.0000;1;14315.0000;None;154600.0000
904;2023-01-13 12:42:51.813000;1;103419;1;1;49800.0000;1;42352.0000;None;457400.0000
20225;2023-01-13 21:40:42.513000;1;103421;1;1;41800.0000;1;9648.0000;None;104200.0000
20223;2023-01-13 20:27:29.417000;1;103421;1;1;41800.0000;1;8704.0000;None;94000.0000
904;2023-01-13 12:42:51.813000;1;103434;1;1;34800.0000;1;42352.0000;None;457400.0000
20223;2023-01-13 20:27:29.417000;1;103452;1;1;34800.0000;1;8704.0000;None;94000.0000
20220;2023-01-13 19:33:47.550000;1;103452;1;1;34800.0000;1;27324.0000;None;295100.0000
946;2023-01-13 19:53:41.033000;1;103471;1;1;32800.0000;1;11352.0000;None;122600.0000
904;2023-01-13 12:42:51.813000;1;103471;1;1;32800.0000;1;42352.0000;None;457400.0000
927;2023-01-13 15:59:58.683000;1;103471;1;1;32800.0000;1;10148.0000;None;109600.0000
959;2023-01-13 22:16:51.887000;1;103514;1;1;53800.0000;1;12611.0000;None;136200.0000
906;2023-01-13 12:47:49.533000;1;103515;1;1;41800.0000;1;12852.0000;None;138800.0000
957;2023-01-13 22:00:21.913000;1;103515;1;1;41800.0000;1;27111.0000;None;292800.0000
957;2023-01-13 22:00:21.913000;1;103530;1;1;38800.0000;1;27111.0000;None;292800.0000
20218;2023-01-13 14:21:42.323000;1;103530;1;1;38800.0000;1;15722.0000;None;169800.0000
922;2023-01-13 14:30:25.970000;1;103553;1;1;54800.0000;1;14963.0000;None;161600.0000
925;2023-01-13 15:19:49.150000;1;103557;1;1;29800.0000;1;6056.0000;None;65400.0000
30134;2023-01-13 14:39:38.667000;1;103559;1;1;43800.0000;1;10537.0000;None;113800.0000
954;2023-01-13 21:30:16.213000;1;103559;1;1;43800.0000;1;None;None;179800.0000
941;2023-01-13 20:02:10.757000;1;103559;1;1;43800.0000;1;11833.0000;None;127800.0000
913;2023-01-13 13:05:06.480000;1;103563;1;1;28800.0000;1;14685.0000;None;158600.0000
955;2023-01-13 21:29:39.253000;1;103564;1;1;67800.0000;1;26574.0000;None;287000.0000
944;2023-01-13 20:51:21.907000;1;103564;1;1;67800.0000;1;46722.0000;None;504600.0000
20216;2023-01-13 14:00:53.867000;1;103565;1;1;34800.0000;1;18352.0000;None;198200.0000
935;2023-01-13 18:38:41.547000;1;103567;1;1;31800.0000;1;11093.0000;None;119800.0000
943;2023-01-13 20:24:33.227000;1;103599;1;1;69800.0000;1;28333.0000;None;306000.0000
951;2023-01-13 21:02:45.080000;1;103599;1;1;69800.0000;1;14426.0000;None;155800.0000
938;2023-01-13 19:28:46.863000;1;103600;1;1;69800.0000;1;21537.0000;None;232600.0000
914;2023-01-13 13:15:11.067000;1;103600;1;1;69800.0000;1;16000.0000;None;172800.0000
943;2023-01-13 19:49:09.533000;1;103771;1;1;24800.0000;1;28333.0000;None;306000.0000
12776;2023-01-13 20:44:50.387000;1;103771;1;1;24800.0000;1;2296.0000;None;24800.0000
955;2023-01-13 21:28:51.257000;1;103771;1;1;24800.0000;1;26574.0000;None;287000.0000
931;2023-01-13 16:38:32.733000;1;103773;1;1;14800.0000;1;16074.0000;None;173600.0000
936;2023-01-13 19:21:50.273000;1;103777;1;1;49800.0000;1;28278.0000;None;305400.0000
926;2023-01-13 15:25:56.870000;1;103777;1;1;49800.0000;1;10148.0000;None;109600.0000
930;2023-01-13 16:53:59.623000;1;103782;1;1;25800.0000;1;20556.0000;None;222000.0000
20221;2023-01-13 19:33:17.077000;1;103784;1;1;29800.0000;1;7796.0000;None;84200.0000
953;2023-01-13 21:34:01.447000;1;103784;1;1;29800.0000;1;19083.0000;None;206100.0000
952;2023-01-13 20:58:05.670000;1;103784;1;1;29800.0000;1;12778.0000;None;138000.0000
944;2023-01-13 20:51:21.907000;1;103784;1;1;29800.0000;1;46722.0000;None;504600.0000
913;2023-01-13 13:05:06.480000;1;103784;1;1;29800.0000;1;14685.0000;None;158600.0000
957;2023-01-13 22:00:21.913000;1;103785;1;1;28800.0000;1;27111.0000;None;292800.0000
934;2023-01-13 18:27:53.630000;1;103785;1;1;28800.0000;1;6056.0000;None;65400.0000
944;2023-01-13 20:51:21.907000;1;103786;1;1;37800.0000;1;46722.0000;None;504600.0000
947;2023-01-13 20:02:46.697000;1;103788;1;1;36800.0000;1;8815.0000;None;95200.0000
950;2023-01-13 20:45:39.157000;1;103788;1;1;36800.0000;1;9000.0000;None;97200.0000
905;2023-01-13 12:54:58.183000;1;103788;1;1;36800.0000;1;26778.0000;None;289200.0000
948;2023-01-13 20:30:26.637000;1;103791;1;1;37800.0000;1;17056.0000;None;184200.0000
953;2023-01-13 21:34:01.447000;1;103791;1;1;37800.0000;1;19083.0000;None;206100.0000
20217;2023-01-13 14:17:56.797000;1;103845;1;1;58800.0000;1;16537.0000;None;178600.0000
12772;2023-01-13 13:49:54.957000;1;103847;1;1;41800.0000;1;None;None;74600.0000
948;2023-01-13 20:30:26.637000;1;103847;1;1;41800.0000;1;17056.0000;None;184200.0000
942;2023-01-13 19:49:54.627000;1;103847;1;1;41800.0000;1;11019.0000;None;119000.0000
924;2023-01-13 15:00:46.373000;1;103898;1;1;26800.0000;1;10926.0000;None;118000.0000
12773;2023-01-13 14:24:51.983000;1;103961;1;1;16800.0000;1;1556.0000;None;16800.0000
928;2023-01-13 17:15:46.317000;1;103961;1;1;16800.0000;1;22093.0000;None;238600.0000
917;2023-01-13 14:27:27.577000;1;103961;1;1;16800.0000;1;12185.0000;None;131600.0000
944;2023-01-13 21:54:55.937000;1;103961;1;1;16800.0000;1;46722.0000;None;504600.0000
942;2023-01-13 19:38:49.737000;2;104219;1;1;11800.0000;1;11019.0000;None;119000.0000
942;2023-01-13 19:40:38.387000;2;104219;1;-1;-11800.0000;1;11019.0000;None;119000.0000
936;2023-01-13 19:04:55.467000;3;104446;1;1;5800.0000;1;28278.0000;None;305400.0000
936;2023-01-13 19:52:58.213000;3;104446;1;1;5800.0000;1;28278.0000;None;305400.0000
956;2023-01-13 21:40:00.747000;3;104446;1;1;5800.0000;1;9148.0000;None;98800.0000
30130;2023-01-13 12:47:56.713000;3;104446;1;1;5800.0000;1;10370.0000;None;112000.0000
906;2023-01-13 12:47:25.893000;3;104446;1;1;5800.0000;1;12852.0000;None;138800.0000
20217;2023-01-13 14:09:12.213000;3;104446;1;1;5800.0000;1;16537.0000;None;178600.0000
924;2023-01-13 15:00:46.373000;3;104446;1;1;5800.0000;1;10926.0000;None;118000.0000
910;2023-01-13 13:51:34.660000;3;104554;1;1;4800.0000;1;12741.0000;None;137600.0000
30135;2023-01-13 19:39:35.263000;3;104554;1;1;4800.0000;1;3500.0000;None;37800.0000
30135;2023-01-13 20:17:19.583000;3;104554;1;1;4800.0000;1;3500.0000;None;37800.0000
30136;2023-01-13 20:34:12.200000;3;104554;1;1;4800.0000;1;10426.0000;None;112600.0000
937;2023-01-13 19:53:22.670000;3;104554;1;2;9600.0000;1;14315.0000;None;154600.0000
30138;2023-01-13 21:54:08.440000;3;104554;1;1;4800.0000;1;2500.0000;None;27000.0000
30138;2023-01-13 21:54:08.440000;3;104554;1;1;4800.0000;1;2500.0000;None;27000.0000
20220;2023-01-13 19:33:47.550000;1;104810;1;1;16900.0000;1;27324.0000;None;295100.0000
12772;2023-01-13 13:49:54.957000;1;104810;1;1;16900.0000;1;None;None;74600.0000
30132;2023-01-13 13:42:59.650000;1;104829;1;1;16400.0000;1;12454.0000;None;134500.0000
20217;2023-01-13 14:17:56.797000;1;104837;1;1;0.0000;1;16537.0000;None;178600.0000
924;2023-01-13 15:09:12.453000;1;104837;1;1;0.0000;1;10926.0000;None;118000.0000
907;2023-01-13 12:52:11.090000;1;104837;1;1;0.0000;1;6870.0000;None;74200.0000
914;2023-01-13 13:15:11.067000;1;104837;1;1;0.0000;1;16000.0000;None;172800.0000
914;2023-01-13 13:15:11.067000;1;104837;1;1;0.0000;1;16000.0000;None;172800.0000
937;2023-01-13 18:54:05.207000;1;104837;1;1;None;1;14315.0000;None;154600.0000
931;2023-01-13 16:37:58.780000;1;104928;1;1;27800.0000;1;16074.0000;None;173600.0000
30136;2023-01-13 19:33:46.453000;1;105018;1;1;39800.0000;1;10426.0000;None;112600.0000
958;2023-01-13 21:59:21.693000;1;105018;1;1;39800.0000;1;8982.0000;None;97000.0000
917;2023-01-13 14:27:27.577000;6;105082;1;2;4000.0000;1;12185.0000;None;131600.0000
12772;2023-01-13 13:49:54.957000;1;105251;1;1;15900.0000;1;None;None;74600.0000
953;2023-01-13 21:05:49.737000;6;105419;1;1;0.0000;1;19083.0000;None;206100.0000
949;2023-01-13 21:24:55.200000;1;105421;1;1;16800.0000;1;9324.0000;None;100700.0000
936;2023-01-13 20:10:41.743000;1;105421;1;1;16800.0000;1;28278.0000;None;305400.0000
916;2023-01-13 14:07:17.273000;1;105421;1;1;16800.0000;1;16907.0000;None;182600.0000
953;2023-01-13 22:05:07.227000;6;105446;1;1;0.0000;1;19083.0000;None;206100.0000
946;2023-01-13 19:53:41.033000;1;105622;1;1;16800.0000;1;11352.0000;None;122600.0000
938;2023-01-13 19:11:43.077000;1;105622;1;1;16800.0000;1;21537.0000;None;232600.0000
20219;2023-01-13 14:31:08.047000;3;105735;1;1;0.0000;1;45222.0000;None;488400.0000
20219;2023-01-13 14:31:08.047000;3;105735;1;1;0.0000;1;45222.0000;None;488400.0000
20219;2023-01-13 15:18:58.960000;3;105735;1;1;0.0000;1;45222.0000;None;488400.0000
30132;2023-01-13 13:42:59.650000;1;105830;1;1;19900.0000;1;12454.0000;None;134500.0000
905;2023-01-13 12:54:58.183000;6;105836;1;1;0.0000;1;26778.0000;None;289200.0000
956;2023-01-13 21:40:00.747000;6;105836;1;1;0.0000;1;9148.0000;None;98800.0000
952;2023-01-13 20:58:05.670000;2;105918;1;1;27800.0000;1;12778.0000;None;138000.0000
952;2023-01-13 20:58:05.670000;2;105918;1;1;27800.0000;1;12778.0000;None;138000.0000
30137;2023-01-13 21:05:23.183000;2;106012;1;1;41800.0000;1;21630.0000;None;233600.0000
30137;2023-01-13 21:05:23.183000;2;106012;1;1;41800.0000;1;21630.0000;None;233600.0000
30132;2023-01-13 13:32:19.383000;2;106012;1;1;41800.0000;1;12454.0000;None;134500.0000
30132;2023-01-13 13:32:19.383000;2;106012;1;1;41800.0000;1;12454.0000;None;134500.0000
30137;2023-01-13 21:01:51.957000;6;106272;1;4;0.0000;1;21630.0000;None;233600.0000
954;2023-01-13 21:10:03.160000;6;106272;1;9;0.0000;1;None;None;179800.0000
953;2023-01-13 21:05:49.737000;6;106272;1;9;0.0000;1;19083.0000;None;206100.0000
20224;2023-01-13 21:24:10.393000;6;106272;1;4;0.0000;1;27593.0000;None;298000.0000
956;2023-01-13 21:33:26.657000;6;106272;1;1;0.0000;1;9148.0000;None;98800.0000
956;2023-01-13 21:33:26.657000;6;106272;1;1;0.0000;1;9148.0000;None;98800.0000
956;2023-01-13 21:33:26.657000;6;106272;1;1;0.0000;1;9148.0000;None;98800.0000
956;2023-01-13 21:33:26.657000;6;106272;1;1;0.0000;1;9148.0000;None;98800.0000
957;2023-01-13 21:42:36.623000;6;106272;1;1;0.0000;1;27111.0000;None;292800.0000
957;2023-01-13 21:42:36.623000;6;106272;1;1;0.0000;1;27111.0000;None;292800.0000
957;2023-01-13 21:42:36.623000;6;106272;1;1;0.0000;1;27111.0000;None;292800.0000
957;2023-01-13 21:42:36.623000;6;106272;1;1;0.0000;1;27111.0000;None;292800.0000
20225;2023-01-13 21:24:18.340000;6;106272;1;4;0.0000;1;9648.0000;None;104200.0000
20226;2023-01-13 21:24:27.167000;6;106272;1;4;0.0000;1;24796.0000;None;267800.0000
951;2023-01-13 20:49:37.863000;6;106272;1;9;0.0000;1;14426.0000;None;155800.0000
950;2023-01-13 20:37:30.300000;6;106272;1;9;0.0000;1;9000.0000;None;97200.0000
949;2023-01-13 20:36:28.847000;6;106272;1;4;0.0000;1;9324.0000;None;100700.0000
946;2023-01-13 19:56:08.507000;6;106272;1;9;0.0000;1;11352.0000;None;122600.0000
20222;2023-01-13 20:11:37.673000;6;106272;1;4;0.0000;1;14056.0000;None;151800.0000
959;2023-01-13 22:16:51.887000;6;106272;1;9;0.0000;1;12611.0000;None;136200.0000
904;2023-01-13 12:42:51.813000;1;106294;1;1;39800.0000;1;42352.0000;None;457400.0000
936;2023-01-13 19:21:50.273000;1;106352;1;1;69800.0000;1;28278.0000;None;305400.0000
905;2023-01-13 12:54:58.183000;1;106353;1;1;69800.0000;1;26778.0000;None;289200.0000
916;2023-01-13 13:24:25.573000;1;106353;1;1;69800.0000;1;16907.0000;None;182600.0000
916;2023-01-13 13:24:25.573000;1;106353;1;1;69800.0000;1;16907.0000;None;182600.0000
938;2023-01-13 19:28:46.863000;1;106356;1;1;0.0000;1;21537.0000;None;232600.0000
20218;2023-01-13 14:21:42.323000;1;106370;1;1;29800.0000;1;15722.0000;None;169800.0000
20220;2023-01-13 19:33:47.550000;1;106437;1;1;19400.0000;1;27324.0000;None;295100.0000
30131;2023-01-13 12:58:11.617000;6;106511;1;1;None;1;14704.0000;None;158800.0000
20220;2023-01-13 20:00:06.780000;2;106934;1;1;27800.0000;1;27324.0000;None;295100.0000
20220;2023-01-13 19:26:37.640000;2;106934;1;1;27800.0000;1;27324.0000;None;295100.0000
932;2023-01-13 17:32:54.630000;2;106934;1;1;27800.0000;1;19667.0000;None;212400.0000
944;2023-01-13 22:08:15.933000;2;106934;1;1;27800.0000;1;46722.0000;None;504600.0000
944;2023-01-13 21:25:30.470000;2;106934;1;1;27800.0000;1;46722.0000;None;504600.0000
944;2023-01-13 21:41:01.690000;2;106934;1;1;27800.0000;1;46722.0000;None;504600.0000
955;2023-01-13 21:28:51.257000;2;106934;1;1;27800.0000;1;26574.0000;None;287000.0000
959;2023-01-13 22:16:51.887000;2;106934;1;1;27800.0000;1;12611.0000;None;136200.0000
949;2023-01-13 20:50:49.090000;1;107002;1;1;69800.0000;1;9324.0000;None;100700.0000
914;2023-01-13 13:15:11.067000;1;107002;1;1;69800.0000;1;16000.0000;None;172800.0000
20217;2023-01-13 14:17:56.797000;1;107002;1;1;69800.0000;1;16537.0000;None;178600.0000
20216;2023-01-13 14:00:53.867000;1;107002;1;1;69800.0000;1;18352.0000;None;198200.0000
20219;2023-01-13 14:40:25.763000;1;107647;1;1;34800.0000;1;45222.0000;None;488400.0000
938;2023-01-13 19:10:40.597000;1;107647;1;1;34800.0000;1;21537.0000;None;232600.0000
944;2023-01-13 19:59:51.597000;2;108101;1;1;32800.0000;1;46722.0000;None;504600.0000
953;2023-01-13 21:05:49.737000;2;108118;1;1;34800.0000;1;19083.0000;None;206100.0000
953;2023-01-13 22:05:07.227000;2;108118;1;1;34800.0000;1;19083.0000;None;206100.0000
20225;2023-01-13 21:40:42.513000;2;108132;1;1;23800.0000;1;9648.0000;None;104200.0000
904;2023-01-13 12:42:51.813000;2;108132;1;4;95200.0000;1;42352.0000;None;457400.0000
905;2023-01-13 12:44:32.387000;2;108132;1;1;23800.0000;1;26778.0000;None;289200.0000
904;2023-01-13 13:46:38.050000;2;108132;1;7;166600.0000;1;42352.0000;None;457400.0000
30130;2023-01-13 13:03:45.443000;2;108132;1;1;23800.0000;1;10370.0000;None;112000.0000
930;2023-01-13 16:26:19.327000;3;108191;1;1;0.0000;1;20556.0000;None;222000.0000
930;2023-01-13 16:26:19.327000;3;108191;1;1;0.0000;1;20556.0000;None;222000.0000
930;2023-01-13 16:26:19.327000;3;108191;1;1;0.0000;1;20556.0000;None;222000.0000
936;2023-01-13 20:01:15.650000;3;108191;1;1;0.0000;1;28278.0000;None;305400.0000
30130;2023-01-13 12:49:45.883000;1;108207;1;1;37800.0000;1;10370.0000;None;112000.0000
910;2023-01-13 13:16:39.947000;1;108207;1;1;37800.0000;1;12741.0000;None;137600.0000
924;2023-01-13 15:09:12.453000;1;108236;1;1;0.0000;1;10926.0000;None;118000.0000
940;2023-01-13 19:47:55.440000;1;108267;1;1;38800.0000;1;24593.0000;None;265600.0000
947;2023-01-13 20:02:46.697000;1;108267;1;1;38800.0000;1;8815.0000;None;95200.0000
951;2023-01-13 21:02:45.080000;1;108267;1;1;38800.0000;1;14426.0000;None;155800.0000
20226;2023-01-13 22:37:08.070000;1;108280;1;1;16800.0000;1;24796.0000;None;267800.0000
928;2023-01-13 17:15:46.317000;1;108280;1;1;16800.0000;1;22093.0000;None;238600.0000
907;2023-01-13 12:52:11.090000;1;108527;1;1;29800.0000;1;6870.0000;None;74200.0000
942;2023-01-13 19:49:54.627000;1;108550;1;1;44800.0000;1;11019.0000;None;119000.0000
930;2023-01-13 16:36:22.273000;1;108550;1;1;44800.0000;1;20556.0000;None;222000.0000
20224;2023-01-13 21:24:40.970000;1;108669;1;1;79800.0000;1;27593.0000;None;298000.0000
915;2023-01-13 13:08:33.417000;1;108669;1;1;79800.0000;1;24278.0000;None;262200.0000
913;2023-01-13 13:19:41.067000;2;108836;1;1;30800.0000;1;14685.0000;None;158600.0000
913;2023-01-13 13:01:06.873000;2;108836;1;1;30800.0000;1;14685.0000;None;158600.0000
913;2023-01-13 13:45:19.667000;2;108836;1;1;30800.0000;1;14685.0000;None;158600.0000
915;2023-01-13 13:31:07.823000;2;108836;1;1;30800.0000;1;24278.0000;None;262200.0000
915;2023-01-13 13:34:40.803000;2;108836;1;1;30800.0000;1;24278.0000;None;262200.0000
30131;2023-01-13 12:58:33.033000;2;108836;1;1;30800.0000;1;14704.0000;None;158800.0000
30131;2023-01-13 13:03:30.277000;2;108836;1;1;30800.0000;1;14704.0000;None;158800.0000
20224;2023-01-13 21:41:52.623000;2;108836;1;1;30800.0000;1;27593.0000;None;298000.0000
20220;2023-01-13 19:26:37.640000;2;108836;1;1;30800.0000;1;27324.0000;None;295100.0000
20220;2023-01-13 20:00:06.780000;2;108836;1;1;30800.0000;1;27324.0000;None;295100.0000
946;2023-01-13 19:52:58.883000;2;109123;1;1;27800.0000;1;11352.0000;None;122600.0000
946;2023-01-13 19:52:58.883000;2;109123;1;1;27800.0000;1;11352.0000;None;122600.0000
20226;2023-01-13 21:34:59.810000;1;109198;1;1;23800.0000;1;24796.0000;None;267800.0000
922;2023-01-13 14:30:25.970000;1;109198;1;1;23800.0000;1;14963.0000;None;161600.0000
20218;2023-01-13 14:21:42.323000;1;109198;1;1;23800.0000;1;15722.0000;None;169800.0000
30130;2023-01-13 12:49:45.883000;1;109203;1;1;38800.0000;1;10370.0000;None;112000.0000
30137;2023-01-13 21:00:36.347000;1;109203;1;1;38800.0000;1;21630.0000;None;233600.0000
955;2023-01-13 21:29:39.253000;1;109203;1;1;38800.0000;1;26574.0000;None;287000.0000
941;2023-01-13 20:02:10.757000;1;109203;1;1;38800.0000;1;11833.0000;None;127800.0000
941;2023-01-13 19:55:24.707000;1;109216;1;1;15800.0000;1;11833.0000;None;127800.0000
20219;2023-01-13 14:40:25.763000;1;109216;1;1;15800.0000;1;45222.0000;None;488400.0000
20219;2023-01-13 14:40:25.763000;1;109216;1;1;15800.0000;1;45222.0000;None;488400.0000
939;2023-01-13 20:29:49.890000;1;109317;1;1;15800.0000;1;8556.0000;None;92400.0000
948;2023-01-13 21:44:24.907000;1;109317;1;1;15800.0000;1;17056.0000;None;184200.0000
20219;2023-01-13 15:58:22.953000;1;109356;1;1;18800.0000;1;45222.0000;None;488400.0000
948;2023-01-13 20:30:26.637000;1;109359;1;1;35800.0000;1;17056.0000;None;184200.0000
20222;2023-01-13 20:24:59.697000;1;109359;1;1;35800.0000;1;14056.0000;None;151800.0000
934;2023-01-13 18:27:53.630000;1;109360;1;1;22800.0000;1;6056.0000;None;65400.0000
943;2023-01-13 20:24:33.227000;1;109361;1;1;69800.0000;1;28333.0000;None;306000.0000
20222;2023-01-13 20:11:58.737000;1;109363;1;1;28800.0000;1;14056.0000;None;151800.0000
20217;2023-01-13 15:02:28.390000;1;109422;1;1;16800.0000;1;16537.0000;None;178600.0000
953;2023-01-13 21:05:49.737000;2;109585;1;1;30800.0000;1;19083.0000;None;206100.0000
953;2023-01-13 21:31:59.140000;2;109585;1;1;30800.0000;1;19083.0000;None;206100.0000
937;2023-01-13 18:52:03.800000;2;109585;1;1;30800.0000;1;14315.0000;None;154600.0000
20224;2023-01-13 21:24:10.393000;2;109587;1;1;27800.0000;1;27593.0000;None;298000.0000
931;2023-01-13 16:31:22.733000;3;200003;1;1;8800.0000;1;16074.0000;None;173600.0000
931;2023-01-13 16:31:22.733000;3;200003;1;1;8800.0000;1;16074.0000;None;173600.0000
931;2023-01-13 16:31:22.733000;3;200003;1;1;8800.0000;1;16074.0000;None;173600.0000
941;2023-01-13 19:41:55.413000;3;200004;1;1;9800.0000;1;11833.0000;None;127800.0000
954;2023-01-13 21:12:56.247000;3;200004;1;2;19600.0000;1;None;None;179800.0000
20226;2023-01-13 21:26:03.250000;3;200004;1;1;9800.0000;1;24796.0000;None;267800.0000
20225;2023-01-13 21:40:42.513000;3;200004;1;1;9800.0000;1;9648.0000;None;104200.0000
951;2023-01-13 22:19:27.677000;3;200004;1;1;9800.0000;1;14426.0000;None;155800.0000
924;2023-01-13 15:00:46.373000;3;200004;1;1;9800.0000;1;10926.0000;None;118000.0000
911;2023-01-13 13:03:43.773000;3;200004;1;1;9800.0000;1;13056.0000;None;141000.0000
915;2023-01-13 13:31:07.823000;3;200004;1;1;9800.0000;1;24278.0000;None;262200.0000
914;2023-01-13 13:09:35.617000;3;200004;1;1;9800.0000;1;16000.0000;None;172800.0000
915;2023-01-13 13:27:01.760000;3;200004;1;1;9800.0000;1;24278.0000;None;262200.0000
914;2023-01-13 13:57:46.967000;3;200004;1;1;9800.0000;1;16000.0000;None;172800.0000
934;2023-01-13 18:18:43.653000;3;200008;1;1;13800.0000;1;6056.0000;None;65400.0000
12774;2023-01-13 16:42:26.370000;3;200008;1;4;55200.0000;1;None;None;105150.0000
932;2023-01-13 17:40:24.833000;2;200060;1;1;134800.0000;1;19667.0000;None;212400.0000
940;2023-01-13 19:47:55.440000;2;200141;1;1;109800.0000;1;24593.0000;None;265600.0000
943;2023-01-13 20:58:52.137000;2;200627;1;1;70800.0000;1;28333.0000;None;306000.0000
943;2023-01-13 19:40:54.077000;2;200627;1;1;70800.0000;1;28333.0000;None;306000.0000
940;2023-01-13 20:53:54.957000;3;201146;1;1;5800.0000;1;24593.0000;None;265600.0000
30136;2023-01-13 20:34:12.200000;3;201146;1;1;5800.0000;1;10426.0000;None;112600.0000
30136;2023-01-13 19:30:56.613000;3;201146;1;1;5800.0000;1;10426.0000;None;112600.0000
937;2023-01-13 19:07:54.457000;3;201146;1;1;5800.0000;1;14315.0000;None;154600.0000
20221;2023-01-13 19:32:40.917000;3;201146;1;1;5800.0000;1;7796.0000;None;84200.0000
930;2023-01-13 16:26:19.327000;3;201146;1;1;5800.0000;1;20556.0000;None;222000.0000
935;2023-01-13 19:48:56.983000;3;201146;1;1;5800.0000;1;11093.0000;None;119800.0000
20223;2023-01-13 20:27:29.417000;3;201146;1;1;5800.0000;1;8704.0000;None;94000.0000
20223;2023-01-13 20:27:29.417000;3;201146;1;1;5800.0000;1;8704.0000;None;94000.0000
948;2023-01-13 20:30:26.637000;3;201146;1;1;5800.0000;1;17056.0000;None;184200.0000
944;2023-01-13 21:15:48.617000;3;201146;1;1;5800.0000;1;46722.0000;None;504600.0000
944;2023-01-13 22:08:15.933000;3;201146;1;1;5800.0000;1;46722.0000;None;504600.0000
957;2023-01-13 22:00:21.913000;3;201146;1;1;5800.0000;1;27111.0000;None;292800.0000
30137;2023-01-13 21:09:10.510000;3;201146;1;1;5800.0000;1;21630.0000;None;233600.0000
30137;2023-01-13 21:09:10.510000;3;201146;1;1;5800.0000;1;21630.0000;None;233600.0000
955;2023-01-13 21:28:51.223000;3;201146;1;1;5800.0000;1;26574.0000;None;287000.0000
905;2023-01-13 13:25:13.850000;3;201146;1;1;5800.0000;1;26778.0000;None;289200.0000
916;2023-01-13 13:22:54.787000;3;201146;1;1;5800.0000;1;16907.0000;None;182600.0000
911;2023-01-13 13:03:43.773000;3;201146;1;1;5800.0000;1;13056.0000;None;141000.0000
20218;2023-01-13 14:21:02.707000;3;201146;1;1;5800.0000;1;15722.0000;None;169800.0000
959;2023-01-13 22:16:51.887000;2;201187;1;1;9800.0000;1;12611.0000;None;136200.0000
20219;2023-01-13 14:31:08.047000;2;201187;1;1;9800.0000;1;45222.0000;None;488400.0000
20216;2023-01-13 13:54:24.050000;2;201187;1;1;9800.0000;1;18352.0000;None;198200.0000
910;2023-01-13 13:01:54.390000;2;201187;1;1;9800.0000;1;12741.0000;None;137600.0000
904;2023-01-13 12:42:51.813000;2;201187;1;1;9800.0000;1;42352.0000;None;457400.0000
954;2023-01-13 21:12:56.247000;2;201187;1;1;9800.0000;1;None;None;179800.0000
944;2023-01-13 19:59:51.597000;2;201187;1;1;9800.0000;1;46722.0000;None;504600.0000
944;2023-01-13 20:22:10.433000;2;201187;1;1;9800.0000;1;46722.0000;None;504600.0000
944;2023-01-13 20:47:16.510000;2;201187;1;1;9800.0000;1;46722.0000;None;504600.0000
950;2023-01-13 20:45:39.157000;2;201187;1;1;9800.0000;1;9000.0000;None;97200.0000
30135;2023-01-13 18:22:38.413000;3;201206;1;1;5800.0000;1;3500.0000;None;37800.0000
936;2023-01-13 18:43:34.297000;3;201206;1;1;5800.0000;1;28278.0000;None;305400.0000
931;2023-01-13 16:31:51.373000;3;201206;1;1;5800.0000;1;16074.0000;None;173600.0000
942;2023-01-13 19:42:58.620000;3;201206;1;1;5800.0000;1;11019.0000;None;119000.0000
905;2023-01-13 13:25:13.850000;3;201206;1;1;5800.0000;1;26778.0000;None;289200.0000
20219;2023-01-13 14:31:08.047000;3;201206;1;1;5800.0000;1;45222.0000;None;488400.0000
20219;2023-01-13 15:18:58.960000;3;201206;1;1;5800.0000;1;45222.0000;None;488400.0000
929;2023-01-13 16:13:52.283000;3;201206;1;1;5800.0000;1;12037.0000;None;130000.0000
927;2023-01-13 15:59:41.577000;3;201206;1;1;5800.0000;1;10148.0000;None;109600.0000
927;2023-01-13 15:59:41.577000;3;201206;1;1;5800.0000;1;10148.0000;None;109600.0000
958;2023-01-13 22:06:52.243000;3;201206;1;1;5800.0000;1;8982.0000;None;97000.0000
958;2023-01-13 21:59:21.693000;3;201211;1;1;5800.0000;1;8982.0000;None;97000.0000
927;2023-01-13 15:59:41.577000;3;201211;1;1;5800.0000;1;10148.0000;None;109600.0000
925;2023-01-13 15:19:49.150000;3;201211;1;1;5800.0000;1;6056.0000;None;65400.0000
20218;2023-01-13 14:21:02.707000;3;201211;1;1;5800.0000;1;15722.0000;None;169800.0000
30133;2023-01-13 14:13:20.403000;3;201211;1;1;5800.0000;1;8000.0000;None;86400.0000
906;2023-01-13 13:27:43.910000;3;201211;1;1;5800.0000;1;12852.0000;None;138800.0000
906;2023-01-13 12:47:25.893000;3;201211;1;1;5800.0000;1;12852.0000;None;138800.0000
20221;2023-01-13 19:32:40.917000;3;201211;1;1;5800.0000;1;7796.0000;None;84200.0000
931;2023-01-13 17:00:56.690000;3;201211;1;1;5800.0000;1;16074.0000;None;173600.0000
949;2023-01-13 20:36:38.900000;3;201211;1;1;5800.0000;1;9324.0000;None;100700.0000
930;2023-01-13 16:26:19.327000;3;201237;1;1;5800.0000;1;20556.0000;None;222000.0000
20220;2023-01-13 20:11:50.110000;3;201237;1;1;5800.0000;1;27324.0000;None;295100.0000
905;2023-01-13 12:44:32.387000;3;201237;1;1;5800.0000;1;26778.0000;None;289200.0000
905;2023-01-13 13:25:13.850000;3;201237;1;1;5800.0000;1;26778.0000;None;289200.0000
930;2023-01-13 16:26:19.327000;3;201237;1;1;5800.0000;1;20556.0000;None;222000.0000
928;2023-01-13 16:22:49.950000;3;201237;1;1;5800.0000;1;22093.0000;None;238600.0000
928;2023-01-13 16:22:49.950000;3;201237;1;1;5800.0000;1;22093.0000;None;238600.0000
930;2023-01-13 16:26:19.327000;3;201269;1;1;5800.0000;1;20556.0000;None;222000.0000
907;2023-01-13 12:52:11.090000;3;201269;1;1;5800.0000;1;6870.0000;None;74200.0000
907;2023-01-13 13:08:57.250000;3;201269;1;1;5800.0000;1;6870.0000;None;74200.0000
936;2023-01-13 20:01:15.650000;3;201269;1;1;5800.0000;1;28278.0000;None;305400.0000
936;2023-01-13 20:21:35.087000;3;201269;1;1;5800.0000;1;28278.0000;None;305400.0000
949;2023-01-13 20:36:38.900000;3;201269;1;1;5800.0000;1;9324.0000;None;100700.0000
946;2023-01-13 19:52:58.883000;3;201269;1;3;17400.0000;1;11352.0000;None;122600.0000
948;2023-01-13 20:30:26.637000;3;201269;1;1;5800.0000;1;17056.0000;None;184200.0000
948;2023-01-13 20:30:26.637000;3;201269;1;1;5800.0000;1;17056.0000;None;184200.0000
947;2023-01-13 20:24:18.543000;3;201269;1;1;5800.0000;1;8815.0000;None;95200.0000
947;2023-01-13 19:57:01.250000;2;201615;1;1;13800.0000;1;8815.0000;None;95200.0000
944;2023-01-13 20:47:16.510000;2;201615;1;1;13800.0000;1;46722.0000;None;504600.0000
944;2023-01-13 20:47:16.510000;2;201615;1;1;13800.0000;1;46722.0000;None;504600.0000
944;2023-01-13 19:59:51.597000;2;201615;1;1;13800.0000;1;46722.0000;None;504600.0000
944;2023-01-13 19:59:51.597000;2;201615;1;1;13800.0000;1;46722.0000;None;504600.0000
941;2023-01-13 20:20:36.193000;2;201615;1;1;13800.0000;1;11833.0000;None;127800.0000
908;2023-01-13 12:57:01.323000;2;201615;1;3;41400.0000;1;24000.0000;None;259200.0000
908;2023-01-13 13:47:11.457000;2;201615;1;1;13800.0000;1;24000.0000;None;259200.0000
908;2023-01-13 13:47:11.457000;2;201615;1;1;13800.0000;1;24000.0000;None;259200.0000
908;2023-01-13 13:47:11.457000;2;201615;1;1;13800.0000;1;24000.0000;None;259200.0000
910;2023-01-13 12:58:36.030000;2;201615;1;1;13800.0000;1;12741.0000;None;137600.0000
904;2023-01-13 12:43:41.107000;2;201615;1;1;13800.0000;1;42352.0000;None;457400.0000
30133;2023-01-13 14:13:20.403000;2;201615;1;2;27600.0000;1;8000.0000;None;86400.0000
30133;2023-01-13 13:39:48.467000;2;201615;1;3;41400.0000;1;8000.0000;None;86400.0000
20216;2023-01-13 13:54:24.050000;2;201615;1;1;13800.0000;1;18352.0000;None;198200.0000
20217;2023-01-13 14:05:44.033000;2;201615;1;1;13800.0000;1;16537.0000;None;178600.0000
922;2023-01-13 14:11:51.667000;2;201615;1;2;27600.0000;1;14963.0000;None;161600.0000
20219;2023-01-13 14:38:01.297000;3;201704;1;1;13800.0000;1;45222.0000;None;488400.0000
20219;2023-01-13 14:30:09.517000;3;201704;1;2;27600.0000;1;45222.0000;None;488400.0000
917;2023-01-13 13:35:59.647000;3;201704;1;1;13800.0000;1;12185.0000;None;131600.0000
917;2023-01-13 13:56:27.213000;3;201704;1;1;13800.0000;1;12185.0000;None;131600.0000
12774;2023-01-13 16:42:26.370000;3;201704;1;4;55200.0000;1;None;None;105150.0000
957;2023-01-13 21:50:00.590000;2;202435;1;1;118800.0000;1;27111.0000;None;292800.0000
20226;2023-01-13 21:46:27.173000;2;202599;1;1;131800.0000;1;24796.0000;None;267800.0000
