1069;2023-01-16 13:04:23.570000;7;1001;1;1;0.0000;1;12907.0000;None;139400.0000
1071;2023-01-16 13:33:47.963000;7;1001;1;1;0.0000;1;18750.0000;None;202500.0000
1071;2023-01-16 13:33:47.963000;7;1001;1;1;0.0000;1;18750.0000;None;202500.0000
12823;2023-01-16 13:39:20.870000;7;1002;1;1;0.0000;1;None;None;313600.0000
1079;2023-01-16 16:01:31.707000;7;1002;1;1;0.0000;1;29982.0000;None;323800.0000
1091;2023-01-16 21:11:01.757000;7;1002;1;1;0.0000;1;24722.0000;None;267000.0000
1078;2023-01-16 14:57:45.930000;7;1004;1;1;0.0000;1;19574.0000;None;211400.0000
1067;2023-01-16 14:23:04.077000;7;1006;1;1;0.0000;1;95500.0000;None;1031400.0000
1067;2023-01-16 14:23:04.077000;7;1006;1;1;0.0000;1;95500.0000;None;1031400.0000
1067;2023-01-16 14:23:04.077000;7;1006;1;1;0.0000;1;95500.0000;None;1031400.0000
1077;2023-01-16 14:19:59.960000;7;1006;1;1;0.0000;1;11870.0000;None;128200.0000
1076;2023-01-16 14:29:06.537000;7;1006;1;1;0.0000;1;5982.0000;None;64600.0000
1089;2023-01-16 19:45:05.490000;7;1006;1;1;0.0000;1;19426.0000;None;209800.0000
1091;2023-01-16 21:11:01.757000;7;1007;1;1;0.0000;1;24722.0000;None;267000.0000
12829;2023-01-16 19:48:58.597000;7;1007;1;1;0.0000;1;33500.0000;None;361800.0000
12829;2023-01-16 19:48:58.597000;7;1007;1;1;0.0000;1;33500.0000;None;361800.0000
1074;2023-01-16 13:47:41.607000;7;1007;1;1;0.0000;1;11426.0000;None;123400.0000
1066;2023-01-16 13:01:32.667000;7;1007;1;1;0.0000;1;13130.0000;None;141800.0000
1060;2023-01-16 12:54:15.377000;7;1007;1;1;0.0000;1;30871.0000;None;333400.0000
1060;2023-01-16 12:54:15.377000;7;1007;1;1;0.0000;1;30871.0000;None;333400.0000
1068;2023-01-16 13:36:48.683000;7;1064;1;1;0.0000;1;51685.0000;None;558200.0000
1089;2023-01-16 19:45:05.490000;7;1093;1;1;0.0000;1;19426.0000;None;209800.0000
1068;2023-01-16 13:36:48.683000;7;1135;1;1;0.0000;1;51685.0000;None;558200.0000
1067;2023-01-16 14:28:45.973000;7;1135;1;1;0.0000;1;95500.0000;None;1031400.0000
1074;2023-01-16 13:47:41.607000;7;1135;1;1;0.0000;1;11426.0000;None;123400.0000
12823;2023-01-16 13:39:20.870000;7;1135;1;1;0.0000;1;None;None;313600.0000
12823;2023-01-16 13:39:20.870000;7;1135;1;1;0.0000;1;None;None;313600.0000
12823;2023-01-16 13:42:07.127000;7;1135;1;1;0.0000;1;None;None;313600.0000
30155;2023-01-16 13:41:12.330000;7;1135;1;1;None;1;11093.0000;None;119800.0000
1077;2023-01-16 14:19:59.960000;7;1135;1;1;0.0000;1;11870.0000;None;128200.0000
1078;2023-01-16 14:57:45.930000;7;1135;1;1;0.0000;1;19574.0000;None;211400.0000
1067;2023-01-16 14:23:04.077000;7;1135;1;1;0.0000;1;95500.0000;None;1031400.0000
1067;2023-01-16 13:59:37.947000;7;1135;1;1;0.0000;1;95500.0000;None;1031400.0000
1089;2023-01-16 19:45:05.490000;7;1135;1;1;0.0000;1;19426.0000;None;209800.0000
1089;2023-01-16 19:45:05.490000;7;1135;1;1;0.0000;1;19426.0000;None;209800.0000
1074;2023-01-16 13:47:41.607000;7;1187;1;1;0.0000;1;11426.0000;None;123400.0000
1074;2023-01-16 13:47:41.607000;7;1187;1;1;0.0000;1;11426.0000;None;123400.0000
30153;2023-01-16 13:08:15.980000;7;1207;1;1;0.0000;1;5315.0000;None;57400.0000
1060;2023-01-16 12:21:07.993000;7;1207;1;1;None;1;30871.0000;None;333400.0000
1060;2023-01-16 13:41:53.687000;7;1216;1;1;None;1;30871.0000;None;333400.0000
1077;2023-01-16 15:00:24.723000;7;1216;1;1;0.0000;1;11870.0000;None;128200.0000
1080;2023-01-16 16:45:56.870000;7;1216;1;1;0.0000;1;18352.0000;None;198200.0000
1070;2023-01-16 13:42:03.543000;7;1220;1;1;0.0000;1;11370.0000;None;122800.0000
12829;2023-01-16 19:48:58.597000;7;1302;1;1;0.0000;1;33500.0000;None;361800.0000
1087;2023-01-16 19:49:47.810000;7;1303;1;1;0.0000;1;8315.0000;None;89800.0000
1085;2023-01-16 20:03:49.727000;7;1303;1;1;0.0000;1;8907.0000;None;96200.0000
12826;2023-01-16 15:13:08.660000;7;1303;1;1;0.0000;1;4593.0000;None;49600.0000
1079;2023-01-16 17:42:37.327000;7;1303;1;1;0.0000;1;29982.0000;None;323800.0000
1089;2023-01-16 20:23:40.357000;7;1303;1;1;0.0000;1;19426.0000;None;209800.0000
1071;2023-01-16 14:34:54.957000;7;1303;1;1;0.0000;1;18750.0000;None;202500.0000
1077;2023-01-16 15:21:03.307000;7;1303;1;1;0.0000;1;11870.0000;None;128200.0000
1078;2023-01-16 15:46:16.593000;7;1303;1;1;0.0000;1;19574.0000;None;211400.0000
1076;2023-01-16 15:15:59.790000;7;1303;1;1;0.0000;1;5982.0000;None;64600.0000
12825;2023-01-16 13:57:07.560000;7;1303;1;1;0.0000;1;3463.0000;None;37400.0000
1075;2023-01-16 14:24:04.747000;7;1303;1;1;0.0000;1;13685.0000;None;147800.0000
1074;2023-01-16 14:31:27.270000;7;1303;1;1;0.0000;1;11426.0000;None;123400.0000
30155;2023-01-16 13:55:59.487000;7;1303;1;1;0.0000;1;11093.0000;None;119800.0000
1072;2023-01-16 14:35:00.717000;7;1303;1;1;0.0000;1;14519.0000;None;156800.0000
1060;2023-01-16 13:50:05.547000;7;1303;1;1;0.0000;1;30871.0000;None;333400.0000
30153;2023-01-16 14:05:13.957000;7;1303;1;1;0.0000;1;5315.0000;None;57400.0000
1064;2023-01-16 13:23:39.003000;7;1303;1;1;0.0000;1;4019.0000;None;43400.0000
1065;2023-01-16 14:11:12.967000;7;1303;1;1;0.0000;1;15574.0000;None;168200.0000
30154;2023-01-16 12:59:41.240000;7;1303;1;1;0.0000;1;537.0000;None;5800.0000
1067;2023-01-16 13:59:37.947000;7;1306;1;1;0.0000;1;95500.0000;None;1031400.0000
1067;2023-01-16 14:23:04.077000;7;1306;1;1;0.0000;1;95500.0000;None;1031400.0000
1066;2023-01-16 13:01:32.667000;7;1306;2;1;0.0000;1;13130.0000;None;141800.0000
12823;2023-01-16 13:39:20.870000;7;1306;1;1;0.0000;1;None;None;313600.0000
1075;2023-01-16 13:41:12.017000;7;1306;1;1;0.0000;1;13685.0000;None;147800.0000
1076;2023-01-16 14:29:06.537000;7;1306;1;1;0.0000;1;5982.0000;None;64600.0000
1077;2023-01-16 14:19:59.960000;7;1306;2;1;0.0000;1;11870.0000;None;128200.0000
1077;2023-01-16 14:19:59.960000;7;1306;1;1;0.0000;1;11870.0000;None;128200.0000
1071;2023-01-16 13:33:47.963000;7;1306;1;1;0.0000;1;18750.0000;None;202500.0000
1068;2023-01-16 13:36:48.683000;7;1306;1;1;0.0000;1;51685.0000;None;558200.0000
1067;2023-01-16 14:23:04.077000;7;1306;1;1;0.0000;1;95500.0000;None;1031400.0000
1079;2023-01-16 16:01:31.707000;7;1306;1;1;0.0000;1;29982.0000;None;323800.0000
1069;2023-01-16 13:04:23.570000;7;1307;1;1;0.0000;1;12907.0000;None;139400.0000
1078;2023-01-16 14:57:45.930000;7;1307;1;1;0.0000;1;19574.0000;None;211400.0000
1063;2023-01-16 12:53:49.703000;7;1308;1;1;0.0000;1;22278.0000;None;240600.0000
12829;2023-01-16 19:48:58.597000;7;1308;2;1;0.0000;1;33500.0000;None;361800.0000
1089;2023-01-16 19:45:05.490000;7;1308;2;1;0.0000;1;19426.0000;None;209800.0000
1089;2023-01-16 19:45:05.490000;7;1308;1;1;0.0000;1;19426.0000;None;209800.0000
1063;2023-01-16 12:39:54.987000;7;2002;1;1;None;1;22278.0000;None;240600.0000
1067;2023-01-16 13:08:04.823000;7;2002;1;2;0.0000;1;95500.0000;None;1031400.0000
1061;2023-01-16 13:30:34.870000;7;2009;1;-1;0.0000;1;7333.0000;None;79200.0000
1061;2023-01-16 13:24:56.987000;7;2009;1;1;None;1;7333.0000;None;79200.0000
1074;2023-01-16 13:35:00.673000;7;2015;1;2;0.0000;1;11426.0000;None;123400.0000
1091;2023-01-16 21:02:13.627000;7;2015;1;2;None;1;24722.0000;None;267000.0000
1072;2023-01-16 13:46:22.997000;7;2042;1;1;0.0000;1;14519.0000;None;156800.0000
1072;2023-01-16 13:44:55.603000;7;2042;1;1;0.0000;1;14519.0000;None;156800.0000
1075;2023-01-16 13:41:12.017000;7;2042;1;1;0.0000;1;13685.0000;None;147800.0000
1071;2023-01-16 13:59:39.577000;7;2042;1;1;None;1;18750.0000;None;202500.0000
1064;2023-01-16 12:49:38.277000;7;2042;1;1;None;1;4019.0000;None;43400.0000
1064;2023-01-16 12:49:38.277000;7;2042;1;1;None;1;4019.0000;None;43400.0000
1065;2023-01-16 13:23:32.547000;7;2042;1;1;0.0000;1;15574.0000;None;168200.0000
1091;2023-01-16 21:02:13.627000;7;2042;1;1;None;1;24722.0000;None;267000.0000
1087;2023-01-16 19:31:02.267000;7;2042;1;1;0.0000;1;8315.0000;None;89800.0000
1089;2023-01-16 19:44:08.517000;7;2042;1;1;0.0000;1;19426.0000;None;209800.0000
1087;2023-01-16 19:31:02.267000;7;2042;1;2;0.0000;1;8315.0000;None;89800.0000
30153;2023-01-16 13:08:15.980000;7;2045;1;1;0.0000;1;5315.0000;None;57400.0000
1072;2023-01-16 13:32:35.727000;7;2045;1;3;None;1;14519.0000;None;156800.0000
1068;2023-01-16 13:22:57.950000;7;2045;1;1;0.0000;1;51685.0000;None;558200.0000
1067;2023-01-16 13:24:01.057000;7;2046;1;1;0.0000;1;95500.0000;None;1031400.0000
1067;2023-01-16 13:37:08.833000;7;2046;1;1;0.0000;1;95500.0000;None;1031400.0000
30153;2023-01-16 12:45:35.990000;7;2050;1;1;0.0000;1;5315.0000;None;57400.0000
30152;2023-01-16 12:41:20.030000;7;2065;1;1;0.0000;1;11574.0000;None;125000.0000
30152;2023-01-16 12:41:20.030000;7;2094;1;1;0.0000;1;11574.0000;None;125000.0000
1089;2023-01-16 20:11:33.913000;6;100424;1;1;0.0000;1;19426.0000;None;209800.0000
1070;2023-01-16 14:11:28.947000;3;100596;1;1;5800.0000;1;11370.0000;None;122800.0000
1070;2023-01-16 14:13:17.810000;3;100596;1;-1;-5800.0000;1;11370.0000;None;122800.0000
1061;2023-01-16 13:24:56.987000;3;100606;1;1;6800.0000;1;7333.0000;None;79200.0000
1061;2023-01-16 13:30:34.870000;3;100606;1;-1;-6800.0000;1;7333.0000;None;79200.0000
1087;2023-01-16 19:31:02.267000;3;100606;1;1;6800.0000;1;8315.0000;None;89800.0000
1061;2023-01-16 13:30:34.870000;3;100614;1;-1;-5800.0000;1;7333.0000;None;79200.0000
1061;2023-01-16 13:24:56.987000;3;100614;1;1;5800.0000;1;7333.0000;None;79200.0000
1067;2023-01-16 14:23:04.077000;1;100963;1;1;0.0000;1;95500.0000;None;1031400.0000
1076;2023-01-16 14:29:06.537000;1;100963;1;1;0.0000;1;5982.0000;None;64600.0000
12829;2023-01-16 19:48:58.597000;1;100963;1;1;0.0000;1;33500.0000;None;361800.0000
1079;2023-01-16 16:01:31.707000;1;100963;1;1;0.0000;1;29982.0000;None;323800.0000
1065;2023-01-16 13:42:11.887000;1;101043;1;1;21800.0000;1;15574.0000;None;168200.0000
1060;2023-01-16 13:41:53.687000;1;101088;1;1;3800.0000;1;30871.0000;None;333400.0000
1077;2023-01-16 15:00:24.723000;1;101088;1;1;3800.0000;1;11870.0000;None;128200.0000
1080;2023-01-16 16:45:56.870000;1;101088;1;1;3800.0000;1;18352.0000;None;198200.0000
1066;2023-01-16 13:01:32.667000;1;101092;1;1;55800.0000;1;13130.0000;None;141800.0000
1071;2023-01-16 13:33:47.963000;1;101119;1;1;8800.0000;1;18750.0000;None;202500.0000
1084;2023-01-16 19:14:42.303000;1;101119;1;1;8800.0000;1;10685.0000;None;115400.0000
1070;2023-01-16 13:16:46.723000;1;101122;1;1;37800.0000;1;11370.0000;None;122800.0000
1071;2023-01-16 13:39:29.070000;1;101178;1;1;44800.0000;1;18750.0000;None;202500.0000
1068;2023-01-16 13:14:21.427000;1;101178;1;1;44800.0000;1;51685.0000;None;558200.0000
1067;2023-01-16 13:49:47.390000;1;101178;1;1;44800.0000;1;95500.0000;None;1031400.0000
1067;2023-01-16 13:49:47.390000;1;101178;1;1;44800.0000;1;95500.0000;None;1031400.0000
1079;2023-01-16 15:24:04.210000;1;101178;1;1;44800.0000;1;29982.0000;None;323800.0000
1067;2023-01-16 13:37:08.833000;2;101193;1;1;21800.0000;1;95500.0000;None;1031400.0000
1067;2023-01-16 14:23:04.077000;1;101203;1;1;51800.0000;1;95500.0000;None;1031400.0000
1067;2023-01-16 14:23:04.077000;1;101203;1;1;51800.0000;1;95500.0000;None;1031400.0000
1080;2023-01-16 16:04:27.160000;1;101203;1;1;51800.0000;1;18352.0000;None;198200.0000
1068;2023-01-16 13:36:48.683000;1;101212;1;1;25800.0000;1;51685.0000;None;558200.0000
1060;2023-01-16 12:37:47.007000;1;101270;1;1;None;1;30871.0000;None;333400.0000
1061;2023-01-16 12:32:39.347000;1;101270;1;1;0.0000;1;7333.0000;None;79200.0000
1063;2023-01-16 12:39:54.987000;1;101270;1;1;None;1;22278.0000;None;240600.0000
30152;2023-01-16 13:26:33.970000;1;101270;1;1;0.0000;1;11574.0000;None;125000.0000
30152;2023-01-16 12:41:20.030000;1;101270;1;1;0.0000;1;11574.0000;None;125000.0000
30152;2023-01-16 12:41:20.030000;1;101270;1;1;0.0000;1;11574.0000;None;125000.0000
1063;2023-01-16 12:39:54.987000;1;101270;1;1;None;1;22278.0000;None;240600.0000
1063;2023-01-16 12:45:10.330000;1;101270;1;1;0.0000;1;22278.0000;None;240600.0000
1067;2023-01-16 13:08:04.823000;1;101270;1;2;0.0000;1;95500.0000;None;1031400.0000
1066;2023-01-16 12:58:24.380000;1;101270;1;1;None;1;13130.0000;None;141800.0000
1066;2023-01-16 13:30:48.887000;1;101270;1;-1;0.0000;1;13130.0000;None;141800.0000
1066;2023-01-16 13:01:32.667000;1;101270;1;1;0.0000;1;13130.0000;None;141800.0000
30153;2023-01-16 12:45:35.990000;1;101270;1;1;0.0000;1;5315.0000;None;57400.0000
30153;2023-01-16 13:08:15.980000;1;101270;1;1;0.0000;1;5315.0000;None;57400.0000
12826;2023-01-16 14:23:12.970000;1;101270;1;1;0.0000;1;4593.0000;None;49600.0000
1081;2023-01-16 16:48:58.733000;1;101270;1;1;0.0000;1;6500.0000;None;70200.0000
1081;2023-01-16 16:48:58.733000;1;101270;1;1;0.0000;1;6500.0000;None;70200.0000
1084;2023-01-16 19:11:23.197000;1;101270;1;1;0.0000;1;10685.0000;None;115400.0000
12829;2023-01-16 19:48:58.597000;1;101313;1;1;79800.0000;1;33500.0000;None;361800.0000
1063;2023-01-16 12:53:49.703000;1;101418;1;1;0.0000;1;22278.0000;None;240600.0000
1063;2023-01-16 12:53:49.703000;1;101418;1;1;0.0000;1;22278.0000;None;240600.0000
1063;2023-01-16 12:53:49.703000;1;101433;1;1;0.0000;1;22278.0000;None;240600.0000
1063;2023-01-16 12:53:49.703000;1;101433;1;1;0.0000;1;22278.0000;None;240600.0000
1063;2023-01-16 12:53:49.703000;1;101433;1;1;0.0000;1;22278.0000;None;240600.0000
12823;2023-01-16 13:39:20.870000;1;101433;1;1;0.0000;1;None;None;313600.0000
12823;2023-01-16 13:39:20.870000;1;101433;1;1;0.0000;1;None;None;313600.0000
1071;2023-01-16 13:33:47.963000;1;101433;1;1;0.0000;1;18750.0000;None;202500.0000
1069;2023-01-16 13:04:23.570000;1;101433;1;1;0.0000;1;12907.0000;None;139400.0000
12829;2023-01-16 19:48:58.597000;1;101433;1;1;0.0000;1;33500.0000;None;361800.0000
1089;2023-01-16 19:45:05.490000;1;101433;1;1;0.0000;1;19426.0000;None;209800.0000
1091;2023-01-16 21:11:01.757000;1;101433;1;1;0.0000;1;24722.0000;None;267000.0000
1080;2023-01-16 16:04:27.160000;6;101438;1;1;0.0000;1;18352.0000;None;198200.0000
1070;2023-01-16 13:16:46.723000;6;101438;1;1;0.0000;1;11370.0000;None;122800.0000
1068;2023-01-16 13:36:48.683000;6;101438;1;1;0.0000;1;51685.0000;None;558200.0000
1067;2023-01-16 14:23:04.077000;6;101438;1;1;0.0000;1;95500.0000;None;1031400.0000
1071;2023-01-16 13:33:47.963000;None;101442;None;1;0.0000;1;18750.0000;None;202500.0000
1085;2023-01-16 19:14:17.030000;None;101442;None;1;0.0000;1;8907.0000;None;96200.0000
1080;2023-01-16 16:04:27.160000;6;101470;1;1;0.0000;1;18352.0000;None;198200.0000
30155;2023-01-16 13:29:20.313000;6;101470;1;1;None;1;11093.0000;None;119800.0000
1078;2023-01-16 14:57:45.930000;1;101519;1;1;0.0000;1;19574.0000;None;211400.0000
1067;2023-01-16 14:23:04.077000;1;101519;1;1;0.0000;1;95500.0000;None;1031400.0000
1065;2023-01-16 13:08:41.797000;6;101525;1;1;0.0000;1;15574.0000;None;168200.0000
30155;2023-01-16 13:29:20.313000;6;101525;1;1;None;1;11093.0000;None;119800.0000
1071;2023-01-16 13:33:47.963000;6;101535;1;1;0.0000;1;18750.0000;None;202500.0000
1070;2023-01-16 13:16:46.723000;6;101535;1;1;0.0000;1;11370.0000;None;122800.0000
1085;2023-01-16 19:14:17.030000;6;101535;1;1;0.0000;1;8907.0000;None;96200.0000
1085;2023-01-16 19:14:17.030000;6;101535;1;1;0.0000;1;8907.0000;None;96200.0000
12829;2023-01-16 19:48:58.597000;1;101552;1;1;0.0000;1;33500.0000;None;361800.0000
1091;2023-01-16 21:11:01.757000;1;101552;1;1;0.0000;1;24722.0000;None;267000.0000
1067;2023-01-16 13:59:37.947000;1;101552;1;1;0.0000;1;95500.0000;None;1031400.0000
1074;2023-01-16 13:47:41.607000;1;101552;1;1;0.0000;1;11426.0000;None;123400.0000
1060;2023-01-16 12:54:15.377000;6;101599;1;1;0.0000;1;30871.0000;None;333400.0000
1063;2023-01-16 12:53:49.703000;6;101624;1;1;0.0000;1;22278.0000;None;240600.0000
1077;2023-01-16 14:19:59.960000;6;101624;1;1;0.0000;1;11870.0000;None;128200.0000
1075;2023-01-16 13:41:12.017000;6;101624;1;1;0.0000;1;13685.0000;None;147800.0000
1068;2023-01-16 13:36:48.683000;6;101624;1;1;0.0000;1;51685.0000;None;558200.0000
1085;2023-01-16 19:14:17.030000;6;101624;1;1;0.0000;1;8907.0000;None;96200.0000
1087;2023-01-16 19:31:17.473000;6;101624;1;1;0.0000;1;8315.0000;None;89800.0000
1081;2023-01-16 16:48:58.733000;6;101624;1;1;0.0000;1;6500.0000;None;70200.0000
1082;2023-01-16 17:02:52.360000;6;101624;1;1;0.0000;1;7056.0000;None;76200.0000
1079;2023-01-16 16:01:31.707000;6;101624;1;1;0.0000;1;29982.0000;None;323800.0000
1060;2023-01-16 12:37:47.007000;2;101794;1;2;79600.0000;1;30871.0000;None;333400.0000
1060;2023-01-16 12:21:07.993000;2;101844;1;1;31800.0000;1;30871.0000;None;333400.0000
1060;2023-01-16 12:21:07.993000;2;101844;1;1;31800.0000;1;30871.0000;None;333400.0000
1070;2023-01-16 14:11:28.947000;1;101906;1;1;16800.0000;1;11370.0000;None;122800.0000
1072;2023-01-16 13:44:55.603000;1;101907;1;1;24800.0000;1;14519.0000;None;156800.0000
1091;2023-01-16 21:10:30.693000;1;102025;1;1;31800.0000;1;24722.0000;None;267000.0000
1084;2023-01-16 19:14:42.303000;1;102060;1;1;30800.0000;1;10685.0000;None;115400.0000
1067;2023-01-16 14:23:04.077000;1;102141;1;1;2800.0000;1;95500.0000;None;1031400.0000
1078;2023-01-16 14:57:45.930000;1;102172;1;1;4800.0000;1;19574.0000;None;211400.0000
1089;2023-01-16 19:45:05.490000;1;102172;1;1;4800.0000;1;19426.0000;None;209800.0000
1071;2023-01-16 13:33:47.963000;1;102177;1;1;2500.0000;1;18750.0000;None;202500.0000
30155;2023-01-16 13:41:12.330000;1;102222;1;1;2800.0000;1;11093.0000;None;119800.0000
1067;2023-01-16 13:37:43.060000;1;102222;1;3;8400.0000;1;95500.0000;None;1031400.0000
1065;2023-01-16 13:15:11.907000;1;102222;1;1;2800.0000;1;15574.0000;None;168200.0000
1066;2023-01-16 13:15:19.037000;1;102222;1;1;2800.0000;1;13130.0000;None;141800.0000
1066;2023-01-16 13:39:54.793000;1;102222;1;-1;-2800.0000;1;13130.0000;None;141800.0000
1084;2023-01-16 19:14:42.303000;1;102239;1;1;5800.0000;1;10685.0000;None;115400.0000
1063;2023-01-16 12:53:49.703000;1;102270;1;1;1800.0000;1;22278.0000;None;240600.0000
1063;2023-01-16 12:53:49.703000;1;102270;1;1;1800.0000;1;22278.0000;None;240600.0000
1067;2023-01-16 14:23:04.077000;1;102280;1;1;6800.0000;1;95500.0000;None;1031400.0000
12825;2023-01-16 13:29:20.147000;1;102299;1;1;4800.0000;1;3463.0000;None;37400.0000
1068;2023-01-16 13:36:48.683000;1;102325;1;1;55800.0000;1;51685.0000;None;558200.0000
30153;2023-01-16 12:59:02.020000;1;102359;1;1;41800.0000;1;5315.0000;None;57400.0000
1071;2023-01-16 13:33:47.963000;1;102407;1;1;34800.0000;1;18750.0000;None;202500.0000
1066;2023-01-16 13:01:32.667000;1;102436;1;1;29800.0000;1;13130.0000;None;141800.0000
1067;2023-01-16 14:23:04.077000;1;102436;1;1;29800.0000;1;95500.0000;None;1031400.0000
1067;2023-01-16 14:23:04.077000;1;102437;1;1;37800.0000;1;95500.0000;None;1031400.0000
1061;2023-01-16 12:37:18.023000;1;102440;1;1;29800.0000;1;7333.0000;None;79200.0000
1068;2023-01-16 13:36:48.683000;1;102440;1;1;29800.0000;1;51685.0000;None;558200.0000
1068;2023-01-16 14:21:32.100000;3;102635;1;1;7800.0000;1;51685.0000;None;558200.0000
1072;2023-01-16 13:44:55.603000;3;102635;1;1;7800.0000;1;14519.0000;None;156800.0000
1071;2023-01-16 13:21:27.247000;3;102635;1;1;7800.0000;1;18750.0000;None;202500.0000
1071;2023-01-16 13:21:27.247000;3;102635;1;1;7800.0000;1;18750.0000;None;202500.0000
1068;2023-01-16 13:22:57.950000;3;102635;1;1;7800.0000;1;51685.0000;None;558200.0000
1072;2023-01-16 13:46:22.997000;3;102635;1;1;7800.0000;1;14519.0000;None;156800.0000
1075;2023-01-16 13:41:12.017000;3;102635;1;1;7800.0000;1;13685.0000;None;147800.0000
1061;2023-01-16 12:32:39.347000;3;102635;1;1;7800.0000;1;7333.0000;None;79200.0000
1063;2023-01-16 12:47:32.703000;3;102635;1;-1;-7800.0000;1;22278.0000;None;240600.0000
1063;2023-01-16 12:39:54.987000;3;102635;1;1;7800.0000;1;22278.0000;None;240600.0000
1063;2023-01-16 12:39:54.987000;3;102635;1;1;7800.0000;1;22278.0000;None;240600.0000
1067;2023-01-16 13:24:01.057000;3;102635;1;1;7800.0000;1;95500.0000;None;1031400.0000
1067;2023-01-16 13:37:08.833000;3;102635;1;1;7800.0000;1;95500.0000;None;1031400.0000
1065;2023-01-16 13:23:32.547000;3;102635;1;1;7800.0000;1;15574.0000;None;168200.0000
1087;2023-01-16 19:31:02.267000;3;102635;1;2;15600.0000;1;8315.0000;None;89800.0000
1087;2023-01-16 19:31:02.267000;3;102638;1;1;10800.0000;1;8315.0000;None;89800.0000
30152;2023-01-16 12:56:23.783000;1;102726;1;1;45800.0000;1;11574.0000;None;125000.0000
12823;2023-01-16 13:42:07.127000;1;102726;1;1;45800.0000;1;None;None;313600.0000
1084;2023-01-16 19:11:23.197000;3;102747;1;1;4800.0000;1;10685.0000;None;115400.0000
12829;2023-01-16 19:28:19.897000;3;102747;1;1;4800.0000;1;33500.0000;None;361800.0000
30155;2023-01-16 13:29:20.313000;1;102753;1;1;67800.0000;1;11093.0000;None;119800.0000
1071;2023-01-16 13:33:47.963000;1;102877;1;1;49800.0000;1;18750.0000;None;202500.0000
1069;2023-01-16 13:04:23.570000;1;102877;1;1;49800.0000;1;12907.0000;None;139400.0000
1063;2023-01-16 12:53:49.703000;1;102877;1;1;49800.0000;1;22278.0000;None;240600.0000
1063;2023-01-16 12:53:49.703000;1;102877;1;1;49800.0000;1;22278.0000;None;240600.0000
1063;2023-01-16 12:53:49.703000;1;102877;1;1;49800.0000;1;22278.0000;None;240600.0000
1089;2023-01-16 19:45:05.490000;1;102877;1;1;49800.0000;1;19426.0000;None;209800.0000
1070;2023-01-16 13:25:12.157000;1;102961;1;1;22800.0000;1;11370.0000;None;122800.0000
1068;2023-01-16 13:44:03.993000;1;102961;1;1;22800.0000;1;51685.0000;None;558200.0000
1068;2023-01-16 13:44:03.993000;1;102961;1;1;22800.0000;1;51685.0000;None;558200.0000
1067;2023-01-16 13:37:08.833000;2;102979;1;1;27800.0000;1;95500.0000;None;1031400.0000
1067;2023-01-16 13:37:08.833000;2;102979;1;1;27800.0000;1;95500.0000;None;1031400.0000
1067;2023-01-16 13:37:08.833000;2;102979;1;1;27800.0000;1;95500.0000;None;1031400.0000
1067;2023-01-16 13:37:43.060000;2;102979;1;1;27800.0000;1;95500.0000;None;1031400.0000
1067;2023-01-16 13:59:37.947000;1;103104;1;1;32800.0000;1;95500.0000;None;1031400.0000
12823;2023-01-16 13:39:20.870000;1;103107;1;1;26800.0000;1;None;None;313600.0000
12823;2023-01-16 13:39:20.870000;1;103107;1;1;26800.0000;1;None;None;313600.0000
1075;2023-01-16 13:32:43.567000;1;103111;1;1;0.0000;1;13685.0000;None;147800.0000
1074;2023-01-16 13:29:35.560000;1;103111;1;1;0.0000;1;11426.0000;None;123400.0000
30155;2023-01-16 13:23:01.973000;1;103111;1;1;0.0000;1;11093.0000;None;119800.0000
1076;2023-01-16 14:19:20.397000;1;103111;1;1;0.0000;1;5982.0000;None;64600.0000
12825;2023-01-16 13:29:08.990000;1;103111;1;1;0.0000;1;3463.0000;None;37400.0000
12826;2023-01-16 14:02:05.137000;1;103111;1;1;0.0000;1;4593.0000;None;49600.0000
1078;2023-01-16 14:42:58.857000;1;103111;1;1;None;1;19574.0000;None;211400.0000
1069;2023-01-16 13:03:40.467000;1;103111;1;1;0.0000;1;12907.0000;None;139400.0000
1072;2023-01-16 13:21:37.750000;1;103111;1;1;0.0000;1;14519.0000;None;156800.0000
1071;2023-01-16 13:21:27.247000;1;103111;1;1;0.0000;1;18750.0000;None;202500.0000
1068;2023-01-16 13:03:34.410000;1;103111;1;1;0.0000;1;51685.0000;None;558200.0000
1068;2023-01-16 13:03:34.410000;1;103111;1;1;0.0000;1;51685.0000;None;558200.0000
1070;2023-01-16 13:09:13.110000;1;103111;1;1;0.0000;1;11370.0000;None;122800.0000
1067;2023-01-16 12:59:26.370000;1;103111;1;3;0.0000;1;95500.0000;None;1031400.0000
1064;2023-01-16 12:46:16.707000;1;103111;1;1;0.0000;1;4019.0000;None;43400.0000
1065;2023-01-16 12:48:59;1;103111;1;1;None;1;15574.0000;None;168200.0000
1066;2023-01-16 12:52:07.980000;1;103111;1;1;0.0000;1;13130.0000;None;141800.0000
30153;2023-01-16 12:45:16.463000;1;103111;1;1;0.0000;1;5315.0000;None;57400.0000
1063;2023-01-16 12:32:47.753000;1;103111;1;1;0.0000;1;22278.0000;None;240600.0000
30152;2023-01-16 12:30:16.370000;1;103111;1;1;0.0000;1;11574.0000;None;125000.0000
1061;2023-01-16 12:18:55.980000;1;103111;1;1;0.0000;1;7333.0000;None;79200.0000
1060;2023-01-16 12:18:48.630000;1;103111;1;1;0.0000;1;30871.0000;None;333400.0000
12829;2023-01-16 18:44:22.647000;1;103111;1;1;0.0000;1;33500.0000;None;361800.0000
1085;2023-01-16 19:07:01.503000;1;103111;1;1;None;1;8907.0000;None;96200.0000
1079;2023-01-16 15:06:13.483000;1;103111;1;1;0.0000;1;29982.0000;None;323800.0000
1080;2023-01-16 15:33:31.950000;1;103111;1;1;0.0000;1;18352.0000;None;198200.0000
1082;2023-01-16 16:53:53.497000;1;103111;1;1;0.0000;1;7056.0000;None;76200.0000
1084;2023-01-16 19:01:20.770000;1;103111;1;1;0.0000;1;10685.0000;None;115400.0000
1081;2023-01-16 16:41:59.140000;1;103111;1;1;0.0000;1;6500.0000;None;70200.0000
1065;2023-01-16 13:08:41.797000;1;103134;1;1;31800.0000;1;15574.0000;None;168200.0000
30155;2023-01-16 13:29:20.313000;1;103134;1;1;31800.0000;1;11093.0000;None;119800.0000
1085;2023-01-16 19:14:17.030000;1;103154;1;1;31800.0000;1;8907.0000;None;96200.0000
1071;2023-01-16 13:33:47.963000;1;103172;1;1;24800.0000;1;18750.0000;None;202500.0000
1060;2023-01-16 12:54:15.377000;1;103193;1;1;89800.0000;1;30871.0000;None;333400.0000
1068;2023-01-16 13:36:48.683000;1;103198;1;1;49800.0000;1;51685.0000;None;558200.0000
12823;2023-01-16 13:39:20.870000;1;103198;1;1;49800.0000;1;None;None;313600.0000
1075;2023-01-16 13:41:12.017000;1;103198;1;1;49800.0000;1;13685.0000;None;147800.0000
1065;2023-01-16 13:08:41.797000;1;103350;5;1;58800.0000;1;15574.0000;None;168200.0000
12829;2023-01-16 19:28:19.897000;1;103381;1;1;58800.0000;1;33500.0000;None;361800.0000
30152;2023-01-16 12:56:23.783000;1;103429;1;1;49800.0000;1;11574.0000;None;125000.0000
1068;2023-01-16 13:36:48.683000;1;103434;1;1;34800.0000;1;51685.0000;None;558200.0000
1068;2023-01-16 13:36:48.683000;1;103434;1;1;34800.0000;1;51685.0000;None;558200.0000
1081;2023-01-16 16:48:58.733000;1;103441;1;1;31800.0000;1;6500.0000;None;70200.0000
1064;2023-01-16 12:49:38.277000;1;103467;1;1;31800.0000;1;4019.0000;None;43400.0000
1082;2023-01-16 17:02:52.360000;1;103467;1;1;31800.0000;1;7056.0000;None;76200.0000
1068;2023-01-16 13:36:48.683000;1;103471;1;1;34800.0000;1;51685.0000;None;558200.0000
1078;2023-01-16 14:57:45.930000;1;103515;1;1;44800.0000;1;19574.0000;None;211400.0000
1075;2023-01-16 13:41:12.017000;1;103552;1;1;38800.0000;1;13685.0000;None;147800.0000
1091;2023-01-16 21:11:01.757000;1;103557;1;1;29800.0000;1;24722.0000;None;267000.0000
1066;2023-01-16 13:01:32.667000;1;103565;1;1;34800.0000;1;13130.0000;None;141800.0000
1067;2023-01-16 14:28:45.973000;1;103567;1;1;31800.0000;1;95500.0000;None;1031400.0000
1061;2023-01-16 12:37:18.023000;1;103567;1;1;31800.0000;1;7333.0000;None;79200.0000
12823;2023-01-16 13:39:20.870000;1;103597;1;1;69800.0000;1;None;None;313600.0000
1074;2023-01-16 13:47:41.607000;1;103597;1;1;69800.0000;1;11426.0000;None;123400.0000
1067;2023-01-16 14:23:04.077000;1;103600;1;1;69800.0000;1;95500.0000;None;1031400.0000
1091;2023-01-16 21:11:01.757000;1;103600;1;1;69800.0000;1;24722.0000;None;267000.0000
12829;2023-01-16 19:48:58.597000;1;103600;1;1;69800.0000;1;33500.0000;None;361800.0000
1084;2023-01-16 19:11:38.627000;1;103763;1;1;14800.0000;1;10685.0000;None;115400.0000
1063;2023-01-16 12:53:49.703000;1;103771;1;1;29800.0000;1;22278.0000;None;240600.0000
12823;2023-01-16 13:39:20.870000;1;103773;1;1;14800.0000;1;None;None;313600.0000
1063;2023-01-16 12:53:49.703000;1;103783;1;1;19800.0000;1;22278.0000;None;240600.0000
1070;2023-01-16 13:16:46.723000;1;103784;1;1;29800.0000;1;11370.0000;None;122800.0000
1079;2023-01-16 16:01:31.707000;1;103784;1;1;29800.0000;1;29982.0000;None;323800.0000
1082;2023-01-16 17:02:52.360000;1;103785;1;1;28800.0000;1;7056.0000;None;76200.0000
1087;2023-01-16 19:31:17.473000;1;103788;1;1;39800.0000;1;8315.0000;None;89800.0000
1080;2023-01-16 16:04:27.160000;1;103791;1;1;39800.0000;1;18352.0000;None;198200.0000
1075;2023-01-16 13:41:12.017000;1;103791;1;1;39800.0000;1;13685.0000;None;147800.0000
12829;2023-01-16 19:48:58.597000;1;103818;1;1;109800.0000;1;33500.0000;None;361800.0000
1076;2023-01-16 14:29:06.537000;1;103845;1;1;58800.0000;1;5982.0000;None;64600.0000
1080;2023-01-16 16:04:27.160000;1;103846;1;1;48800.0000;1;18352.0000;None;198200.0000
1067;2023-01-16 13:49:47.390000;1;103898;1;1;26800.0000;1;95500.0000;None;1031400.0000
1067;2023-01-16 13:49:47.390000;1;103898;1;1;26800.0000;1;95500.0000;None;1031400.0000
1091;2023-01-16 21:11:01.757000;1;103902;1;1;89800.0000;1;24722.0000;None;267000.0000
1060;2023-01-16 13:41:53.687000;1;103961;1;1;16800.0000;1;30871.0000;None;333400.0000
1079;2023-01-16 17:15:26.183000;1;103961;1;1;16800.0000;1;29982.0000;None;323800.0000
1080;2023-01-16 16:45:56.870000;1;104004;1;1;15800.0000;1;18352.0000;None;198200.0000
1077;2023-01-16 15:00:24.723000;1;104004;1;1;15800.0000;1;11870.0000;None;128200.0000
12825;2023-01-16 13:29:20.147000;1;104009;1;1;26800.0000;1;3463.0000;None;37400.0000
1072;2023-01-16 13:44:55.603000;1;104009;1;1;26800.0000;1;14519.0000;None;156800.0000
1079;2023-01-16 16:21:18.440000;2;104099;1;1;31800.0000;1;29982.0000;None;323800.0000
1079;2023-01-16 16:23:36.213000;2;104099;1;1;31800.0000;1;29982.0000;None;323800.0000
1079;2023-01-16 15:07:39.507000;2;104099;1;1;31800.0000;1;29982.0000;None;323800.0000
1079;2023-01-16 15:07:39.507000;2;104099;1;1;31800.0000;1;29982.0000;None;323800.0000
1091;2023-01-16 21:11:01.757000;1;104206;1;1;8800.0000;1;24722.0000;None;267000.0000
1063;2023-01-16 12:53:49.703000;1;104206;1;1;8800.0000;1;22278.0000;None;240600.0000
1068;2023-01-16 13:14:21.427000;1;104212;1;1;39800.0000;1;51685.0000;None;558200.0000
1089;2023-01-16 19:44:08.517000;3;104446;1;1;5800.0000;1;19426.0000;None;209800.0000
1082;2023-01-16 16:54:07.553000;1;104602;1;1;0.0000;1;7056.0000;None;76200.0000
1074;2023-01-16 13:47:41.607000;1;104693;1;1;39800.0000;1;11426.0000;None;123400.0000
1067;2023-01-16 14:23:04.077000;1;104837;1;1;0.0000;1;95500.0000;None;1031400.0000
1089;2023-01-16 19:45:05.490000;1;104837;1;1;0.0000;1;19426.0000;None;209800.0000
1089;2023-01-16 19:45:05.490000;1;104893;1;1;129800.0000;1;19426.0000;None;209800.0000
1067;2023-01-16 13:37:08.833000;6;105419;1;1;0.0000;1;95500.0000;None;1031400.0000
1080;2023-01-16 16:45:56.870000;1;105421;1;1;16800.0000;1;18352.0000;None;198200.0000
1079;2023-01-16 16:23:36.213000;6;105446;1;1;0.0000;1;29982.0000;None;323800.0000
1079;2023-01-16 16:21:18.440000;6;105446;1;1;0.0000;1;29982.0000;None;323800.0000
1087;2023-01-16 19:31:17.473000;1;105622;1;1;16800.0000;1;8315.0000;None;89800.0000
1079;2023-01-16 15:07:39.507000;3;105735;1;1;0.0000;1;29982.0000;None;323800.0000
1060;2023-01-16 12:37:47.007000;3;105735;1;1;None;1;30871.0000;None;333400.0000
1084;2023-01-16 19:11:23.197000;6;106272;1;4;0.0000;1;10685.0000;None;115400.0000
1089;2023-01-16 19:44:08.517000;6;106272;1;4;0.0000;1;19426.0000;None;209800.0000
1087;2023-01-16 19:28:29.417000;6;106272;1;4;0.0000;1;8315.0000;None;89800.0000
12829;2023-01-16 19:12:19.397000;6;106272;1;4;0.0000;1;33500.0000;None;361800.0000
1091;2023-01-16 21:02:13.627000;6;106272;1;4;None;1;24722.0000;None;267000.0000
1077;2023-01-16 14:19:59.960000;1;106352;1;1;74800.0000;1;11870.0000;None;128200.0000
1067;2023-01-16 14:23:04.077000;1;106352;1;1;74800.0000;1;95500.0000;None;1031400.0000
1078;2023-01-16 14:57:45.930000;1;106353;1;1;79800.0000;1;19574.0000;None;211400.0000
1060;2023-01-16 12:54:15.377000;1;106353;1;1;79800.0000;1;30871.0000;None;333400.0000
1079;2023-01-16 16:01:31.707000;1;106353;1;1;79800.0000;1;29982.0000;None;323800.0000
1068;2023-01-16 13:36:48.683000;1;106356;1;1;0.0000;1;51685.0000;None;558200.0000
12826;2023-01-16 14:20:53.847000;1;106579;1;1;39800.0000;1;4593.0000;None;49600.0000
1078;2023-01-16 15:10:56.763000;2;106934;1;1;27800.0000;1;19574.0000;None;211400.0000
1078;2023-01-16 14:45:31.130000;2;106934;1;1;27800.0000;1;19574.0000;None;211400.0000
1067;2023-01-16 14:23:04.077000;1;107002;1;1;69800.0000;1;95500.0000;None;1031400.0000
1078;2023-01-16 14:57:45.930000;1;107901;1;1;6800.0000;1;19574.0000;None;211400.0000
1067;2023-01-16 14:33:36.987000;2;108132;1;1;23800.0000;1;95500.0000;None;1031400.0000
1067;2023-01-16 13:40:18.847000;2;108132;1;2;47600.0000;1;95500.0000;None;1031400.0000
1067;2023-01-16 13:37:08.833000;2;108132;1;1;23800.0000;1;95500.0000;None;1031400.0000
1066;2023-01-16 12:58:24.380000;3;108191;1;2;0.0000;1;13130.0000;None;141800.0000
1085;2023-01-16 19:14:01.213000;3;108191;1;1;0.0000;1;8907.0000;None;96200.0000
1067;2023-01-16 14:23:04.077000;1;108207;1;1;37800.0000;1;95500.0000;None;1031400.0000
1075;2023-01-16 13:41:12.017000;1;108235;1;1;0.0000;1;13685.0000;None;147800.0000
1060;2023-01-16 12:54:15.377000;1;108236;1;1;0.0000;1;30871.0000;None;333400.0000
1060;2023-01-16 12:54:15.377000;1;108236;1;1;0.0000;1;30871.0000;None;333400.0000
1085;2023-01-16 19:14:17.030000;1;108266;1;1;52800.0000;1;8907.0000;None;96200.0000
1065;2023-01-16 13:08:41.797000;1;108452;1;1;23800.0000;1;15574.0000;None;168200.0000
1068;2023-01-16 13:14:21.427000;1;108669;1;1;79800.0000;1;51685.0000;None;558200.0000
1068;2023-01-16 13:14:21.427000;1;108669;1;1;79800.0000;1;51685.0000;None;558200.0000
1069;2023-01-16 13:04:23.570000;1;108669;1;1;79800.0000;1;12907.0000;None;139400.0000
1068;2023-01-16 13:41:16.870000;1;108669;1;-1;-79800.0000;1;51685.0000;None;558200.0000
1068;2023-01-16 13:41:16.870000;1;108669;1;-1;-79800.0000;1;51685.0000;None;558200.0000
1068;2023-01-16 13:36:48.683000;1;109198;1;1;33800.0000;1;51685.0000;None;558200.0000
1077;2023-01-16 14:19:59.960000;1;109198;1;1;33800.0000;1;11870.0000;None;128200.0000
1084;2023-01-16 19:14:42.303000;1;109203;1;1;38800.0000;1;10685.0000;None;115400.0000
1081;2023-01-16 16:48:58.733000;1;109360;1;1;22800.0000;1;6500.0000;None;70200.0000
12823;2023-01-16 13:39:20.870000;1;109361;1;1;79800.0000;1;None;None;313600.0000
1072;2023-01-16 13:44:55.603000;1;109361;1;1;79800.0000;1;14519.0000;None;156800.0000
1068;2023-01-16 13:36:48.683000;1;109420;1;1;52800.0000;1;51685.0000;None;558200.0000
1067;2023-01-16 14:23:04.077000;1;109420;1;1;52800.0000;1;95500.0000;None;1031400.0000
1067;2023-01-16 13:08:04.823000;3;200004;1;2;19600.0000;1;95500.0000;None;1031400.0000
1065;2023-01-16 13:15:11.907000;3;200004;1;1;9800.0000;1;15574.0000;None;168200.0000
1066;2023-01-16 13:01:32.667000;3;200004;1;1;9800.0000;1;13130.0000;None;141800.0000
1061;2023-01-16 12:32:39.347000;3;200004;1;1;9800.0000;1;7333.0000;None;79200.0000
30152;2023-01-16 13:26:33.970000;3;200004;1;1;9800.0000;1;11574.0000;None;125000.0000
30152;2023-01-16 12:41:20.030000;3;200004;1;1;9800.0000;1;11574.0000;None;125000.0000
30152;2023-01-16 12:41:20.030000;3;200004;1;1;9800.0000;1;11574.0000;None;125000.0000
30153;2023-01-16 12:45:35.990000;3;200004;1;1;9800.0000;1;5315.0000;None;57400.0000
1069;2023-01-16 13:04:23.570000;3;200004;1;1;9800.0000;1;12907.0000;None;139400.0000
1070;2023-01-16 13:09:13.110000;3;200004;1;1;9800.0000;1;11370.0000;None;122800.0000
1071;2023-01-16 13:59:39.577000;3;200004;1;1;9800.0000;1;18750.0000;None;202500.0000
1068;2023-01-16 13:22:57.950000;3;200004;1;1;9800.0000;1;51685.0000;None;558200.0000
1068;2023-01-16 13:22:57.950000;3;200004;1;1;9800.0000;1;51685.0000;None;558200.0000
12826;2023-01-16 14:23:12.970000;3;200004;1;1;9800.0000;1;4593.0000;None;49600.0000
1081;2023-01-16 16:48:58.733000;3;200004;1;1;9800.0000;1;6500.0000;None;70200.0000
1080;2023-01-16 16:04:27.160000;3;200004;1;1;9800.0000;1;18352.0000;None;198200.0000
12829;2023-01-16 19:12:19.397000;3;200004;1;1;9800.0000;1;33500.0000;None;361800.0000
1074;2023-01-16 13:35:00.673000;3;200008;1;1;13800.0000;1;11426.0000;None;123400.0000
1091;2023-01-16 21:02:13.627000;3;200008;1;1;13800.0000;1;24722.0000;None;267000.0000
12829;2023-01-16 19:28:19.897000;3;200012;1;1;9800.0000;1;33500.0000;None;361800.0000
12829;2023-01-16 19:49:30.940000;3;200012;1;-1;-9800.0000;1;33500.0000;None;361800.0000
1065;2023-01-16 13:15:11.907000;3;201146;1;1;5800.0000;1;15574.0000;None;168200.0000
30153;2023-01-16 12:45:35.990000;3;201146;1;1;5800.0000;1;5315.0000;None;57400.0000
1070;2023-01-16 13:09:13.110000;3;201146;1;1;5800.0000;1;11370.0000;None;122800.0000
1071;2023-01-16 13:59:39.577000;3;201146;1;1;5800.0000;1;18750.0000;None;202500.0000
12829;2023-01-16 21:21:11.413000;3;201146;1;2;11600.0000;1;33500.0000;None;361800.0000
1089;2023-01-16 19:44:08.517000;3;201146;1;1;5800.0000;1;19426.0000;None;209800.0000
12829;2023-01-16 19:28:19.897000;3;201146;1;1;5800.0000;1;33500.0000;None;361800.0000
12829;2023-01-16 18:44:22.647000;3;201146;1;1;5800.0000;1;33500.0000;None;361800.0000
1085;2023-01-16 19:14:01.213000;3;201146;1;1;5800.0000;1;8907.0000;None;96200.0000
1079;2023-01-16 15:35:46.893000;3;201146;1;1;5800.0000;1;29982.0000;None;323800.0000
1081;2023-01-16 16:48:58.733000;3;201146;1;1;5800.0000;1;6500.0000;None;70200.0000
1084;2023-01-16 19:11:23.197000;3;201146;1;1;5800.0000;1;10685.0000;None;115400.0000
1082;2023-01-16 17:02:52.360000;3;201146;1;1;5800.0000;1;7056.0000;None;76200.0000
1091;2023-01-16 21:45:13.350000;3;201146;1;3;17400.0000;1;24722.0000;None;267000.0000
1091;2023-01-16 21:02:13.627000;3;201146;1;1;5800.0000;1;24722.0000;None;267000.0000
1082;2023-01-16 17:02:52.360000;2;201187;1;1;9800.0000;1;7056.0000;None;76200.0000
1079;2023-01-16 16:21:18.440000;2;201187;1;1;9800.0000;1;29982.0000;None;323800.0000
1079;2023-01-16 15:07:39.507000;2;201187;1;1;9800.0000;1;29982.0000;None;323800.0000
1067;2023-01-16 14:47:21.767000;2;201187;1;1;9800.0000;1;95500.0000;None;1031400.0000
1072;2023-01-16 13:44:55.603000;2;201187;1;1;9800.0000;1;14519.0000;None;156800.0000
1078;2023-01-16 15:04:09.103000;2;201187;1;1;9800.0000;1;19574.0000;None;211400.0000
1078;2023-01-16 14:45:31.130000;2;201187;1;1;9800.0000;1;19574.0000;None;211400.0000
1067;2023-01-16 13:24:01.057000;2;201187;1;1;9800.0000;1;95500.0000;None;1031400.0000
1067;2023-01-16 13:37:08.833000;3;201206;1;1;5800.0000;1;95500.0000;None;1031400.0000
1067;2023-01-16 13:24:01.057000;3;201206;1;1;5800.0000;1;95500.0000;None;1031400.0000
1064;2023-01-16 12:49:38.277000;3;201206;1;1;5800.0000;1;4019.0000;None;43400.0000
1065;2023-01-16 12:58:13.293000;3;201206;1;1;5800.0000;1;15574.0000;None;168200.0000
12825;2023-01-16 13:29:08.990000;3;201206;1;1;5800.0000;1;3463.0000;None;37400.0000
30155;2023-01-16 13:28:54.730000;3;201206;1;1;5800.0000;1;11093.0000;None;119800.0000
30155;2023-01-16 13:50:49.893000;3;201206;1;1;5800.0000;1;11093.0000;None;119800.0000
1075;2023-01-16 13:41:12.017000;3;201206;1;1;5800.0000;1;13685.0000;None;147800.0000
1067;2023-01-16 14:33:36.987000;3;201206;1;3;17400.0000;1;95500.0000;None;1031400.0000
1068;2023-01-16 13:22:57.950000;3;201206;1;1;5800.0000;1;51685.0000;None;558200.0000
1068;2023-01-16 13:22:57.950000;3;201206;1;1;5800.0000;1;51685.0000;None;558200.0000
1068;2023-01-16 14:21:20.187000;3;201206;1;1;5800.0000;1;51685.0000;None;558200.0000
1080;2023-01-16 16:04:27.160000;3;201206;1;1;5800.0000;1;18352.0000;None;198200.0000
12829;2023-01-16 19:47:14.437000;3;201206;1;1;5800.0000;1;33500.0000;None;361800.0000
1068;2023-01-16 14:07:11.577000;3;201211;1;1;5800.0000;1;51685.0000;None;558200.0000
1071;2023-01-16 13:21:27.247000;3;201211;1;1;5800.0000;1;18750.0000;None;202500.0000
1068;2023-01-16 13:22:57.950000;3;201211;1;1;5800.0000;1;51685.0000;None;558200.0000
1068;2023-01-16 13:22:57.950000;3;201211;1;1;5800.0000;1;51685.0000;None;558200.0000
1068;2023-01-16 13:22:57.950000;3;201211;1;1;5800.0000;1;51685.0000;None;558200.0000
1075;2023-01-16 14:07:02.687000;3;201211;1;1;5800.0000;1;13685.0000;None;147800.0000
1076;2023-01-16 14:24:36.003000;3;201211;1;1;5800.0000;1;5982.0000;None;64600.0000
1064;2023-01-16 12:49:38.277000;3;201211;1;1;5800.0000;1;4019.0000;None;43400.0000
1067;2023-01-16 13:24:01.057000;3;201211;1;1;5800.0000;1;95500.0000;None;1031400.0000
1067;2023-01-16 13:08:04.823000;3;201211;1;1;5800.0000;1;95500.0000;None;1031400.0000
30154;2023-01-16 12:56:05.970000;3;201211;1;1;5800.0000;1;537.0000;None;5800.0000
1067;2023-01-16 13:24:01.057000;3;201237;1;1;5800.0000;1;95500.0000;None;1031400.0000
30155;2023-01-16 13:26:58.343000;3;201237;1;1;5800.0000;1;11093.0000;None;119800.0000
1084;2023-01-16 19:11:23.197000;3;201237;1;1;5800.0000;1;10685.0000;None;115400.0000
1080;2023-01-16 16:04:27.160000;3;201237;1;1;5800.0000;1;18352.0000;None;198200.0000
1085;2023-01-16 19:14:01.213000;3;201269;1;1;5800.0000;1;8907.0000;None;96200.0000
1066;2023-01-16 13:30:48.887000;3;201269;1;-1;-5800.0000;1;13130.0000;None;141800.0000
1066;2023-01-16 12:58:24.380000;3;201269;1;2;11600.0000;1;13130.0000;None;141800.0000
1066;2023-01-16 12:58:24.380000;3;201269;1;1;5800.0000;1;13130.0000;None;141800.0000
1063;2023-01-16 12:45:10.330000;3;201269;1;1;5800.0000;1;22278.0000;None;240600.0000
1063;2023-01-16 12:39:54.987000;3;201269;1;1;5800.0000;1;22278.0000;None;240600.0000
1089;2023-01-16 19:44:08.517000;2;201615;1;1;13800.0000;1;19426.0000;None;209800.0000
1063;2023-01-16 12:39:54.987000;3;202134;1;1;9800.0000;1;22278.0000;None;240600.0000
