15904;2023-01-08 16:16:04.820000;None;3;None;1;-34100.0000;2;None;None;34100.0000
15900;2023-01-08 13:05:11.547000;7;1002;1;1;0.0000;1;21833.0000;None;235800.0000
2014;2023-01-08 13:08:25.500000;7;1002;1;1;0.0000;1;13333.0000;None;144000.0000
21177;2023-01-08 21:18:57.517000;7;1002;1;1;0.0000;1;20445.0000;None;220800.0000
21183;2023-01-08 21:37:36.990000;7;1006;1;1;0.0000;1;4407.0000;None;47600.0000
21169;2023-01-08 18:11:17.500000;7;1006;1;1;0.0000;1;22537.0000;None;243400.0000
21169;2023-01-08 18:11:17.500000;7;1006;1;1;0.0000;1;22537.0000;None;243400.0000
15909;2023-01-08 18:40:20.513000;7;1006;1;-1;0.0000;1;-29000.0000;None;-313200.0000
15909;2023-01-08 18:40:20.513000;7;1006;1;-1;0.0000;1;-29000.0000;None;-313200.0000
15909;2023-01-08 18:40:20.513000;7;1006;1;-1;0.0000;1;-29000.0000;None;-313200.0000
21163;2023-01-08 16:54:40.440000;7;1006;1;1;None;1;29000.0000;None;313200.0000
21163;2023-01-08 16:54:40.440000;7;1006;1;1;None;1;29000.0000;None;313200.0000
2019;2023-01-08 16:19:53.187000;7;1006;1;1;0.0000;1;32815.0000;None;354400.0000
21163;2023-01-08 17:20:29.483000;7;1006;1;1;0.0000;1;29000.0000;None;313200.0000
21164;2023-01-08 16:50:21.353000;7;1006;1;1;0.0000;1;19611.0000;None;211800.0000
21155;2023-01-08 15:08:20.743000;7;1006;1;1;0.0000;1;20000.0000;None;216000.0000
21158;2023-01-08 15:43:23.263000;7;1006;1;1;0.0000;1;20019.0000;None;216200.0000
21158;2023-01-08 15:43:23.263000;7;1006;1;1;0.0000;1;20019.0000;None;216200.0000
21158;2023-01-08 15:43:23.263000;7;1006;1;1;0.0000;1;20019.0000;None;216200.0000
21160;2023-01-08 15:45:15.707000;7;1006;1;1;0.0000;1;24722.0000;None;267000.0000
33224;2023-01-08 13:00:25.957000;7;1006;1;1;0.0000;1;8982.0000;None;97000.0000
21144;2023-01-08 13:51:35.917000;7;1006;1;1;0.0000;1;20741.0000;None;224000.0000
33227;2023-01-08 14:02:26.360000;7;1006;1;1;0.0000;1;16833.0000;None;181800.0000
21132;2023-01-08 11:59:47.750000;7;1006;1;1;0.0000;1;48426.0000;None;523000.0000
33227;2023-01-08 14:02:26.360000;7;1007;1;1;0.0000;1;16833.0000;None;181800.0000
15907;2023-01-08 15:09:14.187000;7;1007;1;1;0.0000;1;20833.0000;None;225000.0000
15907;2023-01-08 15:09:14.187000;7;1007;1;1;0.0000;1;20833.0000;None;225000.0000
33233;2023-01-08 15:23:21.487000;7;1007;1;1;0.0000;1;20407.0000;None;220400.0000
21144;2023-01-08 13:51:35.917000;7;1045;1;1;0.0000;1;20741.0000;None;224000.0000
21144;2023-01-08 13:51:35.917000;7;1045;1;1;0.0000;1;20741.0000;None;224000.0000
21144;2023-01-08 13:51:35.917000;7;1045;1;1;0.0000;1;20741.0000;None;224000.0000
21169;2023-01-08 18:11:17.500000;7;1131;1;1;0.0000;1;22537.0000;None;243400.0000
21169;2023-01-08 18:11:17.500000;7;1131;1;1;0.0000;1;22537.0000;None;243400.0000
21169;2023-01-08 18:11:17.500000;7;1131;1;1;0.0000;1;22537.0000;None;243400.0000
21169;2023-01-08 18:11:17.500000;7;1131;1;1;0.0000;1;22537.0000;None;243400.0000
21172;2023-01-08 19:38:03.070000;7;1135;1;1;0.0000;1;47852.0000;None;516800.0000
2019;2023-01-08 16:19:53.187000;7;1135;1;1;0.0000;1;32815.0000;None;354400.0000
21155;2023-01-08 15:08:20.743000;7;1135;1;1;0.0000;1;20000.0000;None;216000.0000
21161;2023-01-08 15:58:01.657000;7;1135;1;1;0.0000;1;13389.0000;None;144600.0000
21160;2023-01-08 15:46:10.533000;7;1135;1;1;0.0000;1;24722.0000;None;267000.0000
21157;2023-01-08 15:27:51.390000;7;1135;1;1;0.0000;1;18093.0000;None;195400.0000
15904;2023-01-08 14:56:09.137000;7;1135;1;1;0.0000;1;None;None;34100.0000
33236;2023-01-08 15:53:20.317000;7;1135;1;1;0.0000;1;19648.0000;None;212200.0000
33236;2023-01-08 15:53:20.317000;7;1135;1;1;0.0000;1;19648.0000;None;212200.0000
21178;2023-01-08 20:33:25.020000;7;1135;1;1;0.0000;1;13019.0000;None;140600.0000
21178;2023-01-08 20:33:25.020000;7;1135;1;1;0.0000;1;13019.0000;None;140600.0000
21141;2023-01-08 13:14:47.530000;7;1135;1;1;0.0000;1;17333.0000;None;187200.0000
15900;2023-01-08 13:05:11.547000;7;1135;1;1;0.0000;1;21833.0000;None;235800.0000
21145;2023-01-08 13:55:48.767000;7;1135;1;1;0.0000;1;12222.0000;None;132000.0000
21145;2023-01-08 13:55:48.767000;7;1135;1;1;0.0000;1;12222.0000;None;132000.0000
21146;2023-01-08 14:13:46.027000;7;1135;1;1;0.0000;1;5176.0000;None;55900.0000
21146;2023-01-08 14:13:46.027000;7;1135;1;1;0.0000;1;5176.0000;None;55900.0000
21148;2023-01-08 14:15:12.027000;7;1135;1;1;0.0000;1;1093.0000;None;11800.0000
21151;2023-01-08 14:32:42.477000;7;1135;1;1;0.0000;1;7796.0000;None;84200.0000
21151;2023-01-08 14:32:42.477000;7;1135;1;1;0.0000;1;7796.0000;None;84200.0000
21134;2023-01-08 12:08:45.390000;7;1135;1;1;None;1;11407.0000;None;123200.0000
21137;2023-01-08 12:22:39.380000;7;1135;1;1;0.0000;1;6519.0000;None;70400.0000
21140;2023-01-08 12:41:31.567000;7;1135;1;1;None;1;10398.0000;None;112300.0000
21140;2023-01-08 12:41:31.567000;7;1135;1;1;None;1;10398.0000;None;112300.0000
21133;2023-01-08 11:51:18.037000;7;1135;1;1;0.0000;1;None;11648.0000;251600.0000
21132;2023-01-08 12:35:06.923000;7;1135;1;-1;0.0000;1;48426.0000;None;523000.0000
21132;2023-01-08 12:02:44.757000;7;1135;1;1;0.0000;1;48426.0000;None;523000.0000
21132;2023-01-08 11:59:47.750000;7;1135;1;1;0.0000;1;48426.0000;None;523000.0000
21132;2023-01-08 11:59:47.750000;7;1135;1;1;0.0000;1;48426.0000;None;523000.0000
21133;2023-01-08 12:15:32.267000;7;1135;1;1;0.0000;1;None;11648.0000;251600.0000
21133;2023-01-08 11:51:18.037000;7;1135;1;1;0.0000;1;None;11648.0000;251600.0000
21133;2023-01-08 12:24:08.437000;7;1207;1;1;None;1;None;11648.0000;251600.0000
21132;2023-01-08 11:55:18.330000;7;1207;1;1;0.0000;1;48426.0000;None;523000.0000
21132;2023-01-08 11:55:18.330000;7;1207;1;1;0.0000;1;48426.0000;None;523000.0000
21132;2023-01-08 11:55:18.330000;7;1207;1;1;0.0000;1;48426.0000;None;523000.0000
21131;2023-01-08 11:02:24.720000;7;1207;1;1;0.0000;1;889.0000;None;9600.0000
21147;2023-01-08 14:14:39.287000;7;1207;1;1;None;1;12167.0000;None;131400.0000
33227;2023-01-08 14:02:26.360000;7;1207;1;1;0.0000;1;16833.0000;None;181800.0000
21141;2023-01-08 12:59:18.423000;7;1207;1;1;0.0000;1;17333.0000;None;187200.0000
33236;2023-01-08 16:31:13.190000;7;1207;1;1;0.0000;1;19648.0000;None;212200.0000
21161;2023-01-08 15:50:57.460000;7;1207;1;1;0.0000;1;13389.0000;None;144600.0000
21161;2023-01-08 17:35:01.970000;7;1207;1;1;0.0000;1;13389.0000;None;144600.0000
21160;2023-01-08 16:02:45.150000;7;1207;1;1;0.0000;1;24722.0000;None;267000.0000
33230;2023-01-08 14:46:08.823000;7;1207;1;1;None;1;41926.0000;None;452800.0000
33230;2023-01-08 15:19:16.963000;7;1207;1;1;0.0000;1;41926.0000;None;452800.0000
15904;2023-01-08 14:44:15.660000;7;1207;1;1;0.0000;1;None;None;34100.0000
33234;2023-01-08 15:21:30.937000;7;1207;1;1;0.0000;1;10037.0000;None;108400.0000
2019;2023-01-08 15:59:37.637000;7;1207;1;1;0.0000;1;32815.0000;None;354400.0000
33238;2023-01-08 17:19:14.707000;7;1216;1;1;0.0000;1;15907.0000;None;171800.0000
33230;2023-01-08 14:46:08.823000;7;1302;1;1;None;1;41926.0000;None;452800.0000
21157;2023-01-08 15:25:46.793000;7;1302;1;1;0.0000;1;18093.0000;None;195400.0000
21152;2023-01-08 14:36:27.933000;7;1302;1;1;0.0000;1;None;None;117200.0000
33229;2023-01-08 15:09:14.187000;7;1302;1;1;0.0000;1;13074.0000;None;141200.0000
21152;2023-01-08 14:36:27.933000;7;1302;1;1;0.0000;1;None;None;117200.0000
33229;2023-01-08 15:09:14.187000;7;1302;1;1;0.0000;1;13074.0000;None;141200.0000
21133;2023-01-08 11:51:18.037000;7;1302;1;1;0.0000;1;None;11648.0000;251600.0000
21143;2023-01-08 14:16:17.943000;7;1303;1;1;0.0000;1;15352.0000;None;165800.0000
21143;2023-01-08 14:16:17.943000;7;1303;1;1;0.0000;1;15352.0000;None;165800.0000
21143;2023-01-08 14:16:17.943000;7;1303;1;1;0.0000;1;15352.0000;None;165800.0000
21143;2023-01-08 14:16:17.943000;7;1303;1;1;0.0000;1;15352.0000;None;165800.0000
21168;2023-01-08 18:16:45.077000;7;1303;1;1;0.0000;1;4222.0000;None;45600.0000
21164;2023-01-08 16:36:02.050000;7;1303;1;1;0.0000;1;19611.0000;None;211800.0000
21164;2023-01-08 16:36:02.050000;7;1303;1;1;0.0000;1;19611.0000;None;211800.0000
21164;2023-01-08 16:36:02.050000;7;1303;1;1;0.0000;1;19611.0000;None;211800.0000
21164;2023-01-08 16:36:02.050000;7;1303;1;1;0.0000;1;19611.0000;None;211800.0000
21164;2023-01-08 16:36:02.050000;7;1303;1;1;0.0000;1;19611.0000;None;211800.0000
21164;2023-01-08 16:36:02.050000;7;1303;1;1;0.0000;1;19611.0000;None;211800.0000
21174;2023-01-08 19:21:27.490000;7;1303;1;1;0.0000;1;4907.0000;None;53000.0000
21174;2023-01-08 19:21:27.490000;7;1303;1;1;0.0000;1;4907.0000;None;53000.0000
21174;2023-01-08 19:21:27.490000;7;1303;1;1;0.0000;1;4907.0000;None;53000.0000
21174;2023-01-08 19:21:27.490000;7;1303;1;1;0.0000;1;4907.0000;None;53000.0000
21174;2023-01-08 19:21:27.490000;7;1303;1;1;0.0000;1;4907.0000;None;53000.0000
21174;2023-01-08 19:21:27.490000;7;1303;1;1;0.0000;1;4907.0000;None;53000.0000
21164;2023-01-08 16:37:01.173000;7;1305;1;1;0.0000;1;19611.0000;None;211800.0000
21164;2023-01-08 16:37:01.173000;7;1305;1;1;0.0000;1;19611.0000;None;211800.0000
21164;2023-01-08 16:37:01.173000;7;1305;1;1;0.0000;1;19611.0000;None;211800.0000
21164;2023-01-08 16:37:01.173000;7;1305;1;1;0.0000;1;19611.0000;None;211800.0000
21163;2023-01-08 16:30:36.077000;7;1305;1;1;0.0000;1;29000.0000;None;313200.0000
21163;2023-01-08 16:30:36.077000;7;1305;1;1;0.0000;1;29000.0000;None;313200.0000
21167;2023-01-08 17:39:29.377000;7;1305;1;1;0.0000;1;29482.0000;None;318400.0000
21167;2023-01-08 17:39:29.377000;7;1305;1;1;0.0000;1;29482.0000;None;318400.0000
21160;2023-01-08 15:45:15.707000;7;1305;1;1;0.0000;1;24722.0000;None;267000.0000
21160;2023-01-08 15:45:15.707000;7;1305;1;1;0.0000;1;24722.0000;None;267000.0000
21160;2023-01-08 15:45:15.707000;7;1305;1;1;0.0000;1;24722.0000;None;267000.0000
21160;2023-01-08 15:45:15.707000;7;1305;1;1;0.0000;1;24722.0000;None;267000.0000
21160;2023-01-08 15:45:15.707000;7;1305;1;1;0.0000;1;24722.0000;None;267000.0000
21160;2023-01-08 15:45:15.707000;7;1305;1;1;0.0000;1;24722.0000;None;267000.0000
33230;2023-01-08 14:46:24.150000;7;1305;1;1;0.0000;1;41926.0000;None;452800.0000
21143;2023-01-08 13:49:38.330000;7;1305;1;1;0.0000;1;15352.0000;None;165800.0000
21143;2023-01-08 13:49:38.330000;7;1305;1;1;0.0000;1;15352.0000;None;165800.0000
21143;2023-01-08 13:49:38.330000;7;1305;1;1;0.0000;1;15352.0000;None;165800.0000
21143;2023-01-08 13:49:38.330000;7;1305;1;1;0.0000;1;15352.0000;None;165800.0000
33226;2023-01-08 14:05:01.550000;7;1305;1;1;0.0000;1;2333.0000;None;25200.0000
21144;2023-01-08 13:51:35.917000;7;1306;1;1;0.0000;1;20741.0000;None;224000.0000
33236;2023-01-08 15:49:07.560000;7;1306;1;1;0.0000;1;19648.0000;None;212200.0000
15907;2023-01-08 15:09:14.187000;7;1306;1;1;0.0000;1;20833.0000;None;225000.0000
21164;2023-01-08 16:50:21.353000;7;1306;2;1;0.0000;1;19611.0000;None;211800.0000
21163;2023-01-08 16:54:40.440000;7;1306;1;1;None;1;29000.0000;None;313200.0000
2019;2023-01-08 16:19:53.187000;7;1306;1;1;0.0000;1;32815.0000;None;354400.0000
21163;2023-01-08 16:54:40.440000;7;1306;1;1;None;1;29000.0000;None;313200.0000
21169;2023-01-08 18:11:17.500000;7;1306;1;1;0.0000;1;22537.0000;None;243400.0000
15909;2023-01-08 18:40:20.513000;7;1306;1;-1;0.0000;1;-29000.0000;None;-313200.0000
15909;2023-01-08 18:40:20.513000;7;1306;2;-1;0.0000;1;-29000.0000;None;-313200.0000
15909;2023-01-08 18:40:20.513000;7;1306;1;-1;0.0000;1;-29000.0000;None;-313200.0000
2019;2023-01-08 16:19:53.187000;7;1351;3;1;0.0000;1;32815.0000;None;354400.0000
2019;2023-01-08 16:19:53.187000;7;1351;3;1;0.0000;1;32815.0000;None;354400.0000
21141;2023-01-08 13:14:47.530000;7;1351;3;1;0.0000;1;17333.0000;None;187200.0000
21141;2023-01-08 13:14:47.530000;7;1351;3;1;0.0000;1;17333.0000;None;187200.0000
21132;2023-01-08 11:59:47.750000;7;1351;3;1;0.0000;1;48426.0000;None;523000.0000
21132;2023-01-08 11:59:47.750000;7;1351;3;1;0.0000;1;48426.0000;None;523000.0000
21132;2023-01-08 11:59:47.750000;7;1351;3;1;0.0000;1;48426.0000;None;523000.0000
21132;2023-01-08 11:59:47.750000;7;1351;3;1;0.0000;1;48426.0000;None;523000.0000
21132;2023-01-08 11:59:47.750000;7;1351;3;1;0.0000;1;48426.0000;None;523000.0000
21132;2023-01-08 11:59:47.750000;7;1351;3;1;0.0000;1;48426.0000;None;523000.0000
21132;2023-01-08 11:59:47.750000;7;1351;3;1;0.0000;1;48426.0000;None;523000.0000
21140;2023-01-08 12:41:31.567000;7;2006;1;1;None;1;10398.0000;None;112300.0000
21140;2023-01-08 12:41:31.567000;7;2006;1;1;None;1;10398.0000;None;112300.0000
21174;2023-01-08 19:21:27.490000;7;2006;1;1;0.0000;1;4907.0000;None;53000.0000
21174;2023-01-08 19:21:27.490000;7;2006;1;1;0.0000;1;4907.0000;None;53000.0000
21174;2023-01-08 19:21:27.490000;7;2006;1;1;0.0000;1;4907.0000;None;53000.0000
21135;2023-01-08 12:40:46.243000;7;2008;1;2;0.0000;1;22611.0000;None;244200.0000
21133;2023-01-08 12:24:08.437000;7;2009;1;1;None;1;None;11648.0000;251600.0000
21133;2023-01-08 12:15:53.977000;7;2009;1;1;0.0000;1;None;11648.0000;251600.0000
21142;2023-01-08 14:15:37.467000;7;2009;1;1;None;1;14667.0000;None;158400.0000
21142;2023-01-08 14:15:37.467000;7;2009;1;1;None;1;14667.0000;None;158400.0000
21142;2023-01-08 14:15:37.467000;7;2009;1;2;None;1;14667.0000;None;158400.0000
21163;2023-01-08 17:54:39.977000;7;2009;1;1;0.0000;1;29000.0000;None;313200.0000
21169;2023-01-08 18:11:17.500000;7;2009;1;1;0.0000;1;22537.0000;None;243400.0000
21173;2023-01-08 19:19:16.027000;7;2010;1;1;0.0000;1;19833.0000;None;214200.0000
21174;2023-01-08 19:21:27.490000;7;2012;1;1;0.0000;1;4907.0000;None;53000.0000
21174;2023-01-08 19:21:27.490000;7;2012;1;1;0.0000;1;4907.0000;None;53000.0000
21174;2023-01-08 19:21:27.490000;7;2012;1;1;0.0000;1;4907.0000;None;53000.0000
21174;2023-01-08 19:21:27.490000;7;2012;1;1;0.0000;1;4907.0000;None;53000.0000
21174;2023-01-08 19:21:27.490000;7;2012;1;1;0.0000;1;4907.0000;None;53000.0000
21174;2023-01-08 19:21:27.490000;7;2012;1;1;0.0000;1;4907.0000;None;53000.0000
21167;2023-01-08 17:30:42.100000;7;2015;1;2;0.0000;1;29482.0000;None;318400.0000
21160;2023-01-08 15:57:12.790000;7;2018;1;1;0.0000;1;24722.0000;None;267000.0000
21160;2023-01-08 15:57:12.790000;7;2018;1;1;0.0000;1;24722.0000;None;267000.0000
21134;2023-01-08 12:46:31.883000;7;2033;1;1;0.0000;1;11407.0000;None;123200.0000
21134;2023-01-08 12:07:59.703000;7;2033;1;1;0.0000;1;11407.0000;None;123200.0000
21134;2023-01-08 12:05:16.617000;7;2042;1;1;0.0000;1;11407.0000;None;123200.0000
21132;2023-01-08 11:55:18.330000;7;2042;1;1;0.0000;1;48426.0000;None;523000.0000
21132;2023-01-08 11:55:18.330000;7;2042;1;1;0.0000;1;48426.0000;None;523000.0000
15901;2023-01-08 12:40:11.343000;7;2042;1;1;0.0000;1;18982.0000;None;205000.0000
21146;2023-01-08 14:13:46.027000;7;2042;1;1;0.0000;1;5176.0000;None;55900.0000
21146;2023-01-08 14:16:45.027000;7;2042;1;1;0.0000;1;5176.0000;None;55900.0000
21154;2023-01-08 14:43:29.883000;7;2042;1;1;0.0000;1;15426.0000;None;166600.0000
21149;2023-01-08 14:21:35.197000;7;2042;1;1;0.0000;1;7222.0000;None;78000.0000
21156;2023-01-08 15:00:55.233000;7;2042;1;1;0.0000;1;6759.0000;None;73000.0000
33235;2023-01-08 15:25:00.737000;7;2045;1;1;0.0000;1;14463.0000;None;156200.0000
2014;2023-01-08 13:30:34.467000;7;2045;1;1;0.0000;1;13333.0000;None;144000.0000
21134;2023-01-08 12:46:31.883000;7;2045;1;1;0.0000;1;11407.0000;None;123200.0000
21132;2023-01-08 13:12:54.617000;7;2045;1;1;0.0000;1;48426.0000;None;523000.0000
21145;2023-01-08 14:59:14.827000;7;2049;1;1;0.0000;1;12222.0000;None;132000.0000
21169;2023-01-08 18:11:17.500000;7;2049;1;1;0.0000;1;22537.0000;None;243400.0000
15904;2023-01-08 14:44:15.660000;7;2050;1;1;0.0000;1;None;None;34100.0000
21141;2023-01-08 12:59:18.423000;7;2050;1;1;0.0000;1;17333.0000;None;187200.0000
21136;2023-01-08 12:19:13.347000;7;2050;1;1;None;1;7667.0000;None;82800.0000
21151;2023-01-08 14:58:12.890000;7;2053;1;1;0.0000;1;7796.0000;None;84200.0000
21174;2023-01-08 19:21:27.490000;7;2053;1;1;0.0000;1;4907.0000;None;53000.0000
33237;2023-01-08 17:34:05.467000;7;2070;1;1;0.0000;1;33148.0000;None;358000.0000
15901;2023-01-08 12:40:11.343000;7;2072;1;1;0.0000;1;18982.0000;None;205000.0000
15901;2023-01-08 13:02:57.767000;7;2072;1;1;0.0000;1;18982.0000;None;205000.0000
21131;2023-01-08 11:02:24.720000;7;2072;1;2;0.0000;1;889.0000;None;9600.0000
2019;2023-01-08 15:59:37.637000;7;2072;1;1;0.0000;1;32815.0000;None;354400.0000
2019;2023-01-08 16:17:23.453000;7;2072;1;1;0.0000;1;32815.0000;None;354400.0000
15907;2023-01-08 14:39:13.800000;7;2094;1;2;0.0000;1;20833.0000;None;225000.0000
33235;2023-01-08 15:25:00.737000;7;2094;1;2;0.0000;1;14463.0000;None;156200.0000
21145;2023-01-08 14:59:14.827000;7;2094;1;-3;0.0000;1;12222.0000;None;132000.0000
21145;2023-01-08 14:57:20.670000;7;2094;1;3;None;1;12222.0000;None;132000.0000
33227;2023-01-08 14:02:26.360000;7;2094;1;2;0.0000;1;16833.0000;None;181800.0000
21164;2023-01-08 17:35:25.960000;3;100596;1;1;5800.0000;1;19611.0000;None;211800.0000
21163;2023-01-08 17:54:39.977000;3;100606;1;1;6800.0000;1;29000.0000;None;313200.0000
21169;2023-01-08 18:11:17.500000;3;100606;1;1;6800.0000;1;22537.0000;None;243400.0000
15909;2023-01-08 18:40:20.513000;3;100606;1;-1;-6800.0000;1;-29000.0000;None;-313200.0000
33232;2023-01-08 15:19:33.453000;3;100606;1;1;6800.0000;1;4204.0000;None;45400.0000
33230;2023-01-08 18:03:05.390000;3;100606;1;1;6800.0000;1;41926.0000;None;452800.0000
21147;2023-01-08 14:14:39.287000;3;100606;1;2;13600.0000;1;12167.0000;None;131400.0000
21142;2023-01-08 14:15:37.467000;3;100606;1;1;6800.0000;1;14667.0000;None;158400.0000
2014;2023-01-08 13:05:48.807000;3;100606;1;1;6800.0000;1;13333.0000;None;144000.0000
21132;2023-01-08 11:55:18.330000;3;100606;1;1;6800.0000;1;48426.0000;None;523000.0000
21134;2023-01-08 12:44:47.733000;3;100606;1;2;13600.0000;1;11407.0000;None;123200.0000
21134;2023-01-08 12:07:59.703000;3;100606;1;1;6800.0000;1;11407.0000;None;123200.0000
21134;2023-01-08 12:07:59.703000;3;100606;1;1;6800.0000;1;11407.0000;None;123200.0000
21132;2023-01-08 11:55:18.330000;3;100607;1;1;6800.0000;1;48426.0000;None;523000.0000
15904;2023-01-08 14:47:17.297000;3;100613;1;1;5800.0000;1;None;None;34100.0000
21142;2023-01-08 14:15:37.467000;3;100613;1;1;5800.0000;1;14667.0000;None;158400.0000
15900;2023-01-08 13:42:51.670000;3;100614;1;2;11600.0000;1;21833.0000;None;235800.0000
21147;2023-01-08 14:14:39.287000;3;100614;1;1;5800.0000;1;12167.0000;None;131400.0000
21149;2023-01-08 14:59:15.697000;3;100614;1;1;5800.0000;1;7222.0000;None;78000.0000
21150;2023-01-08 15:11:39.767000;3;100614;1;2;11600.0000;1;14741.0000;None;159200.0000
21132;2023-01-08 11:55:18.330000;3;100614;1;1;5800.0000;1;48426.0000;None;523000.0000
21136;2023-01-08 12:48:59.620000;3;100614;1;2;11600.0000;1;7667.0000;None;82800.0000
21132;2023-01-08 13:12:54.617000;3;100614;1;5;29000.0000;1;48426.0000;None;523000.0000
21156;2023-01-08 15:29:01.613000;3;100614;1;1;5800.0000;1;6759.0000;None;73000.0000
33236;2023-01-08 16:31:13.190000;3;100614;1;2;11600.0000;1;19648.0000;None;212200.0000
33237;2023-01-08 16:07:56.487000;3;100614;1;1;5800.0000;1;33148.0000;None;358000.0000
33237;2023-01-08 16:33:25.467000;3;100614;1;1;5800.0000;1;33148.0000;None;358000.0000
21164;2023-01-08 17:35:25.960000;3;100614;1;1;5800.0000;1;19611.0000;None;211800.0000
21133;2023-01-08 11:51:18.037000;1;100851;1;1;22800.0000;1;None;11648.0000;251600.0000
21133;2023-01-08 12:15:32.267000;1;100851;1;1;22800.0000;1;None;11648.0000;251600.0000
21134;2023-01-08 12:08:45.390000;1;100855;1;1;27800.0000;1;11407.0000;None;123200.0000
21150;2023-01-08 14:23:11.717000;1;100891;1;1;36800.0000;1;14741.0000;None;159200.0000
21150;2023-01-08 14:27:30.440000;1;100891;1;-1;-36800.0000;1;14741.0000;None;159200.0000
15900;2023-01-08 13:05:11.547000;1;100891;1;1;36800.0000;1;21833.0000;None;235800.0000
2014;2023-01-08 13:08:25.500000;1;100891;1;1;36800.0000;1;13333.0000;None;144000.0000
21161;2023-01-08 15:58:01.657000;1;100892;1;1;36800.0000;1;13389.0000;None;144600.0000
21156;2023-01-08 15:00:55.233000;1;100892;1;1;36800.0000;1;6759.0000;None;73000.0000
33233;2023-01-08 15:23:21.487000;1;100892;1;1;36800.0000;1;20407.0000;None;220400.0000
21143;2023-01-08 14:16:17.943000;1;100892;1;1;36800.0000;1;15352.0000;None;165800.0000
21144;2023-01-08 13:51:35.917000;1;100892;1;1;36800.0000;1;20741.0000;None;224000.0000
21151;2023-01-08 14:32:42.477000;1;100892;1;1;36800.0000;1;7796.0000;None;84200.0000
21147;2023-01-08 14:29:41.867000;1;100892;1;1;36800.0000;1;12167.0000;None;131400.0000
21146;2023-01-08 14:13:46.027000;1;100892;1;1;36800.0000;1;5176.0000;None;55900.0000
21140;2023-01-08 12:41:31.567000;1;100892;1;1;36800.0000;1;10398.0000;None;112300.0000
21136;2023-01-08 12:19:13.347000;1;100894;1;1;36800.0000;1;7667.0000;None;82800.0000
33225;2023-01-08 13:12:31.587000;1;100894;1;1;36800.0000;1;6593.0000;None;71200.0000
15901;2023-01-08 12:40:11.343000;1;100894;1;3;110400.0000;1;18982.0000;None;205000.0000
21147;2023-01-08 14:29:41.867000;1;100896;1;1;36800.0000;1;12167.0000;None;131400.0000
21151;2023-01-08 14:32:42.477000;1;100896;1;1;36800.0000;1;7796.0000;None;84200.0000
2010;2023-01-08 11:52:56.483000;1;100896;1;1;36800.0000;1;None;None;95600.0000
21157;2023-01-08 15:27:51.390000;1;100963;5;1;0.0000;1;18093.0000;None;195400.0000
21166;2023-01-08 16:41:52.940000;1;100974;1;1;17800.0000;1;None;None;75200.0000
21172;2023-01-08 19:27:51.867000;2;100988;1;1;30800.0000;1;47852.0000;None;516800.0000
21177;2023-01-08 20:16:36.750000;2;100988;1;1;30800.0000;1;20445.0000;None;220800.0000
21182;2023-01-08 22:14:17.333000;2;100988;1;1;30800.0000;1;21278.0000;None;229800.0000
21132;2023-01-08 11:55:29.267000;1;100995;1;4;43200.0000;1;48426.0000;None;523000.0000
33236;2023-01-08 16:31:13.190000;3;100999;1;2;11600.0000;1;19648.0000;None;212200.0000
21162;2023-01-08 15:56:30.337000;2;101080;1;1;24800.0000;1;8963.0000;None;96800.0000
33238;2023-01-08 17:19:14.707000;1;101088;1;1;3800.0000;1;15907.0000;None;171800.0000
21164;2023-01-08 16:36:02.050000;1;101176;1;1;39800.0000;1;19611.0000;None;211800.0000
21172;2023-01-08 19:27:51.867000;1;101176;1;2;79600.0000;1;47852.0000;None;516800.0000
33231;2023-01-08 15:01:39.690000;1;101176;1;1;39800.0000;1;13037.0000;None;140800.0000
2014;2023-01-08 13:06:34.193000;1;101176;1;1;39800.0000;1;13333.0000;None;144000.0000
21166;2023-01-08 16:41:52.940000;1;101177;1;1;37800.0000;1;None;None;75200.0000
21132;2023-01-08 11:35:38.163000;1;101197;1;2;33600.0000;1;48426.0000;None;523000.0000
21133;2023-01-08 12:23:32.730000;1;101197;1;1;16800.0000;1;None;11648.0000;251600.0000
21134;2023-01-08 12:08:57.323000;1;101197;1;1;16800.0000;1;11407.0000;None;123200.0000
21142;2023-01-08 14:15:37.467000;3;101216;1;2;13600.0000;1;14667.0000;None;158400.0000
33237;2023-01-08 17:34:05.467000;3;101216;1;1;6800.0000;1;33148.0000;None;358000.0000
2020;2023-01-08 17:36:34.593000;1;101244;1;1;29800.0000;1;14167.0000;None;153000.0000
21172;2023-01-08 19:27:51.867000;1;101244;1;1;29800.0000;1;47852.0000;None;516800.0000
21171;2023-01-08 19:06:34.667000;1;101244;1;1;29800.0000;1;14611.0000;None;157800.0000
21174;2023-01-08 19:21:27.490000;1;101244;1;1;29800.0000;1;4907.0000;None;53000.0000
21175;2023-01-08 19:50:43.643000;1;101244;1;1;29800.0000;1;11056.0000;None;119400.0000
21173;2023-01-08 20:48:28.403000;1;101244;1;1;29800.0000;1;19833.0000;None;214200.0000
21173;2023-01-08 19:19:16.027000;1;101244;1;1;29800.0000;1;19833.0000;None;214200.0000
33232;2023-01-08 15:01:56.980000;1;101244;1;1;29800.0000;1;4204.0000;None;45400.0000
15907;2023-01-08 15:09:22.427000;1;101244;1;1;29800.0000;1;20833.0000;None;225000.0000
21133;2023-01-08 12:24:08.437000;3;101333;1;1;14800.0000;1;None;11648.0000;251600.0000
21133;2023-01-08 12:15:53.977000;3;101333;1;1;14800.0000;1;None;11648.0000;251600.0000
21132;2023-01-08 11:55:18.330000;3;101333;1;2;29600.0000;1;48426.0000;None;523000.0000
21132;2023-01-08 11:55:18.330000;3;101333;1;1;14800.0000;1;48426.0000;None;523000.0000
21132;2023-01-08 11:55:18.330000;3;101333;1;2;29600.0000;1;48426.0000;None;523000.0000
15907;2023-01-08 15:09:22.427000;3;101410;1;1;0.0000;1;20833.0000;None;225000.0000
33232;2023-01-08 15:01:56.980000;3;101410;1;1;0.0000;1;4204.0000;None;45400.0000
21173;2023-01-08 19:19:16.027000;3;101410;1;1;0.0000;1;19833.0000;None;214200.0000
21173;2023-01-08 20:48:28.403000;3;101410;1;1;0.0000;1;19833.0000;None;214200.0000
21175;2023-01-08 19:50:43.643000;3;101410;1;3;0.0000;1;11056.0000;None;119400.0000
21174;2023-01-08 19:21:27.490000;3;101410;1;3;0.0000;1;4907.0000;None;53000.0000
21171;2023-01-08 19:06:34.667000;3;101410;1;1;0.0000;1;14611.0000;None;157800.0000
21172;2023-01-08 19:27:51.867000;3;101410;1;1;None;1;47852.0000;None;516800.0000
2020;2023-01-08 17:36:34.593000;3;101410;1;1;0.0000;1;14167.0000;None;153000.0000
21141;2023-01-08 13:14:47.530000;6;101411;1;1;0.0000;1;17333.0000;None;187200.0000
21163;2023-01-08 17:20:29.483000;1;101433;2;1;0.0000;1;29000.0000;None;313200.0000
21169;2023-01-08 18:11:17.500000;1;101433;2;1;0.0000;1;22537.0000;None;243400.0000
15909;2023-01-08 18:40:20.513000;1;101433;2;-1;0.0000;1;-29000.0000;None;-313200.0000
21158;2023-01-08 15:43:23.263000;1;101433;2;1;0.0000;1;20019.0000;None;216200.0000
21178;2023-01-08 20:33:25.020000;6;101438;5;1;0.0000;1;13019.0000;None;140600.0000
33238;2023-01-08 16:46:33.750000;6;101438;5;1;0.0000;1;15907.0000;None;171800.0000
21148;2023-01-08 14:15:12.027000;6;101438;5;1;0.0000;1;1093.0000;None;11800.0000
33227;2023-01-08 14:02:26.360000;6;101518;1;1;0.0000;1;16833.0000;None;181800.0000
21158;2023-01-08 15:43:23.263000;6;101518;1;1;0.0000;1;20019.0000;None;216200.0000
15907;2023-01-08 15:09:14.187000;6;101518;1;1;0.0000;1;20833.0000;None;225000.0000
33233;2023-01-08 15:23:21.487000;6;101518;1;1;0.0000;1;20407.0000;None;220400.0000
33230;2023-01-08 14:46:08.823000;6;101518;1;1;None;1;41926.0000;None;452800.0000
21158;2023-01-08 15:43:23.263000;1;101522;1;1;0.0000;1;20019.0000;None;216200.0000
21160;2023-01-08 15:45:15.707000;1;101522;1;1;0.0000;1;24722.0000;None;267000.0000
33227;2023-01-08 14:02:26.360000;1;101522;1;1;0.0000;1;16833.0000;None;181800.0000
21152;2023-01-08 14:36:27.933000;1;101522;1;1;0.0000;1;None;None;117200.0000
21152;2023-01-08 14:36:27.933000;1;101522;1;1;0.0000;1;None;None;117200.0000
33229;2023-01-08 15:09:14.187000;1;101522;1;1;0.0000;1;13074.0000;None;141200.0000
21145;2023-01-08 13:55:48.767000;6;101525;5;1;0.0000;1;12222.0000;None;132000.0000
21157;2023-01-08 15:27:51.390000;6;101535;5;1;0.0000;1;18093.0000;None;195400.0000
33236;2023-01-08 15:49:07.560000;1;101552;5;1;0.0000;1;19648.0000;None;212200.0000
21164;2023-01-08 16:50:21.353000;1;101552;5;1;0.0000;1;19611.0000;None;211800.0000
21145;2023-01-08 13:55:48.767000;3;101564;1;4;0.0000;1;12222.0000;None;132000.0000
21145;2023-01-08 14:16:48.960000;3;101564;1;4;0.0000;1;12222.0000;None;132000.0000
21144;2023-01-08 13:58:42.127000;3;101564;1;7;0.0000;1;20741.0000;None;224000.0000
21144;2023-01-08 14:16:40.337000;3;101564;1;6;0.0000;1;20741.0000;None;224000.0000
21141;2023-01-08 13:13:00.933000;3;101564;1;8;0.0000;1;17333.0000;None;187200.0000
21162;2023-01-08 16:10:17.437000;3;101564;1;4;0.0000;1;8963.0000;None;96800.0000
21160;2023-01-08 15:45:15.707000;1;101573;5;1;0.0000;1;24722.0000;None;267000.0000
21172;2023-01-08 19:38:03.070000;1;101623;5;1;0.0000;1;47852.0000;None;516800.0000
21162;2023-01-08 16:10:17.437000;6;101624;5;1;0.0000;1;8963.0000;None;96800.0000
21162;2023-01-08 16:10:17.437000;6;101624;5;1;0.0000;1;8963.0000;None;96800.0000
21154;2023-01-08 14:43:29.883000;6;101624;5;1;0.0000;1;15426.0000;None;166600.0000
33231;2023-01-08 15:13:16.403000;6;101624;5;1;0.0000;1;13037.0000;None;140800.0000
33233;2023-01-08 15:23:21.487000;6;101624;5;1;0.0000;1;20407.0000;None;220400.0000
33227;2023-01-08 14:02:26.360000;6;101624;5;1;0.0000;1;16833.0000;None;181800.0000
33227;2023-01-08 14:02:26.360000;6;101624;5;1;0.0000;1;16833.0000;None;181800.0000
21147;2023-01-08 14:29:41.867000;6;101624;5;1;0.0000;1;12167.0000;None;131400.0000
21153;2023-01-08 14:39:54.903000;3;101641;1;1;0.0000;1;9370.0000;None;101200.0000
21141;2023-01-08 13:14:47.530000;3;101641;1;2;0.0000;1;17333.0000;None;187200.0000
21141;2023-01-08 12:59:18.423000;3;101641;1;1;0.0000;1;17333.0000;None;187200.0000
21142;2023-01-08 13:22:12.193000;3;101641;1;1;0.0000;1;14667.0000;None;158400.0000
2015;2023-01-08 13:07:45.547000;3;101641;1;1;0.0000;1;12167.0000;None;131400.0000
2015;2023-01-08 13:07:45.547000;3;101641;1;1;0.0000;1;12167.0000;None;131400.0000
33226;2023-01-08 13:26:26.007000;3;101641;1;1;0.0000;1;2333.0000;None;25200.0000
21181;2023-01-08 22:16:38.317000;3;101641;1;1;0.0000;1;6315.0000;None;68200.0000
33232;2023-01-08 15:01:56.980000;3;101641;1;1;0.0000;1;4204.0000;None;45400.0000
21156;2023-01-08 15:00:55.233000;3;101641;1;1;0.0000;1;6759.0000;None;73000.0000
33230;2023-01-08 18:03:05.390000;3;101641;1;1;0.0000;1;41926.0000;None;452800.0000
33230;2023-01-08 14:51:43.027000;3;101641;1;1;None;1;41926.0000;None;452800.0000
33230;2023-01-08 16:10:18.190000;3;101641;1;1;0.0000;1;41926.0000;None;452800.0000
15907;2023-01-08 14:39:13.800000;3;101641;1;1;0.0000;1;20833.0000;None;225000.0000
21161;2023-01-08 17:35:01.970000;3;101641;1;1;0.0000;1;13389.0000;None;144600.0000
21160;2023-01-08 15:44:07.617000;3;101641;1;1;0.0000;1;24722.0000;None;267000.0000
21158;2023-01-08 15:42:38.707000;3;101641;1;1;0.0000;1;20019.0000;None;216200.0000
21173;2023-01-08 20:19:16.117000;3;101641;1;1;0.0000;1;19833.0000;None;214200.0000
21165;2023-01-08 16:38:29.670000;3;101641;1;1;0.0000;1;18648.0000;None;201400.0000
21140;2023-01-08 12:41:31.567000;1;101659;1;1;43800.0000;1;10398.0000;None;112300.0000
21133;2023-01-08 11:51:18.037000;1;101666;1;1;19800.0000;1;None;11648.0000;251600.0000
21132;2023-01-08 11:59:47.750000;1;101666;1;1;19800.0000;1;48426.0000;None;523000.0000
21173;2023-01-08 19:19:16.027000;2;101709;1;1;28800.0000;1;19833.0000;None;214200.0000
21142;2023-01-08 14:09:31.717000;1;101891;5;1;16800.0000;1;14667.0000;None;158400.0000
21144;2023-01-08 13:51:35.917000;1;101954;1;1;18800.0000;1;20741.0000;None;224000.0000
21182;2023-01-08 21:37:49.273000;1;101954;1;1;18800.0000;1;21278.0000;None;229800.0000
21173;2023-01-08 19:19:16.027000;1;101954;1;1;18800.0000;1;19833.0000;None;214200.0000
2020;2023-01-08 17:09:30.827000;1;101954;1;1;18800.0000;1;14167.0000;None;153000.0000
2019;2023-01-08 16:15:36.497000;1;101954;1;1;18800.0000;1;32815.0000;None;354400.0000
21156;2023-01-08 15:00:55.233000;1;101954;1;1;18800.0000;1;6759.0000;None;73000.0000
33233;2023-01-08 15:17:09.947000;1;101954;1;1;18800.0000;1;20407.0000;None;220400.0000
21161;2023-01-08 15:50:57.460000;2;101978;1;1;47800.0000;1;13389.0000;None;144600.0000
21172;2023-01-08 20:34:55.563000;2;101978;1;1;47800.0000;1;47852.0000;None;516800.0000
21172;2023-01-08 19:27:51.867000;2;101978;1;1;47800.0000;1;47852.0000;None;516800.0000
21170;2023-01-08 19:38:23.880000;2;101978;1;1;47800.0000;1;14815.0000;None;160000.0000
21172;2023-01-08 19:16:13.187000;2;101978;1;1;47800.0000;1;47852.0000;None;516800.0000
21170;2023-01-08 18:52:35.480000;2;101978;1;1;47800.0000;1;14815.0000;None;160000.0000
2018;2023-01-08 15:18:35.233000;1;102003;1;1;9800.0000;1;8389.0000;None;90600.0000
21158;2023-01-08 15:43:53.847000;1;102035;5;1;32800.0000;1;20019.0000;None;216200.0000
21141;2023-01-08 12:59:18.423000;1;102035;5;1;32800.0000;1;17333.0000;None;187200.0000
21140;2023-01-08 12:41:31.567000;1;102132;2;1;3500.0000;1;10398.0000;None;112300.0000
21146;2023-01-08 14:13:46.027000;1;102132;2;1;3500.0000;1;5176.0000;None;55900.0000
21161;2023-01-08 15:58:01.657000;1;102141;1;1;2800.0000;1;13389.0000;None;144600.0000
21144;2023-01-08 13:51:35.917000;1;102141;1;1;2800.0000;1;20741.0000;None;224000.0000
15904;2023-01-08 14:45:36.107000;1;102151;5;1;5800.0000;1;None;None;34100.0000
21155;2023-01-08 14:53:29.563000;1;102151;5;1;5800.0000;1;20000.0000;None;216000.0000
21148;2023-01-08 12:01:40.143000;1;102170;1;1;4800.0000;1;1093.0000;None;11800.0000
21148;2023-01-08 14:27:40.527000;1;102170;1;-1;-4800.0000;1;1093.0000;None;11800.0000
2011;2023-01-08 11:59:06.817000;1;102170;1;1;4800.0000;1;None;None;63600.0000
21132;2023-01-08 11:59:47.750000;1;102191;2;1;4800.0000;1;48426.0000;None;523000.0000
21142;2023-01-08 13:22:12.193000;1;102226;1;1;7800.0000;1;14667.0000;None;158400.0000
15901;2023-01-08 12:40:11.343000;1;102228;1;1;10800.0000;1;18982.0000;None;205000.0000
21164;2023-01-08 17:10:42.110000;1;102228;1;1;10800.0000;1;19611.0000;None;211800.0000
21178;2023-01-08 20:33:25.020000;1;102239;1;1;5800.0000;1;13019.0000;None;140600.0000
21133;2023-01-08 11:51:18.037000;1;102256;2;2;5600.0000;1;None;11648.0000;251600.0000
21133;2023-01-08 12:06:30.827000;1;102256;2;2;5600.0000;1;None;11648.0000;251600.0000
21140;2023-01-08 13:02:25.017000;1;102278;1;1;2800.0000;1;10398.0000;None;112300.0000
21162;2023-01-08 15:56:30.337000;1;102314;2;1;7800.0000;1;8963.0000;None;96800.0000
15904;2023-01-08 14:45:36.107000;1;102316;1;2;3600.0000;1;None;None;34100.0000
15904;2023-01-08 14:55:41.037000;1;102316;1;2;3600.0000;1;None;None;34100.0000
21183;2023-01-08 21:37:36.990000;1;102489;1;1;41800.0000;1;4407.0000;None;47600.0000
21132;2023-01-08 11:59:47.750000;1;102555;1;1;20800.0000;1;48426.0000;None;523000.0000
21132;2023-01-08 11:59:47.750000;1;102555;1;1;20800.0000;1;48426.0000;None;523000.0000
21132;2023-01-08 11:59:47.750000;1;102570;1;2;33600.0000;1;48426.0000;None;523000.0000
21132;2023-01-08 11:59:47.750000;1;102570;1;1;16800.0000;1;48426.0000;None;523000.0000
21132;2023-01-08 11:59:47.750000;1;102577;1;1;25800.0000;1;48426.0000;None;523000.0000
2018;2023-01-08 15:10:20.977000;3;102619;1;2;13600.0000;1;8389.0000;None;90600.0000
21174;2023-01-08 19:21:27.490000;3;102619;1;1;6800.0000;1;4907.0000;None;53000.0000
21157;2023-01-08 15:25:46.793000;3;102633;1;2;23600.0000;1;18093.0000;None;195400.0000
33233;2023-01-08 15:17:09.947000;3;102635;1;1;7800.0000;1;20407.0000;None;220400.0000
21155;2023-01-08 14:53:29.563000;3;102635;1;1;7800.0000;1;20000.0000;None;216000.0000
21155;2023-01-08 15:02:48.940000;3;102635;1;1;7800.0000;1;20000.0000;None;216000.0000
21155;2023-01-08 15:26:29.150000;3;102635;1;2;15600.0000;1;20000.0000;None;216000.0000
21160;2023-01-08 16:19:01.100000;3;102635;1;-1;-7800.0000;1;24722.0000;None;267000.0000
21160;2023-01-08 15:42:38.707000;3;102635;1;1;7800.0000;1;24722.0000;None;267000.0000
21158;2023-01-08 15:42:38.707000;3;102635;1;1;7800.0000;1;20019.0000;None;216200.0000
21164;2023-01-08 17:08:23.147000;3;102635;1;1;7800.0000;1;19611.0000;None;211800.0000
21164;2023-01-08 16:36:02.050000;3;102635;1;2;15600.0000;1;19611.0000;None;211800.0000
21132;2023-01-08 11:55:18.330000;3;102635;1;1;7800.0000;1;48426.0000;None;523000.0000
21132;2023-01-08 11:55:18.330000;3;102635;1;1;7800.0000;1;48426.0000;None;523000.0000
21132;2023-01-08 12:46:53.093000;3;102635;1;1;7800.0000;1;48426.0000;None;523000.0000
21134;2023-01-08 12:05:16.617000;3;102635;1;2;15600.0000;1;11407.0000;None;123200.0000
15901;2023-01-08 12:40:11.343000;3;102635;1;1;7800.0000;1;18982.0000;None;205000.0000
21142;2023-01-08 13:22:12.193000;3;102635;1;2;15600.0000;1;14667.0000;None;158400.0000
15901;2023-01-08 12:47:17.130000;3;102635;1;1;7800.0000;1;18982.0000;None;205000.0000
21149;2023-01-08 14:21:35.197000;3;102635;1;1;7800.0000;1;7222.0000;None;78000.0000
21153;2023-01-08 14:39:54.903000;3;102635;1;1;7800.0000;1;9370.0000;None;101200.0000
21146;2023-01-08 14:13:46.027000;3;102635;1;1;7800.0000;1;5176.0000;None;55900.0000
21146;2023-01-08 14:16:45.027000;3;102635;1;1;7800.0000;1;5176.0000;None;55900.0000
15901;2023-01-08 13:02:57.767000;3;102637;1;1;9800.0000;1;18982.0000;None;205000.0000
15901;2023-01-08 12:40:11.343000;3;102637;1;1;9800.0000;1;18982.0000;None;205000.0000
21152;2023-01-08 14:36:27.933000;3;102651;1;1;8800.0000;1;None;None;117200.0000
33236;2023-01-08 15:37:42.043000;3;102651;1;2;17600.0000;1;19648.0000;None;212200.0000
21132;2023-01-08 11:59:47.750000;1;102673;1;1;35800.0000;1;48426.0000;None;523000.0000
21132;2023-01-08 12:35:06.923000;1;102673;1;-1;-35800.0000;1;48426.0000;None;523000.0000
21134;2023-01-08 12:08:45.390000;1;102676;1;1;29800.0000;1;11407.0000;None;123200.0000
21132;2023-01-08 12:02:44.757000;1;102680;1;1;35800.0000;1;48426.0000;None;523000.0000
21132;2023-01-08 11:59:47.750000;1;102680;1;1;35800.0000;1;48426.0000;None;523000.0000
33236;2023-01-08 16:30:41.720000;1;102708;5;1;16800.0000;1;19648.0000;None;212200.0000
21174;2023-01-08 19:21:27.490000;3;102747;1;1;4800.0000;1;4907.0000;None;53000.0000
21131;2023-01-08 11:02:24.690000;3;102747;1;2;9600.0000;1;889.0000;None;9600.0000
21140;2023-01-08 12:41:31.567000;3;102747;1;1;4800.0000;1;10398.0000;None;112300.0000
21152;2023-01-08 14:36:27.933000;3;102747;1;1;4800.0000;1;None;None;117200.0000
21154;2023-01-08 14:43:29.883000;3;102747;1;1;4800.0000;1;15426.0000;None;166600.0000
21151;2023-01-08 14:58:12.890000;3;102747;1;1;4800.0000;1;7796.0000;None;84200.0000
21150;2023-01-08 14:23:11.717000;3;102748;1;4;59200.0000;1;14741.0000;None;159200.0000
21140;2023-01-08 12:41:31.567000;3;102748;1;1;14800.0000;1;10398.0000;None;112300.0000
2019;2023-01-08 15:59:37.637000;3;102748;1;1;14800.0000;1;32815.0000;None;354400.0000
33233;2023-01-08 15:17:09.947000;3;102748;1;2;29600.0000;1;20407.0000;None;220400.0000
33238;2023-01-08 16:46:33.750000;1;102753;5;1;56800.0000;1;15907.0000;None;171800.0000
21182;2023-01-08 22:14:17.333000;2;102768;1;1;42800.0000;1;21278.0000;None;229800.0000
21182;2023-01-08 21:37:11.163000;2;102768;1;1;42800.0000;1;21278.0000;None;229800.0000
21172;2023-01-08 19:31:10.107000;2;102774;1;1;42800.0000;1;47852.0000;None;516800.0000
2021;2023-01-08 19:20:31.567000;2;102775;1;2;89600.0000;1;13741.0000;None;148400.0000
21165;2023-01-08 16:38:29.670000;2;102775;1;1;44800.0000;1;18648.0000;None;201400.0000
33237;2023-01-08 17:34:35.490000;2;102848;1;1;44800.0000;1;33148.0000;None;358000.0000
33237;2023-01-08 16:25:47.947000;2;102848;1;3;134400.0000;1;33148.0000;None;358000.0000
33237;2023-01-08 17:18:52.337000;2;102848;1;2;89600.0000;1;33148.0000;None;358000.0000
33236;2023-01-08 15:49:07.560000;1;102877;5;1;49800.0000;1;19648.0000;None;212200.0000
21133;2023-01-08 11:41:34.777000;2;102890;1;1;35800.0000;1;None;11648.0000;251600.0000
21133;2023-01-08 11:49:51.360000;2;102890;1;2;71600.0000;1;None;11648.0000;251600.0000
2020;2023-01-08 17:09:30.827000;1;102914;1;1;23800.0000;1;14167.0000;None;153000.0000
21177;2023-01-08 21:19:44.107000;1;102914;1;1;23800.0000;1;20445.0000;None;220800.0000
21152;2023-01-08 14:36:27.933000;1;102982;1;1;59800.0000;1;None;None;117200.0000
33227;2023-01-08 14:02:26.360000;1;102982;1;1;59800.0000;1;16833.0000;None;181800.0000
15907;2023-01-08 15:09:14.187000;1;102982;1;1;59800.0000;1;20833.0000;None;225000.0000
21132;2023-01-08 11:59:47.750000;1;103031;1;1;11800.0000;1;48426.0000;None;523000.0000
21155;2023-01-08 14:53:41.853000;1;103111;5;1;0.0000;1;20000.0000;None;216000.0000
21145;2023-01-08 13:51:57.733000;1;103111;5;1;0.0000;1;12222.0000;None;132000.0000
21150;2023-01-08 14:23:11.717000;1;103111;5;1;0.0000;1;14741.0000;None;159200.0000
21141;2023-01-08 12:58:31.103000;1;103111;5;1;None;1;17333.0000;None;187200.0000
21145;2023-01-08 13:55:48.767000;1;103134;5;1;31800.0000;1;12222.0000;None;132000.0000
21145;2023-01-08 13:55:48.767000;1;103154;5;1;29800.0000;1;12222.0000;None;132000.0000
21132;2023-01-08 11:59:47.750000;1;103163;1;1;16800.0000;1;48426.0000;None;523000.0000
21157;2023-01-08 15:27:51.390000;1;103198;5;1;49800.0000;1;18093.0000;None;195400.0000
21137;2023-01-08 12:22:39.380000;1;103204;1;1;59800.0000;1;6519.0000;None;70400.0000
21164;2023-01-08 16:50:21.353000;1;103208;5;1;37800.0000;1;19611.0000;None;211800.0000
2020;2023-01-08 17:10:11.910000;2;103225;1;1;45800.0000;1;14167.0000;None;153000.0000
33234;2023-01-08 15:21:30.937000;2;103225;1;1;45800.0000;1;10037.0000;None;108400.0000
2012;2023-01-08 12:55:01.547000;1;103338;1;1;58800.0000;1;None;None;58800.0000
21150;2023-01-08 14:23:11.717000;1;103338;1;1;58800.0000;1;14741.0000;None;159200.0000
21144;2023-01-08 13:51:35.917000;1;103338;1;1;58800.0000;1;20741.0000;None;224000.0000
21155;2023-01-08 15:08:20.743000;1;103340;1;1;29800.0000;1;20000.0000;None;216000.0000
21142;2023-01-08 13:22:12.193000;1;103347;1;1;58800.0000;1;14667.0000;None;158400.0000
21145;2023-01-08 13:55:48.767000;1;103347;1;1;58800.0000;1;12222.0000;None;132000.0000
2011;2023-01-08 11:59:06.817000;1;103347;1;1;58800.0000;1;None;None;63600.0000
2010;2023-01-08 11:52:56.483000;1;103347;1;1;58800.0000;1;None;None;95600.0000
21135;2023-01-08 12:58:15.993000;1;103350;1;1;58800.0000;1;22611.0000;None;244200.0000
21154;2023-01-08 14:43:29.883000;1;103354;1;1;58800.0000;1;15426.0000;None;166600.0000
2015;2023-01-08 13:30:58.923000;1;103354;1;1;58800.0000;1;12167.0000;None;131400.0000
2015;2023-01-08 13:07:45.547000;1;103354;1;1;58800.0000;1;12167.0000;None;131400.0000
2013;2023-01-08 12:55:14.397000;1;103354;1;1;58800.0000;1;None;None;58800.0000
21132;2023-01-08 11:35:38.163000;1;103366;1;1;7800.0000;1;48426.0000;None;523000.0000
21132;2023-01-08 11:35:38.163000;1;103367;1;3;35400.0000;1;48426.0000;None;523000.0000
21135;2023-01-08 13:39:44.853000;1;103372;5;1;14800.0000;1;22611.0000;None;244200.0000
21136;2023-01-08 12:48:59.620000;1;103372;5;1;14800.0000;1;7667.0000;None;82800.0000
21150;2023-01-08 14:54:01.560000;1;103372;5;2;29600.0000;1;14741.0000;None;159200.0000
21178;2023-01-08 21:07:56.280000;1;103377;5;1;16800.0000;1;13019.0000;None;140600.0000
33236;2023-01-08 16:30:41.720000;1;103377;5;1;16800.0000;1;19648.0000;None;212200.0000
33236;2023-01-08 15:53:20.317000;1;103400;5;1;8800.0000;1;19648.0000;None;212200.0000
2018;2023-01-08 15:28:09.080000;1;103434;5;1;34800.0000;1;8389.0000;None;90600.0000
21180;2023-01-08 20:48:11.277000;1;103452;5;1;34800.0000;1;5667.0000;None;61200.0000
21179;2023-01-08 20:35:37.737000;1;103471;5;1;32800.0000;1;6296.0000;None;68000.0000
33238;2023-01-08 16:46:33.750000;1;103515;5;1;41800.0000;1;15907.0000;None;171800.0000
21160;2023-01-08 15:45:15.707000;1;103530;5;1;38800.0000;1;24722.0000;None;267000.0000
21160;2023-01-08 15:45:15.707000;1;103534;1;1;64800.0000;1;24722.0000;None;267000.0000
21163;2023-01-08 17:20:29.483000;1;103534;1;1;64800.0000;1;29000.0000;None;313200.0000
15909;2023-01-08 18:40:20.513000;1;103534;1;-1;-64800.0000;1;-29000.0000;None;-313200.0000
21169;2023-01-08 18:11:17.500000;1;103534;1;1;64800.0000;1;22537.0000;None;243400.0000
33229;2023-01-08 15:09:14.187000;1;103534;1;1;64800.0000;1;13074.0000;None;141200.0000
33229;2023-01-08 15:09:14.187000;1;103534;1;1;64800.0000;1;13074.0000;None;141200.0000
33227;2023-01-08 14:02:26.360000;1;103535;1;1;64800.0000;1;16833.0000;None;181800.0000
21158;2023-01-08 15:43:23.263000;1;103535;1;1;64800.0000;1;20019.0000;None;216200.0000
33233;2023-01-08 15:23:21.487000;1;103535;1;1;64800.0000;1;20407.0000;None;220400.0000
33230;2023-01-08 14:46:08.823000;1;103535;1;1;64800.0000;1;41926.0000;None;452800.0000
21153;2023-01-08 14:39:54.903000;1;103559;5;1;43800.0000;1;9370.0000;None;101200.0000
21153;2023-01-08 14:39:54.903000;1;103559;5;1;43800.0000;1;9370.0000;None;101200.0000
21157;2023-01-08 15:27:51.390000;1;103560;5;1;38800.0000;1;18093.0000;None;195400.0000
15909;2023-01-08 18:40:20.513000;1;103564;5;-1;-67800.0000;1;-29000.0000;None;-313200.0000
21163;2023-01-08 16:54:40.440000;1;103564;5;1;67800.0000;1;29000.0000;None;313200.0000
21169;2023-01-08 18:11:17.500000;1;103564;5;1;67800.0000;1;22537.0000;None;243400.0000
2019;2023-01-08 16:19:53.187000;1;103600;5;1;69800.0000;1;32815.0000;None;354400.0000
2019;2023-01-08 16:19:53.187000;1;103600;5;1;69800.0000;1;32815.0000;None;354400.0000
21155;2023-01-08 15:08:20.743000;1;103600;5;1;69800.0000;1;20000.0000;None;216000.0000
21163;2023-01-08 16:54:40.440000;1;103611;5;1;49800.0000;1;29000.0000;None;313200.0000
21169;2023-01-08 18:11:17.500000;1;103611;5;1;49800.0000;1;22537.0000;None;243400.0000
15909;2023-01-08 18:40:20.513000;1;103611;5;-1;-49800.0000;1;-29000.0000;None;-313200.0000
21182;2023-01-08 21:37:49.273000;1;103651;1;1;42800.0000;1;21278.0000;None;229800.0000
15901;2023-01-08 12:40:11.343000;1;103651;1;1;42800.0000;1;18982.0000;None;205000.0000
21149;2023-01-08 14:21:35.197000;1;103750;5;1;37800.0000;1;7222.0000;None;78000.0000
21141;2023-01-08 12:59:18.423000;1;103763;5;2;29600.0000;1;17333.0000;None;187200.0000
21180;2023-01-08 20:48:11.277000;1;103763;5;1;14800.0000;1;5667.0000;None;61200.0000
21160;2023-01-08 15:46:10.533000;1;103771;5;1;24800.0000;1;24722.0000;None;267000.0000
33225;2023-01-08 13:12:22.240000;1;103776;5;1;14800.0000;1;6593.0000;None;71200.0000
21162;2023-01-08 16:10:17.437000;1;103784;5;1;29800.0000;1;8963.0000;None;96800.0000
21178;2023-01-08 20:33:25.020000;1;103784;5;1;29800.0000;1;13019.0000;None;140600.0000
33233;2023-01-08 15:23:21.487000;1;103785;5;1;28800.0000;1;20407.0000;None;220400.0000
33231;2023-01-08 15:13:16.403000;1;103788;5;1;36800.0000;1;13037.0000;None;140800.0000
21154;2023-01-08 14:43:29.883000;1;103788;5;1;36800.0000;1;15426.0000;None;166600.0000
21172;2023-01-08 19:38:03.070000;1;103846;5;1;37800.0000;1;47852.0000;None;516800.0000
2019;2023-01-08 16:19:53.187000;1;103902;5;1;89800.0000;1;32815.0000;None;354400.0000
21149;2023-01-08 14:59:15.697000;1;103961;5;1;16800.0000;1;7222.0000;None;78000.0000
21142;2023-01-08 14:09:31.717000;1;104004;5;1;15800.0000;1;14667.0000;None;158400.0000
33238;2023-01-08 17:19:14.707000;1;104004;5;1;15800.0000;1;15907.0000;None;171800.0000
15904;2023-01-08 14:56:09.137000;1;104212;5;1;37800.0000;1;None;None;34100.0000
21170;2023-01-08 18:52:35.480000;2;104237;1;1;40800.0000;1;14815.0000;None;160000.0000
21175;2023-01-08 19:34:14.467000;2;104237;1;1;40800.0000;1;11056.0000;None;119400.0000
21152;2023-01-08 14:36:27.933000;1;104293;1;1;43800.0000;1;None;None;117200.0000
21158;2023-01-08 15:43:23.263000;1;104293;1;1;43800.0000;1;20019.0000;None;216200.0000
21158;2023-01-08 15:43:23.263000;1;104293;1;1;43800.0000;1;20019.0000;None;216200.0000
2019;2023-01-08 15:59:37.637000;3;104446;1;1;5800.0000;1;32815.0000;None;354400.0000
2019;2023-01-08 15:59:37.637000;3;104446;1;1;5800.0000;1;32815.0000;None;354400.0000
2019;2023-01-08 16:17:23.453000;3;104446;1;1;5800.0000;1;32815.0000;None;354400.0000
21164;2023-01-08 16:36:02.050000;3;104554;1;1;4800.0000;1;19611.0000;None;211800.0000
33230;2023-01-08 18:03:05.390000;3;104554;1;1;4800.0000;1;41926.0000;None;452800.0000
33226;2023-01-08 14:08:44.557000;3;104554;1;2;9600.0000;1;2333.0000;None;25200.0000
21137;2023-01-08 12:22:39.380000;3;104554;1;1;4800.0000;1;6519.0000;None;70400.0000
21133;2023-01-08 12:15:53.977000;3;104554;1;1;4800.0000;1;None;11648.0000;251600.0000
21133;2023-01-08 12:54:25.427000;3;104554;1;1;4800.0000;1;None;11648.0000;251600.0000
21132;2023-01-08 13:12:54.617000;3;104554;1;1;4800.0000;1;48426.0000;None;523000.0000
21148;2023-01-08 14:15:12.027000;1;104669;5;1;11800.0000;1;1093.0000;None;11800.0000
21149;2023-01-08 14:21:35.197000;1;104690;1;1;9800.0000;1;7222.0000;None;78000.0000
33224;2023-01-08 13:00:10.990000;1;104690;1;1;9800.0000;1;8982.0000;None;97000.0000
2018;2023-01-08 15:18:35.233000;1;104690;1;1;9800.0000;1;8389.0000;None;90600.0000
21179;2023-01-08 20:35:37.737000;1;104690;1;1;9800.0000;1;6296.0000;None;68000.0000
2019;2023-01-08 16:19:53.187000;1;104810;5;1;16900.0000;1;32815.0000;None;354400.0000
2019;2023-01-08 16:19:53.187000;1;104814;5;1;14900.0000;1;32815.0000;None;354400.0000
2019;2023-01-08 16:19:53.187000;1;104837;5;1;0.0000;1;32815.0000;None;354400.0000
21163;2023-01-08 16:54:40.440000;1;104837;5;1;None;1;29000.0000;None;313200.0000
21163;2023-01-08 16:54:40.440000;1;104837;5;1;None;1;29000.0000;None;313200.0000
21169;2023-01-08 18:11:17.500000;1;104837;5;1;0.0000;1;22537.0000;None;243400.0000
15909;2023-01-08 18:40:20.513000;1;104837;5;-1;0.0000;1;-29000.0000;None;-313200.0000
15907;2023-01-08 15:09:14.187000;1;104893;5;1;119800.0000;1;20833.0000;None;225000.0000
21161;2023-01-08 17:10:35.527000;1;105018;5;1;39800.0000;1;13389.0000;None;144600.0000
33229;2023-01-08 15:09:14.187000;1;105065;1;1;0.0000;1;13074.0000;None;141200.0000
21134;2023-01-08 12:07:59.703000;6;105082;1;1;3000.0000;1;11407.0000;None;123200.0000
21134;2023-01-08 12:46:31.883000;6;105082;1;1;3000.0000;1;11407.0000;None;123200.0000
33232;2023-01-08 15:19:33.453000;6;105082;1;1;3000.0000;1;4204.0000;None;45400.0000
33237;2023-01-08 17:34:05.467000;6;105082;1;1;3000.0000;1;33148.0000;None;358000.0000
21177;2023-01-08 21:18:57.517000;1;105296;1;1;40800.0000;1;20445.0000;None;220800.0000
33233;2023-01-08 15:17:09.947000;1;105324;1;1;33800.0000;1;20407.0000;None;220400.0000
21172;2023-01-08 20:34:55.563000;1;105421;5;1;16800.0000;1;47852.0000;None;516800.0000
21178;2023-01-08 20:33:25.020000;1;105801;5;1;8800.0000;1;13019.0000;None;140600.0000
2019;2023-01-08 16:19:53.187000;1;105801;5;1;8800.0000;1;32815.0000;None;354400.0000
21177;2023-01-08 20:44:50.120000;2;106012;1;1;41800.0000;1;20445.0000;None;220800.0000
21177;2023-01-08 21:18:57.517000;2;106012;1;1;41800.0000;1;20445.0000;None;220800.0000
21177;2023-01-08 20:13:05.620000;2;106012;1;1;41800.0000;1;20445.0000;None;220800.0000
21144;2023-01-08 13:51:35.917000;1;106356;5;1;0.0000;1;20741.0000;None;224000.0000
33227;2023-01-08 14:02:26.360000;1;106879;5;1;22800.0000;1;16833.0000;None;181800.0000
33227;2023-01-08 14:02:26.360000;1;106879;5;1;22800.0000;1;16833.0000;None;181800.0000
21162;2023-01-08 16:10:17.437000;1;106879;5;1;22800.0000;1;8963.0000;None;96800.0000
21157;2023-01-08 15:27:51.390000;1;106879;5;1;22800.0000;1;18093.0000;None;195400.0000
21155;2023-01-08 15:02:16.587000;2;106934;5;1;27800.0000;1;20000.0000;None;216000.0000
21155;2023-01-08 15:26:29.150000;2;106934;5;1;27800.0000;1;20000.0000;None;216000.0000
21178;2023-01-08 20:21:14.220000;2;106934;5;1;27800.0000;1;13019.0000;None;140600.0000
21144;2023-01-08 13:51:35.917000;1;107002;5;1;69800.0000;1;20741.0000;None;224000.0000
15909;2023-01-08 18:40:20.513000;1;107002;5;-1;-69800.0000;1;-29000.0000;None;-313200.0000
21163;2023-01-08 16:54:40.440000;1;107002;5;1;69800.0000;1;29000.0000;None;313200.0000
21168;2023-01-08 17:43:00.403000;2;107563;1;2;45600.0000;1;4222.0000;None;45600.0000
21175;2023-01-08 19:34:14.467000;2;107767;1;1;48800.0000;1;11056.0000;None;119400.0000
33230;2023-01-08 15:51:46.647000;2;107767;1;2;97600.0000;1;41926.0000;None;452800.0000
33230;2023-01-08 16:49:30.800000;2;107767;1;1;48800.0000;1;41926.0000;None;452800.0000
33230;2023-01-08 17:44:11.607000;2;107767;1;2;97600.0000;1;41926.0000;None;452800.0000
33230;2023-01-08 14:51:43.027000;2;107767;1;2;97600.0000;1;41926.0000;None;452800.0000
33234;2023-01-08 15:21:30.937000;2;107767;1;1;48800.0000;1;10037.0000;None;108400.0000
33235;2023-01-08 15:25:00.737000;2;107767;1;2;97600.0000;1;14463.0000;None;156200.0000
33235;2023-01-08 15:25:00.737000;2;107767;1;1;48800.0000;1;14463.0000;None;156200.0000
21172;2023-01-08 19:31:10.107000;2;108101;1;1;32800.0000;1;47852.0000;None;516800.0000
21172;2023-01-08 19:27:51.867000;2;108101;1;2;65600.0000;1;47852.0000;None;516800.0000
21182;2023-01-08 21:37:11.163000;2;108106;1;1;51800.0000;1;21278.0000;None;229800.0000
2020;2023-01-08 17:10:11.910000;2;108118;1;1;34800.0000;1;14167.0000;None;153000.0000
21173;2023-01-08 19:19:16.027000;2;108123;1;1;38800.0000;1;19833.0000;None;214200.0000
21160;2023-01-08 15:57:12.790000;2;108132;1;1;23800.0000;1;24722.0000;None;267000.0000
21160;2023-01-08 15:45:15.707000;2;108132;1;2;47600.0000;1;24722.0000;None;267000.0000
21160;2023-01-08 16:02:45.150000;2;108132;1;1;23800.0000;1;24722.0000;None;267000.0000
21160;2023-01-08 16:29:33.677000;2;108132;1;1;23800.0000;1;24722.0000;None;267000.0000
21144;2023-01-08 13:51:35.917000;3;108191;1;1;0.0000;1;20741.0000;None;224000.0000
21144;2023-01-08 13:51:35.917000;3;108191;1;1;0.0000;1;20741.0000;None;224000.0000
33226;2023-01-08 13:26:26.007000;3;108191;1;1;0.0000;1;2333.0000;None;25200.0000
33224;2023-01-08 13:33:47.830000;3;108191;1;1;0.0000;1;8982.0000;None;97000.0000
33224;2023-01-08 13:00:10.990000;3;108191;1;2;0.0000;1;8982.0000;None;97000.0000
21144;2023-01-08 14:33:26.407000;3;108191;1;1;0.0000;1;20741.0000;None;224000.0000
21178;2023-01-08 20:24:14.237000;3;108191;1;1;0.0000;1;13019.0000;None;140600.0000
21180;2023-01-08 20:48:11.277000;3;108191;1;1;0.0000;1;5667.0000;None;61200.0000
2019;2023-01-08 16:19:53.187000;1;108235;5;1;0.0000;1;32815.0000;None;354400.0000
2019;2023-01-08 16:19:53.187000;1;108236;5;1;0.0000;1;32815.0000;None;354400.0000
15907;2023-01-08 15:09:14.187000;1;108236;5;1;0.0000;1;20833.0000;None;225000.0000
21155;2023-01-08 15:08:20.743000;1;108236;5;1;0.0000;1;20000.0000;None;216000.0000
33231;2023-01-08 15:13:16.403000;1;108267;5;1;38800.0000;1;13037.0000;None;140800.0000
21155;2023-01-08 15:08:20.743000;1;108452;5;1;23800.0000;1;20000.0000;None;216000.0000
2018;2023-01-08 15:28:09.080000;1;108453;5;1;16800.0000;1;8389.0000;None;90600.0000
21165;2023-01-08 17:20:49.040000;2;108473;1;1;31800.0000;1;18648.0000;None;201400.0000
21165;2023-01-08 17:25:33.857000;2;108473;1;1;31800.0000;1;18648.0000;None;201400.0000
21165;2023-01-08 16:38:29.670000;2;108473;1;2;63600.0000;1;18648.0000;None;201400.0000
21154;2023-01-08 14:43:29.883000;1;108550;5;1;44800.0000;1;15426.0000;None;166600.0000
15900;2023-01-08 13:05:11.547000;1;108550;5;1;44800.0000;1;21833.0000;None;235800.0000
21141;2023-01-08 13:14:47.530000;1;108794;1;1;46800.0000;1;17333.0000;None;187200.0000
21141;2023-01-08 13:14:47.530000;1;108794;1;1;46800.0000;1;17333.0000;None;187200.0000
2014;2023-01-08 13:08:25.500000;1;108794;1;1;46800.0000;1;13333.0000;None;144000.0000
33224;2023-01-08 13:00:25.957000;1;108796;1;1;48800.0000;1;8982.0000;None;97000.0000
15900;2023-01-08 13:05:11.547000;1;108796;1;2;97600.0000;1;21833.0000;None;235800.0000
21157;2023-01-08 15:25:46.793000;1;108796;1;1;48800.0000;1;18093.0000;None;195400.0000
21143;2023-01-08 13:45:23.850000;2;108836;5;2;61600.0000;1;15352.0000;None;165800.0000
21143;2023-01-08 14:32:19.317000;2;108836;5;1;30800.0000;1;15352.0000;None;165800.0000
21143;2023-01-08 14:32:19.317000;2;108836;5;1;30800.0000;1;15352.0000;None;165800.0000
21173;2023-01-08 19:19:16.027000;2;108836;5;1;30800.0000;1;19833.0000;None;214200.0000
21181;2023-01-08 21:11:26.830000;2;108836;5;1;30800.0000;1;6315.0000;None;68200.0000
21178;2023-01-08 20:33:25.020000;1;109203;5;1;38800.0000;1;13019.0000;None;140600.0000
33236;2023-01-08 15:49:07.560000;1;109203;5;1;38800.0000;1;19648.0000;None;212200.0000
33237;2023-01-08 17:32:11.320000;1;109356;5;1;18800.0000;1;33148.0000;None;358000.0000
21147;2023-01-08 14:29:41.867000;1;109360;5;1;22800.0000;1;12167.0000;None;131400.0000
21164;2023-01-08 16:50:21.353000;1;109361;5;1;69800.0000;1;19611.0000;None;211800.0000
21167;2023-01-08 17:25:26.797000;1;109363;5;1;28800.0000;1;29482.0000;None;318400.0000
33236;2023-01-08 15:49:07.560000;1;109363;5;1;28800.0000;1;19648.0000;None;212200.0000
21163;2023-01-08 17:54:39.977000;1;109422;5;1;16800.0000;1;29000.0000;None;313200.0000
21172;2023-01-08 20:34:55.563000;1;109422;5;1;16800.0000;1;47852.0000;None;516800.0000
15909;2023-01-08 18:40:20.513000;1;109422;5;-1;-16800.0000;1;-29000.0000;None;-313200.0000
21169;2023-01-08 18:11:17.500000;1;109422;5;1;16800.0000;1;22537.0000;None;243400.0000
33238;2023-01-08 16:46:33.750000;2;109588;5;2;53600.0000;1;15907.0000;None;171800.0000
21165;2023-01-08 16:47:59.663000;3;200004;1;1;9800.0000;1;18648.0000;None;201400.0000
33237;2023-01-08 16:25:47.947000;3;200004;1;1;9800.0000;1;33148.0000;None;358000.0000
33237;2023-01-08 17:38:22.977000;3;200004;1;2;19600.0000;1;33148.0000;None;358000.0000
21170;2023-01-08 19:36:44.020000;3;200004;1;1;9800.0000;1;14815.0000;None;160000.0000
21173;2023-01-08 20:17:57.993000;3;200004;1;1;9800.0000;1;19833.0000;None;214200.0000
15907;2023-01-08 14:39:13.800000;3;200004;1;1;9800.0000;1;20833.0000;None;225000.0000
21160;2023-01-08 16:19:01.100000;3;200004;1;-1;-9800.0000;1;24722.0000;None;267000.0000
21160;2023-01-08 15:44:07.617000;3;200004;1;1;9800.0000;1;24722.0000;None;267000.0000
33235;2023-01-08 15:25:00.737000;3;200004;1;1;9800.0000;1;14463.0000;None;156200.0000
21181;2023-01-08 22:16:38.317000;3;200004;1;1;9800.0000;1;6315.0000;None;68200.0000
21147;2023-01-08 14:54:12.177000;3;200004;1;1;9800.0000;1;12167.0000;None;131400.0000
21154;2023-01-08 14:43:29.883000;3;200004;1;1;9800.0000;1;15426.0000;None;166600.0000
33226;2023-01-08 13:26:26.007000;3;200004;1;1;9800.0000;1;2333.0000;None;25200.0000
21132;2023-01-08 13:12:54.617000;3;200004;1;1;9800.0000;1;48426.0000;None;523000.0000
2015;2023-01-08 13:07:45.547000;3;200008;1;1;13800.0000;1;12167.0000;None;131400.0000
33234;2023-01-08 15:21:30.937000;3;200008;1;1;13800.0000;1;10037.0000;None;108400.0000
21164;2023-01-08 16:36:02.050000;3;200008;1;1;13800.0000;1;19611.0000;None;211800.0000
21166;2023-01-08 16:55:23.237000;3;200012;1;1;9800.0000;1;None;None;75200.0000
21178;2023-01-08 20:24:14.237000;2;200480;1;1;12800.0000;1;13019.0000;None;140600.0000
21171;2023-01-08 19:06:34.667000;2;200480;1;2;25600.0000;1;14611.0000;None;157800.0000
21171;2023-01-08 19:50:37.117000;2;200480;1;2;25600.0000;1;14611.0000;None;157800.0000
21171;2023-01-08 20:30:23.210000;2;200480;1;1;12800.0000;1;14611.0000;None;157800.0000
21171;2023-01-08 20:30:23.210000;2;200480;1;1;12800.0000;1;14611.0000;None;157800.0000
21171;2023-01-08 20:57:12.670000;2;200480;1;2;25600.0000;1;14611.0000;None;157800.0000
21171;2023-01-08 21:32:30.127000;2;200480;1;2;25600.0000;1;14611.0000;None;157800.0000
33224;2023-01-08 13:33:47.830000;2;200480;1;1;12800.0000;1;8982.0000;None;97000.0000
33224;2023-01-08 13:00:10.990000;2;200480;1;2;25600.0000;1;8982.0000;None;97000.0000
21172;2023-01-08 19:16:13.187000;3;200538;1;1;14800.0000;1;47852.0000;None;516800.0000
21135;2023-01-08 12:10:05.570000;3;201146;1;1;5800.0000;1;22611.0000;None;244200.0000
15901;2023-01-08 12:40:11.343000;3;201146;1;1;5800.0000;1;18982.0000;None;205000.0000
15900;2023-01-08 13:23:43.220000;3;201146;1;1;5800.0000;1;21833.0000;None;235800.0000
15900;2023-01-08 12:52:46.707000;3;201146;1;1;5800.0000;1;21833.0000;None;235800.0000
21141;2023-01-08 13:02:44.103000;3;201146;1;1;5800.0000;1;17333.0000;None;187200.0000
21141;2023-01-08 12:59:18.423000;3;201146;1;1;5800.0000;1;17333.0000;None;187200.0000
21142;2023-01-08 14:37:16.253000;3;201146;1;1;5800.0000;1;14667.0000;None;158400.0000
33229;2023-01-08 14:46:08.823000;3;201146;1;1;5800.0000;1;13074.0000;None;141200.0000
21145;2023-01-08 14:57:20.670000;3;201146;1;3;17400.0000;1;12222.0000;None;132000.0000
33227;2023-01-08 14:02:26.360000;3;201146;1;1;5800.0000;1;16833.0000;None;181800.0000
21145;2023-01-08 14:59:14.827000;3;201146;1;-3;-17400.0000;1;12222.0000;None;132000.0000
21145;2023-01-08 14:59:14.827000;3;201146;1;2;11600.0000;1;12222.0000;None;132000.0000
21172;2023-01-08 20:12:17.833000;3;201146;1;1;5800.0000;1;47852.0000;None;516800.0000
21174;2023-01-08 19:25:09.193000;3;201146;1;1;5800.0000;1;4907.0000;None;53000.0000
21165;2023-01-08 16:47:34.133000;3;201146;1;-1;-5800.0000;1;18648.0000;None;201400.0000
21165;2023-01-08 16:38:29.670000;3;201146;1;1;5800.0000;1;18648.0000;None;201400.0000
2019;2023-01-08 16:55:56.243000;3;201146;1;1;5800.0000;1;32815.0000;None;354400.0000
15904;2023-01-08 14:44:15.660000;3;201146;1;1;5800.0000;1;None;None;34100.0000
15904;2023-01-08 14:44:15.660000;3;201146;1;1;5800.0000;1;None;None;34100.0000
33232;2023-01-08 15:01:56.980000;3;201146;1;1;5800.0000;1;4204.0000;None;45400.0000
33230;2023-01-08 14:46:08.823000;3;201146;1;1;5800.0000;1;41926.0000;None;452800.0000
21161;2023-01-08 15:52:13.797000;3;201146;1;1;5800.0000;1;13389.0000;None;144600.0000
21179;2023-01-08 20:35:37.737000;3;201146;1;1;5800.0000;1;6296.0000;None;68000.0000
33225;2023-01-08 13:12:22.240000;2;201187;1;1;9800.0000;1;6593.0000;None;71200.0000
33225;2023-01-08 13:23:10.390000;2;201187;1;1;9800.0000;1;6593.0000;None;71200.0000
21136;2023-01-08 12:19:13.347000;2;201187;1;2;19600.0000;1;7667.0000;None;82800.0000
21179;2023-01-08 20:35:37.737000;2;201187;1;2;19600.0000;1;6296.0000;None;68000.0000
21163;2023-01-08 16:21:07.783000;2;201187;1;1;9800.0000;1;29000.0000;None;313200.0000
21169;2023-01-08 18:11:17.500000;2;201187;1;1;9800.0000;1;22537.0000;None;243400.0000
2021;2023-01-08 19:20:31.567000;2;201187;1;1;9800.0000;1;13741.0000;None;148400.0000
2021;2023-01-08 19:27:59.903000;2;201187;1;1;9800.0000;1;13741.0000;None;148400.0000
2021;2023-01-08 19:57:50.813000;2;201187;1;2;19600.0000;1;13741.0000;None;148400.0000
2021;2023-01-08 20:40:40.407000;2;201187;1;2;19600.0000;1;13741.0000;None;148400.0000
15909;2023-01-08 18:40:20.513000;2;201187;1;-1;-9800.0000;1;-29000.0000;None;-313200.0000
33237;2023-01-08 16:25:47.947000;3;201211;1;1;5800.0000;1;33148.0000;None;358000.0000
21162;2023-01-08 16:24:37.640000;3;201211;1;1;5800.0000;1;8963.0000;None;96800.0000
33236;2023-01-08 15:37:42.043000;3;201211;1;2;11600.0000;1;19648.0000;None;212200.0000
21157;2023-01-08 16:04:28.517000;3;201211;1;2;11600.0000;1;18093.0000;None;195400.0000
21156;2023-01-08 15:00:55.233000;3;201211;1;1;5800.0000;1;6759.0000;None;73000.0000
2018;2023-01-08 15:10:20.977000;3;201211;1;1;5800.0000;1;8389.0000;None;90600.0000
21180;2023-01-08 20:48:11.277000;3;201211;1;1;5800.0000;1;5667.0000;None;61200.0000
21183;2023-01-08 21:37:36.990000;3;201211;1;1;5800.0000;1;4407.0000;None;47600.0000
21137;2023-01-08 12:22:39.380000;3;201211;1;1;5800.0000;1;6519.0000;None;70400.0000
21133;2023-01-08 13:08:38.023000;3;201211;1;2;11600.0000;1;None;11648.0000;251600.0000
21143;2023-01-08 14:32:19.317000;3;201211;1;1;5800.0000;1;15352.0000;None;165800.0000
15900;2023-01-08 13:05:11.547000;3;201211;1;1;5800.0000;1;21833.0000;None;235800.0000
33227;2023-01-08 14:02:26.360000;3;201211;1;1;5800.0000;1;16833.0000;None;181800.0000
21147;2023-01-08 14:54:12.177000;3;201211;1;1;5800.0000;1;12167.0000;None;131400.0000
21154;2023-01-08 14:43:29.883000;3;201211;1;1;5800.0000;1;15426.0000;None;166600.0000
21154;2023-01-08 14:43:29.883000;3;201237;1;1;5800.0000;1;15426.0000;None;166600.0000
33230;2023-01-08 14:51:43.027000;3;201237;1;1;5800.0000;1;41926.0000;None;452800.0000
33230;2023-01-08 18:03:05.390000;3;201237;1;1;5800.0000;1;41926.0000;None;452800.0000
33230;2023-01-08 16:10:18.190000;3;201237;1;1;5800.0000;1;41926.0000;None;452800.0000
21156;2023-01-08 15:00:55.233000;3;201269;1;1;5800.0000;1;6759.0000;None;73000.0000
21158;2023-01-08 15:42:38.707000;3;201269;1;1;5800.0000;1;20019.0000;None;216200.0000
21161;2023-01-08 15:50:57.460000;3;201269;1;1;5800.0000;1;13389.0000;None;144600.0000
21161;2023-01-08 17:35:01.970000;3;201269;1;1;5800.0000;1;13389.0000;None;144600.0000
21165;2023-01-08 16:38:29.670000;3;201269;1;1;5800.0000;1;18648.0000;None;201400.0000
21174;2023-01-08 19:21:27.490000;3;201269;1;1;5800.0000;1;4907.0000;None;53000.0000
21180;2023-01-08 20:48:11.277000;3;201269;1;1;5800.0000;1;5667.0000;None;61200.0000
21153;2023-01-08 14:39:54.903000;3;201269;1;1;5800.0000;1;9370.0000;None;101200.0000
21144;2023-01-08 14:33:26.407000;3;201269;1;1;5800.0000;1;20741.0000;None;224000.0000
21141;2023-01-08 12:59:18.423000;3;201269;1;1;5800.0000;1;17333.0000;None;187200.0000
21144;2023-01-08 13:51:35.917000;3;201269;1;2;11600.0000;1;20741.0000;None;224000.0000
21142;2023-01-08 13:22:12.193000;3;201269;1;2;11600.0000;1;14667.0000;None;158400.0000
33226;2023-01-08 13:26:26.007000;3;201269;1;1;5800.0000;1;2333.0000;None;25200.0000
21140;2023-01-08 12:41:31.567000;3;201269;1;1;5800.0000;1;10398.0000;None;112300.0000
21144;2023-01-08 13:51:35.917000;3;201277;1;1;5800.0000;1;20741.0000;None;224000.0000
21181;2023-01-08 21:41:25.360000;2;201615;1;1;13800.0000;1;6315.0000;None;68200.0000
21181;2023-01-08 21:11:26.830000;2;201615;1;1;13800.0000;1;6315.0000;None;68200.0000
21173;2023-01-08 20:38:47.973000;2;201615;1;1;13800.0000;1;19833.0000;None;214200.0000
21173;2023-01-08 20:14:13.547000;2;201615;1;1;13800.0000;1;19833.0000;None;214200.0000
21170;2023-01-08 19:36:44.020000;2;201615;1;1;13800.0000;1;14815.0000;None;160000.0000
15909;2023-01-08 18:40:20.513000;2;201615;1;-2;-27600.0000;1;-29000.0000;None;-313200.0000
21165;2023-01-08 17:20:49.040000;2;201615;1;1;13800.0000;1;18648.0000;None;201400.0000
21169;2023-01-08 18:11:17.500000;2;201615;1;2;27600.0000;1;22537.0000;None;243400.0000
33237;2023-01-08 16:33:59.583000;2;201615;1;1;13800.0000;1;33148.0000;None;358000.0000
21163;2023-01-08 16:21:07.783000;2;201615;1;1;13800.0000;1;29000.0000;None;313200.0000
21163;2023-01-08 16:01:59.103000;2;201615;1;1;13800.0000;1;29000.0000;None;313200.0000
2019;2023-01-08 16:30:13.293000;2;201615;1;1;13800.0000;1;32815.0000;None;354400.0000
2019;2023-01-08 15:59:37.637000;2;201615;1;1;13800.0000;1;32815.0000;None;354400.0000
33231;2023-01-08 14:53:55.947000;2;201615;1;1;13800.0000;1;13037.0000;None;140800.0000
21144;2023-01-08 13:51:35.917000;2;201615;1;1;13800.0000;1;20741.0000;None;224000.0000
21141;2023-01-08 12:59:18.423000;2;201615;1;1;13800.0000;1;17333.0000;None;187200.0000
15900;2023-01-08 12:52:46.690000;2;201615;1;2;27600.0000;1;21833.0000;None;235800.0000
2014;2023-01-08 13:05:48.807000;2;201615;1;1;13800.0000;1;13333.0000;None;144000.0000
33229;2023-01-08 15:39:12.147000;3;201958;1;1;5800.0000;1;13074.0000;None;141200.0000
21151;2023-01-08 14:32:42.477000;3;201958;1;1;5800.0000;1;7796.0000;None;84200.0000
33231;2023-01-08 15:01:39.690000;3;201958;1;1;5800.0000;1;13037.0000;None;140800.0000
33231;2023-01-08 15:47:48.950000;3;201958;1;1;5800.0000;1;13037.0000;None;140800.0000
33230;2023-01-08 15:19:16.963000;3;201958;1;1;5800.0000;1;41926.0000;None;452800.0000
33230;2023-01-08 14:46:08.823000;3;201958;1;1;5800.0000;1;41926.0000;None;452800.0000
21162;2023-01-08 15:56:30.337000;3;201958;1;1;5800.0000;1;8963.0000;None;96800.0000
15907;2023-01-08 15:39:12.147000;3;201958;1;1;5800.0000;1;20833.0000;None;225000.0000
21158;2023-01-08 15:42:38.707000;3;201958;1;2;11600.0000;1;20019.0000;None;216200.0000
21158;2023-01-08 16:08:39.447000;3;201958;1;1;5800.0000;1;20019.0000;None;216200.0000
21160;2023-01-08 15:45:15.707000;3;202112;1;1;9800.0000;1;24722.0000;None;267000.0000
21160;2023-01-08 16:29:33.677000;3;202112;1;1;9800.0000;1;24722.0000;None;267000.0000
21166;2023-01-08 16:48:31.773000;3;202112;1;-2;-19600.0000;1;None;None;75200.0000
21166;2023-01-08 16:41:52.940000;3;202112;1;2;19600.0000;1;None;None;75200.0000
21166;2023-01-08 16:55:23.237000;3;202133;1;1;9800.0000;1;None;None;75200.0000
21135;2023-01-08 12:40:46.243000;2;202508;5;1;164800.0000;1;22611.0000;None;244200.0000
21167;2023-01-08 18:25:16.623000;2;202513;1;1;144800.0000;1;29482.0000;None;318400.0000
21167;2023-01-08 17:30:42.100000;2;202513;1;1;144800.0000;1;29482.0000;None;318400.0000
