2081;2023-01-14 15:05:47.613000;None;2;None;1;-14800.0000;2;None;None;293400.0000
16034;2023-01-14 13:50:07.983000;None;3;None;1;-5300.0000;2;None;None;5300.0000
2086;2023-01-14 16:58:46.630000;None;3;None;1;-87400.0000;2;None;None;87400.0000
16055;2023-01-14 19:15:44.560000;7;1002;1;1;0.0000;1;23278.0000;None;251400.0000
16070;2023-01-14 22:19:32.930000;7;1002;1;1;0.0000;1;110945.0000;None;1198200.0000
21421;2023-01-14 15:01:03.130000;7;1002;1;1;0.0000;1;17407.0000;None;188000.0000
21427;2023-01-14 17:21:45.097000;7;1002;1;1;0.0000;1;26352.0000;None;284600.0000
16035;2023-01-14 14:13:01.497000;7;1002;1;1;0.0000;1;29482.0000;None;318400.0000
16035;2023-01-14 14:13:01.497000;7;1002;1;1;0.0000;1;29482.0000;None;318400.0000
16076;2023-01-14 22:36:11.490000;7;1002;1;1;0.0000;1;92963.0000;None;1004000.0000
16076;2023-01-14 22:36:11.490000;7;1006;1;1;0.0000;1;92963.0000;None;1004000.0000
16074;2023-01-14 22:19:18.627000;7;1006;1;1;0.0000;1;17463.0000;None;188600.0000
21416;2023-01-14 13:55:03.493000;7;1006;1;1;0.0000;1;11463.0000;None;123800.0000
2079;2023-01-14 13:54:30.047000;7;1006;1;1;0.0000;1;34241.0000;None;369800.0000
33327;2023-01-14 14:09:11.553000;7;1006;1;1;0.0000;1;12278.0000;None;132600.0000
21427;2023-01-14 17:21:45.097000;7;1006;1;1;0.0000;1;26352.0000;None;284600.0000
21427;2023-01-14 17:21:45.097000;7;1006;1;1;0.0000;1;26352.0000;None;284600.0000
21421;2023-01-14 15:01:03.130000;7;1006;1;1;0.0000;1;17407.0000;None;188000.0000
16041;2023-01-14 15:04:20.423000;7;1006;1;1;0.0000;1;30982.0000;None;334600.0000
16041;2023-01-14 15:04:20.423000;7;1006;1;1;0.0000;1;30982.0000;None;334600.0000
16070;2023-01-14 22:16:32.647000;7;1006;1;1;0.0000;1;110945.0000;None;1198200.0000
16070;2023-01-14 21:54:47.007000;7;1006;1;1;0.0000;1;110945.0000;None;1198200.0000
16070;2023-01-14 21:54:47.007000;7;1006;1;1;0.0000;1;110945.0000;None;1198200.0000
2092;2023-01-14 21:47:30.453000;7;1006;1;1;None;1;26759.0000;None;289000.0000
2092;2023-01-14 21:47:30.453000;7;1006;1;1;None;1;26759.0000;None;289000.0000
2092;2023-01-14 21:47:30.453000;7;1006;1;1;None;1;26759.0000;None;289000.0000
2092;2023-01-14 21:47:30.453000;7;1006;1;1;None;1;26759.0000;None;289000.0000
16065;2023-01-14 21:30:01.967000;7;1006;1;1;None;1;12056.0000;None;130200.0000
16067;2023-01-14 19:56:22.133000;7;1006;1;1;0.0000;1;13056.0000;None;141000.0000
21450;2023-01-14 20:35:20.297000;7;1006;1;1;0.0000;1;11778.0000;None;127200.0000
21450;2023-01-14 20:53:30.960000;7;1006;1;1;0.0000;1;11778.0000;None;127200.0000
16060;2023-01-14 20:53:19.353000;7;1006;1;1;0.0000;1;13685.0000;None;147800.0000
16060;2023-01-14 21:15:27.843000;7;1006;1;1;0.0000;1;13685.0000;None;147800.0000
16055;2023-01-14 19:15:44.560000;7;1006;1;1;0.0000;1;23278.0000;None;251400.0000
21440;2023-01-14 19:06:25.397000;7;1006;1;1;0.0000;1;17445.0000;None;188400.0000
21440;2023-01-14 19:06:25.397000;7;1006;1;1;0.0000;1;17445.0000;None;188400.0000
16055;2023-01-14 19:15:44.560000;7;1007;1;1;0.0000;1;23278.0000;None;251400.0000
2079;2023-01-14 13:54:30.047000;7;1045;1;1;0.0000;1;34241.0000;None;369800.0000
16033;2023-01-14 13:46:29.910000;7;1131;1;1;None;1;None;None;133000.0000
16033;2023-01-14 13:46:29.910000;7;1131;1;1;None;1;None;None;133000.0000
16076;2023-01-14 22:36:11.490000;7;1135;1;1;0.0000;1;92963.0000;None;1004000.0000
33327;2023-01-14 13:49:27.507000;7;1135;1;1;0.0000;1;12278.0000;None;132600.0000
33327;2023-01-14 14:09:11.553000;7;1135;1;1;0.0000;1;12278.0000;None;132600.0000
2076;2023-01-14 13:38:07.263000;7;1135;1;1;0.0000;1;13296.0000;None;143600.0000
21413;2023-01-14 14:20:42.403000;7;1135;1;1;0.0000;1;12185.0000;None;131600.0000
2083;2023-01-14 14:53:31.347000;7;1135;1;1;0.0000;1;21148.0000;None;228400.0000
21419;2023-01-14 14:48:47.930000;7;1135;1;1;0.0000;1;12426.0000;None;134200.0000
21421;2023-01-14 15:01:03.130000;7;1135;1;1;0.0000;1;17407.0000;None;188000.0000
2085;2023-01-14 15:16:23.883000;7;1135;1;1;0.0000;1;9704.0000;None;104800.0000
21426;2023-01-14 17:04:23.743000;7;1135;1;1;0.0000;1;29852.0000;None;322400.0000
21427;2023-01-14 17:21:45.097000;7;1135;1;1;0.0000;1;26352.0000;None;284600.0000
21429;2023-01-14 17:29:03.210000;7;1135;1;1;0.0000;1;7204.0000;None;77800.0000
21440;2023-01-14 19:01:27.153000;7;1135;1;1;0.0000;1;17445.0000;None;188400.0000
33341;2023-01-14 19:03:46.667000;7;1135;1;1;0.0000;1;10296.0000;None;111200.0000
33337;2023-01-14 18:28:49.900000;7;1135;1;1;0.0000;1;9278.0000;None;100200.0000
21433;2023-01-14 18:22:15.110000;7;1135;1;1;0.0000;1;31667.0000;None;342000.0000
16060;2023-01-14 21:15:27.843000;7;1135;1;1;0.0000;1;13685.0000;None;147800.0000
21400;2023-01-14 12:01:14.887000;7;1135;1;1;0.0000;1;17926.0000;None;193600.0000
21403;2023-01-14 12:11:36.017000;7;1135;1;1;0.0000;1;13130.0000;None;141800.0000
2072;2023-01-14 12:53:22.997000;7;1135;1;1;0.0000;1;None;None;58800.0000
21405;2023-01-14 13:01:09.953000;7;1135;1;1;0.0000;1;11741.0000;None;126800.0000
33323;2023-01-14 13:09:18.400000;7;1135;1;1;0.0000;1;20426.0000;None;220600.0000
33323;2023-01-14 13:09:18.400000;7;1135;1;1;0.0000;1;20426.0000;None;220600.0000
2075;2023-01-14 13:18:06.943000;7;1135;1;1;0.0000;1;None;None;36800.0000
21407;2023-01-14 13:20:21.880000;7;1135;1;1;0.0000;1;None;None;69400.0000
16031;2023-01-14 12:47:05.603000;7;1135;1;1;0.0000;1;18611.0000;None;201000.0000
2074;2023-01-14 13:17:50.117000;7;1135;1;1;0.0000;1;None;None;36800.0000
21409;2023-01-14 13:37:13.197000;7;1135;1;1;0.0000;1;11204.0000;None;121000.0000
21410;2023-01-14 13:26:34.297000;7;1135;1;1;0.0000;1;5685.0000;None;61400.0000
2076;2023-01-14 13:38:07.263000;7;1135;1;1;0.0000;1;13296.0000;None;143600.0000
33325;2023-01-14 13:28:57.027000;7;1135;1;1;0.0000;1;17519.0000;None;189200.0000
2085;2023-01-14 15:16:23.883000;7;1138;1;1;0.0000;1;9704.0000;None;104800.0000
16076;2023-01-14 21:46:57.567000;7;1207;1;1;0.0000;1;92963.0000;None;1004000.0000
16076;2023-01-14 21:46:57.567000;7;1207;1;1;0.0000;1;92963.0000;None;1004000.0000
16076;2023-01-15 00:09:27.940000;7;1207;1;1;0.0000;1;92963.0000;None;1004000.0000
16076;2023-01-15 00:03:05.640000;7;1207;1;1;0.0000;1;92963.0000;None;1004000.0000
16070;2023-01-14 22:28:20.153000;7;1207;1;1;None;1;110945.0000;None;1198200.0000
2084;2023-01-14 14:31:48.807000;7;1207;1;1;0.0000;1;18463.0000;None;199400.0000
2084;2023-01-14 15:25:20.850000;7;1207;1;1;0.0000;1;18463.0000;None;199400.0000
2088;2023-01-14 19:22:10.890000;7;1207;1;1;0.0000;1;27463.0000;None;296600.0000
21426;2023-01-14 17:44:48.877000;7;1207;1;1;0.0000;1;29852.0000;None;322400.0000
33333;2023-01-14 16:33:00.957000;7;1207;1;1;0.0000;1;3630.0000;None;39200.0000
2083;2023-01-14 14:36:58.463000;7;1207;1;1;0.0000;1;21148.0000;None;228400.0000
2079;2023-01-14 14:07:27.750000;7;1207;1;1;0.0000;1;34241.0000;None;369800.0000
2078;2023-01-14 13:59:48.080000;7;1207;1;1;0.0000;1;4870.0000;None;52600.0000
16061;2023-01-14 18:28:51.803000;7;1207;1;1;0.0000;1;33611.0000;None;363000.0000
21451;2023-01-14 21:04:30.277000;7;1207;1;1;0.0000;1;16037.0000;None;173200.0000
16061;2023-01-14 20:44:31.707000;7;1207;1;1;0.0000;1;33611.0000;None;363000.0000
16064;2023-01-14 18:40:02.437000;7;1207;1;1;0.0000;1;41593.0000;None;449200.0000
16064;2023-01-14 19:06:38.023000;7;1207;1;1;0.0000;1;41593.0000;None;449200.0000
16064;2023-01-14 19:18:37.810000;7;1207;1;1;0.0000;1;41593.0000;None;449200.0000
16064;2023-01-14 20:05:20.337000;7;1207;1;1;0.0000;1;41593.0000;None;449200.0000
21451;2023-01-14 21:04:30.277000;7;1207;1;1;0.0000;1;16037.0000;None;173200.0000
16055;2023-01-14 19:55:29.717000;7;1207;1;1;0.0000;1;23278.0000;None;251400.0000
16067;2023-01-14 20:58:47.747000;7;1207;1;1;0.0000;1;13056.0000;None;141000.0000
21455;2023-01-14 21:39:36.483000;7;1207;1;1;0.0000;1;5574.0000;None;60200.0000
16066;2023-01-14 21:45:58.717000;7;1207;1;1;0.0000;1;65815.0000;None;710800.0000
21434;2023-01-14 21:04:00.490000;7;1207;1;1;0.0000;1;55241.0000;None;596600.0000
21434;2023-01-14 19:20:57.783000;7;1207;1;1;None;1;55241.0000;None;596600.0000
21434;2023-01-14 20:11:55.877000;7;1207;1;1;0.0000;1;55241.0000;None;596600.0000
21439;2023-01-14 18:59:48.050000;7;1207;1;1;0.0000;1;11500.0000;None;124200.0000
21439;2023-01-14 18:59:48.050000;7;1207;1;1;0.0000;1;11500.0000;None;124200.0000
33341;2023-01-14 18:51:40.567000;7;1207;1;1;0.0000;1;10296.0000;None;111200.0000
16049;2023-01-14 19:41:44.587000;7;1207;1;1;0.0000;1;26352.0000;None;284600.0000
16032;2023-01-14 13:12:17.283000;7;1207;1;1;0.0000;1;19611.0000;None;211800.0000
16031;2023-01-14 12:39:05.057000;7;1207;1;1;0.0000;1;18611.0000;None;201000.0000
33323;2023-01-14 13:09:18.400000;7;1207;1;1;0.0000;1;20426.0000;None;220600.0000
33322;2023-01-14 13:04:23.003000;7;1207;1;1;0.0000;1;2167.0000;None;23400.0000
33322;2023-01-14 13:13:37.513000;7;1207;1;1;0.0000;1;2167.0000;None;23400.0000
21403;2023-01-14 12:11:36.017000;7;1207;1;1;0.0000;1;13130.0000;None;141800.0000
33316;2023-01-14 12:01:52.550000;7;1207;1;1;0.0000;1;981.0000;None;10600.0000
21400;2023-01-14 11:37:28.777000;7;1207;1;1;0.0000;1;17926.0000;None;193600.0000
21450;2023-01-14 20:35:20.297000;7;1216;1;1;0.0000;1;11778.0000;None;127200.0000
21409;2023-01-14 13:37:13.197000;7;1302;1;1;0.0000;1;11204.0000;None;121000.0000
16070;2023-01-14 21:54:47.007000;7;1302;1;1;0.0000;1;110945.0000;None;1198200.0000
21434;2023-01-14 18:57:47.370000;7;1302;1;1;0.0000;1;55241.0000;None;596600.0000
2081;2023-01-14 14:08:55.837000;7;1302;1;1;0.0000;1;None;None;293400.0000
2081;2023-01-14 14:08:55.837000;7;1302;1;1;0.0000;1;None;None;293400.0000
21427;2023-01-14 17:21:45.097000;7;1302;1;1;0.0000;1;26352.0000;None;284600.0000
16043;2023-01-14 14:21:03.573000;7;1302;1;1;0.0000;1;None;None;166800.0000
16045;2023-01-14 16:04:52.793000;7;1305;1;1;0.0000;1;3296.0000;None;35600.0000
21413;2023-01-14 14:20:42.403000;7;1305;1;1;0.0000;1;12185.0000;None;131600.0000
33327;2023-01-14 14:09:11.553000;7;1305;1;1;0.0000;1;12278.0000;None;132600.0000
2084;2023-01-14 14:44:10.167000;7;1306;2;1;0.0000;1;18463.0000;None;199400.0000
16070;2023-01-14 21:54:47.007000;7;1306;2;1;0.0000;1;110945.0000;None;1198200.0000
2083;2023-01-14 14:53:31.347000;7;1351;3;1;0.0000;1;21148.0000;None;228400.0000
21400;2023-01-14 11:37:28.777000;7;2006;1;1;0.0000;1;17926.0000;None;193600.0000
21425;2023-01-14 16:57:23.450000;7;2008;1;2;0.0000;1;10444.0000;None;112800.0000
16059;2023-01-14 17:31:14.047000;7;2008;1;2;0.0000;1;49056.0000;None;529800.0000
2088;2023-01-14 19:22:10.890000;7;2009;1;1;0.0000;1;27463.0000;None;296600.0000
16037;2023-01-14 14:26:31.297000;7;2009;1;1;0.0000;1;27574.0000;None;297800.0000
33322;2023-01-14 13:04:23.003000;7;2009;1;1;0.0000;1;2167.0000;None;23400.0000
16030;2023-01-14 11:35:18.530000;7;2010;1;1;0.0000;1;7870.0000;None;85000.0000
16030;2023-01-14 11:10:31.890000;7;2010;1;1;0.0000;1;7870.0000;None;85000.0000
33339;2023-01-14 18:34:57.067000;7;2012;1;1;0.0000;1;9056.0000;None;97800.0000
16037;2023-01-14 15:18:36.773000;7;2015;1;3;0.0000;1;27574.0000;None;297800.0000
16039;2023-01-14 14:29:37.200000;7;2015;1;2;0.0000;1;6982.0000;None;75400.0000
16035;2023-01-14 14:21:05.867000;7;2042;1;1;0.0000;1;29482.0000;None;318400.0000
2088;2023-01-14 17:48:42.337000;7;2042;1;1;0.0000;1;27463.0000;None;296600.0000
21429;2023-01-14 17:25:51.817000;7;2042;1;1;0.0000;1;7204.0000;None;77800.0000
21427;2023-01-14 17:21:45.097000;7;2042;1;1;0.0000;1;26352.0000;None;284600.0000
16040;2023-01-14 14:38:40.853000;7;2042;1;1;0.0000;1;15667.0000;None;169200.0000
21405;2023-01-14 13:01:09.953000;7;2042;1;1;0.0000;1;11741.0000;None;126800.0000
16079;2023-01-14 22:42:39.097000;7;2042;1;1;0.0000;1;27370.0000;None;295600.0000
16076;2023-01-14 21:46:57.567000;7;2042;1;1;0.0000;1;92963.0000;None;1004000.0000
16070;2023-01-14 23:08:03.407000;7;2044;1;1;0.0000;1;110945.0000;None;1198200.0000
16070;2023-01-14 22:28:20.153000;7;2044;1;1;None;1;110945.0000;None;1198200.0000
16070;2023-01-14 21:52:29.377000;7;2044;1;1;0.0000;1;110945.0000;None;1198200.0000
21434;2023-01-14 20:13:37.833000;7;2045;1;1;0.0000;1;55241.0000;None;596600.0000
16076;2023-01-14 21:46:57.567000;7;2045;1;3;0.0000;1;92963.0000;None;1004000.0000
21434;2023-01-14 20:11:55.877000;7;2046;1;1;0.0000;1;55241.0000;None;596600.0000
16070;2023-01-14 21:52:29.377000;7;2047;1;1;0.0000;1;110945.0000;None;1198200.0000
16070;2023-01-14 22:28:20.153000;7;2047;1;1;None;1;110945.0000;None;1198200.0000
16070;2023-01-14 23:08:03.407000;7;2047;1;1;0.0000;1;110945.0000;None;1198200.0000
16059;2023-01-14 19:57:45.047000;7;2049;1;1;0.0000;1;49056.0000;None;529800.0000
2088;2023-01-14 19:39:32.090000;7;2049;1;1;0.0000;1;27463.0000;None;296600.0000
16033;2023-01-14 13:46:29.910000;7;2049;1;1;None;1;None;None;133000.0000
16034;2023-01-14 13:50:07.983000;7;2049;1;1;0.0000;1;None;None;5300.0000
16034;2023-01-14 13:50:07.983000;7;2049;1;1;0.0000;1;None;None;5300.0000
21427;2023-01-14 17:21:45.097000;7;2050;1;1;0.0000;1;26352.0000;None;284600.0000
21421;2023-01-14 15:00:20.740000;7;2050;1;1;0.0000;1;17407.0000;None;188000.0000
2076;2023-01-14 13:38:07.263000;7;2053;1;1;0.0000;1;13296.0000;None;143600.0000
2076;2023-01-14 13:38:07.263000;7;2072;1;1;0.0000;1;13296.0000;None;143600.0000
2076;2023-01-14 13:38:07.263000;7;2072;1;1;0.0000;1;13296.0000;None;143600.0000
21413;2023-01-14 14:20:42.403000;7;2072;1;1;0.0000;1;12185.0000;None;131600.0000
16040;2023-01-14 14:38:40.853000;7;2072;1;1;0.0000;1;15667.0000;None;169200.0000
21426;2023-01-14 17:01:15.877000;7;2072;1;1;0.0000;1;29852.0000;None;322400.0000
21426;2023-01-14 17:01:15.877000;7;2072;1;1;0.0000;1;29852.0000;None;322400.0000
21426;2023-01-14 17:01:15.877000;7;2072;1;1;0.0000;1;29852.0000;None;322400.0000
33339;2023-01-14 18:34:57.067000;7;2072;1;1;0.0000;1;9056.0000;None;97800.0000
21410;2023-01-14 13:26:34.297000;7;2094;1;2;0.0000;1;5685.0000;None;61400.0000
16032;2023-01-14 13:12:17.283000;7;2094;1;1;0.0000;1;19611.0000;None;211800.0000
21437;2023-01-14 19:44:01.793000;7;2094;1;2;0.0000;1;None;None;131600.0000
16049;2023-01-14 19:41:44.587000;7;2094;1;3;0.0000;1;26352.0000;None;284600.0000
16061;2023-01-14 18:28:51.803000;7;2094;1;2;0.0000;1;33611.0000;None;363000.0000
21452;2023-01-14 22:05:48.680000;7;2094;1;2;0.0000;1;7259.0000;None;78400.0000
16041;2023-01-14 16:02:01.977000;3;100596;1;1;5800.0000;1;30982.0000;None;334600.0000
16041;2023-01-14 16:02:01.977000;3;100596;1;1;5800.0000;1;30982.0000;None;334600.0000
2086;2023-01-14 16:02:16.420000;3;100596;1;1;5800.0000;1;None;None;87400.0000
2071;2023-01-14 12:49:28.290000;3;100596;1;1;5800.0000;1;1074.0000;None;11600.0000
33321;2023-01-14 12:41:11.780000;3;100596;1;1;5800.0000;1;1074.0000;None;11600.0000
33322;2023-01-14 13:04:23.003000;3;100606;1;1;6800.0000;1;2167.0000;None;23400.0000
21402;2023-01-14 12:56:41.577000;3;100606;1;1;6800.0000;1;6111.0000;None;66000.0000
16031;2023-01-14 14:12:31.507000;3;100606;1;1;6800.0000;1;18611.0000;None;201000.0000
2086;2023-01-14 15:57:11.677000;3;100606;1;1;6800.0000;1;None;None;87400.0000
21424;2023-01-14 16:49:49.793000;3;100606;1;1;6800.0000;1;8333.0000;None;90000.0000
16037;2023-01-14 14:26:31.297000;3;100606;1;1;6800.0000;1;27574.0000;None;297800.0000
2089;2023-01-14 17:59:00.217000;3;100606;1;1;6800.0000;1;2259.0000;None;24400.0000
2089;2023-01-14 17:59:00.217000;3;100607;1;1;6800.0000;1;2259.0000;None;24400.0000
33318;2023-01-14 12:34:39.707000;3;100607;1;1;6800.0000;1;4259.0000;None;46000.0000
33317;2023-01-14 12:18:39.997000;3;100613;1;1;5800.0000;1;3074.0000;None;33200.0000
2084;2023-01-14 15:25:20.850000;3;100613;1;1;5800.0000;1;18463.0000;None;199400.0000
16041;2023-01-14 16:02:01.977000;3;100614;1;1;5800.0000;1;30982.0000;None;334600.0000
21421;2023-01-14 15:50:39.753000;3;100614;1;1;5800.0000;1;17407.0000;None;188000.0000
33333;2023-01-14 16:48:20.273000;3;100614;1;1;5800.0000;1;3630.0000;None;39200.0000
21424;2023-01-14 16:49:49.793000;3;100614;1;1;5800.0000;1;8333.0000;None;90000.0000
2080;2023-01-14 14:48:14.727000;3;100614;1;1;5800.0000;1;7870.0000;None;85000.0000
21455;2023-01-14 23:00:00.970000;3;100614;1;1;5800.0000;1;5574.0000;None;60200.0000
16063;2023-01-14 20:53:41.093000;3;100614;1;2;11600.0000;1;4630.0000;None;50000.0000
21450;2023-01-14 20:53:30.960000;3;100614;1;1;5800.0000;1;11778.0000;None;127200.0000
21450;2023-01-14 20:35:20.297000;3;100614;1;1;5800.0000;1;11778.0000;None;127200.0000
33318;2023-01-14 12:34:39.707000;3;100614;1;1;5800.0000;1;4259.0000;None;46000.0000
33321;2023-01-14 12:41:11.780000;3;100614;1;1;5800.0000;1;1074.0000;None;11600.0000
33318;2023-01-14 13:03:16.270000;3;100614;1;1;5800.0000;1;4259.0000;None;46000.0000
21407;2023-01-14 13:20:21.880000;3;100614;1;1;5800.0000;1;None;None;69400.0000
16031;2023-01-14 14:12:31.507000;3;100614;1;1;5800.0000;1;18611.0000;None;201000.0000
33325;2023-01-14 14:23:00.707000;3;100614;1;1;5800.0000;1;17519.0000;None;189200.0000
21402;2023-01-14 12:09:28.090000;1;100891;1;1;36800.0000;1;6111.0000;None;66000.0000
21403;2023-01-14 12:11:36.017000;1;100892;1;1;36800.0000;1;13130.0000;None;141800.0000
2070;2023-01-14 12:49:06.820000;1;100892;1;1;36800.0000;1;7889.0000;None;85200.0000
21412;2023-01-14 13:42:06.573000;1;100892;1;1;36800.0000;1;10352.0000;None;111800.0000
2080;2023-01-14 14:14:06.007000;1;100892;1;1;36800.0000;1;7870.0000;None;85000.0000
33330;2023-01-14 14:16:07.193000;1;100892;1;1;36800.0000;1;20852.0000;None;225200.0000
2086;2023-01-14 15:21:34.447000;1;100892;1;1;36800.0000;1;None;None;87400.0000
2086;2023-01-14 15:21:34.447000;1;100894;1;1;36800.0000;1;None;None;87400.0000
16041;2023-01-14 15:04:20.423000;1;100894;1;1;36800.0000;1;30982.0000;None;334600.0000
21410;2023-01-14 13:26:34.297000;1;100894;1;1;36800.0000;1;5685.0000;None;61400.0000
16031;2023-01-14 12:56:39.403000;1;100894;1;1;36800.0000;1;18611.0000;None;201000.0000
21403;2023-01-14 12:11:36.017000;1;100894;1;1;36800.0000;1;13130.0000;None;141800.0000
21400;2023-01-14 12:01:14.887000;1;100894;1;3;110400.0000;1;17926.0000;None;193600.0000
2070;2023-01-14 12:49:06.820000;1;100896;1;1;36800.0000;1;7889.0000;None;85200.0000
2075;2023-01-14 13:18:06.943000;1;100896;1;1;36800.0000;1;None;None;36800.0000
2074;2023-01-14 13:17:50.117000;1;100896;1;1;36800.0000;1;None;None;36800.0000
16039;2023-01-14 14:52:22.173000;1;100896;1;1;36800.0000;1;6982.0000;None;75400.0000
16037;2023-01-14 14:52:07.060000;1;100974;1;1;17800.0000;1;27574.0000;None;297800.0000
16041;2023-01-14 15:04:20.423000;1;100974;1;1;17800.0000;1;30982.0000;None;334600.0000
16041;2023-01-14 15:04:20.423000;1;100974;1;1;17800.0000;1;30982.0000;None;334600.0000
33337;2023-01-14 18:28:49.900000;1;100974;1;1;17800.0000;1;9278.0000;None;100200.0000
21435;2023-01-14 18:09:03.787000;2;100988;1;2;61600.0000;1;11407.0000;None;123200.0000
21435;2023-01-14 19:18:29.537000;2;100988;1;2;61600.0000;1;11407.0000;None;123200.0000
33323;2023-01-14 13:09:18.400000;1;100995;1;1;10800.0000;1;20426.0000;None;220600.0000
2088;2023-01-14 19:22:10.890000;3;100999;1;2;11600.0000;1;27463.0000;None;296600.0000
16032;2023-01-14 13:12:17.283000;2;101030;1;1;19800.0000;1;19611.0000;None;211800.0000
21444;2023-01-14 19:42:45.867000;1;101043;5;1;19800.0000;1;1833.0000;None;19800.0000
33337;2023-01-14 18:28:49.900000;2;101080;1;1;24800.0000;1;9278.0000;None;100200.0000
21431;2023-01-14 17:53:16.140000;2;101080;1;1;24800.0000;1;5519.0000;None;59600.0000
33338;2023-01-14 18:31:35.467000;1;101113;1;1;48800.0000;1;6259.0000;None;67600.0000
33325;2023-01-14 13:28:57.027000;1;101119;5;1;8800.0000;1;17519.0000;None;189200.0000
21416;2023-01-14 14:00:21.647000;3;101156;1;1;8800.0000;1;11463.0000;None;123800.0000
21416;2023-01-14 14:13:51.997000;3;101156;1;1;8800.0000;1;11463.0000;None;123800.0000
21413;2023-01-14 14:20:42.403000;1;101176;1;1;39800.0000;1;12185.0000;None;131600.0000
33330;2023-01-14 14:15:32.620000;1;101176;1;1;39800.0000;1;20852.0000;None;225200.0000
21426;2023-01-14 17:01:15.877000;1;101176;1;1;39800.0000;1;29852.0000;None;322400.0000
21421;2023-01-14 15:01:03.130000;1;101176;1;1;39800.0000;1;17407.0000;None;188000.0000
21433;2023-01-14 18:22:15.110000;1;101176;1;1;39800.0000;1;31667.0000;None;342000.0000
33325;2023-01-14 13:28:57.027000;1;101176;1;1;39800.0000;1;17519.0000;None;189200.0000
21449;2023-01-14 21:30:27.247000;3;101208;1;1;12800.0000;1;10889.0000;None;117600.0000
21443;2023-01-14 21:13:16.853000;3;101219;1;1;10800.0000;1;13204.0000;None;142600.0000
2088;2023-01-14 19:22:10.890000;3;101219;1;1;10800.0000;1;27463.0000;None;296600.0000
33322;2023-01-14 13:04:23.003000;3;101219;1;1;10800.0000;1;2167.0000;None;23400.0000
21400;2023-01-14 11:52:05.860000;1;101244;1;1;29800.0000;1;17926.0000;None;193600.0000
2084;2023-01-14 14:31:48.807000;1;101244;1;1;29800.0000;1;18463.0000;None;199400.0000
16035;2023-01-14 13:55:18.773000;1;101244;1;1;29800.0000;1;29482.0000;None;318400.0000
33328;2023-01-14 13:51:11.663000;1;101244;1;1;29800.0000;1;9278.0000;None;100200.0000
16041;2023-01-14 15:05:53.043000;1;101270;5;2;0.0000;1;30982.0000;None;334600.0000
21442;2023-01-14 19:32:24.470000;2;101358;1;2;109600.0000;1;26370.0000;None;284800.0000
21442;2023-01-14 20:18:44.027000;2;101358;1;2;109600.0000;1;26370.0000;None;284800.0000
2084;2023-01-14 14:31:48.807000;3;101410;1;1;0.0000;1;18463.0000;None;199400.0000
33328;2023-01-14 13:51:11.663000;3;101410;1;1;None;1;9278.0000;None;100200.0000
21416;2023-01-14 14:10:23.650000;3;101410;1;1;0.0000;1;11463.0000;None;123800.0000
16035;2023-01-14 13:55:18.773000;3;101410;1;3;0.0000;1;29482.0000;None;318400.0000
21400;2023-01-14 11:52:35.097000;3;101410;1;1;0.0000;1;17926.0000;None;193600.0000
21400;2023-01-14 12:25:23.977000;3;101410;1;1;0.0000;1;17926.0000;None;193600.0000
21400;2023-01-14 12:25:23.977000;3;101410;1;1;0.0000;1;17926.0000;None;193600.0000
21405;2023-01-14 13:16:15.233000;3;101410;1;1;0.0000;1;11741.0000;None;126800.0000
21405;2023-01-14 13:19:42.940000;3;101410;1;1;0.0000;1;11741.0000;None;126800.0000
21405;2023-01-14 13:19:42.940000;3;101410;1;1;0.0000;1;11741.0000;None;126800.0000
33323;2023-01-14 13:33:37.937000;3;101410;1;1;0.0000;1;20426.0000;None;220600.0000
33323;2023-01-14 13:33:37.937000;3;101410;1;1;0.0000;1;20426.0000;None;220600.0000
2083;2023-01-14 14:53:31.347000;1;101433;2;1;0.0000;1;21148.0000;None;228400.0000
16035;2023-01-14 14:13:01.497000;1;101433;2;1;0.0000;1;29482.0000;None;318400.0000
16035;2023-01-14 14:13:01.497000;1;101433;2;1;0.0000;1;29482.0000;None;318400.0000
16043;2023-01-14 14:21:03.573000;1;101433;2;1;0.0000;1;None;None;166800.0000
21427;2023-01-14 17:21:45.097000;1;101433;1;1;0.0000;1;26352.0000;None;284600.0000
16070;2023-01-14 21:54:47.007000;1;101433;2;1;0.0000;1;110945.0000;None;1198200.0000
16037;2023-01-14 14:52:07.060000;6;101438;5;1;0.0000;1;27574.0000;None;297800.0000
21412;2023-01-14 13:43:10.670000;6;101438;5;1;None;1;10352.0000;None;111800.0000
2088;2023-01-14 19:39:32.090000;1;101462;2;1;1800.0000;1;27463.0000;None;296600.0000
21426;2023-01-14 17:04:23.743000;6;101470;5;1;0.0000;1;29852.0000;None;322400.0000
2085;2023-01-14 15:16:23.883000;6;101518;1;1;0.0000;1;9704.0000;None;104800.0000
16055;2023-01-14 19:15:44.560000;6;101518;1;1;0.0000;1;23278.0000;None;251400.0000
16055;2023-01-14 19:15:44.560000;6;101518;1;1;0.0000;1;23278.0000;None;251400.0000
16055;2023-01-14 19:15:44.560000;6;101518;1;1;0.0000;1;23278.0000;None;251400.0000
16070;2023-01-14 22:16:32.647000;1;101522;1;1;0.0000;1;110945.0000;None;1198200.0000
16041;2023-01-14 15:04:20.423000;1;101522;1;1;0.0000;1;30982.0000;None;334600.0000
21427;2023-01-14 17:21:45.097000;1;101522;1;1;0.0000;1;26352.0000;None;284600.0000
2081;2023-01-14 14:08:55.837000;1;101522;1;1;0.0000;1;None;None;293400.0000
33327;2023-01-14 14:09:11.553000;1;101522;1;1;0.0000;1;12278.0000;None;132600.0000
21409;2023-01-14 13:37:13.197000;1;101522;1;1;0.0000;1;11204.0000;None;121000.0000
16037;2023-01-14 14:52:07.060000;6;101525;5;1;0.0000;1;27574.0000;None;297800.0000
16037;2023-01-14 14:52:07.060000;6;101535;5;1;0.0000;1;27574.0000;None;297800.0000
16031;2023-01-14 12:56:39.403000;6;101535;5;1;0.0000;1;18611.0000;None;201000.0000
21426;2023-01-14 17:49:43.897000;1;101552;5;1;0.0000;1;29852.0000;None;322400.0000
16045;2023-01-14 15:31:12.847000;6;101561;1;1;0.0000;1;3296.0000;None;35600.0000
21426;2023-01-14 17:04:34.567000;3;101564;1;3;0.0000;1;29852.0000;None;322400.0000
16029;2023-01-14 12:39:12.620000;6;101624;5;1;0.0000;1;None;None;143600.0000
16033;2023-01-14 13:46:29.910000;6;101624;5;1;None;1;None;None;133000.0000
16076;2023-01-14 22:08:51.297000;3;101641;1;3;0.0000;1;92963.0000;None;1004000.0000
16076;2023-01-15 00:12:29.047000;3;101641;1;1;0.0000;1;92963.0000;None;1004000.0000
33327;2023-01-14 13:49:27.507000;3;101641;1;1;0.0000;1;12278.0000;None;132600.0000
33328;2023-01-14 13:51:11.663000;3;101641;1;1;None;1;9278.0000;None;100200.0000
16037;2023-01-14 15:18:36.773000;3;101641;1;4;0.0000;1;27574.0000;None;297800.0000
16037;2023-01-14 14:32:28.563000;3;101641;1;1;0.0000;1;27574.0000;None;297800.0000
16039;2023-01-14 14:29:37.200000;3;101641;1;2;0.0000;1;6982.0000;None;75400.0000
2081;2023-01-14 14:08:55.837000;3;101641;1;1;0.0000;1;None;None;293400.0000
2081;2023-01-14 14:08:55.837000;3;101641;1;1;0.0000;1;None;None;293400.0000
21427;2023-01-14 17:21:45.097000;3;101641;1;1;0.0000;1;26352.0000;None;284600.0000
2088;2023-01-14 17:33:19.550000;3;101641;1;1;0.0000;1;27463.0000;None;296600.0000
2088;2023-01-14 17:33:19.550000;3;101641;1;1;0.0000;1;27463.0000;None;296600.0000
16041;2023-01-14 14:41:37.173000;3;101641;1;1;0.0000;1;30982.0000;None;334600.0000
2092;2023-01-14 21:36:39.400000;3;101641;1;1;0.0000;1;26759.0000;None;289000.0000
16065;2023-01-14 22:26:21.227000;3;101641;1;1;0.0000;1;12056.0000;None;130200.0000
21449;2023-01-14 20:29:57.217000;3;101641;1;1;0.0000;1;10889.0000;None;117600.0000
21449;2023-01-14 21:47:49.127000;3;101641;1;1;0.0000;1;10889.0000;None;117600.0000
16064;2023-01-14 20:15:52.507000;3;101641;1;1;0.0000;1;41593.0000;None;449200.0000
33341;2023-01-14 18:51:40.567000;3;101641;1;2;0.0000;1;10296.0000;None;111200.0000
16031;2023-01-14 12:39:05.057000;3;101641;1;1;0.0000;1;18611.0000;None;201000.0000
16031;2023-01-14 12:39:05.057000;3;101641;1;1;0.0000;1;18611.0000;None;201000.0000
21409;2023-01-14 13:23:01.257000;3;101641;1;1;0.0000;1;11204.0000;None;121000.0000
33325;2023-01-14 13:28:57.027000;3;101641;1;1;0.0000;1;17519.0000;None;189200.0000
33325;2023-01-14 13:28:57.027000;3;101641;1;1;0.0000;1;17519.0000;None;189200.0000
33325;2023-01-14 14:06:08.903000;3;101641;1;2;0.0000;1;17519.0000;None;189200.0000
21450;2023-01-14 20:35:20.297000;1;101647;5;1;10800.0000;1;11778.0000;None;127200.0000
16077;2023-01-14 22:39:49.810000;2;101658;1;2;85600.0000;1;27352.0000;None;295400.0000
21458;2023-01-14 22:07:17.253000;2;101658;1;1;42800.0000;1;20056.0000;None;216600.0000
21409;2023-01-14 13:37:13.197000;1;101659;1;1;43800.0000;1;11204.0000;None;121000.0000
21405;2023-01-14 13:01:09.953000;1;101659;1;1;43800.0000;1;11741.0000;None;126800.0000
16070;2023-01-14 21:54:47.007000;1;101659;1;1;43800.0000;1;110945.0000;None;1198200.0000
16043;2023-01-14 14:21:03.573000;1;101659;1;1;43800.0000;1;None;None;166800.0000
16035;2023-01-14 14:13:01.497000;1;101659;1;1;43800.0000;1;29482.0000;None;318400.0000
33330;2023-01-14 14:16:07.193000;1;101659;1;1;43800.0000;1;20852.0000;None;225200.0000
21413;2023-01-14 14:20:42.403000;1;101659;1;1;43800.0000;1;12185.0000;None;131600.0000
16070;2023-01-14 23:08:03.407000;2;101672;1;2;49600.0000;1;110945.0000;None;1198200.0000
16070;2023-01-14 21:52:29.377000;2;101672;1;2;49600.0000;1;110945.0000;None;1198200.0000
16070;2023-01-14 22:28:20.153000;2;101672;1;2;49600.0000;1;110945.0000;None;1198200.0000
16049;2023-01-14 19:41:44.587000;2;101672;1;1;24800.0000;1;26352.0000;None;284600.0000
16049;2023-01-14 19:41:44.587000;2;101672;1;1;24800.0000;1;26352.0000;None;284600.0000
16070;2023-01-14 21:12:11.380000;2;101692;1;1;20800.0000;1;110945.0000;None;1198200.0000
16049;2023-01-14 19:41:44.587000;2;101764;1;3;152400.0000;1;26352.0000;None;284600.0000
21451;2023-01-14 21:04:30.277000;2;101795;1;1;37800.0000;1;16037.0000;None;173200.0000
21451;2023-01-14 21:04:30.277000;2;101795;1;1;37800.0000;1;16037.0000;None;173200.0000
16064;2023-01-14 20:05:20.337000;2;101795;1;1;37800.0000;1;41593.0000;None;449200.0000
16064;2023-01-14 19:06:38.023000;2;101795;1;1;37800.0000;1;41593.0000;None;449200.0000
16064;2023-01-14 19:18:37.810000;2;101795;1;1;37800.0000;1;41593.0000;None;449200.0000
16064;2023-01-14 21:07:52.997000;2;101795;1;1;37800.0000;1;41593.0000;None;449200.0000
16030;2023-01-14 11:35:18.530000;2;101844;1;1;31800.0000;1;7870.0000;None;85000.0000
16030;2023-01-14 11:10:31.890000;2;101844;1;1;31800.0000;1;7870.0000;None;85000.0000
33346;2023-01-14 19:57:51.900000;2;101878;1;1;29800.0000;1;5519.0000;None;59600.0000
33346;2023-01-14 19:57:51.900000;2;101878;1;1;29800.0000;1;5519.0000;None;59600.0000
21455;2023-01-14 21:39:36.483000;3;101889;1;1;9800.0000;1;5574.0000;None;60200.0000
21410;2023-01-14 13:26:34.297000;1;101954;1;1;18800.0000;1;5685.0000;None;61400.0000
16063;2023-01-14 21:21:39.853000;1;101954;1;1;18800.0000;1;4630.0000;None;50000.0000
33338;2023-01-14 18:47:58.223000;1;101954;1;1;18800.0000;1;6259.0000;None;67600.0000
21434;2023-01-14 18:27:15.477000;1;101954;1;1;18800.0000;1;55241.0000;None;596600.0000
2081;2023-01-14 14:08:55.837000;1;101954;1;1;18800.0000;1;None;None;293400.0000
21419;2023-01-14 15:06:51.897000;1;101954;1;1;18800.0000;1;12426.0000;None;134200.0000
21426;2023-01-14 17:01:15.877000;1;101954;1;1;18800.0000;1;29852.0000;None;322400.0000
21465;2023-01-14 22:04:09.347000;1;101954;1;1;18800.0000;1;21074.0000;None;227600.0000
16077;2023-01-14 22:39:49.810000;2;101973;1;1;48800.0000;1;27352.0000;None;295400.0000
21434;2023-01-14 19:20:57.783000;2;101974;1;1;51800.0000;1;55241.0000;None;596600.0000
33342;2023-01-14 19:19:53.467000;2;101978;1;1;47800.0000;1;15426.0000;None;166600.0000
33342;2023-01-14 20:02:47.127000;2;101978;1;1;47800.0000;1;15426.0000;None;166600.0000
16066;2023-01-14 21:44:36.100000;2;101978;1;1;47800.0000;1;65815.0000;None;710800.0000
16066;2023-01-14 23:02:14.070000;2;101978;1;1;47800.0000;1;65815.0000;None;710800.0000
16066;2023-01-14 21:11:06.397000;2;101978;1;1;47800.0000;1;65815.0000;None;710800.0000
16066;2023-01-14 22:13:30.130000;2;101978;1;1;47800.0000;1;65815.0000;None;710800.0000
16069;2023-01-14 22:23:22.183000;2;101978;1;1;47800.0000;1;34482.0000;None;372400.0000
21423;2023-01-14 15:24:41.143000;2;101978;1;2;95600.0000;1;9389.0000;None;101400.0000
2079;2023-01-14 13:53:53.933000;2;101978;1;2;95600.0000;1;34241.0000;None;369800.0000
16076;2023-01-15 00:03:05.640000;2;101978;1;1;47800.0000;1;92963.0000;None;1004000.0000
16076;2023-01-14 22:08:39.547000;2;101978;1;2;95600.0000;1;92963.0000;None;1004000.0000
16076;2023-01-15 00:09:27.940000;2;101978;1;1;47800.0000;1;92963.0000;None;1004000.0000
16076;2023-01-14 23:03:15.797000;2;101978;1;1;47800.0000;1;92963.0000;None;1004000.0000
16076;2023-01-14 21:46:57.567000;2;101978;1;1;47800.0000;1;92963.0000;None;1004000.0000
16076;2023-01-14 23:57:09.157000;2;101998;1;1;20800.0000;1;92963.0000;None;1004000.0000
21463;2023-01-14 23:15:13.423000;2;101998;1;2;41600.0000;1;11556.0000;None;124800.0000
21463;2023-01-14 23:59:14.870000;2;101998;1;2;41600.0000;1;11556.0000;None;124800.0000
21463;2023-01-15 01:16:56.777000;2;101998;1;2;41600.0000;1;11556.0000;None;124800.0000
21433;2023-01-14 16:51:17.353000;2;101998;1;1;20800.0000;1;31667.0000;None;342000.0000
16064;2023-01-14 18:40:45.427000;2;102002;1;1;19800.0000;1;41593.0000;None;449200.0000
16064;2023-01-14 21:06:22.310000;1;102003;1;1;9800.0000;1;41593.0000;None;449200.0000
21400;2023-01-14 12:01:14.887000;1;102036;5;1;42800.0000;1;17926.0000;None;193600.0000
16031;2023-01-14 12:47:05.603000;1;102065;5;1;29800.0000;1;18611.0000;None;201000.0000
2083;2023-01-14 14:53:31.347000;1;102069;5;1;35800.0000;1;21148.0000;None;228400.0000
2081;2023-01-14 14:59:50.303000;3;102102;1;2;19600.0000;1;None;None;293400.0000
2086;2023-01-14 15:57:11.677000;3;102102;1;1;9800.0000;1;None;None;87400.0000
2088;2023-01-14 19:22:10.890000;3;102102;1;1;9800.0000;1;27463.0000;None;296600.0000
2088;2023-01-14 19:22:10.890000;3;102102;1;1;9800.0000;1;27463.0000;None;296600.0000
21449;2023-01-14 20:57:13.153000;3;102102;1;1;9800.0000;1;10889.0000;None;117600.0000
21449;2023-01-14 21:30:27.247000;3;102102;1;1;9800.0000;1;10889.0000;None;117600.0000
21434;2023-01-14 19:22:52.083000;1;102131;1;1;5200.0000;1;55241.0000;None;596600.0000
21404;2023-01-14 12:45:50.187000;1;102132;2;1;3500.0000;1;6935.0000;None;74900.0000
33316;2023-01-14 12:22:19.383000;1;102170;1;1;4800.0000;1;981.0000;None;10600.0000
21402;2023-01-14 12:56:41.577000;1;102170;1;1;4800.0000;1;6111.0000;None;66000.0000
21407;2023-01-14 13:20:29.460000;1;102170;1;1;4800.0000;1;None;None;69400.0000
16032;2023-01-14 14:00:11.087000;1;102170;1;1;4800.0000;1;19611.0000;None;211800.0000
21429;2023-01-14 17:22:04.077000;1;102170;1;1;4800.0000;1;7204.0000;None;77800.0000
21421;2023-01-14 15:01:03.130000;1;102170;1;1;4800.0000;1;17407.0000;None;188000.0000
2082;2023-01-14 14:17:03.147000;1;102170;1;1;4800.0000;1;None;None;73200.0000
2082;2023-01-14 14:17:03.147000;1;102172;2;1;4800.0000;1;None;None;73200.0000
2082;2023-01-14 14:20:02.817000;1;102172;2;1;4800.0000;1;None;None;73200.0000
16070;2023-01-14 21:54:47.007000;1;102172;2;1;4800.0000;1;110945.0000;None;1198200.0000
21433;2023-01-14 17:34:18.467000;1;102199;2;1;5800.0000;1;31667.0000;None;342000.0000
16074;2023-01-14 22:04:10.777000;1;102226;1;1;7800.0000;1;17463.0000;None;188600.0000
33348;2023-01-14 20:03:24.613000;1;102226;1;1;7800.0000;1;7148.0000;None;77200.0000
21443;2023-01-14 21:13:16.853000;1;102228;1;1;10800.0000;1;13204.0000;None;142600.0000
16045;2023-01-14 15:31:12.847000;1;102228;1;1;10800.0000;1;3296.0000;None;35600.0000
16035;2023-01-14 14:13:01.497000;1;102228;1;1;10800.0000;1;29482.0000;None;318400.0000
16076;2023-01-14 22:36:11.490000;1;102239;1;2;11600.0000;1;92963.0000;None;1004000.0000
21426;2023-01-14 17:04:23.743000;1;102239;1;1;5800.0000;1;29852.0000;None;322400.0000
2083;2023-01-14 14:53:31.347000;1;102254;2;1;4800.0000;1;21148.0000;None;228400.0000
21404;2023-01-14 12:56:11.743000;1;102278;1;1;2800.0000;1;6935.0000;None;74900.0000
21421;2023-01-14 15:06:45.990000;1;102278;1;1;2800.0000;1;17407.0000;None;188000.0000
21412;2023-01-14 13:43:10.670000;1;102328;5;1;36800.0000;1;10352.0000;None;111800.0000
2088;2023-01-14 20:04:09.143000;1;102440;5;1;29800.0000;1;27463.0000;None;296600.0000
16049;2023-01-14 19:41:44.587000;2;102446;1;1;76800.0000;1;26352.0000;None;284600.0000
21421;2023-01-14 15:01:03.130000;1;102480;1;1;39800.0000;1;17407.0000;None;188000.0000
16079;2023-01-14 23:42:52.023000;2;102599;1;1;51800.0000;1;27370.0000;None;295600.0000
16079;2023-01-15 01:04:16.927000;2;102599;1;1;51800.0000;1;27370.0000;None;295600.0000
21459;2023-01-14 22:19:07.670000;2;102599;1;1;51800.0000;1;9593.0000;None;103600.0000
21459;2023-01-14 22:21:33.160000;2;102599;1;1;51800.0000;1;9593.0000;None;103600.0000
16079;2023-01-14 22:42:39.097000;2;102599;1;1;51800.0000;1;27370.0000;None;295600.0000
16031;2023-01-14 13:34:03.613000;2;102599;1;1;51800.0000;1;18611.0000;None;201000.0000
21434;2023-01-14 19:08:13.253000;2;102599;1;1;51800.0000;1;55241.0000;None;596600.0000
21434;2023-01-14 21:04:00.490000;2;102599;1;1;51800.0000;1;55241.0000;None;596600.0000
16061;2023-01-14 18:28:51.803000;2;102599;1;1;51800.0000;1;33611.0000;None;363000.0000
16066;2023-01-14 20:44:41.487000;2;102599;1;1;51800.0000;1;65815.0000;None;710800.0000
2092;2023-01-14 21:47:30.453000;3;102619;1;1;6800.0000;1;26759.0000;None;289000.0000
33339;2023-01-14 18:34:57.067000;3;102619;1;1;6800.0000;1;9056.0000;None;97800.0000
21434;2023-01-14 18:05:26.667000;3;102619;1;1;6800.0000;1;55241.0000;None;596600.0000
21427;2023-01-14 17:23:56.120000;3;102619;1;1;6800.0000;1;26352.0000;None;284600.0000
16041;2023-01-14 14:50:15.167000;3;102620;1;1;7800.0000;1;30982.0000;None;334600.0000
16041;2023-01-14 14:53:58.147000;3;102620;1;1;7800.0000;1;30982.0000;None;334600.0000
33333;2023-01-14 16:33:00.957000;3;102633;1;2;23600.0000;1;3630.0000;None;39200.0000
21427;2023-01-14 17:21:45.097000;3;102633;1;2;23600.0000;1;26352.0000;None;284600.0000
33327;2023-01-14 13:49:27.507000;3;102635;1;1;7800.0000;1;12278.0000;None;132600.0000
33345;2023-01-14 19:52:00.410000;3;102635;1;1;7800.0000;1;6407.0000;None;69200.0000
16031;2023-01-14 12:39:05.057000;3;102635;1;1;7800.0000;1;18611.0000;None;201000.0000
21402;2023-01-14 12:09:28.090000;3;102635;1;1;7800.0000;1;6111.0000;None;66000.0000
33317;2023-01-14 12:18:39.997000;3;102635;1;1;7800.0000;1;3074.0000;None;33200.0000
21450;2023-01-14 20:35:20.297000;3;102637;1;1;9800.0000;1;11778.0000;None;127200.0000
33329;2023-01-14 13:52:36.540000;3;102637;1;2;19600.0000;1;2722.0000;None;29400.0000
16041;2023-01-14 14:41:37.173000;3;102638;1;1;10800.0000;1;30982.0000;None;334600.0000
16041;2023-01-14 16:11:00.470000;3;102638;1;-1;-10800.0000;1;30982.0000;None;334600.0000
2089;2023-01-14 17:59:00.217000;3;102638;1;1;10800.0000;1;2259.0000;None;24400.0000
33325;2023-01-14 13:28:57.027000;3;102644;1;1;5800.0000;1;17519.0000;None;189200.0000
21429;2023-01-14 17:25:51.817000;3;102651;1;1;8800.0000;1;7204.0000;None;77800.0000
33327;2023-01-14 14:09:11.553000;1;102678;1;1;35800.0000;1;12278.0000;None;132600.0000
2084;2023-01-14 15:25:03.293000;1;102708;5;1;16800.0000;1;18463.0000;None;199400.0000
2088;2023-01-14 20:04:09.143000;1;102726;5;1;44800.0000;1;27463.0000;None;296600.0000
16076;2023-01-14 22:36:11.490000;1;102726;5;1;44800.0000;1;92963.0000;None;1004000.0000
16076;2023-01-14 22:33:02.037000;1;102726;5;1;44800.0000;1;92963.0000;None;1004000.0000
16076;2023-01-14 22:36:11.490000;1;102726;5;1;44800.0000;1;92963.0000;None;1004000.0000
21426;2023-01-14 17:01:15.877000;3;102747;1;1;4800.0000;1;29852.0000;None;322400.0000
21426;2023-01-14 17:44:48.877000;3;102747;1;1;4800.0000;1;29852.0000;None;322400.0000
16041;2023-01-14 14:41:37.173000;3;102747;1;1;4800.0000;1;30982.0000;None;334600.0000
16040;2023-01-14 14:38:40.853000;3;102747;1;1;4800.0000;1;15667.0000;None;169200.0000
2085;2023-01-14 15:15:41.350000;3;102747;1;1;4800.0000;1;9704.0000;None;104800.0000
2085;2023-01-14 15:15:41.350000;3;102747;1;1;4800.0000;1;9704.0000;None;104800.0000
21413;2023-01-14 14:20:42.403000;3;102747;1;1;4800.0000;1;12185.0000;None;131600.0000
2076;2023-01-14 13:38:07.263000;3;102747;1;1;4800.0000;1;13296.0000;None;143600.0000
2076;2023-01-14 13:38:07.263000;3;102747;1;2;9600.0000;1;13296.0000;None;143600.0000
33328;2023-01-14 13:51:11.663000;3;102747;1;1;4800.0000;1;9278.0000;None;100200.0000
21416;2023-01-14 13:55:03.493000;3;102747;1;1;4800.0000;1;11463.0000;None;123800.0000
21434;2023-01-14 20:11:55.877000;3;102747;1;1;4800.0000;1;55241.0000;None;596600.0000
21411;2023-01-14 13:36:13.503000;3;102747;1;2;9600.0000;1;12852.0000;None;138800.0000
33323;2023-01-14 13:09:18.400000;3;102747;1;1;4800.0000;1;20426.0000;None;220600.0000
21400;2023-01-14 11:37:28.777000;3;102747;1;1;4800.0000;1;17926.0000;None;193600.0000
21405;2023-01-14 13:01:09.953000;3;102747;1;1;4800.0000;1;11741.0000;None;126800.0000
21405;2023-01-14 13:01:09.953000;3;102748;1;1;14800.0000;1;11741.0000;None;126800.0000
16066;2023-01-14 21:11:06.397000;3;102748;1;1;14800.0000;1;65815.0000;None;710800.0000
16066;2023-01-14 21:44:36.100000;3;102748;1;1;14800.0000;1;65815.0000;None;710800.0000
21416;2023-01-14 13:55:03.493000;3;102748;1;1;14800.0000;1;11463.0000;None;123800.0000
16037;2023-01-14 14:26:31.297000;3;102748;1;1;14800.0000;1;27574.0000;None;297800.0000
16037;2023-01-14 15:18:36.773000;3;102748;1;1;14800.0000;1;27574.0000;None;297800.0000
16035;2023-01-14 13:53:00.600000;3;102748;1;1;14800.0000;1;29482.0000;None;318400.0000
16035;2023-01-14 14:47:24.597000;3;102748;1;1;14800.0000;1;29482.0000;None;318400.0000
16035;2023-01-14 14:47:24.597000;3;102748;1;1;14800.0000;1;29482.0000;None;318400.0000
33330;2023-01-14 14:54:06.230000;3;102748;1;2;29600.0000;1;20852.0000;None;225200.0000
33330;2023-01-14 14:15:32.620000;3;102748;1;2;29600.0000;1;20852.0000;None;225200.0000
16037;2023-01-14 15:18:36.773000;3;102749;1;1;5800.0000;1;27574.0000;None;297800.0000
16037;2023-01-14 14:26:31.297000;3;102749;1;1;5800.0000;1;27574.0000;None;297800.0000
21449;2023-01-14 20:24:51.747000;3;102749;1;1;5800.0000;1;10889.0000;None;117600.0000
21426;2023-01-14 17:04:23.743000;1;102753;5;1;56800.0000;1;29852.0000;None;322400.0000
16055;2023-01-14 19:15:44.560000;1;102758;1;1;64800.0000;1;23278.0000;None;251400.0000
21434;2023-01-14 20:59:48.160000;2;102767;1;1;39800.0000;1;55241.0000;None;596600.0000
21434;2023-01-14 18:05:26.667000;2;102767;1;1;39800.0000;1;55241.0000;None;596600.0000
16041;2023-01-14 14:36:58.463000;2;102767;1;1;39800.0000;1;30982.0000;None;334600.0000
21419;2023-01-14 14:48:47.930000;2;102767;1;1;39800.0000;1;12426.0000;None;134200.0000
2083;2023-01-14 14:36:58.463000;2;102767;1;1;39800.0000;1;21148.0000;None;228400.0000
16077;2023-01-14 22:39:49.810000;2;102767;1;1;39800.0000;1;27352.0000;None;295400.0000
2083;2023-01-14 14:39:55.413000;2;102768;1;1;42800.0000;1;21148.0000;None;228400.0000
21426;2023-01-14 17:44:48.877000;2;102774;1;1;42800.0000;1;29852.0000;None;322400.0000
21447;2023-01-14 20:02:51.803000;2;102774;1;2;85600.0000;1;7926.0000;None;85600.0000
16059;2023-01-14 19:45:37.577000;2;102774;1;1;42800.0000;1;49056.0000;None;529800.0000
16065;2023-01-14 21:06:10.470000;2;102774;1;2;85600.0000;1;12056.0000;None;130200.0000
21452;2023-01-14 21:11:24.343000;2;102774;1;1;42800.0000;1;7259.0000;None;78400.0000
16069;2023-01-14 22:23:22.183000;2;102774;1;1;42800.0000;1;34482.0000;None;372400.0000
16076;2023-01-15 00:17:27.253000;2;102774;1;1;42800.0000;1;92963.0000;None;1004000.0000
21460;2023-01-14 22:37:42.317000;2;102774;1;2;85600.0000;1;11732.0000;None;126700.0000
16076;2023-01-14 21:46:57.567000;2;102774;1;2;85600.0000;1;92963.0000;None;1004000.0000
16074;2023-01-14 22:04:10.777000;2;102774;1;1;42800.0000;1;17463.0000;None;188600.0000
16066;2023-01-14 23:02:14.070000;2;102775;1;1;44800.0000;1;65815.0000;None;710800.0000
16066;2023-01-14 22:50:20.337000;2;102775;1;1;44800.0000;1;65815.0000;None;710800.0000
16066;2023-01-14 20:44:41.487000;2;102775;1;1;44800.0000;1;65815.0000;None;710800.0000
16066;2023-01-14 22:18:03.150000;2;102775;1;1;44800.0000;1;65815.0000;None;710800.0000
21454;2023-01-14 21:30:10.277000;2;102775;1;2;89600.0000;1;8296.0000;None;89600.0000
16059;2023-01-14 18:32:19.817000;2;102775;1;1;44800.0000;1;49056.0000;None;529800.0000
21434;2023-01-14 18:05:26.667000;2;102775;1;1;44800.0000;1;55241.0000;None;596600.0000
21433;2023-01-14 18:01:17.647000;2;102775;1;1;44800.0000;1;31667.0000;None;342000.0000
21433;2023-01-14 15:40:52.620000;2;102775;1;1;44800.0000;1;31667.0000;None;342000.0000
21433;2023-01-14 16:51:17.353000;2;102775;1;1;44800.0000;1;31667.0000;None;342000.0000
16041;2023-01-14 14:41:37.173000;2;102775;1;1;44800.0000;1;30982.0000;None;334600.0000
21448;2023-01-14 20:06:33.073000;2;102848;1;3;134400.0000;1;15463.0000;None;167000.0000
16037;2023-01-14 14:52:07.060000;1;102873;5;1;42800.0000;1;27574.0000;None;297800.0000
16065;2023-01-14 21:30:01.967000;1;102903;1;1;34800.0000;1;12056.0000;None;130200.0000
2085;2023-01-14 15:16:23.883000;1;102912;1;1;19800.0000;1;9704.0000;None;104800.0000
16045;2023-01-14 15:31:12.847000;1;102913;1;1;24800.0000;1;3296.0000;None;35600.0000
2081;2023-01-14 14:08:55.837000;1;102913;1;1;24800.0000;1;None;None;293400.0000
2081;2023-01-14 14:24:08.530000;1;102914;1;1;23800.0000;1;None;None;293400.0000
16059;2023-01-14 19:27:55.173000;1;102914;1;1;23800.0000;1;49056.0000;None;529800.0000
33342;2023-01-14 19:28:07.487000;1;102914;1;1;23800.0000;1;15426.0000;None;166600.0000
21452;2023-01-14 21:11:24.343000;2;102933;1;1;25800.0000;1;7259.0000;None;78400.0000
16032;2023-01-14 13:12:17.283000;2;102933;1;1;25800.0000;1;19611.0000;None;211800.0000
16066;2023-01-14 22:49:01.007000;2;102934;1;1;44800.0000;1;65815.0000;None;710800.0000
16066;2023-01-14 21:45:58.717000;2;102934;1;1;44800.0000;1;65815.0000;None;710800.0000
21429;2023-01-14 17:25:51.817000;1;102961;5;1;22800.0000;1;7204.0000;None;77800.0000
2079;2023-01-14 13:53:53.933000;1;102962;1;1;25800.0000;1;34241.0000;None;369800.0000
21427;2023-01-14 17:21:45.097000;1;102982;1;1;59800.0000;1;26352.0000;None;284600.0000
2085;2023-01-14 15:16:23.883000;1;102982;1;1;59800.0000;1;9704.0000;None;104800.0000
21421;2023-01-14 15:01:03.130000;1;102982;1;1;59800.0000;1;17407.0000;None;188000.0000
16055;2023-01-14 19:15:44.560000;1;102982;1;1;59800.0000;1;23278.0000;None;251400.0000
16055;2023-01-14 19:15:44.560000;1;102982;1;1;59800.0000;1;23278.0000;None;251400.0000
21409;2023-01-14 13:37:13.197000;1;102982;1;1;59800.0000;1;11204.0000;None;121000.0000
16043;2023-01-14 14:21:03.573000;1;103076;1;1;39800.0000;1;None;None;166800.0000
21416;2023-01-14 13:55:03.493000;1;103076;1;1;39800.0000;1;11463.0000;None;123800.0000
33330;2023-01-14 14:16:07.193000;1;103076;1;1;39800.0000;1;20852.0000;None;225200.0000
21405;2023-01-14 13:01:09.953000;1;103104;5;1;32800.0000;1;11741.0000;None;126800.0000
21404;2023-01-14 12:45:50.187000;1;103111;5;1;0.0000;1;6935.0000;None;74900.0000
33327;2023-01-14 13:49:27.507000;1;103111;5;1;0.0000;1;12278.0000;None;132600.0000
21424;2023-01-14 16:12:55.673000;1;103111;5;1;0.0000;1;8333.0000;None;90000.0000
21429;2023-01-14 17:22:04.077000;1;103111;5;1;0.0000;1;7204.0000;None;77800.0000
21439;2023-01-14 20:20:01.237000;1;103120;5;1;14800.0000;1;11500.0000;None;124200.0000
16037;2023-01-14 14:52:07.060000;1;103134;5;1;31800.0000;1;27574.0000;None;297800.0000
16079;2023-01-15 01:04:16.927000;2;103152;1;1;44800.0000;1;27370.0000;None;295600.0000
16079;2023-01-14 23:50:10.233000;2;103152;1;1;44800.0000;1;27370.0000;None;295600.0000
16079;2023-01-14 22:42:39.097000;2;103152;1;1;44800.0000;1;27370.0000;None;295600.0000
16031;2023-01-14 12:56:39.403000;1;103172;5;1;24800.0000;1;18611.0000;None;201000.0000
33323;2023-01-14 13:09:18.400000;1;103198;5;1;49800.0000;1;20426.0000;None;220600.0000
21426;2023-01-14 17:49:43.897000;1;103198;5;1;49800.0000;1;29852.0000;None;322400.0000
2081;2023-01-14 14:08:55.837000;1;103205;1;1;59800.0000;1;None;None;293400.0000
33328;2023-01-14 14:05:58.540000;1;103205;1;1;59800.0000;1;9278.0000;None;100200.0000
21434;2023-01-14 21:13:00.627000;1;103205;1;1;59800.0000;1;55241.0000;None;596600.0000
16066;2023-01-14 21:44:36.100000;1;103205;1;1;59800.0000;1;65815.0000;None;710800.0000
16068;2023-01-14 21:14:21.787000;1;103205;1;1;59800.0000;1;None;None;111000.0000
16070;2023-01-14 21:37:39.403000;1;103205;1;3;179400.0000;1;110945.0000;None;1198200.0000
16076;2023-01-14 22:36:11.490000;1;103205;1;1;59800.0000;1;92963.0000;None;1004000.0000
16035;2023-01-14 13:53:00.600000;2;103221;1;1;25800.0000;1;29482.0000;None;318400.0000
21404;2023-01-14 12:45:50.187000;1;103338;1;1;58800.0000;1;6935.0000;None;74900.0000
2072;2023-01-14 12:53:22.997000;1;103338;1;1;58800.0000;1;None;None;58800.0000
16037;2023-01-14 14:52:07.060000;1;103338;1;1;58800.0000;1;27574.0000;None;297800.0000
2076;2023-01-14 13:38:07.263000;1;103338;1;1;58800.0000;1;13296.0000;None;143600.0000
16041;2023-01-14 15:04:20.423000;1;103340;1;1;29800.0000;1;30982.0000;None;334600.0000
16040;2023-01-14 14:38:40.853000;1;103340;1;1;29800.0000;1;15667.0000;None;169200.0000
21424;2023-01-14 16:11:39.553000;1;103347;1;1;58800.0000;1;8333.0000;None;90000.0000
2077;2023-01-14 13:38:33.623000;1;103347;1;2;117600.0000;1;None;None;117600.0000
2082;2023-01-14 14:17:03.147000;1;103347;1;1;58800.0000;1;None;None;73200.0000
21407;2023-01-14 13:20:21.880000;1;103347;1;1;58800.0000;1;None;None;69400.0000
2076;2023-01-14 13:38:07.263000;1;103347;1;1;58800.0000;1;13296.0000;None;143600.0000
2081;2023-01-14 14:08:55.837000;1;103348;1;1;24800.0000;1;None;None;293400.0000
16037;2023-01-14 14:52:07.060000;1;103348;1;1;24800.0000;1;27574.0000;None;297800.0000
16039;2023-01-14 14:52:22.173000;1;103348;1;1;24800.0000;1;6982.0000;None;75400.0000
21418;2023-01-14 14:29:00.467000;1;103350;1;1;58800.0000;1;9074.0000;None;98000.0000
2079;2023-01-14 13:54:30.047000;1;103354;1;1;58800.0000;1;34241.0000;None;369800.0000
21411;2023-01-14 13:36:13.503000;1;103354;1;1;58800.0000;1;12852.0000;None;138800.0000
2081;2023-01-14 14:59:50.303000;1;103372;5;1;14800.0000;1;None;None;293400.0000
2080;2023-01-14 15:10:21.940000;1;103372;5;1;14800.0000;1;7870.0000;None;85000.0000
21416;2023-01-14 14:47:22.767000;1;103377;5;1;16800.0000;1;11463.0000;None;123800.0000
21416;2023-01-14 14:52:39.360000;1;103377;5;-1;-16800.0000;1;11463.0000;None;123800.0000
21411;2023-01-14 14:44:51.397000;1;103377;5;1;16800.0000;1;12852.0000;None;138800.0000
21412;2023-01-14 14:27:22.800000;1;103377;5;1;16800.0000;1;10352.0000;None;111800.0000
33325;2023-01-14 14:23:00.707000;1;103377;5;1;16800.0000;1;17519.0000;None;189200.0000
16069;2023-01-14 21:48:05.950000;1;103386;5;1;52800.0000;1;34482.0000;None;372400.0000
2083;2023-01-14 14:25:45.250000;1;103419;5;1;49800.0000;1;21148.0000;None;228400.0000
16038;2023-01-14 14:24:15.873000;1;103421;5;1;41800.0000;1;10852.0000;None;117200.0000
21437;2023-01-14 19:48:58.233000;1;103423;5;1;38800.0000;1;None;None;131600.0000
21455;2023-01-14 21:41:40.247000;1;103434;5;1;34800.0000;1;5574.0000;None;60200.0000
21426;2023-01-14 17:04:23.743000;1;103434;5;1;34800.0000;1;29852.0000;None;322400.0000
33323;2023-01-14 13:09:18.400000;1;103434;5;1;34800.0000;1;20426.0000;None;220600.0000
21439;2023-01-14 18:59:48.050000;1;103441;5;1;29800.0000;1;11500.0000;None;124200.0000
21440;2023-01-14 19:06:25.397000;1;103445;5;1;32800.0000;1;17445.0000;None;188400.0000
21429;2023-01-14 17:29:03.210000;1;103449;5;1;29800.0000;1;7204.0000;None;77800.0000
2081;2023-01-14 14:08:55.837000;6;103488;1;1;0.0000;1;None;None;293400.0000
16038;2023-01-14 14:24:15.873000;1;103515;5;1;41800.0000;1;10852.0000;None;117200.0000
16033;2023-01-14 13:46:29.910000;1;103515;5;1;41800.0000;1;None;None;133000.0000
16029;2023-01-14 12:39:12.620000;1;103515;5;1;41800.0000;1;None;None;143600.0000
21434;2023-01-14 19:23:03.153000;2;103524;1;1;49800.0000;1;55241.0000;None;596600.0000
16066;2023-01-14 20:44:41.487000;2;103524;1;1;49800.0000;1;65815.0000;None;710800.0000
16035;2023-01-14 14:13:01.497000;1;103535;1;1;64800.0000;1;29482.0000;None;318400.0000
16076;2023-01-14 22:36:11.490000;1;103535;1;1;64800.0000;1;92963.0000;None;1004000.0000
21411;2023-01-14 13:36:13.503000;1;103559;5;1;43800.0000;1;12852.0000;None;138800.0000
21426;2023-01-14 17:04:23.743000;1;103562;5;1;46800.0000;1;29852.0000;None;322400.0000
33341;2023-01-14 19:03:46.667000;1;103562;5;1;46800.0000;1;10296.0000;None;111200.0000
16040;2023-01-14 14:38:40.853000;1;103563;5;1;28800.0000;1;15667.0000;None;169200.0000
16070;2023-01-14 21:54:47.007000;1;103599;5;1;69800.0000;1;110945.0000;None;1198200.0000
21427;2023-01-14 17:21:45.097000;1;103600;5;1;69800.0000;1;26352.0000;None;284600.0000
33325;2023-01-14 13:28:57.027000;1;103771;5;1;24800.0000;1;17519.0000;None;189200.0000
21405;2023-01-14 13:01:09.953000;1;103771;5;1;24800.0000;1;11741.0000;None;126800.0000
2088;2023-01-14 20:04:09.143000;1;103773;5;1;14800.0000;1;27463.0000;None;296600.0000
2088;2023-01-14 20:04:09.143000;1;103776;5;2;29600.0000;1;27463.0000;None;296600.0000
16031;2023-01-14 12:56:39.403000;1;103776;5;1;14800.0000;1;18611.0000;None;201000.0000
16029;2023-01-14 12:39:12.620000;1;103784;5;1;29800.0000;1;None;None;143600.0000
16033;2023-01-14 13:46:29.910000;1;103784;5;1;29800.0000;1;None;None;133000.0000
16037;2023-01-14 14:52:07.060000;1;103788;5;1;36800.0000;1;27574.0000;None;297800.0000
16032;2023-01-14 13:12:17.283000;2;103868;1;1;58800.0000;1;19611.0000;None;211800.0000
16059;2023-01-14 17:31:14.047000;2;103869;1;1;91800.0000;1;49056.0000;None;529800.0000
33341;2023-01-14 19:03:46.667000;1;103898;5;1;26800.0000;1;10296.0000;None;111200.0000
16040;2023-01-14 14:38:40.853000;1;103898;5;1;26800.0000;1;15667.0000;None;169200.0000
21433;2023-01-14 18:01:17.647000;2;103978;1;1;26800.0000;1;31667.0000;None;342000.0000
21450;2023-01-14 20:35:20.297000;1;104004;5;1;15800.0000;1;11778.0000;None;127200.0000
16035;2023-01-14 13:53:00.600000;2;104219;1;1;11800.0000;1;29482.0000;None;318400.0000
21419;2023-01-14 14:48:47.930000;2;104237;1;1;40800.0000;1;12426.0000;None;134200.0000
21433;2023-01-14 15:40:52.620000;2;104237;1;1;40800.0000;1;31667.0000;None;342000.0000
21434;2023-01-14 18:05:26.667000;2;104237;1;1;40800.0000;1;55241.0000;None;596600.0000
21439;2023-01-14 18:59:48.050000;2;104237;1;1;40800.0000;1;11500.0000;None;124200.0000
16043;2023-01-14 14:21:03.573000;1;104293;1;1;43800.0000;1;None;None;166800.0000
16041;2023-01-14 15:04:20.423000;1;104293;1;1;43800.0000;1;30982.0000;None;334600.0000
33327;2023-01-14 14:09:11.553000;1;104293;1;1;43800.0000;1;12278.0000;None;132600.0000
2081;2023-01-14 14:08:55.837000;1;104293;1;1;43800.0000;1;None;None;293400.0000
2083;2023-01-14 14:53:31.347000;1;104293;1;1;43800.0000;1;21148.0000;None;228400.0000
16070;2023-01-14 21:54:47.007000;1;104294;1;1;59800.0000;1;110945.0000;None;1198200.0000
16070;2023-01-14 21:54:47.007000;1;104294;1;1;59800.0000;1;110945.0000;None;1198200.0000
16070;2023-01-14 22:19:32.930000;1;104294;1;1;59800.0000;1;110945.0000;None;1198200.0000
16070;2023-01-14 22:16:32.647000;1;104294;1;1;59800.0000;1;110945.0000;None;1198200.0000
21436;2023-01-14 18:25:30.113000;3;104446;1;1;5800.0000;1;537.0000;None;5800.0000
16043;2023-01-14 14:21:03.573000;3;104446;1;1;5800.0000;1;None;None;166800.0000
21426;2023-01-14 17:01:15.877000;3;104446;1;2;11600.0000;1;29852.0000;None;322400.0000
21426;2023-01-14 17:44:48.877000;3;104446;1;1;5800.0000;1;29852.0000;None;322400.0000
21421;2023-01-14 15:50:39.753000;3;104554;1;1;4800.0000;1;17407.0000;None;188000.0000
16034;2023-01-14 13:50:07.983000;3;104554;1;1;4800.0000;1;None;None;5300.0000
16064;2023-01-14 18:38:40.120000;3;104554;1;1;4800.0000;1;41593.0000;None;449200.0000
16029;2023-01-14 10:10:12.427000;3;104554;1;1;4800.0000;1;None;None;143600.0000
21460;2023-01-14 22:37:42.317000;1;104690;1;1;9800.0000;1;11732.0000;None;126700.0000
16032;2023-01-14 14:13:27.010000;1;104690;1;2;19600.0000;1;19611.0000;None;211800.0000
16032;2023-01-14 13:45:03.113000;1;104690;1;2;19600.0000;1;19611.0000;None;211800.0000
21402;2023-01-14 12:09:01.570000;1;104690;1;1;9800.0000;1;6111.0000;None;66000.0000
16064;2023-01-14 21:06:22.310000;1;104690;1;1;9800.0000;1;41593.0000;None;449200.0000
21434;2023-01-14 18:27:15.477000;1;104690;1;2;19600.0000;1;55241.0000;None;596600.0000
16037;2023-01-14 14:26:31.297000;1;104690;1;1;9800.0000;1;27574.0000;None;297800.0000
2085;2023-01-14 15:33:00.817000;1;104690;1;1;9800.0000;1;9704.0000;None;104800.0000
16035;2023-01-14 14:13:01.497000;1;104727;1;1;69800.0000;1;29482.0000;None;318400.0000
16062;2023-01-14 19:50:02.720000;1;104811;5;1;14900.0000;1;7444.0000;None;80400.0000
21460;2023-01-14 22:37:58.807000;1;104814;5;1;14900.0000;1;11732.0000;None;126700.0000
21460;2023-01-14 22:37:58.807000;1;104829;5;1;16400.0000;1;11732.0000;None;126700.0000
2086;2023-01-14 15:21:34.447000;1;104928;5;1;27800.0000;1;None;None;87400.0000
16076;2023-01-14 22:36:11.490000;1;105065;1;1;0.0000;1;92963.0000;None;1004000.0000
21421;2023-01-14 15:01:03.130000;1;105065;1;1;0.0000;1;17407.0000;None;188000.0000
16070;2023-01-14 22:19:32.930000;1;105065;1;1;0.0000;1;110945.0000;None;1198200.0000
16070;2023-01-14 21:54:47.007000;1;105065;1;1;0.0000;1;110945.0000;None;1198200.0000
21424;2023-01-14 16:49:49.793000;6;105082;1;1;3000.0000;1;8333.0000;None;90000.0000
16031;2023-01-14 14:12:31.507000;6;105082;1;1;3000.0000;1;18611.0000;None;201000.0000
16076;2023-01-15 00:11:04.193000;1;105200;2;1;2200.0000;1;92963.0000;None;1004000.0000
16076;2023-01-15 00:11:04.193000;1;105200;2;1;2200.0000;1;92963.0000;None;1004000.0000
2081;2023-01-14 14:08:55.837000;1;105295;1;1;42800.0000;1;None;None;293400.0000
2079;2023-01-14 13:54:30.047000;1;105296;1;1;40800.0000;1;34241.0000;None;369800.0000
21434;2023-01-14 18:57:47.370000;1;105296;1;1;40800.0000;1;55241.0000;None;596600.0000
2078;2023-01-14 13:59:48.080000;1;105622;5;1;16800.0000;1;4870.0000;None;52600.0000
2086;2023-01-14 15:21:34.447000;1;105801;5;1;8800.0000;1;None;None;87400.0000
16062;2023-01-14 19:50:02.720000;1;105830;2;1;19900.0000;1;7444.0000;None;80400.0000
21437;2023-01-14 18:25:52.087000;2;105846;1;1;35800.0000;1;None;None;131600.0000
2078;2023-01-14 13:59:48.080000;2;105846;1;1;35800.0000;1;4870.0000;None;52600.0000
33348;2023-01-14 20:03:24.613000;2;105918;5;2;55600.0000;1;7148.0000;None;77200.0000
21433;2023-01-14 15:23:04.860000;2;106012;1;1;41800.0000;1;31667.0000;None;342000.0000
16033;2023-01-14 13:46:29.910000;2;106012;1;1;41800.0000;1;None;None;133000.0000
16029;2023-01-14 12:39:12.620000;2;106012;1;1;41800.0000;1;None;None;143600.0000
21458;2023-01-14 23:34:29.240000;2;106012;1;1;41800.0000;1;20056.0000;None;216600.0000
21458;2023-01-14 22:07:17.253000;2;106012;1;1;41800.0000;1;20056.0000;None;216600.0000
33325;2023-01-14 13:49:55.103000;1;106047;1;1;59800.0000;1;17519.0000;None;189200.0000
21443;2023-01-14 19:45:44.993000;1;106047;1;1;59800.0000;1;13204.0000;None;142600.0000
21442;2023-01-14 20:23:24.987000;1;106047;1;1;59800.0000;1;26370.0000;None;284800.0000
21449;2023-01-14 20:24:51.747000;1;106047;1;1;59800.0000;1;10889.0000;None;117600.0000
16066;2023-01-14 21:44:36.100000;1;106047;1;1;59800.0000;1;65815.0000;None;710800.0000
16051;2023-01-14 19:28:46.777000;1;106295;5;1;34800.0000;1;None;None;34800.0000
21405;2023-01-14 13:01:09.953000;1;106356;5;1;0.0000;1;11741.0000;None;126800.0000
2090;2023-01-14 18:01:16.153000;2;106934;5;1;27800.0000;1;5148.0000;None;55600.0000
2090;2023-01-14 18:45:34.207000;2;106934;5;1;27800.0000;1;5148.0000;None;55600.0000
16070;2023-01-14 21:52:29.377000;2;106934;5;1;27800.0000;1;110945.0000;None;1198200.0000
16070;2023-01-14 20:37:12.187000;2;106934;5;1;27800.0000;1;110945.0000;None;1198200.0000
16070;2023-01-14 22:55:57.407000;2;106934;5;1;27800.0000;1;110945.0000;None;1198200.0000
16062;2023-01-14 19:51:26.153000;2;107563;1;2;45600.0000;1;7444.0000;None;80400.0000
16067;2023-01-14 19:56:22.133000;2;107563;1;2;45600.0000;1;13056.0000;None;141000.0000
16067;2023-01-14 20:58:47.747000;2;107563;1;2;45600.0000;1;13056.0000;None;141000.0000
33337;2023-01-14 18:28:49.900000;2;107563;1;1;22800.0000;1;9278.0000;None;100200.0000
16040;2023-01-14 14:38:40.853000;2;107563;1;1;22800.0000;1;15667.0000;None;169200.0000
16077;2023-01-14 22:39:49.810000;2;107563;1;1;22800.0000;1;27352.0000;None;295400.0000
21419;2023-01-14 14:48:47.930000;1;107647;1;1;34800.0000;1;12426.0000;None;134200.0000
21440;2023-01-14 19:01:27.153000;1;107647;1;1;34800.0000;1;17445.0000;None;188400.0000
33337;2023-01-14 18:28:49.900000;1;107647;1;1;34800.0000;1;9278.0000;None;100200.0000
21403;2023-01-14 12:11:36.017000;1;107647;1;1;34800.0000;1;13130.0000;None;141800.0000
16064;2023-01-14 18:40:02.437000;2;107767;1;1;48800.0000;1;41593.0000;None;449200.0000
16064;2023-01-14 18:38:40.120000;2;107767;1;1;48800.0000;1;41593.0000;None;449200.0000
16064;2023-01-14 21:01:11.930000;2;107767;1;1;48800.0000;1;41593.0000;None;449200.0000
16064;2023-01-14 19:44:37.723000;2;107767;1;1;48800.0000;1;41593.0000;None;449200.0000
16064;2023-01-14 20:05:20.337000;2;107767;1;1;48800.0000;1;41593.0000;None;449200.0000
21451;2023-01-14 19:58:29.810000;2;107767;1;2;97600.0000;1;16037.0000;None;173200.0000
16077;2023-01-14 22:39:49.810000;2;107767;1;1;48800.0000;1;27352.0000;None;295400.0000
33339;2023-01-14 18:34:57.067000;2;108004;1;1;32800.0000;1;9056.0000;None;97800.0000
33339;2023-01-14 19:36:55.593000;2;108004;1;1;32800.0000;1;9056.0000;None;97800.0000
16077;2023-01-14 22:39:49.810000;2;108084;1;1;39800.0000;1;27352.0000;None;295400.0000
16060;2023-01-14 20:53:19.353000;2;108101;1;1;32800.0000;1;13685.0000;None;147800.0000
2092;2023-01-14 21:36:39.400000;2;108101;1;2;65600.0000;1;26759.0000;None;289000.0000
33343;2023-01-14 19:44:21.080000;2;108105;1;1;34800.0000;1;17593.0000;None;190000.0000
16078;2023-01-14 22:46:15.183000;2;108105;1;1;34800.0000;1;4500.0000;None;48600.0000
16076;2023-01-14 23:12:39.807000;2;108106;1;1;51800.0000;1;92963.0000;None;1004000.0000
16076;2023-01-14 22:08:39.547000;2;108106;1;2;103600.0000;1;92963.0000;None;1004000.0000
21434;2023-01-14 18:05:26.667000;2;108106;1;1;51800.0000;1;55241.0000;None;596600.0000
16032;2023-01-14 13:12:17.283000;2;108106;1;1;51800.0000;1;19611.0000;None;211800.0000
21431;2023-01-14 17:53:16.140000;2;108118;1;1;34800.0000;1;5519.0000;None;59600.0000
16074;2023-01-14 22:04:10.777000;2;108118;1;1;34800.0000;1;17463.0000;None;188600.0000
16074;2023-01-14 23:24:12.290000;2;108118;1;1;34800.0000;1;17463.0000;None;188600.0000
21465;2023-01-15 00:15:36.300000;2;108118;1;2;69600.0000;1;21074.0000;None;227600.0000
21465;2023-01-14 23:23:40.327000;2;108118;1;2;69600.0000;1;21074.0000;None;227600.0000
21465;2023-01-14 22:04:09.347000;2;108118;1;2;69600.0000;1;21074.0000;None;227600.0000
16076;2023-01-14 23:57:09.157000;2;108120;1;1;37800.0000;1;92963.0000;None;1004000.0000
33343;2023-01-14 19:44:21.080000;2;108123;1;1;38800.0000;1;17593.0000;None;190000.0000
33343;2023-01-14 20:14:50.180000;2;108123;1;2;77600.0000;1;17593.0000;None;190000.0000
33343;2023-01-14 21:00:16.587000;2;108123;1;1;38800.0000;1;17593.0000;None;190000.0000
16069;2023-01-14 22:57:00.490000;2;108126;1;1;55800.0000;1;34482.0000;None;372400.0000
16069;2023-01-14 23:03:12.330000;2;108126;1;1;55800.0000;1;34482.0000;None;372400.0000
16069;2023-01-14 21:37:30.913000;2;108126;1;2;111600.0000;1;34482.0000;None;372400.0000
16043;2023-01-14 14:21:03.573000;2;108132;1;1;23800.0000;1;None;None;166800.0000
16038;2023-01-14 14:24:15.873000;2;108132;1;1;23800.0000;1;10852.0000;None;117200.0000
21403;2023-01-14 12:11:36.017000;3;108191;1;1;0.0000;1;13130.0000;None;141800.0000
33327;2023-01-14 13:49:27.507000;3;108191;1;1;0.0000;1;12278.0000;None;132600.0000
2084;2023-01-14 14:31:48.807000;3;108191;1;1;0.0000;1;18463.0000;None;199400.0000
2084;2023-01-14 15:08:57.397000;3;108191;1;1;0.0000;1;18463.0000;None;199400.0000
2084;2023-01-14 14:31:48.807000;3;108191;1;1;0.0000;1;18463.0000;None;199400.0000
2092;2023-01-14 21:36:39.400000;3;108191;1;1;0.0000;1;26759.0000;None;289000.0000
16070;2023-01-14 22:16:54.090000;3;108191;1;1;0.0000;1;110945.0000;None;1198200.0000
16070;2023-01-14 22:11:24.517000;3;108191;1;1;0.0000;1;110945.0000;None;1198200.0000
16068;2023-01-14 21:14:21.787000;3;108191;1;3;0.0000;1;None;None;111000.0000
16068;2023-01-14 21:42:05.347000;3;108191;1;1;0.0000;1;None;None;111000.0000
33345;2023-01-14 19:52:00.410000;3;108191;1;1;0.0000;1;6407.0000;None;69200.0000
21434;2023-01-14 21:36:15.710000;3;108191;1;1;0.0000;1;55241.0000;None;596600.0000
16070;2023-01-14 21:47:10.997000;3;108191;1;1;0.0000;1;110945.0000;None;1198200.0000
16059;2023-01-14 19:57:45.047000;2;108232;1;1;62800.0000;1;49056.0000;None;529800.0000
33323;2023-01-14 13:09:18.400000;1;108236;5;1;0.0000;1;20426.0000;None;220600.0000
16040;2023-01-14 14:38:40.853000;1;108267;5;1;38800.0000;1;15667.0000;None;169200.0000
16059;2023-01-14 19:45:37.577000;2;108416;1;1;66800.0000;1;49056.0000;None;529800.0000
16059;2023-01-14 19:11:27.467000;2;108416;1;1;66800.0000;1;49056.0000;None;529800.0000
16059;2023-01-14 17:31:14.047000;2;108416;1;1;66800.0000;1;49056.0000;None;529800.0000
2076;2023-01-14 13:38:07.263000;1;108447;1;2;0.0000;1;13296.0000;None;143600.0000
33327;2023-01-14 14:09:11.553000;1;108452;5;1;23800.0000;1;12278.0000;None;132600.0000
33341;2023-01-14 19:03:46.667000;1;108452;5;1;23800.0000;1;10296.0000;None;111200.0000
21433;2023-01-14 15:17:13.380000;2;108473;1;1;31800.0000;1;31667.0000;None;342000.0000
16059;2023-01-14 18:32:19.817000;2;108608;1;1;51800.0000;1;49056.0000;None;529800.0000
21437;2023-01-14 18:25:52.087000;1;108668;1;1;21800.0000;1;None;None;131600.0000
33345;2023-01-14 19:52:00.410000;1;108668;1;1;21800.0000;1;6407.0000;None;69200.0000
33318;2023-01-14 12:58:02.887000;1;108668;1;1;21800.0000;1;4259.0000;None;46000.0000
16076;2023-01-14 22:36:11.490000;1;108794;1;1;46800.0000;1;92963.0000;None;1004000.0000
21440;2023-01-14 19:06:25.397000;1;108794;1;1;46800.0000;1;17445.0000;None;188400.0000
21440;2023-01-14 19:06:25.397000;1;108794;1;1;46800.0000;1;17445.0000;None;188400.0000
2092;2023-01-14 21:47:30.453000;1;108794;1;1;46800.0000;1;26759.0000;None;289000.0000
21427;2023-01-14 17:21:45.097000;1;108794;1;1;46800.0000;1;26352.0000;None;284600.0000
21416;2023-01-14 13:55:03.493000;1;108794;1;1;46800.0000;1;11463.0000;None;123800.0000
21427;2023-01-14 17:21:45.097000;1;108796;1;1;48800.0000;1;26352.0000;None;284600.0000
16041;2023-01-14 15:04:20.423000;1;108796;1;1;48800.0000;1;30982.0000;None;334600.0000
2092;2023-01-14 21:47:30.453000;1;108796;1;1;48800.0000;1;26759.0000;None;289000.0000
16060;2023-01-14 21:15:27.843000;1;108796;1;1;48800.0000;1;13685.0000;None;147800.0000
16060;2023-01-14 20:53:19.353000;1;108796;1;1;48800.0000;1;13685.0000;None;147800.0000
16074;2023-01-14 22:19:18.627000;1;108796;1;1;48800.0000;1;17463.0000;None;188600.0000
2092;2023-01-14 21:47:30.453000;1;108797;1;1;49800.0000;1;26759.0000;None;289000.0000
2092;2023-01-14 21:47:30.453000;1;108797;1;1;49800.0000;1;26759.0000;None;289000.0000
16067;2023-01-14 19:56:22.133000;1;108797;1;1;49800.0000;1;13056.0000;None;141000.0000
21421;2023-01-14 15:26:28.067000;1;108818;1;1;2800.0000;1;17407.0000;None;188000.0000
21439;2023-01-14 18:59:48.050000;2;108819;1;1;38800.0000;1;11500.0000;None;124200.0000
16070;2023-01-14 21:00:31.777000;2;108836;5;2;61600.0000;1;110945.0000;None;1198200.0000
16070;2023-01-14 20:32:42.640000;2;108836;5;2;61600.0000;1;110945.0000;None;1198200.0000
16070;2023-01-14 21:56:17.697000;2;108836;5;1;30800.0000;1;110945.0000;None;1198200.0000
16070;2023-01-14 22:28:20.153000;2;108836;5;1;30800.0000;1;110945.0000;None;1198200.0000
16070;2023-01-14 21:22:21.767000;2;108836;5;1;30800.0000;1;110945.0000;None;1198200.0000
16070;2023-01-14 21:27:37.600000;2;108836;5;1;30800.0000;1;110945.0000;None;1198200.0000
16070;2023-01-14 23:05:29.777000;2;108836;5;1;30800.0000;1;110945.0000;None;1198200.0000
16070;2023-01-14 22:55:57.407000;2;108836;5;1;30800.0000;1;110945.0000;None;1198200.0000
21443;2023-01-14 21:13:16.853000;2;109123;5;1;27800.0000;1;13204.0000;None;142600.0000
33323;2023-01-14 13:09:18.400000;2;109161;1;1;86800.0000;1;20426.0000;None;220600.0000
2088;2023-01-14 18:06:17.987000;1;109216;5;1;15800.0000;1;27463.0000;None;296600.0000
2088;2023-01-14 18:26:48.973000;1;109216;5;1;15800.0000;1;27463.0000;None;296600.0000
2088;2023-01-14 19:37:17.783000;1;109216;5;1;15800.0000;1;27463.0000;None;296600.0000
2084;2023-01-14 14:44:10.167000;1;109359;5;1;35800.0000;1;18463.0000;None;199400.0000
2084;2023-01-14 14:44:10.167000;1;109361;5;1;69800.0000;1;18463.0000;None;199400.0000
21450;2023-01-14 20:53:30.960000;1;109408;1;1;33800.0000;1;11778.0000;None;127200.0000
21450;2023-01-14 20:35:20.297000;1;109408;1;1;33800.0000;1;11778.0000;None;127200.0000
2086;2023-01-14 16:02:16.420000;1;109422;5;1;16800.0000;1;None;None;87400.0000
21448;2023-01-14 20:12:55.810000;1;109458;1;1;26800.0000;1;15463.0000;None;167000.0000
33345;2023-01-14 19:52:00.410000;1;109458;1;1;26800.0000;1;6407.0000;None;69200.0000
2088;2023-01-14 17:48:42.337000;2;109535;1;1;70800.0000;1;27463.0000;None;296600.0000
33323;2023-01-14 13:09:18.400000;2;109587;5;1;27800.0000;1;20426.0000;None;220600.0000
16031;2023-01-14 12:39:05.057000;3;200004;1;1;9800.0000;1;18611.0000;None;201000.0000
16031;2023-01-14 12:39:05.057000;3;200004;1;1;9800.0000;1;18611.0000;None;201000.0000
2088;2023-01-14 17:33:19.550000;3;200004;1;1;9800.0000;1;27463.0000;None;296600.0000
16043;2023-01-14 14:21:03.573000;3;200004;1;1;9800.0000;1;None;None;166800.0000
33327;2023-01-14 13:49:27.507000;3;200004;1;1;9800.0000;1;12278.0000;None;132600.0000
16037;2023-01-14 15:18:36.773000;3;200004;1;1;9800.0000;1;27574.0000;None;297800.0000
2081;2023-01-14 15:08:07.040000;3;200004;1;1;9800.0000;1;None;None;293400.0000
2081;2023-01-14 14:08:55.837000;3;200004;1;2;19600.0000;1;None;None;293400.0000
21449;2023-01-14 20:24:51.747000;3;200004;1;1;9800.0000;1;10889.0000;None;117600.0000
21449;2023-01-14 21:47:49.127000;3;200004;1;1;9800.0000;1;10889.0000;None;117600.0000
16064;2023-01-14 20:15:52.507000;3;200004;1;1;9800.0000;1;41593.0000;None;449200.0000
16065;2023-01-14 22:26:15.660000;3;200004;1;1;9800.0000;1;12056.0000;None;130200.0000
21452;2023-01-14 22:05:48.680000;3;200004;1;1;9800.0000;1;7259.0000;None;78400.0000
16077;2023-01-14 23:30:00.157000;3;200004;1;1;9800.0000;1;27352.0000;None;295400.0000
16076;2023-01-14 22:16:41.287000;3;200008;1;1;13800.0000;1;92963.0000;None;1004000.0000
16076;2023-01-14 22:16:41.287000;3;200008;1;1;13800.0000;1;92963.0000;None;1004000.0000
16076;2023-01-14 21:55:57.740000;3;200008;1;1;13800.0000;1;92963.0000;None;1004000.0000
33341;2023-01-14 18:51:40.567000;3;200008;1;1;13800.0000;1;10296.0000;None;111200.0000
16039;2023-01-14 14:29:37.200000;3;200008;1;1;13800.0000;1;6982.0000;None;75400.0000
33325;2023-01-14 13:55:37.800000;3;200008;1;1;13800.0000;1;17519.0000;None;189200.0000
33325;2023-01-14 13:28:57.027000;3;200008;1;1;13800.0000;1;17519.0000;None;189200.0000
16038;2023-01-14 14:24:15.873000;3;200012;1;1;9800.0000;1;10852.0000;None;117200.0000
2079;2023-01-14 14:07:27.750000;2;200039;5;1;148800.0000;1;34241.0000;None;369800.0000
21425;2023-01-14 16:57:23.450000;2;200142;5;1;112800.0000;1;10444.0000;None;112800.0000
16061;2023-01-14 20:44:31.707000;2;200466;1;1;149800.0000;1;33611.0000;None;363000.0000
16061;2023-01-14 18:28:51.803000;2;200466;1;1;149800.0000;1;33611.0000;None;363000.0000
16068;2023-01-14 21:42:05.347000;2;200480;1;1;12800.0000;1;None;None;111000.0000
16068;2023-01-14 21:14:21.787000;2;200480;1;3;38400.0000;1;None;None;111000.0000
16070;2023-01-14 22:11:24.517000;2;200480;1;1;12800.0000;1;110945.0000;None;1198200.0000
16070;2023-01-14 22:16:54.090000;2;200480;1;1;12800.0000;1;110945.0000;None;1198200.0000
21434;2023-01-14 21:36:15.710000;2;200480;1;1;12800.0000;1;55241.0000;None;596600.0000
2091;2023-01-14 19:59:20.657000;2;200480;1;3;38400.0000;1;3556.0000;None;38400.0000
16055;2023-01-14 19:14:35.047000;2;200480;1;1;12800.0000;1;23278.0000;None;251400.0000
16055;2023-01-14 19:55:29.717000;2;200480;1;1;12800.0000;1;23278.0000;None;251400.0000
33345;2023-01-14 19:52:00.410000;2;200480;1;1;12800.0000;1;6407.0000;None;69200.0000
16070;2023-01-14 21:47:10.997000;2;200480;1;1;12800.0000;1;110945.0000;None;1198200.0000
16070;2023-01-14 23:08:03.407000;3;200538;1;1;14800.0000;1;110945.0000;None;1198200.0000
16070;2023-01-14 22:28:20.153000;3;200538;1;1;14800.0000;1;110945.0000;None;1198200.0000
16070;2023-01-14 21:52:29.377000;3;200538;1;1;14800.0000;1;110945.0000;None;1198200.0000
16032;2023-01-14 13:12:17.283000;3;201146;1;1;5800.0000;1;19611.0000;None;211800.0000
16032;2023-01-14 13:12:17.283000;3;201146;1;1;5800.0000;1;19611.0000;None;211800.0000
33323;2023-01-14 13:09:18.400000;3;201146;1;1;5800.0000;1;20426.0000;None;220600.0000
2071;2023-01-14 12:49:28.290000;3;201146;1;1;5800.0000;1;1074.0000;None;11600.0000
33322;2023-01-14 13:13:37.513000;3;201146;1;1;5800.0000;1;2167.0000;None;23400.0000
33318;2023-01-14 12:34:39.707000;3;201146;1;1;5800.0000;1;4259.0000;None;46000.0000
16029;2023-01-14 10:05:06.660000;3;201146;1;1;5800.0000;1;None;None;143600.0000
2092;2023-01-14 22:48:07.143000;3;201146;1;1;5800.0000;1;26759.0000;None;289000.0000
16069;2023-01-14 22:57:00.490000;3;201146;1;1;5800.0000;1;34482.0000;None;372400.0000
16061;2023-01-14 20:35:57.260000;3;201146;1;1;5800.0000;1;33611.0000;None;363000.0000
16061;2023-01-14 18:28:51.803000;3;201146;1;1;5800.0000;1;33611.0000;None;363000.0000
16059;2023-01-14 17:31:14.047000;3;201146;1;1;5800.0000;1;49056.0000;None;529800.0000
16059;2023-01-14 19:07:38.490000;3;201146;1;1;5800.0000;1;49056.0000;None;529800.0000
16049;2023-01-14 19:41:44.587000;3;201146;1;1;5800.0000;1;26352.0000;None;284600.0000
33342;2023-01-14 20:02:47.127000;3;201146;1;1;5800.0000;1;15426.0000;None;166600.0000
21443;2023-01-14 19:34:32.223000;3;201146;1;1;5800.0000;1;13204.0000;None;142600.0000
21434;2023-01-14 21:26:54.037000;3;201146;1;1;5800.0000;1;55241.0000;None;596600.0000
33339;2023-01-14 19:36:55.593000;3;201146;1;1;5800.0000;1;9056.0000;None;97800.0000
21427;2023-01-14 17:21:45.097000;3;201146;1;1;5800.0000;1;26352.0000;None;284600.0000
2088;2023-01-14 17:33:19.550000;3;201146;1;1;5800.0000;1;27463.0000;None;296600.0000
2085;2023-01-14 15:15:41.350000;3;201146;1;1;5800.0000;1;9704.0000;None;104800.0000
21423;2023-01-14 15:28:09.473000;3;201146;1;1;5800.0000;1;9389.0000;None;101400.0000
16034;2023-01-14 13:50:07.983000;3;201146;1;1;5800.0000;1;None;None;5300.0000
16037;2023-01-14 14:26:31.297000;3;201146;1;1;5800.0000;1;27574.0000;None;297800.0000
16037;2023-01-14 15:18:36.757000;3;201146;1;2;11600.0000;1;27574.0000;None;297800.0000
33330;2023-01-14 14:15:32.620000;3;201146;1;1;5800.0000;1;20852.0000;None;225200.0000
21458;2023-01-14 22:53:08.910000;3;201146;1;1;5800.0000;1;20056.0000;None;216600.0000
16076;2023-01-14 22:16:41.287000;3;201146;1;1;5800.0000;1;92963.0000;None;1004000.0000
16076;2023-01-14 22:16:41.287000;3;201146;1;1;5800.0000;1;92963.0000;None;1004000.0000
16079;2023-01-14 22:42:39.097000;3;201146;1;1;5800.0000;1;27370.0000;None;295600.0000
21437;2023-01-14 18:55:48.643000;2;201182;1;1;9800.0000;1;None;None;131600.0000
21437;2023-01-14 18:25:52.087000;2;201182;1;1;9800.0000;1;None;None;131600.0000
21437;2023-01-14 19:49:06.547000;2;201182;1;1;9800.0000;1;None;None;131600.0000
16029;2023-01-14 12:39:12.620000;2;201187;1;1;9800.0000;1;None;None;143600.0000
33317;2023-01-14 12:18:39.997000;2;201187;1;1;9800.0000;1;3074.0000;None;33200.0000
33317;2023-01-14 12:48:01.110000;2;201187;1;1;9800.0000;1;3074.0000;None;33200.0000
16030;2023-01-14 11:07:19.953000;2;201187;1;1;9800.0000;1;7870.0000;None;85000.0000
21404;2023-01-14 12:45:50.187000;2;201187;1;1;9800.0000;1;6935.0000;None;74900.0000
21411;2023-01-14 13:36:13.503000;2;201187;1;1;9800.0000;1;12852.0000;None;138800.0000
21412;2023-01-14 13:42:06.573000;2;201187;1;1;9800.0000;1;10352.0000;None;111800.0000
33339;2023-01-14 19:36:55.593000;2;201187;1;1;9800.0000;1;9056.0000;None;97800.0000
33339;2023-01-14 18:34:57.067000;2;201187;1;1;9800.0000;1;9056.0000;None;97800.0000
21440;2023-01-14 19:01:27.153000;2;201187;1;1;9800.0000;1;17445.0000;None;188400.0000
16063;2023-01-14 21:19:25.067000;2;201187;1;2;19600.0000;1;4630.0000;None;50000.0000
2092;2023-01-14 21:36:39.400000;2;201187;1;1;9800.0000;1;26759.0000;None;289000.0000
21418;2023-01-14 14:42:33.047000;2;201187;1;1;9800.0000;1;9074.0000;None;98000.0000
21418;2023-01-14 14:11:51.047000;2;201187;1;1;9800.0000;1;9074.0000;None;98000.0000
21413;2023-01-14 13:43:08.513000;2;201187;1;1;9800.0000;1;12185.0000;None;131600.0000
16033;2023-01-14 13:46:29.910000;2;201187;1;1;9800.0000;1;None;None;133000.0000
33329;2023-01-14 13:52:36.540000;2;201187;1;1;9800.0000;1;2722.0000;None;29400.0000
2086;2023-01-14 15:38:43.240000;2;201187;1;1;9800.0000;1;None;None;87400.0000
2086;2023-01-14 15:21:34.447000;2;201187;1;1;9800.0000;1;None;None;87400.0000
33336;2023-01-14 17:50:15.247000;2;201187;1;2;19600.0000;1;3630.0000;None;39200.0000
33336;2023-01-14 18:28:20.867000;2;201187;1;2;19600.0000;1;3630.0000;None;39200.0000
21458;2023-01-14 23:34:29.240000;2;201187;1;2;19600.0000;1;20056.0000;None;216600.0000
21458;2023-01-15 00:37:51.740000;2;201187;1;2;19600.0000;1;20056.0000;None;216600.0000
21458;2023-01-14 22:07:17.253000;2;201187;1;1;9800.0000;1;20056.0000;None;216600.0000
21458;2023-01-14 22:49:27.893000;2;201187;1;1;9800.0000;1;20056.0000;None;216600.0000
16074;2023-01-14 22:04:10.777000;2;201187;1;2;19600.0000;1;17463.0000;None;188600.0000
2086;2023-01-14 15:38:43.240000;3;201211;1;1;5800.0000;1;None;None;87400.0000
21424;2023-01-14 16:11:39.553000;3;201211;1;1;5800.0000;1;8333.0000;None;90000.0000
21413;2023-01-14 15:00:10.433000;3;201211;1;1;5800.0000;1;12185.0000;None;131600.0000
33327;2023-01-14 13:49:27.507000;3;201211;1;1;5800.0000;1;12278.0000;None;132600.0000
21418;2023-01-14 14:29:00.467000;3;201211;1;1;5800.0000;1;9074.0000;None;98000.0000
16035;2023-01-14 14:21:05.867000;3;201211;1;1;5800.0000;1;29482.0000;None;318400.0000
16035;2023-01-14 14:47:24.597000;3;201211;1;1;5800.0000;1;29482.0000;None;318400.0000
16035;2023-01-14 14:21:05.867000;3;201211;1;1;5800.0000;1;29482.0000;None;318400.0000
2083;2023-01-14 14:25:45.250000;3;201211;1;2;11600.0000;1;21148.0000;None;228400.0000
2092;2023-01-14 21:36:39.400000;3;201211;1;1;5800.0000;1;26759.0000;None;289000.0000
16070;2023-01-14 22:28:20.153000;3;201211;1;2;11600.0000;1;110945.0000;None;1198200.0000
16060;2023-01-14 20:53:19.353000;3;201211;1;1;5800.0000;1;13685.0000;None;147800.0000
16060;2023-01-14 21:30:33.723000;3;201211;1;1;5800.0000;1;13685.0000;None;147800.0000
21450;2023-01-14 20:35:20.297000;3;201211;1;1;5800.0000;1;11778.0000;None;127200.0000
21450;2023-01-14 20:53:30.960000;3;201211;1;1;5800.0000;1;11778.0000;None;127200.0000
21440;2023-01-14 19:27:04.500000;3;201211;1;1;5800.0000;1;17445.0000;None;188400.0000
21440;2023-01-14 19:01:27.153000;3;201211;1;2;11600.0000;1;17445.0000;None;188400.0000
21437;2023-01-14 19:44:01.793000;3;201211;1;1;5800.0000;1;None;None;131600.0000
21412;2023-01-14 13:42:06.573000;3;201211;1;1;5800.0000;1;10352.0000;None;111800.0000
21409;2023-01-14 13:23:01.257000;3;201211;1;1;5800.0000;1;11204.0000;None;121000.0000
21409;2023-01-14 13:23:01.257000;3;201211;1;1;5800.0000;1;11204.0000;None;121000.0000
21409;2023-01-14 14:07:04.747000;3;201211;1;1;5800.0000;1;11204.0000;None;121000.0000
2070;2023-01-14 12:39:59.977000;3;201211;1;1;5800.0000;1;7889.0000;None;85200.0000
21405;2023-01-14 13:01:09.953000;3;201211;1;1;5800.0000;1;11741.0000;None;126800.0000
33316;2023-01-14 12:01:52.517000;3;201237;1;1;5800.0000;1;981.0000;None;10600.0000
33328;2023-01-14 13:51:11.663000;3;201237;1;1;5800.0000;1;9278.0000;None;100200.0000
33327;2023-01-14 13:49:27.507000;3;201269;1;1;5800.0000;1;12278.0000;None;132600.0000
2081;2023-01-14 14:08:55.837000;3;201269;1;1;5800.0000;1;None;None;293400.0000
16041;2023-01-14 14:41:37.173000;3;201269;1;1;5800.0000;1;30982.0000;None;334600.0000
16041;2023-01-14 15:05:53.043000;3;201269;1;2;11600.0000;1;30982.0000;None;334600.0000
21427;2023-01-14 17:21:45.097000;3;201269;1;1;5800.0000;1;26352.0000;None;284600.0000
21401;2023-01-14 12:05:18.970000;2;201615;1;1;13800.0000;1;2556.0000;None;27600.0000
21401;2023-01-14 12:24:37.377000;2;201615;1;1;13800.0000;1;2556.0000;None;27600.0000
21403;2023-01-14 12:11:36.017000;2;201615;1;2;27600.0000;1;13130.0000;None;141800.0000
21421;2023-01-14 15:00:20.740000;2;201615;1;1;13800.0000;1;17407.0000;None;188000.0000
21421;2023-01-14 15:00:20.740000;2;201615;1;1;13800.0000;1;17407.0000;None;188000.0000
2084;2023-01-14 15:08:57.397000;2;201615;1;1;13800.0000;1;18463.0000;None;199400.0000
2084;2023-01-14 14:31:48.807000;2;201615;1;1;13800.0000;1;18463.0000;None;199400.0000
2080;2023-01-14 14:02:29.047000;2;201615;1;2;27600.0000;1;7870.0000;None;85000.0000
21418;2023-01-14 14:11:51.047000;2;201615;1;1;13800.0000;1;9074.0000;None;98000.0000
2084;2023-01-14 14:31:48.807000;2;201615;1;1;13800.0000;1;18463.0000;None;199400.0000
21413;2023-01-14 13:21:48.133000;2;201615;1;1;13800.0000;1;12185.0000;None;131600.0000
21413;2023-01-14 14:05:09.903000;2;201615;1;1;13800.0000;1;12185.0000;None;131600.0000
33342;2023-01-14 19:19:53.467000;2;201615;1;2;27600.0000;1;15426.0000;None;166600.0000
33342;2023-01-14 20:02:47.127000;2;201615;1;1;13800.0000;1;15426.0000;None;166600.0000
21443;2023-01-14 20:22:50.877000;2;201615;1;1;13800.0000;1;13204.0000;None;142600.0000
21443;2023-01-14 21:21:47.690000;2;201615;1;1;13800.0000;1;13204.0000;None;142600.0000
16057;2023-01-14 22:07:32.267000;2;201615;1;1;13800.0000;1;7667.0000;None;82800.0000
16057;2023-01-14 21:01:32.713000;2;201615;1;1;13800.0000;1;7667.0000;None;82800.0000
16057;2023-01-14 21:32:05.497000;2;201615;1;1;13800.0000;1;7667.0000;None;82800.0000
33348;2023-01-14 20:03:24.613000;2;201615;1;1;13800.0000;1;7148.0000;None;77200.0000
21410;2023-01-14 13:26:34.297000;3;201958;1;1;5800.0000;1;5685.0000;None;61400.0000
21412;2023-01-14 13:42:06.573000;3;201958;1;1;5800.0000;1;10352.0000;None;111800.0000
21403;2023-01-14 12:11:36.017000;3;201958;1;1;5800.0000;1;13130.0000;None;141800.0000
16030;2023-01-14 11:07:19.953000;3;201958;1;1;5800.0000;1;7870.0000;None;85000.0000
16030;2023-01-14 11:35:18.530000;3;201958;1;1;5800.0000;1;7870.0000;None;85000.0000
21400;2023-01-14 11:37:28.777000;3;201958;1;1;5800.0000;1;17926.0000;None;193600.0000
2070;2023-01-14 12:39:59.993000;3;201958;1;1;5800.0000;1;7889.0000;None;85200.0000
21448;2023-01-14 20:06:33.073000;3;201958;1;1;5800.0000;1;15463.0000;None;167000.0000
16060;2023-01-14 21:30:33.723000;3;201958;1;1;5800.0000;1;13685.0000;None;147800.0000
16070;2023-01-14 21:22:21.767000;3;201958;1;1;5800.0000;1;110945.0000;None;1198200.0000
21442;2023-01-14 20:47:20.933000;3;201958;1;1;5800.0000;1;26370.0000;None;284800.0000
2076;2023-01-14 14:14:43.577000;3;201958;1;1;5800.0000;1;13296.0000;None;143600.0000
2076;2023-01-14 13:38:07.263000;3;201958;1;1;5800.0000;1;13296.0000;None;143600.0000
16040;2023-01-14 14:38:40.853000;3;201958;1;2;11600.0000;1;15667.0000;None;169200.0000
16040;2023-01-14 14:57:27.690000;3;201958;1;1;5800.0000;1;15667.0000;None;169200.0000
21427;2023-01-14 17:21:45.097000;3;201958;1;1;5800.0000;1;26352.0000;None;284600.0000
21429;2023-01-14 17:25:51.817000;3;201958;1;1;5800.0000;1;7204.0000;None;77800.0000
21429;2023-01-14 17:25:51.817000;3;201958;1;1;5800.0000;1;7204.0000;None;77800.0000
21427;2023-01-14 17:42:43.087000;3;201958;1;1;5800.0000;1;26352.0000;None;284600.0000
21427;2023-01-14 17:48:09.060000;3;201958;1;1;5800.0000;1;26352.0000;None;284600.0000
16055;2023-01-14 19:55:29.717000;2;201959;1;1;13800.0000;1;23278.0000;None;251400.0000
16055;2023-01-14 19:14:35.047000;2;201959;1;2;27600.0000;1;23278.0000;None;251400.0000
16057;2023-01-14 20:33:41.613000;2;201960;1;1;13800.0000;1;7667.0000;None;82800.0000
16057;2023-01-14 20:48:54.067000;2;201960;1;1;13800.0000;1;7667.0000;None;82800.0000
16057;2023-01-14 21:32:05.497000;2;201960;1;1;13800.0000;1;7667.0000;None;82800.0000
16078;2023-01-14 22:46:15.183000;2;201961;1;1;13800.0000;1;4500.0000;None;48600.0000
21424;2023-01-14 16:11:39.553000;3;202112;1;1;9800.0000;1;8333.0000;None;90000.0000
16033;2023-01-14 13:46:29.910000;3;202114;1;1;9800.0000;1;None;None;133000.0000
16029;2023-01-14 12:39:12.620000;3;202114;1;1;9800.0000;1;None;None;143600.0000
33333;2023-01-14 16:48:20.273000;3;202134;1;1;9800.0000;1;3630.0000;None;39200.0000
21455;2023-01-14 21:27:06.570000;3;202134;1;1;9800.0000;1;5574.0000;None;60200.0000
21458;2023-01-14 22:07:17.253000;2;202604;1;1;12800.0000;1;20056.0000;None;216600.0000
21458;2023-01-14 23:34:29.240000;2;202604;1;1;12800.0000;1;20056.0000;None;216600.0000
