16087;2023-01-15 14:42:28.940000;None;2;None;1;-5800.0000;2;11954.0000;None;129100.0000
16080;2023-01-15 09:42:00.933000;7;1002;1;1;0.0000;1;6204.0000;None;67000.0000
21471;2023-01-15 10:57:02.960000;7;1002;1;1;0.0000;1;7815.0000;None;84400.0000
21471;2023-01-15 10:57:02.960000;7;1002;1;1;0.0000;1;7815.0000;None;84400.0000
21472;2023-01-15 11:12:04.933000;7;1002;1;1;0.0000;1;8222.0000;None;88800.0000
21476;2023-01-15 11:40:25.423000;7;1002;1;1;0.0000;1;20945.0000;None;226200.0000
33383;2023-01-15 15:11:46.073000;7;1002;1;1;0.0000;1;12426.0000;None;134200.0000
33383;2023-01-15 15:11:46.073000;7;1002;1;1;0.0000;1;12426.0000;None;134200.0000
21487;2023-01-15 13:11:47.700000;7;1002;1;1;0.0000;1;9833.0000;None;106200.0000
21492;2023-01-15 14:05:17.537000;7;1002;1;1;0.0000;1;82093.0000;None;886600.0000
33373;2023-01-15 14:07:38.003000;7;1002;1;1;0.0000;1;17907.0000;None;193400.0000
2108;2023-01-15 14:37:18.897000;7;1002;1;1;0.0000;1;26611.0000;None;287400.0000
21500;2023-01-15 14:29:06.693000;7;1004;1;1;0.0000;1;41019.0000;None;443000.0000
2110;2023-01-15 14:29:25.853000;7;1006;1;1;0.0000;1;18389.0000;None;198600.0000
2110;2023-01-15 14:29:25.853000;7;1006;1;1;0.0000;1;18389.0000;None;198600.0000
16090;2023-01-15 14:49:57.733000;7;1006;1;1;0.0000;1;30204.0000;None;326200.0000
33377;2023-01-15 14:32:55.860000;7;1006;1;1;0.0000;1;11519.0000;None;124400.0000
2104;2023-01-15 14:09:21.910000;7;1006;1;1;0.0000;1;31537.0000;None;340600.0000
33376;2023-01-15 14:08:49.990000;7;1006;1;1;0.0000;1;15148.0000;None;163600.0000
21490;2023-01-15 13:20:40.197000;7;1006;1;1;0.0000;1;4296.0000;None;46400.0000
21491;2023-01-15 13:40:14.490000;7;1006;1;1;0.0000;1;56741.0000;None;612800.0000
21491;2023-01-15 13:57:10.670000;7;1006;1;1;0.0000;1;56741.0000;None;612800.0000
33369;2023-01-15 13:11:08.903000;7;1006;1;1;0.0000;1;29352.0000;None;317000.0000
33364;2023-01-15 12:49:09.547000;7;1006;1;1;0.0000;1;24389.0000;None;263400.0000
33367;2023-01-15 13:02:34.030000;7;1006;1;1;0.0000;1;9519.0000;None;102800.0000
21479;2023-01-15 12:00:59.990000;7;1006;1;1;None;1;3259.0000;None;35200.0000
33359;2023-01-15 12:26:19.977000;7;1006;1;1;0.0000;1;7482.0000;None;80800.0000
33359;2023-01-15 12:26:19.977000;7;1006;1;1;0.0000;1;7482.0000;None;80800.0000
21467;2023-01-15 09:56:42.903000;7;1006;1;1;0.0000;1;13870.0000;None;149800.0000
21467;2023-01-15 09:56:42.903000;7;1007;1;1;0.0000;1;13870.0000;None;149800.0000
21472;2023-01-15 11:12:04.933000;7;1007;1;1;0.0000;1;8222.0000;None;88800.0000
21476;2023-01-15 11:40:25.423000;7;1045;1;1;0.0000;1;20945.0000;None;226200.0000
16080;2023-01-15 09:42:00.933000;7;1045;1;1;0.0000;1;6204.0000;None;67000.0000
33364;2023-01-15 12:57:39.883000;7;1045;1;1;0.0000;1;24389.0000;None;263400.0000
33376;2023-01-15 14:08:49.990000;7;1045;1;1;0.0000;1;15148.0000;None;163600.0000
33378;2023-01-15 14:13:18.207000;7;1045;1;1;None;1;15759.0000;None;170200.0000
21469;2023-01-15 10:55:53.963000;7;1131;1;1;0.0000;1;None;None;38000.0000
21473;2023-01-15 11:21:58.180000;7;1132;1;1;0.0000;1;5944.0000;None;64200.0000
21474;2023-01-15 11:32:52.273000;7;1132;1;1;0.0000;1;6482.0000;None;70000.0000
21476;2023-01-15 11:40:25.423000;7;1132;1;1;0.0000;1;20945.0000;None;226200.0000
21476;2023-01-15 11:40:25.423000;7;1132;1;3;0.0000;1;20945.0000;None;226200.0000
16080;2023-01-15 09:42:00.933000;7;1132;1;1;0.0000;1;6204.0000;None;67000.0000
16080;2023-01-15 09:42:00.933000;7;1135;1;1;0.0000;1;6204.0000;None;67000.0000
33353;2023-01-15 11:54:29.720000;7;1135;1;1;0.0000;1;10852.0000;None;117200.0000
2094;2023-01-15 11:49:21.307000;7;1135;1;1;0.0000;1;None;None;117600.0000
33361;2023-01-15 12:41:20.807000;7;1135;1;1;0.0000;1;16148.0000;None;174400.0000
2108;2023-01-15 14:37:18.897000;7;1135;1;1;0.0000;1;26611.0000;None;287400.0000
16088;2023-01-15 14:05:20.807000;7;1135;1;1;0.0000;1;13296.0000;None;143600.0000
33376;2023-01-15 14:05:48.533000;7;1135;1;1;0.0000;1;15148.0000;None;163600.0000
33374;2023-01-15 14:01:01.433000;7;1135;1;1;0.0000;1;4407.0000;None;47600.0000
2102;2023-01-15 13:38:59.797000;7;1135;1;1;None;1;10796.0000;None;116600.0000
16086;2023-01-15 13:09:02.183000;7;1135;1;1;0.0000;1;11000.0000;None;118800.0000
33367;2023-01-15 13:02:34.030000;7;1135;1;1;0.0000;1;9519.0000;None;102800.0000
33367;2023-01-15 13:02:34.030000;7;1135;1;1;0.0000;1;9519.0000;None;102800.0000
33363;2023-01-15 12:50:18.287000;7;1135;1;1;0.0000;1;13759.0000;None;148600.0000
33369;2023-01-15 13:11:08.903000;7;1135;1;1;0.0000;1;29352.0000;None;317000.0000
21491;2023-01-15 13:40:14.490000;7;1135;1;1;0.0000;1;56741.0000;None;612800.0000
21490;2023-01-15 13:20:40.197000;7;1135;1;1;0.0000;1;4296.0000;None;46400.0000
21492;2023-01-15 13:54:26.200000;7;1135;1;1;0.0000;1;82093.0000;None;886600.0000
33382;2023-01-15 15:08:35.607000;7;1135;1;1;0.0000;1;14204.0000;None;153400.0000
21504;2023-01-15 15:30:37.917000;7;1135;1;1;0.0000;1;20870.0000;None;225400.0000
16099;2023-01-15 15:45:56.483000;7;1135;1;1;0.0000;1;5963.0000;None;64400.0000
21499;2023-01-15 14:46:28.537000;7;1135;1;1;0.0000;1;14241.0000;None;153800.0000
2108;2023-01-15 14:37:18.897000;7;1138;1;1;0.0000;1;26611.0000;None;287400.0000
21484;2023-01-15 12:30:40.310000;7;1207;1;1;0.0000;1;4389.0000;None;47400.0000
21478;2023-01-15 12:30:02.070000;7;1207;1;1;0.0000;1;11796.0000;None;127400.0000
21478;2023-01-15 12:30:02.070000;7;1207;1;1;0.0000;1;11796.0000;None;127400.0000
33358;2023-01-15 12:12:55.567000;7;1207;1;1;0.0000;1;1796.0000;None;19400.0000
33354;2023-01-15 14:14:10.047000;7;1207;1;1;0.0000;1;9482.0000;None;102400.0000
33354;2023-01-15 12:31:56.257000;7;1207;1;1;0.0000;1;9482.0000;None;102400.0000
21470;2023-01-15 11:13:24.873000;7;1207;1;1;0.0000;1;8185.0000;None;88400.0000
16088;2023-01-15 14:05:20.807000;7;1207;1;1;0.0000;1;13296.0000;None;143600.0000
16088;2023-01-15 14:05:20.807000;7;1207;1;1;0.0000;1;13296.0000;None;143600.0000
33375;2023-01-15 14:22:28.183000;7;1207;1;1;0.0000;1;2556.0000;None;27600.0000
21492;2023-01-15 14:41:29.467000;7;1207;1;1;None;1;82093.0000;None;886600.0000
33371;2023-01-15 13:47:43.060000;7;1207;1;2;0.0000;1;22204.0000;None;239800.0000
21492;2023-01-15 13:21:44.427000;7;1207;1;1;0.0000;1;82093.0000;None;886600.0000
21488;2023-01-15 13:11:17.963000;7;1207;1;1;0.0000;1;7889.0000;None;85200.0000
2101;2023-01-15 13:12:42.717000;7;1207;1;1;0.0000;1;10352.0000;None;111800.0000
33362;2023-01-15 13:36:52.207000;7;1207;1;1;0.0000;1;17982.0000;None;194200.0000
33362;2023-01-15 13:36:52.207000;7;1207;1;1;0.0000;1;17982.0000;None;194200.0000
2111;2023-01-15 14:33:57.980000;7;1207;1;1;0.0000;1;17833.0000;None;192600.0000
16100;2023-01-15 15:56:00.267000;7;1207;1;1;0.0000;1;3333.0000;None;36000.0000
16090;2023-01-15 15:53:08.183000;7;1216;1;1;0.0000;1;30204.0000;None;326200.0000
21499;2023-01-15 15:25:30.387000;7;1216;1;1;0.0000;1;14241.0000;None;153800.0000
21491;2023-01-15 14:11:24.847000;7;1216;1;1;0.0000;1;56741.0000;None;612800.0000
21492;2023-01-15 15:21:02.967000;7;1216;1;1;0.0000;1;82093.0000;None;886600.0000
33364;2023-01-15 13:31:16.293000;7;1219;1;1;0.0000;1;24389.0000;None;263400.0000
33353;2023-01-15 11:54:29.720000;7;1302;1;1;0.0000;1;10852.0000;None;117200.0000
21491;2023-01-15 13:57:10.670000;7;1302;1;1;0.0000;1;56741.0000;None;612800.0000
21491;2023-01-15 13:57:10.670000;7;1302;1;1;0.0000;1;56741.0000;None;612800.0000
33373;2023-01-15 14:07:38.003000;7;1302;1;1;0.0000;1;17907.0000;None;193400.0000
2115;2023-01-15 15:15:15.533000;7;1302;1;1;0.0000;1;10389.0000;None;112200.0000
21490;2023-01-15 13:20:40.197000;7;1303;1;1;0.0000;1;4296.0000;None;46400.0000
21487;2023-01-15 13:46:23.047000;7;1305;1;1;0.0000;1;9833.0000;None;106200.0000
33372;2023-01-15 14:34:53.277000;7;1305;1;1;0.0000;1;4019.0000;None;43400.0000
33372;2023-01-15 14:34:53.277000;7;1305;1;1;0.0000;1;4019.0000;None;43400.0000
33371;2023-01-15 14:34:43.577000;7;1305;1;1;0.0000;1;22204.0000;None;239800.0000
33371;2023-01-15 14:34:43.577000;7;1305;1;1;0.0000;1;22204.0000;None;239800.0000
21497;2023-01-15 13:46:12.317000;7;1305;1;1;0.0000;1;9148.0000;None;98800.0000
33374;2023-01-15 14:34:35.850000;7;1305;1;1;0.0000;1;4407.0000;None;47600.0000
33374;2023-01-15 14:34:35.850000;7;1305;1;1;0.0000;1;4407.0000;None;47600.0000
33382;2023-01-15 15:39:40.240000;7;1305;1;1;0.0000;1;14204.0000;None;153400.0000
33382;2023-01-15 15:39:40.240000;7;1305;1;1;0.0000;1;14204.0000;None;153400.0000
33382;2023-01-15 15:39:40.240000;7;1305;1;1;0.0000;1;14204.0000;None;153400.0000
21499;2023-01-15 14:34:03.090000;7;1305;1;1;0.0000;1;14241.0000;None;153800.0000
2108;2023-01-15 14:37:18.897000;7;1306;1;1;0.0000;1;26611.0000;None;287400.0000
21492;2023-01-15 14:05:17.537000;7;1306;1;1;0.0000;1;82093.0000;None;886600.0000
21491;2023-01-15 13:57:10.670000;7;1306;1;1;0.0000;1;56741.0000;None;612800.0000
21491;2023-01-15 13:57:10.670000;7;1306;1;1;0.0000;1;56741.0000;None;612800.0000
21491;2023-01-15 13:57:10.670000;7;1306;1;1;0.0000;1;56741.0000;None;612800.0000
21491;2023-01-15 13:57:10.670000;7;1306;1;1;0.0000;1;56741.0000;None;612800.0000
16080;2023-01-15 09:52:24.600000;7;1310;1;1;0.0000;1;6204.0000;None;67000.0000
21476;2023-01-15 12:02:09.453000;7;1310;1;1;0.0000;1;20945.0000;None;226200.0000
33378;2023-01-15 14:38:28.207000;7;1310;1;1;0.0000;1;15759.0000;None;170200.0000
33376;2023-01-15 14:36:31.240000;7;1310;1;1;0.0000;1;15148.0000;None;163600.0000
33375;2023-01-15 14:45:33.247000;7;2008;1;-4;0.0000;1;2556.0000;None;27600.0000
33375;2023-01-15 14:02:25.257000;7;2008;1;4;0.0000;1;2556.0000;None;27600.0000
33375;2023-01-15 14:17:11.977000;7;2008;1;4;None;1;2556.0000;None;27600.0000
21492;2023-01-15 14:57:56.683000;7;2008;1;2;0.0000;1;82093.0000;None;886600.0000
2099;2023-01-15 12:52:57.080000;7;2008;1;2;0.0000;1;14000.0000;None;151200.0000
16100;2023-01-15 16:26:58.977000;7;2008;1;2;0.0000;1;3333.0000;None;36000.0000
33353;2023-01-15 11:38:38.387000;7;2009;1;1;None;1;10852.0000;None;117200.0000
33353;2023-01-15 11:38:38.387000;7;2009;1;1;None;1;10852.0000;None;117200.0000
21477;2023-01-15 11:38:04.173000;7;2009;1;1;0.0000;1;1167.0000;None;12600.0000
21468;2023-01-15 10:11:20.487000;7;2009;1;2;0.0000;1;2519.0000;None;27200.0000
21469;2023-01-15 10:38:41.243000;7;2009;1;2;0.0000;1;None;None;38000.0000
21469;2023-01-15 10:38:41.243000;7;2042;1;1;0.0000;1;None;None;38000.0000
21468;2023-01-15 10:30:03.847000;7;2042;1;1;0.0000;1;2519.0000;None;27200.0000
33363;2023-01-15 12:47:49.537000;7;2042;1;1;0.0000;1;13759.0000;None;148600.0000
21485;2023-01-15 12:53:34.343000;7;2042;1;1;None;1;17130.0000;None;185000.0000
21485;2023-01-15 13:16:24.193000;7;2042;1;1;None;1;17130.0000;None;185000.0000
33376;2023-01-15 14:05:48.533000;7;2042;1;1;0.0000;1;15148.0000;None;163600.0000
16080;2023-01-15 10:14:14.440000;7;2045;1;1;0.0000;1;6204.0000;None;67000.0000
21468;2023-01-15 10:30:03.847000;7;2045;1;1;0.0000;1;2519.0000;None;27200.0000
2111;2023-01-15 14:34:52.657000;7;2049;1;1;0.0000;1;17833.0000;None;192600.0000
16099;2023-01-15 15:45:56.483000;7;2050;1;1;0.0000;1;5963.0000;None;64400.0000
21488;2023-01-15 13:11:17.963000;7;2050;1;1;0.0000;1;7889.0000;None;85200.0000
2093;2023-01-15 10:28:26.190000;7;2050;1;1;0.0000;1;1815.0000;None;19600.0000
21467;2023-01-15 10:17:34.247000;7;2050;1;1;0.0000;1;13870.0000;None;149800.0000
33379;2023-01-15 14:15:03.100000;7;2053;1;1;0.0000;1;12722.0000;None;137400.0000
33379;2023-01-15 14:15:03.100000;7;2053;1;1;0.0000;1;12722.0000;None;137400.0000
33379;2023-01-15 15:39:27.263000;7;2053;1;1;0.0000;1;12722.0000;None;137400.0000
33367;2023-01-15 13:02:34.030000;7;2072;1;1;0.0000;1;9519.0000;None;102800.0000
33363;2023-01-15 12:47:49.537000;7;2072;1;1;0.0000;1;13759.0000;None;148600.0000
2115;2023-01-15 15:15:15.533000;7;2072;1;1;0.0000;1;10389.0000;None;112200.0000
33381;2023-01-15 14:24:43.710000;7;2072;1;1;0.0000;1;14315.0000;None;154600.0000
21471;2023-01-15 10:57:02.960000;7;2072;1;1;0.0000;1;7815.0000;None;84400.0000
33359;2023-01-15 12:26:19.977000;7;2072;1;1;0.0000;1;7482.0000;None;80800.0000
2098;2023-01-15 13:22:03.287000;7;2072;1;1;0.0000;1;15454.0000;None;166900.0000
2098;2023-01-15 12:59:15.117000;7;2072;1;1;0.0000;1;15454.0000;None;166900.0000
2098;2023-01-15 12:30:20.363000;7;2072;1;1;0.0000;1;15454.0000;None;166900.0000
21498;2023-01-15 14:22:43.890000;7;2094;1;1;0.0000;1;8870.0000;None;95800.0000
21503;2023-01-15 14:31:30.700000;7;2094;1;1;0.0000;1;6685.0000;None;72200.0000
21487;2023-01-15 13:40:25.577000;7;2094;1;1;0.0000;1;9833.0000;None;106200.0000
21488;2023-01-15 13:09:25.310000;7;2094;1;1;0.0000;1;7889.0000;None;85200.0000
21492;2023-01-15 15:10:55.560000;7;2094;1;1;0.0000;1;82093.0000;None;886600.0000
21493;2023-01-15 15:02:11.930000;7;2094;1;2;0.0000;1;17111.0000;None;184800.0000
21493;2023-01-15 14:03:06.737000;7;2094;1;2;0.0000;1;17111.0000;None;184800.0000
21497;2023-01-15 13:39:37.823000;7;2094;1;1;0.0000;1;9148.0000;None;98800.0000
2100;2023-01-15 13:26:58.240000;3;100596;1;1;5800.0000;1;8870.0000;None;95800.0000
33364;2023-01-15 13:31:16.293000;3;100596;1;1;5800.0000;1;24389.0000;None;263400.0000
21498;2023-01-15 15:07:43.213000;3;100596;1;1;5800.0000;1;8870.0000;None;95800.0000
21499;2023-01-15 16:04:31.067000;3;100606;1;1;6800.0000;1;14241.0000;None;153800.0000
16100;2023-01-15 16:26:58.977000;3;100606;1;2;13600.0000;1;3333.0000;None;36000.0000
16100;2023-01-15 15:56:00.267000;3;100606;1;1;6800.0000;1;3333.0000;None;36000.0000
21472;2023-01-15 11:04:28.870000;3;100606;1;1;6800.0000;1;8222.0000;None;88800.0000
21472;2023-01-15 11:43:11.263000;3;100606;1;1;6800.0000;1;8222.0000;None;88800.0000
33354;2023-01-15 11:41:16.050000;3;100606;1;1;6800.0000;1;9482.0000;None;102400.0000
21477;2023-01-15 11:38:04.173000;3;100606;1;1;6800.0000;1;1167.0000;None;12600.0000
33353;2023-01-15 11:54:29.720000;3;100606;1;1;6800.0000;1;10852.0000;None;117200.0000
33353;2023-01-15 11:38:38.387000;3;100606;1;1;6800.0000;1;10852.0000;None;117200.0000
21467;2023-01-15 09:53:38.340000;3;100606;1;1;6800.0000;1;13870.0000;None;149800.0000
21469;2023-01-15 10:38:41.243000;3;100606;1;2;13600.0000;1;None;None;38000.0000
21468;2023-01-15 10:11:20.487000;3;100606;1;2;13600.0000;1;2519.0000;None;27200.0000
21476;2023-01-15 12:06:27.637000;3;100607;1;1;6800.0000;1;20945.0000;None;226200.0000
33356;2023-01-15 12:12:49.303000;3;100607;1;1;6800.0000;1;2667.0000;None;28800.0000
33356;2023-01-15 11:55:34.093000;3;100607;1;2;13600.0000;1;2667.0000;None;28800.0000
21476;2023-01-15 11:36:47.080000;3;100607;1;3;20400.0000;1;20945.0000;None;226200.0000
21474;2023-01-15 11:32:52.273000;3;100607;1;2;13600.0000;1;6482.0000;None;70000.0000
33358;2023-01-15 12:12:55.567000;3;100607;1;2;13600.0000;1;1796.0000;None;19400.0000
21479;2023-01-15 12:00:59.990000;3;100613;1;1;5800.0000;1;3259.0000;None;35200.0000
21498;2023-01-15 15:07:43.213000;3;100613;1;1;5800.0000;1;8870.0000;None;95800.0000
2101;2023-01-15 13:57:00.720000;3;100613;1;1;5800.0000;1;10352.0000;None;111800.0000
16087;2023-01-15 14:38:21.440000;3;100613;1;1;5800.0000;1;11954.0000;None;129100.0000
33377;2023-01-15 15:34:27.230000;3;100614;1;1;5800.0000;1;11519.0000;None;124400.0000
21491;2023-01-15 14:53:21.897000;3;100614;1;3;17400.0000;1;56741.0000;None;612800.0000
21485;2023-01-15 13:49:41.420000;3;100614;1;2;11600.0000;1;17130.0000;None;185000.0000
2099;2023-01-15 13:48:47.007000;3;100614;1;1;5800.0000;1;14000.0000;None;151200.0000
21499;2023-01-15 15:54:44.750000;3;100614;1;1;5800.0000;1;14241.0000;None;153800.0000
21500;2023-01-15 15:22:40.663000;3;100614;1;2;11600.0000;1;41019.0000;None;443000.0000
2111;2023-01-15 15:15:30.357000;3;100614;1;1;5800.0000;1;17833.0000;None;192600.0000
33384;2023-01-15 15:46:27.393000;3;100614;1;1;5800.0000;1;537.0000;None;5800.0000
21505;2023-01-15 15:37:19.667000;3;100614;1;1;5800.0000;1;537.0000;None;5800.0000
16090;2023-01-15 15:46:05.607000;3;100614;1;2;11600.0000;1;30204.0000;None;326200.0000
16090;2023-01-15 15:50:54.863000;3;100614;1;1;5800.0000;1;30204.0000;None;326200.0000
21476;2023-01-15 11:36:47.080000;3;100614;1;1;5800.0000;1;20945.0000;None;226200.0000
21471;2023-01-15 10:51:42.853000;3;100614;1;2;11600.0000;1;7815.0000;None;84400.0000
21469;2023-01-15 10:54:46.887000;3;100614;1;1;5800.0000;1;None;None;38000.0000
33353;2023-01-15 12:27:08.883000;3;100614;1;1;5800.0000;1;10852.0000;None;117200.0000
21476;2023-01-15 12:06:27.637000;3;100614;1;2;11600.0000;1;20945.0000;None;226200.0000
21467;2023-01-15 09:53:38.340000;3;100614;1;1;5800.0000;1;13870.0000;None;149800.0000
21467;2023-01-15 09:53:38.340000;1;100622;1;3;8400.0000;1;13870.0000;None;149800.0000
21468;2023-01-15 10:11:20.487000;1;100622;1;1;2800.0000;1;2519.0000;None;27200.0000
33356;2023-01-15 11:57:11.770000;1;100622;1;1;2800.0000;1;2667.0000;None;28800.0000
33356;2023-01-15 11:57:11.770000;1;100622;1;1;2800.0000;1;2667.0000;None;28800.0000
33356;2023-01-15 12:12:49.303000;1;100622;1;1;2800.0000;1;2667.0000;None;28800.0000
21476;2023-01-15 11:40:25.423000;1;100846;1;3;89400.0000;1;20945.0000;None;226200.0000
16099;2023-01-15 15:45:56.483000;1;100855;1;1;27800.0000;1;5963.0000;None;64400.0000
16087;2023-01-15 13:52:04.620000;1;100891;1;1;36800.0000;1;11954.0000;None;129100.0000
21484;2023-01-15 12:30:40.310000;1;100891;1;1;36800.0000;1;4389.0000;None;47400.0000
33352;2023-01-15 11:29:39.907000;1;100892;1;1;36800.0000;1;8370.0000;None;90400.0000
2102;2023-01-15 13:59:39.333000;1;100892;1;1;36800.0000;1;10796.0000;None;116600.0000
33373;2023-01-15 14:07:38.003000;1;100892;1;1;36800.0000;1;17907.0000;None;193400.0000
33379;2023-01-15 14:53:49.033000;1;100892;1;1;36800.0000;1;12722.0000;None;137400.0000
33379;2023-01-15 14:53:49.033000;1;100892;1;1;36800.0000;1;12722.0000;None;137400.0000
33363;2023-01-15 12:47:49.537000;1;100892;1;1;36800.0000;1;13759.0000;None;148600.0000
16085;2023-01-15 12:25:18.047000;1;100892;1;1;36800.0000;1;8593.0000;None;92800.0000
2101;2023-01-15 13:33:18.747000;1;100892;1;1;36800.0000;1;10352.0000;None;111800.0000
33383;2023-01-15 15:11:46.073000;1;100892;1;1;36800.0000;1;12426.0000;None;134200.0000
16090;2023-01-15 14:49:57.733000;1;100892;1;1;36800.0000;1;30204.0000;None;326200.0000
21503;2023-01-15 14:31:30.700000;1;100892;1;1;36800.0000;1;6685.0000;None;72200.0000
2112;2023-01-15 15:00:39.910000;1;100892;1;1;36800.0000;1;9630.0000;None;104000.0000
2115;2023-01-15 15:15:15.533000;1;100894;1;1;36800.0000;1;10389.0000;None;112200.0000
16097;2023-01-15 15:16:59.043000;1;100894;1;1;36800.0000;1;None;None;98000.0000
21489;2023-01-15 13:19:09.663000;1;100894;1;1;36800.0000;1;8519.0000;None;92000.0000
33376;2023-01-15 14:33:15.493000;1;100894;1;1;36800.0000;1;15148.0000;None;163600.0000
33357;2023-01-15 12:12:14.640000;1;100894;1;1;36800.0000;1;5482.0000;None;59200.0000
16097;2023-01-15 15:16:59.043000;1;100896;1;1;36800.0000;1;None;None;98000.0000
2114;2023-01-15 15:11:56.267000;1;100896;1;2;73600.0000;1;13685.0000;None;147800.0000
16096;2023-01-15 14:06:14.247000;1;100896;1;1;36800.0000;1;19130.0000;None;206600.0000
16096;2023-01-15 14:19:36.260000;1;100896;1;1;36800.0000;1;19130.0000;None;206600.0000
16090;2023-01-15 14:49:57.733000;1;100896;1;1;36800.0000;1;30204.0000;None;326200.0000
2110;2023-01-15 14:29:25.853000;1;100896;1;1;36800.0000;1;18389.0000;None;198600.0000
21493;2023-01-15 14:32:34.003000;2;100988;1;1;30800.0000;1;17111.0000;None;184800.0000
21493;2023-01-15 13:22:55.467000;2;100988;1;1;30800.0000;1;17111.0000;None;184800.0000
21474;2023-01-15 11:32:52.273000;1;100995;1;1;10800.0000;1;6482.0000;None;70000.0000
21469;2023-01-15 10:55:53.963000;1;100995;1;1;10800.0000;1;None;None;38000.0000
21470;2023-01-15 10:48:35.737000;1;100995;1;2;21600.0000;1;8185.0000;None;88400.0000
21471;2023-01-15 10:57:02.960000;1;100995;1;1;10800.0000;1;7815.0000;None;84400.0000
21476;2023-01-15 11:36:47.080000;1;100995;1;1;10800.0000;1;20945.0000;None;226200.0000
33353;2023-01-15 11:54:29.720000;1;100995;1;1;10800.0000;1;10852.0000;None;117200.0000
21468;2023-01-15 10:11:20.487000;1;100995;1;1;10800.0000;1;2519.0000;None;27200.0000
21496;2023-01-15 15:31:33.343000;3;100999;1;1;5800.0000;1;15519.0000;None;167600.0000
33379;2023-01-15 15:42:22.187000;3;100999;1;1;5800.0000;1;12722.0000;None;137400.0000
21489;2023-01-15 13:59:38.593000;3;100999;1;1;5800.0000;1;8519.0000;None;92000.0000
33363;2023-01-15 13:28:40.327000;3;100999;1;2;11600.0000;1;13759.0000;None;148600.0000
21496;2023-01-15 14:48:42.900000;1;101043;5;1;19800.0000;1;15519.0000;None;167600.0000
21503;2023-01-15 15:04:48.930000;1;101043;5;1;19800.0000;1;6685.0000;None;72200.0000
2110;2023-01-15 15:20:13.210000;1;101043;5;1;19800.0000;1;18389.0000;None;198600.0000
21500;2023-01-15 15:08:17.533000;1;101043;5;1;19800.0000;1;41019.0000;None;443000.0000
21499;2023-01-15 15:25:30.387000;1;101088;1;1;3800.0000;1;14241.0000;None;153800.0000
33364;2023-01-15 13:31:16.293000;1;101088;1;1;3800.0000;1;24389.0000;None;263400.0000
33352;2023-01-15 11:29:30.977000;1;101176;1;1;39800.0000;1;8370.0000;None;90400.0000
33363;2023-01-15 12:47:49.537000;1;101176;1;1;39800.0000;1;13759.0000;None;148600.0000
16090;2023-01-15 14:49:12.707000;1;101176;1;1;39800.0000;1;30204.0000;None;326200.0000
21472;2023-01-15 11:12:04.933000;1;101197;1;1;16800.0000;1;8222.0000;None;88800.0000
33365;2023-01-15 12:52:03.157000;3;101208;1;1;12800.0000;1;2556.0000;None;27600.0000
33367;2023-01-15 13:02:34.030000;1;101244;1;1;29800.0000;1;9519.0000;None;102800.0000
33376;2023-01-15 14:05:48.533000;1;101244;1;1;29800.0000;1;15148.0000;None;163600.0000
33382;2023-01-15 15:08:35.607000;1;101244;1;1;29800.0000;1;14204.0000;None;153400.0000
16096;2023-01-15 14:06:14.247000;1;101244;1;1;29800.0000;1;19130.0000;None;206600.0000
21500;2023-01-15 14:30:37.070000;1;101244;1;1;29800.0000;1;41019.0000;None;443000.0000
16087;2023-01-15 13:52:04.620000;1;101254;1;1;27800.0000;1;11954.0000;None;129100.0000
21494;2023-01-15 13:25:18.580000;1;101254;1;1;27800.0000;1;9093.0000;None;98200.0000
33366;2023-01-15 12:58:41.437000;1;101270;5;1;0.0000;1;4222.0000;None;45600.0000
21472;2023-01-15 11:43:11.263000;3;101333;1;1;14800.0000;1;8222.0000;None;88800.0000
21467;2023-01-15 09:53:38.340000;3;101333;1;1;14800.0000;1;13870.0000;None;149800.0000
16080;2023-01-15 09:40:53.820000;3;101333;1;2;29600.0000;1;6204.0000;None;67000.0000
2098;2023-01-15 12:59:15.117000;3;101410;1;1;0.0000;1;15454.0000;None;166900.0000
2101;2023-01-15 13:29:44.770000;3;101410;1;3;0.0000;1;10352.0000;None;111800.0000
2101;2023-01-15 13:30:33.077000;3;101410;1;1;0.0000;1;10352.0000;None;111800.0000
2101;2023-01-15 13:30:33.077000;3;101410;1;1;0.0000;1;10352.0000;None;111800.0000
21494;2023-01-15 13:25:18.580000;3;101410;1;1;0.0000;1;9093.0000;None;98200.0000
21500;2023-01-15 14:30:37.070000;3;101410;1;1;0.0000;1;41019.0000;None;443000.0000
33382;2023-01-15 15:08:35.607000;3;101410;1;3;0.0000;1;14204.0000;None;153400.0000
2110;2023-01-15 14:29:25.853000;1;101433;2;1;0.0000;1;18389.0000;None;198600.0000
21492;2023-01-15 14:05:17.537000;1;101433;1;1;0.0000;1;82093.0000;None;886600.0000
2104;2023-01-15 14:09:21.910000;6;101438;5;1;0.0000;1;31537.0000;None;340600.0000
33381;2023-01-15 14:24:43.710000;6;101438;5;1;0.0000;1;14315.0000;None;154600.0000
33381;2023-01-15 14:24:43.710000;6;101438;5;1;0.0000;1;14315.0000;None;154600.0000
33381;2023-01-15 14:24:43.710000;6;101438;5;1;0.0000;1;14315.0000;None;154600.0000
16090;2023-01-15 14:49:57.733000;6;101438;5;1;0.0000;1;30204.0000;None;326200.0000
2111;2023-01-15 14:32:23.113000;6;101442;5;1;0.0000;1;17833.0000;None;192600.0000
21500;2023-01-15 15:35:41.050000;1;101462;2;1;1800.0000;1;41019.0000;None;443000.0000
33362;2023-01-15 13:36:52.207000;1;101462;2;1;1800.0000;1;17982.0000;None;194200.0000
21480;2023-01-15 12:08:05.307000;6;101470;5;1;0.0000;1;12037.0000;None;130000.0000
21480;2023-01-15 12:08:05.307000;6;101470;5;1;0.0000;1;12037.0000;None;130000.0000
33364;2023-01-15 12:49:09.547000;6;101518;1;1;0.0000;1;24389.0000;None;263400.0000
21500;2023-01-15 14:29:06.693000;6;101518;1;1;0.0000;1;41019.0000;None;443000.0000
21491;2023-01-15 13:57:10.670000;1;101519;5;1;0.0000;1;56741.0000;None;612800.0000
21487;2023-01-15 13:11:47.700000;1;101522;1;1;0.0000;1;9833.0000;None;106200.0000
33376;2023-01-15 14:08:49.990000;1;101522;1;1;0.0000;1;15148.0000;None;163600.0000
33369;2023-01-15 13:11:08.903000;1;101552;5;1;0.0000;1;29352.0000;None;317000.0000
21492;2023-01-15 13:54:26.200000;6;101624;5;1;0.0000;1;82093.0000;None;886600.0000
33364;2023-01-15 12:49:09.547000;6;101624;5;1;0.0000;1;24389.0000;None;263400.0000
33364;2023-01-15 12:49:09.547000;6;101624;5;1;0.0000;1;24389.0000;None;263400.0000
33376;2023-01-15 14:05:48.533000;6;101624;5;1;0.0000;1;15148.0000;None;163600.0000
33375;2023-01-15 14:17:11.977000;3;101641;1;4;0.0000;1;2556.0000;None;27600.0000
33375;2023-01-15 14:02:25.257000;3;101641;1;4;0.0000;1;2556.0000;None;27600.0000
33374;2023-01-15 14:01:01.433000;3;101641;1;1;0.0000;1;4407.0000;None;47600.0000
33377;2023-01-15 14:13:45.060000;3;101641;1;1;0.0000;1;11519.0000;None;124400.0000
21497;2023-01-15 13:39:37.823000;3;101641;1;1;0.0000;1;9148.0000;None;98800.0000
21496;2023-01-15 14:12:25.510000;3;101641;1;1;0.0000;1;15519.0000;None;167600.0000
21496;2023-01-15 13:34:00.473000;3;101641;1;1;0.0000;1;15519.0000;None;167600.0000
21496;2023-01-15 14:55:43.053000;3;101641;1;1;0.0000;1;15519.0000;None;167600.0000
21493;2023-01-15 15:02:11.930000;3;101641;1;2;0.0000;1;17111.0000;None;184800.0000
21492;2023-01-15 14:57:56.683000;3;101641;1;2;0.0000;1;82093.0000;None;886600.0000
21492;2023-01-15 15:10:55.560000;3;101641;1;1;0.0000;1;82093.0000;None;886600.0000
21492;2023-01-15 15:22:07.870000;3;101641;1;1;0.0000;1;82093.0000;None;886600.0000
21492;2023-01-15 14:38:09.810000;3;101641;1;1;None;1;82093.0000;None;886600.0000
33369;2023-01-15 13:06:11.803000;3;101641;1;1;0.0000;1;29352.0000;None;317000.0000
2099;2023-01-15 13:24:10.390000;3;101641;1;1;0.0000;1;14000.0000;None;151200.0000
2100;2023-01-15 12:51:49.713000;3;101641;1;1;0.0000;1;8870.0000;None;95800.0000
2100;2023-01-15 12:42:48.587000;3;101641;1;1;0.0000;1;8870.0000;None;95800.0000
2100;2023-01-15 12:42:48.587000;3;101641;1;1;0.0000;1;8870.0000;None;95800.0000
21491;2023-01-15 13:21:06.593000;3;101641;1;2;0.0000;1;56741.0000;None;612800.0000
21487;2023-01-15 13:40:25.577000;3;101641;1;1;0.0000;1;9833.0000;None;106200.0000
21487;2023-01-15 13:07:54.143000;3;101641;1;1;0.0000;1;9833.0000;None;106200.0000
2101;2023-01-15 13:12:42.717000;3;101641;1;1;0.0000;1;10352.0000;None;111800.0000
2101;2023-01-15 13:12:42.717000;3;101641;1;1;0.0000;1;10352.0000;None;111800.0000
21499;2023-01-15 15:19:27.653000;3;101641;1;1;0.0000;1;14241.0000;None;153800.0000
21499;2023-01-15 14:57:00.860000;3;101641;1;1;0.0000;1;14241.0000;None;153800.0000
21499;2023-01-15 15:54:44.750000;3;101641;1;1;0.0000;1;14241.0000;None;153800.0000
33381;2023-01-15 14:15:24.997000;3;101641;1;1;0.0000;1;14315.0000;None;154600.0000
21498;2023-01-15 14:29:46.163000;3;101641;1;1;0.0000;1;8870.0000;None;95800.0000
21498;2023-01-15 14:22:43.890000;3;101641;1;1;0.0000;1;8870.0000;None;95800.0000
2111;2023-01-15 14:33:57.980000;3;101641;1;1;0.0000;1;17833.0000;None;192600.0000
21503;2023-01-15 14:31:30.700000;3;101641;1;1;0.0000;1;6685.0000;None;72200.0000
16090;2023-01-15 14:49:12.707000;3;101641;1;1;0.0000;1;30204.0000;None;326200.0000
33382;2023-01-15 15:08:35.607000;3;101641;1;1;0.0000;1;14204.0000;None;153400.0000
33382;2023-01-15 15:08:35.607000;3;101641;1;1;0.0000;1;14204.0000;None;153400.0000
33382;2023-01-15 15:08:35.607000;3;101641;1;1;0.0000;1;14204.0000;None;153400.0000
16099;2023-01-15 15:45:56.483000;3;101641;1;1;0.0000;1;5963.0000;None;64400.0000
21479;2023-01-15 12:35:01.613000;3;101641;1;1;0.0000;1;3259.0000;None;35200.0000
21480;2023-01-15 12:07:20.180000;3;101641;1;1;None;1;12037.0000;None;130000.0000
2098;2023-01-15 12:50:34.490000;3;101641;1;1;0.0000;1;15454.0000;None;166900.0000
16090;2023-01-15 15:53:08.183000;1;101647;5;1;10800.0000;1;30204.0000;None;326200.0000
21491;2023-01-15 14:11:24.847000;1;101647;5;1;10800.0000;1;56741.0000;None;612800.0000
21492;2023-01-15 15:21:02.967000;1;101647;5;2;21600.0000;1;82093.0000;None;886600.0000
21492;2023-01-15 15:07:01.350000;1;101659;1;1;43800.0000;1;82093.0000;None;886600.0000
2104;2023-01-15 14:09:21.910000;1;101659;1;1;43800.0000;1;31537.0000;None;340600.0000
21492;2023-01-15 13:50:39.943000;1;101659;1;1;43800.0000;1;82093.0000;None;886600.0000
21492;2023-01-15 14:29:38.113000;1;101659;1;1;43800.0000;1;82093.0000;None;886600.0000
16098;2023-01-15 15:38:49.080000;1;101664;5;1;47800.0000;1;12574.0000;None;135800.0000
16080;2023-01-15 09:42:00.933000;1;101666;1;1;19800.0000;1;6204.0000;None;67000.0000
21476;2023-01-15 11:40:25.423000;1;101666;1;1;19800.0000;1;20945.0000;None;226200.0000
21489;2023-01-15 13:22:19.933000;2;101722;5;-1;-28800.0000;1;8519.0000;None;92000.0000
21489;2023-01-15 13:19:09.663000;2;101722;5;1;28800.0000;1;8519.0000;None;92000.0000
21485;2023-01-15 13:49:41.420000;2;101796;1;1;40800.0000;1;17130.0000;None;185000.0000
33370;2023-01-15 13:06:53.310000;3;101889;1;1;9800.0000;1;5278.0000;None;57000.0000
21496;2023-01-15 14:48:42.900000;1;101891;5;1;16800.0000;1;15519.0000;None;167600.0000
21478;2023-01-15 11:58:33.803000;1;101954;1;1;18800.0000;1;11796.0000;None;127400.0000
21480;2023-01-15 12:07:20.180000;1;101954;1;1;18800.0000;1;12037.0000;None;130000.0000
2102;2023-01-15 13:38:34.173000;1;101954;1;1;18800.0000;1;10796.0000;None;116600.0000
21492;2023-01-15 13:33:49.383000;1;101954;1;1;18800.0000;1;82093.0000;None;886600.0000
33354;2023-01-15 12:31:56.257000;2;101978;1;1;47800.0000;1;9482.0000;None;102400.0000
33354;2023-01-15 14:14:10.047000;2;101978;1;1;47800.0000;1;9482.0000;None;102400.0000
21493;2023-01-15 13:22:55.467000;2;101978;1;1;47800.0000;1;17111.0000;None;184800.0000
21493;2023-01-15 14:32:34.003000;2;101978;1;1;47800.0000;1;17111.0000;None;184800.0000
2098;2023-01-15 13:19:54.707000;1;102025;5;1;31800.0000;1;15454.0000;None;166900.0000
33381;2023-01-15 14:24:01.637000;1;102025;5;1;31800.0000;1;14315.0000;None;154600.0000
21499;2023-01-15 14:46:28.537000;1;102036;5;1;42800.0000;1;14241.0000;None;153800.0000
2112;2023-01-15 15:06:49.573000;1;102036;5;1;42800.0000;1;9630.0000;None;104000.0000
21492;2023-01-15 14:38:09.810000;1;102037;5;1;31800.0000;1;82093.0000;None;886600.0000
2108;2023-01-15 14:25:36.660000;1;102037;5;1;31800.0000;1;26611.0000;None;287400.0000
21491;2023-01-15 13:24:29.023000;1;102037;5;1;31800.0000;1;56741.0000;None;612800.0000
2101;2023-01-15 13:14:20.337000;1;102060;5;1;30800.0000;1;10352.0000;None;111800.0000
16087;2023-01-15 13:52:04.620000;1;102069;5;1;35800.0000;1;11954.0000;None;129100.0000
33362;2023-01-15 13:36:52.207000;3;102102;1;2;19600.0000;1;17982.0000;None;194200.0000
33363;2023-01-15 13:28:40.327000;3;102102;1;1;9800.0000;1;13759.0000;None;148600.0000
2110;2023-01-15 15:20:13.210000;3;102102;1;1;9800.0000;1;18389.0000;None;198600.0000
16100;2023-01-15 15:56:00.267000;3;102102;1;1;9800.0000;1;3333.0000;None;36000.0000
16100;2023-01-15 16:04:31.067000;3;102102;1;1;9800.0000;1;3333.0000;None;36000.0000
16100;2023-01-15 17:11:23.713000;3;102102;1;-1;-9800.0000;1;3333.0000;None;36000.0000
21481;2023-01-15 12:14:17.450000;3;102102;1;1;9800.0000;1;6352.0000;None;68600.0000
21470;2023-01-15 11:13:24.873000;3;102102;1;1;9800.0000;1;8185.0000;None;88400.0000
2098;2023-01-15 12:37:10.677000;1;102132;2;1;3500.0000;1;15454.0000;None;166900.0000
33357;2023-01-15 12:12:14.640000;1;102141;1;1;2800.0000;1;5482.0000;None;59200.0000
21478;2023-01-15 12:21:25.467000;1;102170;1;1;4800.0000;1;11796.0000;None;127400.0000
2111;2023-01-15 14:50:10.620000;1;102170;1;1;4800.0000;1;17833.0000;None;192600.0000
33363;2023-01-15 12:47:49.537000;1;102170;1;1;4800.0000;1;13759.0000;None;148600.0000
21496;2023-01-15 14:00:57.813000;1;102170;1;1;4800.0000;1;15519.0000;None;167600.0000
33377;2023-01-15 14:32:55.860000;1;102172;2;1;4800.0000;1;11519.0000;None;124400.0000
2098;2023-01-15 12:36:45.240000;1;102172;2;1;4800.0000;1;15454.0000;None;166900.0000
16087;2023-01-15 13:52:04.620000;1;102222;5;1;2500.0000;1;11954.0000;None;129100.0000
2097;2023-01-15 12:22:22.890000;1;102226;1;1;7800.0000;1;None;None;125400.0000
2098;2023-01-15 12:36:45.240000;1;102228;1;1;10800.0000;1;15454.0000;None;166900.0000
2098;2023-01-15 12:53:34.907000;1;102228;1;1;10800.0000;1;15454.0000;None;166900.0000
2098;2023-01-15 12:54:54.030000;1;102228;1;1;10800.0000;1;15454.0000;None;166900.0000
33371;2023-01-15 14:39:55.697000;1;102228;1;1;10800.0000;1;22204.0000;None;239800.0000
33378;2023-01-15 15:11:16.440000;1;102228;1;1;10800.0000;1;15759.0000;None;170200.0000
2108;2023-01-15 14:37:18.897000;1;102228;1;1;10800.0000;1;26611.0000;None;287400.0000
33362;2023-01-15 12:39:12.697000;1;102228;1;1;10800.0000;1;17982.0000;None;194200.0000
21485;2023-01-15 13:03:09.930000;1;102228;1;1;10800.0000;1;17130.0000;None;185000.0000
21488;2023-01-15 13:09:25.310000;1;102228;1;1;10800.0000;1;7889.0000;None;85200.0000
21500;2023-01-15 14:30:37.070000;1;102228;1;1;10800.0000;1;41019.0000;None;443000.0000
21492;2023-01-15 13:54:26.200000;1;102239;1;2;11600.0000;1;82093.0000;None;886600.0000
21504;2023-01-15 15:30:37.917000;1;102277;5;1;4800.0000;1;20870.0000;None;225400.0000
21504;2023-01-15 15:59:33.967000;1;102278;1;1;2800.0000;1;20870.0000;None;225400.0000
16087;2023-01-15 14:09:29.020000;1;102278;1;1;2800.0000;1;11954.0000;None;129100.0000
21476;2023-01-15 11:55:25.480000;1;102315;2;1;1800.0000;1;20945.0000;None;226200.0000
33367;2023-01-15 13:02:34.030000;1;102315;2;1;1800.0000;1;9519.0000;None;102800.0000
33383;2023-01-15 15:11:46.073000;1;102480;1;1;39800.0000;1;12426.0000;None;134200.0000
2104;2023-01-15 14:09:21.910000;1;102484;1;1;32800.0000;1;31537.0000;None;340600.0000
33383;2023-01-15 15:11:46.073000;1;102493;1;1;42800.0000;1;12426.0000;None;134200.0000
21471;2023-01-15 10:57:02.960000;1;102522;1;1;9800.0000;1;7815.0000;None;84400.0000
21473;2023-01-15 11:21:58.180000;1;102522;1;1;9800.0000;1;5944.0000;None;64200.0000
21474;2023-01-15 11:32:52.273000;1;102522;1;1;9800.0000;1;6482.0000;None;70000.0000
33359;2023-01-15 12:26:19.977000;1;102522;1;2;19600.0000;1;7482.0000;None;80800.0000
21471;2023-01-15 10:57:02.960000;1;102548;1;1;17800.0000;1;7815.0000;None;84400.0000
21472;2023-01-15 11:12:04.933000;1;102548;1;1;17800.0000;1;8222.0000;None;88800.0000
21471;2023-01-15 10:57:02.960000;1;102555;1;1;20800.0000;1;7815.0000;None;84400.0000
21467;2023-01-15 09:56:42.903000;1;102556;1;1;32800.0000;1;13870.0000;None;149800.0000
16080;2023-01-15 09:42:00.933000;1;102561;1;1;9800.0000;1;6204.0000;None;67000.0000
21467;2023-01-15 09:56:42.903000;1;102570;1;2;33600.0000;1;13870.0000;None;149800.0000
21472;2023-01-15 11:12:04.933000;1;102570;1;1;16800.0000;1;8222.0000;None;88800.0000
33359;2023-01-15 12:26:19.977000;1;102570;1;1;16800.0000;1;7482.0000;None;80800.0000
21478;2023-01-15 11:58:33.803000;3;102619;1;1;6800.0000;1;11796.0000;None;127400.0000
21479;2023-01-15 12:00:59.990000;3;102619;1;1;6800.0000;1;3259.0000;None;35200.0000
33359;2023-01-15 12:26:19.977000;3;102630;1;1;8800.0000;1;7482.0000;None;80800.0000
21471;2023-01-15 10:57:55.240000;3;102630;1;1;8800.0000;1;7815.0000;None;84400.0000
21504;2023-01-15 15:02:52.073000;3;102630;1;1;8800.0000;1;20870.0000;None;225400.0000
2111;2023-01-15 14:33:57.980000;3;102633;1;1;11800.0000;1;17833.0000;None;192600.0000
16085;2023-01-15 12:25:18.047000;3;102633;1;1;11800.0000;1;8593.0000;None;92800.0000
21482;2023-01-15 12:20:07.637000;3;102635;1;1;7800.0000;1;6704.0000;None;72400.0000
21478;2023-01-15 11:58:33.803000;3;102635;1;1;7800.0000;1;11796.0000;None;127400.0000
21476;2023-01-15 11:36:47.080000;3;102635;1;2;15600.0000;1;20945.0000;None;226200.0000
21475;2023-01-15 11:35:33.267000;3;102635;1;1;7800.0000;1;722.0000;None;7800.0000
21469;2023-01-15 10:38:41.243000;3;102635;1;1;7800.0000;1;None;None;38000.0000
21491;2023-01-15 13:40:14.490000;3;102635;1;1;7800.0000;1;56741.0000;None;612800.0000
21491;2023-01-15 13:47:22.013000;3;102635;1;2;15600.0000;1;56741.0000;None;612800.0000
21491;2023-01-15 14:32:48.407000;3;102635;1;1;7800.0000;1;56741.0000;None;612800.0000
2104;2023-01-15 14:04:42.290000;3;102635;1;1;7800.0000;1;31537.0000;None;340600.0000
21496;2023-01-15 14:00:57.813000;3;102635;1;1;7800.0000;1;15519.0000;None;167600.0000
21495;2023-01-15 13:31:31.203000;3;102635;1;2;15600.0000;1;6889.0000;None;74400.0000
16087;2023-01-15 13:48:00.887000;3;102635;1;1;7800.0000;1;11954.0000;None;129100.0000
33376;2023-01-15 14:05:48.533000;3;102635;1;1;7800.0000;1;15148.0000;None;163600.0000
21498;2023-01-15 14:22:43.890000;3;102635;1;2;15600.0000;1;8870.0000;None;95800.0000
21504;2023-01-15 15:02:52.073000;3;102635;1;1;7800.0000;1;20870.0000;None;225400.0000
16090;2023-01-15 14:49:12.707000;3;102635;1;1;7800.0000;1;30204.0000;None;326200.0000
16090;2023-01-15 14:49:12.707000;3;102637;1;1;9800.0000;1;30204.0000;None;326200.0000
2111;2023-01-15 14:33:57.980000;3;102637;1;1;9800.0000;1;17833.0000;None;192600.0000
16087;2023-01-15 13:48:00.887000;3;102637;1;1;9800.0000;1;11954.0000;None;129100.0000
2104;2023-01-15 14:04:42.290000;3;102637;1;1;9800.0000;1;31537.0000;None;340600.0000
21485;2023-01-15 12:53:34.343000;3;102637;1;1;9800.0000;1;17130.0000;None;185000.0000
33359;2023-01-15 12:26:19.977000;3;102637;1;1;9800.0000;1;7482.0000;None;80800.0000
33357;2023-01-15 13:17:25.967000;3;102637;1;1;9800.0000;1;5482.0000;None;59200.0000
33357;2023-01-15 12:12:14.640000;3;102637;1;1;9800.0000;1;5482.0000;None;59200.0000
21480;2023-01-15 12:07:20.180000;3;102638;1;1;10800.0000;1;12037.0000;None;130000.0000
21478;2023-01-15 11:58:33.803000;3;102641;1;1;10800.0000;1;11796.0000;None;127400.0000
21478;2023-01-15 12:30:02.070000;3;102641;1;1;10800.0000;1;11796.0000;None;127400.0000
2104;2023-01-15 14:15:20.480000;3;102644;1;1;5800.0000;1;31537.0000;None;340600.0000
16090;2023-01-15 14:49:12.707000;3;102644;1;1;5800.0000;1;30204.0000;None;326200.0000
21478;2023-01-15 12:30:02.070000;3;102651;1;1;8800.0000;1;11796.0000;None;127400.0000
33370;2023-01-15 13:06:53.310000;3;102651;1;1;8800.0000;1;5278.0000;None;57000.0000
33370;2023-01-15 13:18:25.040000;3;102651;1;1;8800.0000;1;5278.0000;None;57000.0000
33353;2023-01-15 11:54:29.720000;1;102670;1;1;34800.0000;1;10852.0000;None;117200.0000
33353;2023-01-15 12:09:23.807000;1;102670;1;-1;-34800.0000;1;10852.0000;None;117200.0000
33353;2023-01-15 12:09:23.807000;1;102671;1;1;37800.0000;1;10852.0000;None;117200.0000
21473;2023-01-15 11:21:58.180000;1;102671;1;1;37800.0000;1;5944.0000;None;64200.0000
21474;2023-01-15 11:32:52.273000;1;102678;1;1;35800.0000;1;6482.0000;None;70000.0000
2104;2023-01-15 14:09:21.910000;1;102726;5;1;44800.0000;1;31537.0000;None;340600.0000
2104;2023-01-15 14:04:42.290000;3;102747;1;2;9600.0000;1;31537.0000;None;340600.0000
33371;2023-01-15 14:20:45.067000;3;102747;1;1;4800.0000;1;22204.0000;None;239800.0000
21497;2023-01-15 13:39:37.823000;3;102747;1;2;9600.0000;1;9148.0000;None;98800.0000
21492;2023-01-15 14:41:29.467000;3;102747;1;2;9600.0000;1;82093.0000;None;886600.0000
33379;2023-01-15 14:15:03.100000;3;102747;1;2;9600.0000;1;12722.0000;None;137400.0000
33379;2023-01-15 15:39:27.263000;3;102747;1;1;4800.0000;1;12722.0000;None;137400.0000
21489;2023-01-15 13:19:09.663000;3;102747;1;1;4800.0000;1;8519.0000;None;92000.0000
21491;2023-01-15 13:21:06.593000;3;102747;1;1;4800.0000;1;56741.0000;None;612800.0000
33367;2023-01-15 13:02:34.030000;3;102747;1;2;9600.0000;1;9519.0000;None;102800.0000
33363;2023-01-15 12:47:49.537000;3;102747;1;1;4800.0000;1;13759.0000;None;148600.0000
2115;2023-01-15 15:15:15.533000;3;102747;1;1;4800.0000;1;10389.0000;None;112200.0000
16097;2023-01-15 15:16:59.043000;3;102747;1;1;4800.0000;1;None;None;98000.0000
2114;2023-01-15 15:11:56.267000;3;102747;1;2;9600.0000;1;13685.0000;None;147800.0000
16090;2023-01-15 14:49:12.707000;3;102747;1;1;4800.0000;1;30204.0000;None;326200.0000
33381;2023-01-15 14:24:43.710000;3;102747;1;1;4800.0000;1;14315.0000;None;154600.0000
21471;2023-01-15 10:57:02.960000;3;102747;1;1;4800.0000;1;7815.0000;None;84400.0000
2098;2023-01-15 12:59:15.117000;3;102747;1;1;4800.0000;1;15454.0000;None;166900.0000
2098;2023-01-15 12:30:20.363000;3;102747;1;3;14400.0000;1;15454.0000;None;166900.0000
2098;2023-01-15 13:22:03.287000;3;102747;1;1;4800.0000;1;15454.0000;None;166900.0000
21484;2023-01-15 12:30:40.310000;3;102747;1;1;4800.0000;1;4389.0000;None;47400.0000
2099;2023-01-15 12:48:33.330000;3;102748;1;1;14800.0000;1;14000.0000;None;151200.0000
33381;2023-01-15 14:24:43.710000;3;102748;1;1;14800.0000;1;14315.0000;None;154600.0000
21500;2023-01-15 15:08:17.533000;3;102748;1;2;29600.0000;1;41019.0000;None;443000.0000
21500;2023-01-15 14:27:39.470000;3;102748;1;4;59200.0000;1;41019.0000;None;443000.0000
33383;2023-01-15 15:11:46.073000;3;102748;1;1;14800.0000;1;12426.0000;None;134200.0000
33367;2023-01-15 13:02:34.030000;3;102748;1;1;14800.0000;1;9519.0000;None;102800.0000
33365;2023-01-15 12:52:03.157000;3;102748;1;1;14800.0000;1;2556.0000;None;27600.0000
21491;2023-01-15 13:21:06.593000;3;102748;1;1;14800.0000;1;56741.0000;None;612800.0000
33370;2023-01-15 13:06:53.310000;3;102748;1;2;29600.0000;1;5278.0000;None;57000.0000
16097;2023-01-15 15:16:59.043000;3;102749;1;1;5800.0000;1;None;None;98000.0000
33385;2023-01-15 16:38:35.337000;3;102749;1;2;11600.0000;1;1074.0000;None;11600.0000
21480;2023-01-15 12:08:05.307000;1;102753;5;1;56800.0000;1;12037.0000;None;130000.0000
2115;2023-01-15 15:15:15.533000;1;102758;1;1;64800.0000;1;10389.0000;None;112200.0000
33364;2023-01-15 12:49:09.547000;1;102758;1;1;64800.0000;1;24389.0000;None;263400.0000
21491;2023-01-15 13:57:10.670000;1;102877;5;1;49800.0000;1;56741.0000;None;612800.0000
21473;2023-01-15 11:22:50.893000;3;102887;1;1;10800.0000;1;5944.0000;None;64200.0000
33353;2023-01-15 11:38:38.387000;3;102887;1;1;10800.0000;1;10852.0000;None;117200.0000
21467;2023-01-15 09:53:38.340000;2;102890;1;1;35800.0000;1;13870.0000;None;149800.0000
33366;2023-01-15 12:58:41.437000;2;102890;1;1;35800.0000;1;4222.0000;None;45600.0000
21490;2023-01-15 13:20:40.197000;1;102903;1;1;34800.0000;1;4296.0000;None;46400.0000
16090;2023-01-15 14:49:57.733000;1;102903;1;2;69600.0000;1;30204.0000;None;326200.0000
33371;2023-01-15 14:31:36.820000;1;102912;1;1;19800.0000;1;22204.0000;None;239800.0000
33371;2023-01-15 14:01:38.777000;1;102914;1;1;23800.0000;1;22204.0000;None;239800.0000
21485;2023-01-15 12:53:15.820000;1;102961;5;1;22800.0000;1;17130.0000;None;185000.0000
33373;2023-01-15 14:07:38.003000;1;102962;1;1;25800.0000;1;17907.0000;None;193400.0000
33376;2023-01-15 14:08:49.990000;1;102982;1;1;59800.0000;1;15148.0000;None;163600.0000
21487;2023-01-15 13:11:47.700000;1;102982;1;1;59800.0000;1;9833.0000;None;106200.0000
21479;2023-01-15 12:00:59.990000;1;103034;1;1;16800.0000;1;3259.0000;None;35200.0000
16087;2023-01-15 13:45:09.670000;1;103111;5;1;0.0000;1;11954.0000;None;129100.0000
33353;2023-01-15 11:54:29.720000;1;103116;1;1;14800.0000;1;10852.0000;None;117200.0000
21476;2023-01-15 11:36:47.080000;1;103116;1;1;14800.0000;1;20945.0000;None;226200.0000
33364;2023-01-15 13:31:16.293000;1;103120;5;1;14800.0000;1;24389.0000;None;263400.0000
21492;2023-01-15 13:54:26.200000;1;103205;1;1;59800.0000;1;82093.0000;None;886600.0000
21497;2023-01-15 13:44:57.737000;1;103205;1;1;59800.0000;1;9148.0000;None;98800.0000
33377;2023-01-15 14:32:55.860000;1;103206;1;1;29800.0000;1;11519.0000;None;124400.0000
2096;2023-01-15 12:09:16.540000;1;103338;1;2;117600.0000;1;None;None;117600.0000
2097;2023-01-15 12:22:22.890000;1;103338;1;1;58800.0000;1;None;None;125400.0000
21482;2023-01-15 12:20:07.637000;1;103338;1;1;58800.0000;1;6704.0000;None;72400.0000
33378;2023-01-15 14:13:18.207000;1;103338;1;1;58800.0000;1;15759.0000;None;170200.0000
33362;2023-01-15 12:39:12.697000;1;103338;1;1;58800.0000;1;17982.0000;None;194200.0000
33382;2023-01-15 15:08:35.607000;1;103338;1;1;58800.0000;1;14204.0000;None;153400.0000
21492;2023-01-15 14:03:26.917000;1;103340;1;1;29800.0000;1;82093.0000;None;886600.0000
21492;2023-01-15 13:54:26.200000;1;103340;1;2;59600.0000;1;82093.0000;None;886600.0000
21492;2023-01-15 13:50:39.943000;1;103340;1;1;29800.0000;1;82093.0000;None;886600.0000
33378;2023-01-15 14:13:18.207000;1;103340;1;1;29800.0000;1;15759.0000;None;170200.0000
2102;2023-01-15 13:38:59.797000;1;103340;1;1;29800.0000;1;10796.0000;None;116600.0000
2104;2023-01-15 14:09:21.910000;1;103340;1;1;29800.0000;1;31537.0000;None;340600.0000
21492;2023-01-15 14:57:56.683000;1;103340;1;1;29800.0000;1;82093.0000;None;886600.0000
16086;2023-01-15 13:09:02.183000;1;103340;1;1;29800.0000;1;11000.0000;None;118800.0000
2097;2023-01-15 12:22:22.890000;1;103347;1;1;58800.0000;1;None;None;125400.0000
33361;2023-01-15 12:41:20.807000;1;103347;1;1;58800.0000;1;16148.0000;None;174400.0000
2098;2023-01-15 12:36:45.240000;1;103347;1;1;58800.0000;1;15454.0000;None;166900.0000
2094;2023-01-15 11:49:21.307000;1;103347;1;1;58800.0000;1;None;None;117600.0000
21494;2023-01-15 13:25:18.580000;1;103347;1;1;58800.0000;1;9093.0000;None;98200.0000
2107;2023-01-15 14:13:06.743000;1;103347;1;1;58800.0000;1;7167.0000;None;77400.0000
2107;2023-01-15 14:03:16.827000;1;103347;1;1;58800.0000;1;7167.0000;None;77400.0000
2107;2023-01-15 14:27:52.890000;1;103347;1;-1;-58800.0000;1;7167.0000;None;77400.0000
16088;2023-01-15 14:05:20.807000;1;103347;1;1;58800.0000;1;13296.0000;None;143600.0000
2105;2023-01-15 13:54:57.873000;1;103347;1;1;58800.0000;1;6889.0000;None;74400.0000
21488;2023-01-15 13:09:25.310000;1;103347;1;1;58800.0000;1;7889.0000;None;85200.0000
2101;2023-01-15 13:14:20.337000;1;103347;1;1;58800.0000;1;10352.0000;None;111800.0000
2101;2023-01-15 13:33:18.747000;1;103347;1;-1;-58800.0000;1;10352.0000;None;111800.0000
21485;2023-01-15 12:53:15.820000;1;103347;1;1;58800.0000;1;17130.0000;None;185000.0000
2100;2023-01-15 12:43:07.397000;1;103347;1;1;58800.0000;1;8870.0000;None;95800.0000
21504;2023-01-15 15:30:37.917000;1;103347;1;1;58800.0000;1;20870.0000;None;225400.0000
2114;2023-01-15 15:11:56.267000;1;103347;1;1;58800.0000;1;13685.0000;None;147800.0000
21500;2023-01-15 14:29:06.693000;1;103347;1;1;58800.0000;1;41019.0000;None;443000.0000
21498;2023-01-15 14:22:43.890000;1;103347;1;1;58800.0000;1;8870.0000;None;95800.0000
16104;2023-01-15 16:47:31.367000;1;103347;1;-1;-58800.0000;1;-16148.0000;None;-174400.0000
21478;2023-01-15 12:21:25.467000;1;103350;1;1;58800.0000;1;11796.0000;None;127400.0000
2111;2023-01-15 14:32:23.113000;1;103350;1;1;58800.0000;1;17833.0000;None;192600.0000
21496;2023-01-15 14:00:57.813000;1;103350;1;1;58800.0000;1;15519.0000;None;167600.0000
21495;2023-01-15 13:31:31.203000;1;103354;1;1;58800.0000;1;6889.0000;None;74400.0000
21500;2023-01-15 14:32:22.937000;1;103354;1;1;58800.0000;1;41019.0000;None;443000.0000
2095;2023-01-15 12:06:55.613000;1;103354;1;1;58800.0000;1;None;None;58800.0000
2094;2023-01-15 11:49:21.307000;1;103354;1;1;58800.0000;1;None;None;117600.0000
16080;2023-01-15 09:40:53.820000;1;103365;1;1;7800.0000;1;6204.0000;None;67000.0000
33353;2023-01-15 11:38:38.387000;1;103367;1;1;11800.0000;1;10852.0000;None;117200.0000
21485;2023-01-15 13:46:02.453000;1;103372;5;1;14800.0000;1;17130.0000;None;185000.0000
21491;2023-01-15 14:42:18.187000;1;103372;5;1;14800.0000;1;56741.0000;None;612800.0000
2100;2023-01-15 13:26:58.240000;1;103377;5;1;16800.0000;1;8870.0000;None;95800.0000
2100;2023-01-15 13:39:29.467000;1;103377;5;-1;-16800.0000;1;8870.0000;None;95800.0000
33364;2023-01-15 12:57:39.883000;1;103381;1;1;58800.0000;1;24389.0000;None;263400.0000
33363;2023-01-15 12:50:18.287000;1;103400;5;1;8800.0000;1;13759.0000;None;148600.0000
2099;2023-01-15 12:52:57.080000;1;103419;5;1;49800.0000;1;14000.0000;None;151200.0000
21492;2023-01-15 13:54:26.200000;1;103445;5;1;32800.0000;1;82093.0000;None;886600.0000
21504;2023-01-15 15:30:37.917000;1;103449;5;1;29800.0000;1;20870.0000;None;225400.0000
2099;2023-01-15 12:52:57.080000;1;103471;5;1;32800.0000;1;14000.0000;None;151200.0000
21504;2023-01-15 15:30:37.917000;1;103514;5;1;53800.0000;1;20870.0000;None;225400.0000
21492;2023-01-15 14:42:15.557000;1;103515;5;1;41800.0000;1;82093.0000;None;886600.0000
21500;2023-01-15 14:29:06.693000;1;103535;1;1;64800.0000;1;41019.0000;None;443000.0000
16098;2023-01-15 15:38:49.080000;1;103552;5;1;38800.0000;1;12574.0000;None;135800.0000
21492;2023-01-15 13:50:39.943000;1;103562;5;1;46800.0000;1;82093.0000;None;886600.0000
33369;2023-01-15 13:11:08.903000;1;103600;5;1;69800.0000;1;29352.0000;None;317000.0000
2108;2023-01-15 14:37:18.897000;1;103600;5;1;69800.0000;1;26611.0000;None;287400.0000
16085;2023-01-15 12:25:18.047000;1;103648;1;1;26800.0000;1;8593.0000;None;92800.0000
2099;2023-01-15 12:38:22.163000;1;103771;5;1;24800.0000;1;14000.0000;None;151200.0000
2111;2023-01-15 14:36:05.147000;1;103771;5;1;24800.0000;1;17833.0000;None;192600.0000
33363;2023-01-15 12:47:49.537000;1;103773;5;1;14800.0000;1;13759.0000;None;148600.0000
16086;2023-01-15 13:09:02.183000;1;103777;5;1;49800.0000;1;11000.0000;None;118800.0000
33381;2023-01-15 14:24:43.710000;1;103784;5;1;29800.0000;1;14315.0000;None;154600.0000
33381;2023-01-15 14:24:43.710000;1;103784;5;1;29800.0000;1;14315.0000;None;154600.0000
33374;2023-01-15 14:01:01.433000;1;103786;5;1;37800.0000;1;4407.0000;None;47600.0000
33364;2023-01-15 12:49:09.547000;1;103788;5;1;36800.0000;1;24389.0000;None;263400.0000
33364;2023-01-15 12:49:09.547000;1;103788;5;1;36800.0000;1;24389.0000;None;263400.0000
21492;2023-01-15 13:54:26.200000;1;103788;5;1;36800.0000;1;82093.0000;None;886600.0000
16090;2023-01-15 14:49:57.733000;1;103788;5;1;36800.0000;1;30204.0000;None;326200.0000
21480;2023-01-15 12:08:05.307000;1;103791;5;1;37800.0000;1;12037.0000;None;130000.0000
2104;2023-01-15 14:09:21.910000;1;103846;5;3;113400.0000;1;31537.0000;None;340600.0000
21489;2023-01-15 13:59:38.593000;1;103961;5;1;16800.0000;1;8519.0000;None;92000.0000
16090;2023-01-15 15:53:08.183000;1;104004;5;1;15800.0000;1;30204.0000;None;326200.0000
2101;2023-01-15 13:14:20.337000;1;104009;5;1;26800.0000;1;10352.0000;None;111800.0000
33359;2023-01-15 12:26:19.977000;1;104192;1;1;25800.0000;1;7482.0000;None;80800.0000
2110;2023-01-15 14:29:25.853000;1;104293;1;1;43800.0000;1;18389.0000;None;198600.0000
2110;2023-01-15 14:40:19.997000;3;104446;1;1;5800.0000;1;18389.0000;None;198600.0000
21500;2023-01-15 14:27:39.470000;3;104446;1;1;5800.0000;1;41019.0000;None;443000.0000
2099;2023-01-15 12:43:02.610000;3;104446;1;1;5800.0000;1;14000.0000;None;151200.0000
33364;2023-01-15 13:31:16.293000;3;104554;1;1;4800.0000;1;24389.0000;None;263400.0000
21500;2023-01-15 15:22:40.663000;3;104554;1;5;24000.0000;1;41019.0000;None;443000.0000
2110;2023-01-15 15:20:13.210000;3;104554;1;1;4800.0000;1;18389.0000;None;198600.0000
16101;2023-01-15 15:59:00.863000;2;104688;1;1;44800.0000;1;4685.0000;None;50600.0000
33369;2023-01-15 13:06:11.803000;2;104688;1;1;44800.0000;1;29352.0000;None;317000.0000
33369;2023-01-15 13:06:11.803000;2;104688;1;1;44800.0000;1;29352.0000;None;317000.0000
33369;2023-01-15 14:18:35.570000;2;104688;1;1;44800.0000;1;29352.0000;None;317000.0000
33369;2023-01-15 13:34:04.527000;2;104688;1;1;44800.0000;1;29352.0000;None;317000.0000
33369;2023-01-15 15:12:48.877000;2;104688;1;1;44800.0000;1;29352.0000;None;317000.0000
21491;2023-01-15 13:24:29.023000;1;104690;1;2;19600.0000;1;56741.0000;None;612800.0000
2100;2023-01-15 12:42:48.587000;1;104690;1;1;9800.0000;1;8870.0000;None;95800.0000
21476;2023-01-15 11:36:47.080000;1;104690;1;2;19600.0000;1;20945.0000;None;226200.0000
33371;2023-01-15 14:01:38.777000;1;104693;5;1;37800.0000;1;22204.0000;None;239800.0000
2111;2023-01-15 14:32:23.113000;1;104742;5;2;45600.0000;1;17833.0000;None;192600.0000
33353;2023-01-15 11:54:29.720000;1;104745;1;1;8800.0000;1;10852.0000;None;117200.0000
2108;2023-01-15 14:37:18.897000;1;104837;5;1;0.0000;1;26611.0000;None;287400.0000
2108;2023-01-15 14:37:18.897000;1;104837;5;1;0.0000;1;26611.0000;None;287400.0000
21491;2023-01-15 13:57:10.670000;1;104837;5;1;0.0000;1;56741.0000;None;612800.0000
21491;2023-01-15 13:57:10.670000;1;104837;5;1;0.0000;1;56741.0000;None;612800.0000
21491;2023-01-15 13:57:10.670000;1;104893;5;1;119800.0000;1;56741.0000;None;612800.0000
21491;2023-01-15 13:57:10.670000;1;104893;5;1;119800.0000;1;56741.0000;None;612800.0000
21491;2023-01-15 13:57:10.670000;1;104893;5;1;119800.0000;1;56741.0000;None;612800.0000
21492;2023-01-15 14:05:17.537000;1;104893;5;1;119800.0000;1;82093.0000;None;886600.0000
2108;2023-01-15 14:37:18.897000;1;104893;5;1;119800.0000;1;26611.0000;None;287400.0000
16087;2023-01-15 14:41:26.983000;1;104928;5;-1;-27800.0000;1;11954.0000;None;129100.0000
16087;2023-01-15 14:08:07.347000;1;104928;5;1;27800.0000;1;11954.0000;None;129100.0000
2115;2023-01-15 15:15:15.533000;1;105065;1;1;0.0000;1;10389.0000;None;112200.0000
21467;2023-01-15 09:53:38.340000;6;105082;1;1;3000.0000;1;13870.0000;None;149800.0000
21467;2023-01-15 09:53:38.340000;6;105082;1;1;3000.0000;1;13870.0000;None;149800.0000
33353;2023-01-15 11:54:29.720000;6;105082;1;1;3000.0000;1;10852.0000;None;117200.0000
21472;2023-01-15 11:43:11.263000;6;105082;1;1;3000.0000;1;8222.0000;None;88800.0000
21472;2023-01-15 11:43:11.263000;6;105082;1;1;3000.0000;1;8222.0000;None;88800.0000
21472;2023-01-15 11:04:28.870000;6;105082;1;1;3000.0000;1;8222.0000;None;88800.0000
33377;2023-01-15 14:32:55.860000;1;105296;1;1;40800.0000;1;11519.0000;None;124400.0000
33373;2023-01-15 14:07:38.003000;1;105296;1;1;40800.0000;1;17907.0000;None;193400.0000
16090;2023-01-15 15:53:08.183000;1;105421;5;1;16800.0000;1;30204.0000;None;326200.0000
16101;2023-01-15 15:59:00.863000;6;105446;1;1;0.0000;1;4685.0000;None;50600.0000
33369;2023-01-15 15:12:48.877000;6;105446;1;1;0.0000;1;29352.0000;None;317000.0000
33369;2023-01-15 13:34:04.527000;6;105446;1;1;0.0000;1;29352.0000;None;317000.0000
33369;2023-01-15 14:18:35.570000;6;105446;1;1;0.0000;1;29352.0000;None;317000.0000
33369;2023-01-15 13:06:11.803000;6;105446;1;1;0.0000;1;29352.0000;None;317000.0000
33369;2023-01-15 13:06:11.803000;6;105446;1;1;0.0000;1;29352.0000;None;317000.0000
33362;2023-01-15 12:39:12.697000;2;106012;1;2;83600.0000;1;17982.0000;None;194200.0000
16096;2023-01-15 14:06:14.247000;2;106012;1;2;83600.0000;1;19130.0000;None;206600.0000
21499;2023-01-15 14:27:09.587000;2;106012;1;1;41800.0000;1;14241.0000;None;153800.0000
33376;2023-01-15 14:05:48.533000;1;106655;5;1;13800.0000;1;15148.0000;None;163600.0000
33374;2023-01-15 14:01:01.433000;6;107346;1;1;0.0000;1;4407.0000;None;47600.0000
33372;2023-01-15 13:55:44.010000;2;108132;1;1;23800.0000;1;4019.0000;None;43400.0000
21494;2023-01-15 13:25:18.580000;3;108191;1;1;0.0000;1;9093.0000;None;98200.0000
33377;2023-01-15 14:13:45.060000;3;108191;1;1;0.0000;1;11519.0000;None;124400.0000
33377;2023-01-15 14:13:45.060000;3;108191;1;1;0.0000;1;11519.0000;None;124400.0000
21499;2023-01-15 14:57:00.860000;3;108191;1;1;0.0000;1;14241.0000;None;153800.0000
16096;2023-01-15 14:46:35.977000;3;108191;1;1;0.0000;1;19130.0000;None;206600.0000
16096;2023-01-15 14:46:35.977000;3;108191;1;1;0.0000;1;19130.0000;None;206600.0000
33382;2023-01-15 15:08:35.607000;3;108191;1;1;0.0000;1;14204.0000;None;153400.0000
33382;2023-01-15 15:08:35.607000;3;108191;1;1;0.0000;1;14204.0000;None;153400.0000
33355;2023-01-15 11:45:21.557000;3;108191;1;1;0.0000;1;1185.0000;None;12800.0000
33381;2023-01-15 14:24:43.710000;1;108207;5;1;37800.0000;1;14315.0000;None;154600.0000
16098;2023-01-15 15:38:49.080000;1;108236;5;1;0.0000;1;12574.0000;None;135800.0000
21491;2023-01-15 13:57:10.670000;1;108236;5;1;0.0000;1;56741.0000;None;612800.0000
33377;2023-01-15 14:46:35.977000;1;108447;1;1;0.0000;1;11519.0000;None;124400.0000
33377;2023-01-15 14:46:35.977000;1;108447;1;1;0.0000;1;11519.0000;None;124400.0000
33382;2023-01-15 15:08:35.607000;1;108452;5;1;23800.0000;1;14204.0000;None;153400.0000
21492;2023-01-15 13:50:39.943000;1;108550;5;1;44800.0000;1;82093.0000;None;886600.0000
33378;2023-01-15 14:12:54.350000;1;108668;1;2;43600.0000;1;15759.0000;None;170200.0000
33379;2023-01-15 14:32:06.747000;1;108668;1;1;21800.0000;1;12722.0000;None;137400.0000
33379;2023-01-15 14:15:03.100000;1;108668;1;1;21800.0000;1;12722.0000;None;137400.0000
33373;2023-01-15 14:07:38.003000;1;108794;1;1;46800.0000;1;17907.0000;None;193400.0000
21491;2023-01-15 13:40:14.490000;1;108794;1;1;46800.0000;1;56741.0000;None;612800.0000
33367;2023-01-15 13:02:34.030000;1;108794;1;1;46800.0000;1;9519.0000;None;102800.0000
2110;2023-01-15 14:29:25.853000;1;108796;1;1;48800.0000;1;18389.0000;None;198600.0000
33361;2023-01-15 13:33:05.670000;2;108836;5;1;30800.0000;1;16148.0000;None;174400.0000
33361;2023-01-15 13:40:36.817000;2;108836;5;1;30800.0000;1;16148.0000;None;174400.0000
33361;2023-01-15 12:43:29.817000;2;108836;5;1;30800.0000;1;16148.0000;None;174400.0000
16099;2023-01-15 15:45:56.483000;2;108836;5;1;30800.0000;1;5963.0000;None;64400.0000
16104;2023-01-15 16:47:31.367000;2;108836;5;-3;-92400.0000;1;-16148.0000;None;-174400.0000
21487;2023-01-15 13:07:54.143000;2;108836;5;1;30800.0000;1;9833.0000;None;106200.0000
16088;2023-01-15 14:05:20.807000;2;108836;5;2;61600.0000;1;13296.0000;None;143600.0000
21489;2023-01-15 13:22:38.557000;2;109123;5;1;27800.0000;1;8519.0000;None;92000.0000
21500;2023-01-15 14:42:10.427000;1;109203;5;1;38800.0000;1;41019.0000;None;443000.0000
16098;2023-01-15 15:33:45.787000;1;109216;5;1;15800.0000;1;12574.0000;None;135800.0000
21492;2023-01-15 13:50:39.943000;1;109359;5;1;35800.0000;1;82093.0000;None;886600.0000
21469;2023-01-15 11:00:56.960000;1;109562;1;-1;-7800.0000;1;None;None;38000.0000
21469;2023-01-15 10:45:07.223000;1;109562;1;1;7800.0000;1;None;None;38000.0000
21476;2023-01-15 12:12:08.690000;3;200004;1;1;9800.0000;1;20945.0000;None;226200.0000
21487;2023-01-15 13:40:25.577000;3;200004;1;1;9800.0000;1;9833.0000;None;106200.0000
33366;2023-01-15 12:58:41.437000;3;200004;1;1;9800.0000;1;4222.0000;None;45600.0000
2100;2023-01-15 12:51:49.713000;3;200004;1;1;9800.0000;1;8870.0000;None;95800.0000
33377;2023-01-15 14:13:45.060000;3;200004;1;1;9800.0000;1;11519.0000;None;124400.0000
33374;2023-01-15 14:01:01.433000;3;200004;1;1;9800.0000;1;4407.0000;None;47600.0000
33376;2023-01-15 14:17:40.027000;3;200004;1;1;9800.0000;1;15148.0000;None;163600.0000
33375;2023-01-15 14:45:33.247000;3;200004;1;-1;-9800.0000;1;2556.0000;None;27600.0000
33375;2023-01-15 14:17:11.977000;3;200004;1;1;9800.0000;1;2556.0000;None;27600.0000
21497;2023-01-15 13:39:37.823000;3;200004;1;1;9800.0000;1;9148.0000;None;98800.0000
21492;2023-01-15 15:10:55.560000;3;200004;1;1;9800.0000;1;82093.0000;None;886600.0000
16096;2023-01-15 14:46:35.977000;3;200004;1;2;19600.0000;1;19130.0000;None;206600.0000
33382;2023-01-15 15:08:35.607000;3;200004;1;1;9800.0000;1;14204.0000;None;153400.0000
33382;2023-01-15 15:08:35.607000;3;200004;1;2;19600.0000;1;14204.0000;None;153400.0000
21498;2023-01-15 14:22:43.890000;3;200004;1;1;9800.0000;1;8870.0000;None;95800.0000
21503;2023-01-15 14:31:30.700000;3;200004;1;1;9800.0000;1;6685.0000;None;72200.0000
21493;2023-01-15 15:02:11.930000;3;200008;1;1;13800.0000;1;17111.0000;None;184800.0000
21493;2023-01-15 14:03:06.737000;3;200008;1;1;13800.0000;1;17111.0000;None;184800.0000
33375;2023-01-15 14:22:28.183000;3;200008;1;1;13800.0000;1;2556.0000;None;27600.0000
33375;2023-01-15 14:02:25.257000;3;200008;1;1;13800.0000;1;2556.0000;None;27600.0000
21497;2023-01-15 13:39:37.823000;3;200009;1;1;9800.0000;1;9148.0000;None;98800.0000
21497;2023-01-15 14:28:07.147000;3;200009;1;1;9800.0000;1;9148.0000;None;98800.0000
33371;2023-01-15 13:47:43.060000;2;200181;5;1;142800.0000;1;22204.0000;None;239800.0000
33355;2023-01-15 11:45:21.557000;2;200480;1;1;12800.0000;1;1185.0000;None;12800.0000
2104;2023-01-15 13:54:17.717000;2;200480;1;1;12800.0000;1;31537.0000;None;340600.0000
21492;2023-01-15 14:41:29.467000;2;200480;1;1;12800.0000;1;82093.0000;None;886600.0000
21496;2023-01-15 14:00:57.813000;2;200480;1;1;12800.0000;1;15519.0000;None;167600.0000
2104;2023-01-15 14:36:47.583000;2;200480;1;1;12800.0000;1;31537.0000;None;340600.0000
2112;2023-01-15 14:57:24.697000;2;200480;1;1;12800.0000;1;9630.0000;None;104000.0000
2093;2023-01-15 10:28:26.190000;3;201146;1;1;5800.0000;1;1815.0000;None;19600.0000
21467;2023-01-15 10:17:34.247000;3;201146;1;1;5800.0000;1;13870.0000;None;149800.0000
21477;2023-01-15 11:38:04.173000;3;201146;1;1;5800.0000;1;1167.0000;None;12600.0000
33361;2023-01-15 13:15:16.847000;3;201146;1;1;5800.0000;1;16148.0000;None;174400.0000
33361;2023-01-15 12:36:27.137000;3;201146;1;2;11600.0000;1;16148.0000;None;174400.0000
21484;2023-01-15 12:30:40.310000;3;201146;1;1;5800.0000;1;4389.0000;None;47400.0000
33360;2023-01-15 13:45:25.797000;3;201146;1;1;5800.0000;1;3093.0000;None;33400.0000
2098;2023-01-15 12:30:20.363000;3;201146;1;1;5800.0000;1;15454.0000;None;166900.0000
33358;2023-01-15 12:12:55.567000;3;201146;1;1;5800.0000;1;1796.0000;None;19400.0000
21480;2023-01-15 12:07:20.180000;3;201146;1;1;5800.0000;1;12037.0000;None;130000.0000
2111;2023-01-15 15:06:40.733000;3;201146;1;1;5800.0000;1;17833.0000;None;192600.0000
2111;2023-01-15 14:34:52.657000;3;201146;1;1;5800.0000;1;17833.0000;None;192600.0000
2110;2023-01-15 14:29:25.853000;3;201146;1;1;5800.0000;1;18389.0000;None;198600.0000
33381;2023-01-15 14:15:24.997000;3;201146;1;1;5800.0000;1;14315.0000;None;154600.0000
21504;2023-01-15 15:02:52.073000;3;201146;1;3;17400.0000;1;20870.0000;None;225400.0000
16090;2023-01-15 14:49:12.707000;3;201146;1;1;5800.0000;1;30204.0000;None;326200.0000
33382;2023-01-15 15:08:35.607000;3;201146;1;2;11600.0000;1;14204.0000;None;153400.0000
16099;2023-01-15 15:45:56.483000;3;201146;1;1;5800.0000;1;5963.0000;None;64400.0000
16100;2023-01-15 16:26:58.977000;3;201146;1;1;5800.0000;1;3333.0000;None;36000.0000
16104;2023-01-15 16:47:31.367000;3;201146;1;-3;-17400.0000;1;-16148.0000;None;-174400.0000
16100;2023-01-15 14:14:03.420000;3;201146;1;1;5800.0000;1;3333.0000;None;36000.0000
16100;2023-01-15 17:11:44.877000;3;201146;1;-1;-5800.0000;1;3333.0000;None;36000.0000
2104;2023-01-15 14:36:47.583000;3;201146;1;1;5800.0000;1;31537.0000;None;340600.0000
33376;2023-01-15 14:25:41.257000;3;201146;1;-1;-5800.0000;1;15148.0000;None;163600.0000
16088;2023-01-15 14:05:20.807000;3;201146;1;3;17400.0000;1;13296.0000;None;143600.0000
33376;2023-01-15 14:05:48.533000;3;201146;1;1;5800.0000;1;15148.0000;None;163600.0000
21492;2023-01-15 14:57:56.683000;3;201146;1;1;5800.0000;1;82093.0000;None;886600.0000
2100;2023-01-15 12:42:48.587000;3;201146;1;1;5800.0000;1;8870.0000;None;95800.0000
16085;2023-01-15 12:37:51.220000;3;201146;1;1;5800.0000;1;8593.0000;None;92800.0000
33369;2023-01-15 13:06:11.803000;3;201146;1;1;5800.0000;1;29352.0000;None;317000.0000
21487;2023-01-15 13:07:54.143000;3;201146;1;1;5800.0000;1;9833.0000;None;106200.0000
21488;2023-01-15 13:11:17.963000;3;201146;1;1;5800.0000;1;7889.0000;None;85200.0000
21492;2023-01-15 14:38:09.810000;3;201146;1;3;17400.0000;1;82093.0000;None;886600.0000
21490;2023-01-15 13:20:40.197000;3;201146;1;1;5800.0000;1;4296.0000;None;46400.0000
21481;2023-01-15 12:14:17.450000;2;201187;1;3;29400.0000;1;6352.0000;None;68600.0000
21481;2023-01-15 12:31:24.540000;2;201187;1;3;29400.0000;1;6352.0000;None;68600.0000
21470;2023-01-15 10:43:34.730000;2;201187;1;1;9800.0000;1;8185.0000;None;88400.0000
21470;2023-01-15 10:55:29.707000;2;201187;1;1;9800.0000;1;8185.0000;None;88400.0000
21470;2023-01-15 11:13:24.873000;2;201187;1;1;9800.0000;1;8185.0000;None;88400.0000
21488;2023-01-15 13:09:25.310000;2;201187;1;1;9800.0000;1;7889.0000;None;85200.0000
21485;2023-01-15 12:53:34.343000;2;201187;1;1;9800.0000;1;17130.0000;None;185000.0000
21496;2023-01-15 15:31:33.343000;2;201187;1;1;9800.0000;1;15519.0000;None;167600.0000
2102;2023-01-15 13:38:34.173000;2;201187;1;1;9800.0000;1;10796.0000;None;116600.0000
16086;2023-01-15 12:56:36.793000;2;201187;1;2;19600.0000;1;11000.0000;None;118800.0000
16086;2023-01-15 13:33:28.057000;2;201187;1;2;19600.0000;1;11000.0000;None;118800.0000
33373;2023-01-15 14:38:15.313000;2;201187;1;1;9800.0000;1;17907.0000;None;193400.0000
33372;2023-01-15 14:01:23.253000;2;201187;1;1;9800.0000;1;4019.0000;None;43400.0000
33372;2023-01-15 13:50:17.107000;2;201187;1;1;9800.0000;1;4019.0000;None;43400.0000
2102;2023-01-15 13:53:13.280000;2;201187;1;1;9800.0000;1;10796.0000;None;116600.0000
33378;2023-01-15 14:12:54.350000;2;201187;1;1;9800.0000;1;15759.0000;None;170200.0000
2105;2023-01-15 13:54:57.873000;2;201187;1;1;9800.0000;1;6889.0000;None;74400.0000
16098;2023-01-15 16:02:13.737000;2;201187;1;1;9800.0000;1;12574.0000;None;135800.0000
16098;2023-01-15 15:21:31.773000;2;201187;1;1;9800.0000;1;12574.0000;None;135800.0000
21500;2023-01-15 15:08:17.533000;2;201187;1;1;9800.0000;1;41019.0000;None;443000.0000
21499;2023-01-15 14:57:00.860000;2;201187;1;1;9800.0000;1;14241.0000;None;153800.0000
21500;2023-01-15 14:27:39.470000;2;201187;1;2;19600.0000;1;41019.0000;None;443000.0000
2110;2023-01-15 14:29:25.853000;3;201211;1;1;5800.0000;1;18389.0000;None;198600.0000
2112;2023-01-15 15:28:42.430000;3;201211;1;1;5800.0000;1;9630.0000;None;104000.0000
2112;2023-01-15 14:57:24.697000;3;201211;1;1;5800.0000;1;9630.0000;None;104000.0000
21503;2023-01-15 14:31:30.700000;3;201211;1;1;5800.0000;1;6685.0000;None;72200.0000
16100;2023-01-15 12:37:51.220000;3;201211;1;1;5800.0000;1;3333.0000;None;36000.0000
2114;2023-01-15 15:11:56.267000;3;201211;1;1;5800.0000;1;13685.0000;None;147800.0000
16090;2023-01-15 14:49:12.707000;3;201211;1;1;5800.0000;1;30204.0000;None;326200.0000
16090;2023-01-15 15:33:59.997000;3;201211;1;1;5800.0000;1;30204.0000;None;326200.0000
16100;2023-01-15 17:14:41.013000;3;201211;1;-1;-5800.0000;1;3333.0000;None;36000.0000
16104;2023-01-15 16:47:31.367000;3;201211;1;-1;-5800.0000;1;-16148.0000;None;-174400.0000
2104;2023-01-15 14:15:20.480000;3;201211;1;1;5800.0000;1;31537.0000;None;340600.0000
2104;2023-01-15 14:42:29.657000;3;201211;1;1;5800.0000;1;31537.0000;None;340600.0000
33376;2023-01-15 14:05:48.533000;3;201211;1;1;5800.0000;1;15148.0000;None;163600.0000
33378;2023-01-15 14:12:54.350000;3;201211;1;2;11600.0000;1;15759.0000;None;170200.0000
33377;2023-01-15 15:12:07.250000;3;201211;1;1;5800.0000;1;11519.0000;None;124400.0000
2107;2023-01-15 14:10:22.903000;3;201211;1;1;5800.0000;1;7167.0000;None;77400.0000
16088;2023-01-15 14:05:20.807000;3;201211;1;1;5800.0000;1;13296.0000;None;143600.0000
33378;2023-01-15 15:11:16.440000;3;201211;1;1;5800.0000;1;15759.0000;None;170200.0000
21485;2023-01-15 13:16:24.193000;3;201211;1;1;5800.0000;1;17130.0000;None;185000.0000
16085;2023-01-15 12:25:18.047000;3;201211;1;1;5800.0000;1;8593.0000;None;92800.0000
33364;2023-01-15 12:49:09.547000;3;201211;1;2;11600.0000;1;24389.0000;None;263400.0000
16085;2023-01-15 12:35:11.537000;3;201211;1;1;5800.0000;1;8593.0000;None;92800.0000
33363;2023-01-15 12:47:49.537000;3;201211;1;2;11600.0000;1;13759.0000;None;148600.0000
33363;2023-01-15 13:15:03.313000;3;201211;1;1;5800.0000;1;13759.0000;None;148600.0000
21492;2023-01-15 14:19:22.780000;3;201211;1;1;5800.0000;1;82093.0000;None;886600.0000
21492;2023-01-15 14:00:11.193000;3;201211;1;1;5800.0000;1;82093.0000;None;886600.0000
21492;2023-01-15 13:21:44.427000;3;201211;1;1;5800.0000;1;82093.0000;None;886600.0000
21492;2023-01-15 13:28:40.187000;3;201211;1;1;5800.0000;1;82093.0000;None;886600.0000
21473;2023-01-15 11:21:58.180000;3;201211;1;1;5800.0000;1;5944.0000;None;64200.0000
21482;2023-01-15 12:20:07.637000;3;201211;1;1;5800.0000;1;6704.0000;None;72400.0000
33361;2023-01-15 12:41:20.807000;3;201211;1;1;5800.0000;1;16148.0000;None;174400.0000
2099;2023-01-15 12:52:57.080000;3;201237;1;1;5800.0000;1;14000.0000;None;151200.0000
2101;2023-01-15 13:12:42.717000;3;201237;1;2;11600.0000;1;10352.0000;None;111800.0000
21490;2023-01-15 13:20:40.197000;3;201237;1;1;5800.0000;1;4296.0000;None;46400.0000
2099;2023-01-15 13:29:47.800000;3;201237;1;1;5800.0000;1;14000.0000;None;151200.0000
16087;2023-01-15 13:48:00.887000;3;201237;1;1;5800.0000;1;11954.0000;None;129100.0000
21496;2023-01-15 13:34:00.473000;3;201269;1;1;5800.0000;1;15519.0000;None;167600.0000
21496;2023-01-15 14:12:25.510000;3;201269;1;1;5800.0000;1;15519.0000;None;167600.0000
21496;2023-01-15 14:55:43.053000;3;201269;1;1;5800.0000;1;15519.0000;None;167600.0000
21494;2023-01-15 13:25:18.580000;3;201269;1;2;11600.0000;1;9093.0000;None;98200.0000
2099;2023-01-15 13:24:10.390000;3;201269;1;1;5800.0000;1;14000.0000;None;151200.0000
21491;2023-01-15 13:21:06.593000;3;201269;1;2;11600.0000;1;56741.0000;None;612800.0000
2111;2023-01-15 14:33:57.980000;3;201269;1;1;5800.0000;1;17833.0000;None;192600.0000
21499;2023-01-15 15:19:27.653000;3;201269;1;1;5800.0000;1;14241.0000;None;153800.0000
21499;2023-01-15 15:54:44.750000;3;201269;1;1;5800.0000;1;14241.0000;None;153800.0000
21499;2023-01-15 14:57:00.860000;3;201269;1;1;5800.0000;1;14241.0000;None;153800.0000
2098;2023-01-15 12:50:34.490000;3;201269;1;1;5800.0000;1;15454.0000;None;166900.0000
21479;2023-01-15 12:35:01.613000;3;201269;1;1;5800.0000;1;3259.0000;None;35200.0000
21470;2023-01-15 10:55:29.707000;2;201615;1;1;13800.0000;1;8185.0000;None;88400.0000
21470;2023-01-15 10:43:34.730000;2;201615;1;1;13800.0000;1;8185.0000;None;88400.0000
2093;2023-01-15 10:28:26.190000;2;201615;1;1;13800.0000;1;1815.0000;None;19600.0000
21504;2023-01-15 15:02:52.073000;2;201615;1;2;27600.0000;1;20870.0000;None;225400.0000
21492;2023-01-15 14:38:09.810000;2;201615;1;1;13800.0000;1;82093.0000;None;886600.0000
33364;2023-01-15 12:49:09.547000;2;201615;1;1;13800.0000;1;24389.0000;None;263400.0000
21496;2023-01-15 15:31:33.343000;2;201615;1;1;13800.0000;1;15519.0000;None;167600.0000
2108;2023-01-15 14:13:16.433000;2;201615;1;1;13800.0000;1;26611.0000;None;287400.0000
2108;2023-01-15 14:13:16.433000;2;201615;1;1;13800.0000;1;26611.0000;None;287400.0000
2108;2023-01-15 14:50:12.903000;2;201615;1;1;13800.0000;1;26611.0000;None;287400.0000
2108;2023-01-15 14:50:12.903000;2;201615;1;1;13800.0000;1;26611.0000;None;287400.0000
33377;2023-01-15 14:13:45.060000;2;201615;1;2;27600.0000;1;11519.0000;None;124400.0000
2105;2023-01-15 13:54:57.873000;3;201958;1;1;5800.0000;1;6889.0000;None;74400.0000
2102;2023-01-15 13:38:34.173000;3;201958;1;1;5800.0000;1;10796.0000;None;116600.0000
2102;2023-01-15 14:03:07.930000;3;201958;1;1;5800.0000;1;10796.0000;None;116600.0000
33373;2023-01-15 13:53:41.963000;3;201958;1;1;5800.0000;1;17907.0000;None;193400.0000
33364;2023-01-15 13:18:48.080000;3;201958;1;1;5800.0000;1;24389.0000;None;263400.0000
33369;2023-01-15 13:06:11.803000;3;201958;1;1;5800.0000;1;29352.0000;None;317000.0000
33369;2023-01-15 13:06:11.803000;3;201958;1;1;5800.0000;1;29352.0000;None;317000.0000
2100;2023-01-15 12:42:48.587000;3;201958;1;1;5800.0000;1;8870.0000;None;95800.0000
33364;2023-01-15 12:49:09.547000;3;201958;1;1;5800.0000;1;24389.0000;None;263400.0000
21492;2023-01-15 14:29:38.113000;3;201958;1;1;5800.0000;1;82093.0000;None;886600.0000
21492;2023-01-15 14:19:22.780000;3;201958;1;1;5800.0000;1;82093.0000;None;886600.0000
33369;2023-01-15 14:18:35.570000;3;201958;1;1;5800.0000;1;29352.0000;None;317000.0000
2115;2023-01-15 15:15:15.533000;3;201958;1;1;5800.0000;1;10389.0000;None;112200.0000
2110;2023-01-15 14:51:06.887000;3;201958;1;1;5800.0000;1;18389.0000;None;198600.0000
2110;2023-01-15 14:54:25.373000;3;201958;1;1;5800.0000;1;18389.0000;None;198600.0000
2110;2023-01-15 15:10:48.120000;3;201958;1;1;5800.0000;1;18389.0000;None;198600.0000
16101;2023-01-15 15:59:00.863000;3;201958;1;1;5800.0000;1;4685.0000;None;50600.0000
33373;2023-01-15 13:53:41.963000;2;201959;1;2;27600.0000;1;17907.0000;None;193400.0000
33360;2023-01-15 12:35:33.167000;2;201959;1;2;27600.0000;1;3093.0000;None;33400.0000
33351;2023-01-15 11:10:51.373000;2;201960;1;1;13800.0000;1;None;None;13800.0000
33352;2023-01-15 11:29:30.977000;2;201960;1;1;13800.0000;1;8370.0000;None;90400.0000
2111;2023-01-15 14:33:57.980000;2;201960;1;1;13800.0000;1;17833.0000;None;192600.0000
16098;2023-01-15 15:21:31.773000;2;201960;1;1;13800.0000;1;12574.0000;None;135800.0000
16097;2023-01-15 15:23:45.763000;2;201960;1;1;13800.0000;1;None;None;98000.0000
21504;2023-01-15 15:02:52.073000;2;201961;1;1;13800.0000;1;20870.0000;None;225400.0000
33362;2023-01-15 12:39:12.697000;3;202134;1;2;19600.0000;1;17982.0000;None;194200.0000
2107;2023-01-15 14:10:22.903000;2;202604;1;1;12800.0000;1;7167.0000;None;77400.0000
21499;2023-01-15 14:27:09.587000;2;202604;1;2;25600.0000;1;14241.0000;None;153800.0000
