16181;2023-01-17 16:00:26.790000;None;3;None;1;-44800.0000;2;None;None;44800.0000
2123;2023-01-17 12:56:02.127000;7;1006;1;1;0.0000;1;None;None;36800.0000
21557;2023-01-17 14:01:51.220000;7;1006;1;1;0.0000;1;22778.0000;None;246000.0000
21563;2023-01-17 16:05:18.183000;7;1006;1;1;0.0000;1;19056.0000;None;205800.0000
2122;2023-01-17 12:35:33.700000;7;1135;1;1;0.0000;1;None;None;59800.0000
2123;2023-01-17 12:56:02.127000;7;1135;1;1;0.0000;1;None;None;36800.0000
21563;2023-01-17 16:05:18.183000;7;1135;1;1;0.0000;1;19056.0000;None;205800.0000
21563;2023-01-17 16:05:18.183000;7;1135;1;1;0.0000;1;19056.0000;None;205800.0000
21557;2023-01-17 14:01:51.220000;7;1135;1;1;0.0000;1;22778.0000;None;246000.0000
21567;2023-01-17 16:42:42.943000;7;1135;1;1;0.0000;1;17574.0000;None;189800.0000
21567;2023-01-17 16:42:42.943000;7;1135;1;1;0.0000;1;17574.0000;None;189800.0000
16183;2023-01-17 18:56:23.240000;7;1207;1;1;0.0000;1;54241.0000;None;585800.0000
16185;2023-01-17 17:46:21.637000;7;1207;1;1;0.0000;1;6593.0000;None;71200.0000
16188;2023-01-17 16:22:44.647000;7;1207;1;1;0.0000;1;9907.0000;None;107000.0000
16188;2023-01-17 16:53:39.553000;7;1207;1;1;0.0000;1;9907.0000;None;107000.0000
16188;2023-01-17 16:17:17.703000;7;1207;1;1;0.0000;1;9907.0000;None;107000.0000
16196;2023-01-17 18:54:20.080000;7;1207;1;1;None;1;34019.0000;None;367400.0000
16196;2023-01-17 19:47:17.363000;7;1207;1;1;0.0000;1;34019.0000;None;367400.0000
16196;2023-01-17 20:38:47.617000;7;1207;1;1;0.0000;1;34019.0000;None;367400.0000
21566;2023-01-17 16:21:49.637000;7;1207;1;2;0.0000;1;18945.0000;None;204600.0000
16196;2023-01-17 21:48:38.133000;7;1207;1;1;0.0000;1;34019.0000;None;367400.0000
16185;2023-01-17 17:32:32.207000;7;1216;1;1;0.0000;1;6593.0000;None;71200.0000
21563;2023-01-17 16:05:18.183000;7;1302;1;1;0.0000;1;19056.0000;None;205800.0000
21554;2023-01-17 13:20:55.457000;7;1303;1;1;0.0000;1;2278.0000;None;24600.0000
21554;2023-01-17 13:20:55.457000;7;1303;1;1;0.0000;1;2278.0000;None;24600.0000
21554;2023-01-17 13:20:55.457000;7;1303;1;1;0.0000;1;2278.0000;None;24600.0000
21554;2023-01-17 13:20:55.457000;7;1303;1;1;0.0000;1;2278.0000;None;24600.0000
21551;2023-01-17 12:37:01.587000;7;1305;1;1;0.0000;1;7537.0000;None;81400.0000
21557;2023-01-17 13:58:54.150000;7;1305;1;1;0.0000;1;22778.0000;None;246000.0000
21563;2023-01-17 16:05:18.183000;7;1306;1;1;0.0000;1;19056.0000;None;205800.0000
21572;2023-01-17 20:22:54.453000;7;1351;3;1;0.0000;1;13519.0000;None;146000.0000
21574;2023-01-17 22:33:18.157000;7;2008;1;2;0.0000;1;4778.0000;None;51600.0000
16181;2023-01-17 11:06:51.820000;7;2009;1;1;0.0000;1;None;None;44800.0000
21555;2023-01-17 14:29:03.380000;7;2033;1;2;0.0000;1;10537.0000;None;113800.0000
21555;2023-01-17 13:50:21.887000;7;2042;1;1;0.0000;1;10537.0000;None;113800.0000
16181;2023-01-17 12:40:29.213000;7;2042;1;1;0.0000;1;None;None;44800.0000
16192;2023-01-17 18:11:54.647000;7;2049;1;1;0.0000;1;19407.0000;None;209600.0000
16192;2023-01-17 18:11:54.647000;7;2049;1;1;0.0000;1;19407.0000;None;209600.0000
16194;2023-01-17 18:47:35.010000;3;100606;1;1;6800.0000;1;4019.0000;None;43400.0000
16185;2023-01-17 17:46:21.637000;3;100606;1;1;6800.0000;1;6593.0000;None;71200.0000
21555;2023-01-17 14:29:03.380000;3;100606;1;2;13600.0000;1;10537.0000;None;113800.0000
21560;2023-01-17 15:09:07.047000;3;100606;1;2;13600.0000;1;1259.0000;None;13600.0000
16181;2023-01-17 11:06:51.820000;3;100607;1;1;6800.0000;1;None;None;44800.0000
16181;2023-01-17 13:13:42.017000;3;100614;1;1;5800.0000;1;None;None;44800.0000
16185;2023-01-17 17:02:11.823000;3;100614;1;1;5800.0000;1;6593.0000;None;71200.0000
21567;2023-01-17 17:39:25.317000;3;100614;1;2;11600.0000;1;17574.0000;None;189800.0000
21555;2023-01-17 13:52:17.877000;1;100891;1;1;35800.0000;1;10537.0000;None;113800.0000
21552;2023-01-17 12:38:36.620000;1;100896;1;1;35800.0000;1;3759.0000;None;40600.0000
21567;2023-01-17 17:39:25.317000;3;100999;1;1;5800.0000;1;17574.0000;None;189800.0000
16188;2023-01-17 16:17:17.703000;2;101080;1;1;24800.0000;1;9907.0000;None;107000.0000
16188;2023-01-17 16:53:39.553000;2;101080;1;1;24800.0000;1;9907.0000;None;107000.0000
16185;2023-01-17 17:32:32.207000;1;101088;1;1;3800.0000;1;6593.0000;None;71200.0000
21558;2023-01-17 14:33:33.783000;3;101410;1;3;0.0000;1;6426.0000;None;69400.0000
21557;2023-01-17 14:01:51.220000;1;101552;5;1;0.0000;1;22778.0000;None;246000.0000
21563;2023-01-17 16:05:18.183000;1;101552;5;1;0.0000;1;19056.0000;None;205800.0000
16181;2023-01-17 12:58:50.897000;3;101564;1;10;0.0000;1;None;None;44800.0000
16181;2023-01-17 12:40:29.213000;3;101641;1;1;0.0000;1;None;None;44800.0000
16183;2023-01-17 18:07:16.420000;1;101954;1;1;19800.0000;1;54241.0000;None;585800.0000
16183;2023-01-17 20:58:46.783000;1;101954;1;1;19800.0000;1;54241.0000;None;585800.0000
16193;2023-01-17 18:32:59.213000;2;101973;1;1;48800.0000;1;8482.0000;None;91600.0000
21564;2023-01-17 16:08:45.727000;2;101973;1;1;48800.0000;1;19333.0000;None;208800.0000
21557;2023-01-17 13:58:54.150000;2;101973;1;1;48800.0000;1;22778.0000;None;246000.0000
21557;2023-01-17 14:45:43.420000;2;101973;1;1;48800.0000;1;22778.0000;None;246000.0000
21564;2023-01-17 16:08:45.727000;2;101978;1;1;47800.0000;1;19333.0000;None;208800.0000
21564;2023-01-17 16:53:58.707000;2;101978;1;1;47800.0000;1;19333.0000;None;208800.0000
16196;2023-01-17 20:04:46.063000;2;101978;1;1;47800.0000;1;34019.0000;None;367400.0000
16196;2023-01-17 21:48:38.133000;2;101978;1;1;47800.0000;1;34019.0000;None;367400.0000
16196;2023-01-17 19:11:21.687000;2;101978;1;1;47800.0000;1;34019.0000;None;367400.0000
21570;2023-01-17 19:13:48.653000;2;101978;1;1;47800.0000;1;8389.0000;None;90600.0000
16183;2023-01-17 20:58:46.783000;1;102003;1;1;9800.0000;1;54241.0000;None;585800.0000
21558;2023-01-17 14:25:24.633000;1;102060;5;1;30800.0000;1;6426.0000;None;69400.0000
21557;2023-01-17 14:05:30.913000;1;102131;1;1;5200.0000;1;22778.0000;None;246000.0000
21552;2023-01-17 12:38:36.620000;1;102170;1;1;4800.0000;1;3759.0000;None;40600.0000
21567;2023-01-17 16:41:57.617000;1;102170;1;1;4800.0000;1;17574.0000;None;189800.0000
16181;2023-01-17 12:49:48.513000;1;102172;1;1;4800.0000;1;None;None;44800.0000
21555;2023-01-17 14:29:03.380000;1;102541;5;1;23800.0000;1;10537.0000;None;113800.0000
21567;2023-01-17 16:45:04.290000;3;102633;1;1;12800.0000;1;17574.0000;None;189800.0000
16185;2023-01-17 17:02:11.823000;3;102635;1;2;17600.0000;1;6593.0000;None;71200.0000
21554;2023-01-17 12:55:38.223000;3;102635;1;1;8800.0000;1;2278.0000;None;24600.0000
21555;2023-01-17 13:50:21.887000;3;102637;1;1;9800.0000;1;10537.0000;None;113800.0000
16188;2023-01-17 16:53:39.553000;3;102657;1;1;12800.0000;1;9907.0000;None;107000.0000
16188;2023-01-17 16:22:44.647000;3;102657;1;1;12800.0000;1;9907.0000;None;107000.0000
21567;2023-01-17 16:45:04.290000;3;102663;1;2;21600.0000;1;17574.0000;None;189800.0000
21572;2023-01-17 20:51:07.980000;2;102706;1;1;39800.0000;1;13519.0000;None;146000.0000
16185;2023-01-17 17:02:11.823000;3;102747;1;1;4800.0000;1;6593.0000;None;71200.0000
21554;2023-01-17 12:55:38.223000;3;102748;1;1;15800.0000;1;2278.0000;None;24600.0000
21563;2023-01-17 15:51:54.347000;3;102748;1;1;15800.0000;1;19056.0000;None;205800.0000
21570;2023-01-17 19:13:48.653000;2;102768;1;1;42800.0000;1;8389.0000;None;90600.0000
16193;2023-01-17 18:32:59.213000;2;102774;1;1;42800.0000;1;8482.0000;None;91600.0000
16196;2023-01-17 19:47:17.363000;2;102775;1;1;44800.0000;1;34019.0000;None;367400.0000
16196;2023-01-17 18:54:20.080000;2;102775;1;1;44800.0000;1;34019.0000;None;367400.0000
16196;2023-01-17 21:48:38.133000;2;102775;1;1;44800.0000;1;34019.0000;None;367400.0000
16196;2023-01-17 22:54:34.820000;2;102775;1;1;44800.0000;1;34019.0000;None;367400.0000
16196;2023-01-17 20:38:47.617000;2;102775;1;1;44800.0000;1;34019.0000;None;367400.0000
2123;2023-01-17 12:56:02.127000;1;102903;1;1;36800.0000;1;None;None;36800.0000
21574;2023-01-17 22:33:18.157000;2;102934;1;1;44800.0000;1;4778.0000;None;51600.0000
21557;2023-01-17 14:01:51.220000;1;103104;5;1;32800.0000;1;22778.0000;None;246000.0000
21564;2023-01-17 16:53:58.707000;2;103152;1;1;44800.0000;1;19333.0000;None;208800.0000
21551;2023-01-17 12:37:09.310000;1;103347;1;1;59800.0000;1;7537.0000;None;81400.0000
2122;2023-01-17 12:35:33.700000;1;103350;1;1;59800.0000;1;None;None;59800.0000
16192;2023-01-17 18:11:16.957000;1;103421;5;1;42800.0000;1;19407.0000;None;209600.0000
21563;2023-01-17 16:05:18.183000;1;103535;1;1;67800.0000;1;19056.0000;None;205800.0000
16183;2023-01-17 15:00:09.637000;2;103735;1;1;47800.0000;1;54241.0000;None;585800.0000
16181;2023-01-17 12:40:29.213000;1;103771;5;1;29800.0000;1;None;None;44800.0000
21563;2023-01-17 15:51:54.347000;1;103773;5;1;14800.0000;1;19056.0000;None;205800.0000
16185;2023-01-17 17:32:32.207000;1;104004;5;1;15800.0000;1;6593.0000;None;71200.0000
21572;2023-01-17 20:51:07.980000;2;104234;1;1;36800.0000;1;13519.0000;None;146000.0000
21567;2023-01-17 17:39:25.317000;3;104554;1;1;4800.0000;1;17574.0000;None;189800.0000
21567;2023-01-17 16:55:43.993000;1;104690;1;2;19600.0000;1;17574.0000;None;189800.0000
21567;2023-01-17 17:14:55.953000;1;104690;1;2;19600.0000;1;17574.0000;None;189800.0000
21567;2023-01-17 16:42:42.943000;1;104690;1;2;19600.0000;1;17574.0000;None;189800.0000
21564;2023-01-17 16:53:58.707000;1;104690;1;1;9800.0000;1;19333.0000;None;208800.0000
21564;2023-01-17 16:13:11.817000;1;104690;1;1;9800.0000;1;19333.0000;None;208800.0000
21563;2023-01-17 16:05:18.183000;1;105065;1;1;0.0000;1;19056.0000;None;205800.0000
21567;2023-01-17 16:41:57.617000;1;106047;1;1;62800.0000;1;17574.0000;None;189800.0000
21569;2023-01-17 17:08:00.607000;2;106934;5;1;27800.0000;1;3204.0000;None;34600.0000
16192;2023-01-17 18:11:54.647000;2;106934;5;2;55600.0000;1;19407.0000;None;209600.0000
16192;2023-01-17 18:27:43.350000;2;106934;5;2;55600.0000;1;19407.0000;None;209600.0000
16192;2023-01-17 18:51:59.590000;2;106934;5;2;55600.0000;1;19407.0000;None;209600.0000
21563;2023-01-17 16:05:18.183000;1;107002;5;1;69800.0000;1;19056.0000;None;205800.0000
21557;2023-01-17 13:58:54.150000;2;107767;1;1;48800.0000;1;22778.0000;None;246000.0000
21551;2023-01-17 12:37:01.587000;3;108191;1;2;0.0000;1;7537.0000;None;81400.0000
21558;2023-01-17 14:25:24.633000;2;108473;1;1;31800.0000;1;6426.0000;None;69400.0000
16188;2023-01-17 17:33:30.053000;2;108473;1;1;31800.0000;1;9907.0000;None;107000.0000
16194;2023-01-17 19:03:12.393000;1;108668;1;1;21800.0000;1;4019.0000;None;43400.0000
16183;2023-01-17 21:00:17.617000;1;108668;1;1;21800.0000;1;54241.0000;None;585800.0000
21572;2023-01-17 20:22:54.453000;1;108796;1;1;49800.0000;1;13519.0000;None;146000.0000
21557;2023-01-17 14:01:51.220000;1;108797;1;1;51800.0000;1;22778.0000;None;246000.0000
21555;2023-01-17 13:50:21.887000;2;108836;5;1;30800.0000;1;10537.0000;None;113800.0000
21563;2023-01-17 15:55:43.063000;2;108836;5;1;30800.0000;1;19056.0000;None;205800.0000
16183;2023-01-17 15:00:09.637000;2;108836;5;1;30800.0000;1;54241.0000;None;585800.0000
16183;2023-01-17 17:04:13.470000;2;108836;5;1;30800.0000;1;54241.0000;None;585800.0000
16183;2023-01-17 18:56:23.240000;2;108836;5;2;61600.0000;1;54241.0000;None;585800.0000
16183;2023-01-17 18:07:16.420000;2;108836;5;1;30800.0000;1;54241.0000;None;585800.0000
16183;2023-01-17 20:02:21.243000;2;108836;5;2;61600.0000;1;54241.0000;None;585800.0000
16183;2023-01-17 21:58:49.883000;2;108836;5;2;61600.0000;1;54241.0000;None;585800.0000
16183;2023-01-17 20:54:06.017000;2;108836;5;2;61600.0000;1;54241.0000;None;585800.0000
16183;2023-01-17 22:29:30.657000;2;108836;5;1;30800.0000;1;54241.0000;None;585800.0000
16181;2023-01-17 12:49:48.513000;1;109363;5;1;28800.0000;1;None;None;44800.0000
21566;2023-01-17 16:21:49.637000;3;200004;1;1;9800.0000;1;18945.0000;None;204600.0000
16185;2023-01-17 17:02:11.823000;3;200004;1;1;9800.0000;1;6593.0000;None;71200.0000
21572;2023-01-17 20:22:54.453000;3;200009;1;2;19600.0000;1;13519.0000;None;146000.0000
21557;2023-01-17 14:25:15.917000;3;200009;1;1;9800.0000;1;22778.0000;None;246000.0000
21566;2023-01-17 16:21:49.637000;2;200711;1;1;194800.0000;1;18945.0000;None;204600.0000
16181;2023-01-17 11:06:51.820000;3;201146;1;1;6800.0000;1;None;None;44800.0000
16181;2023-01-17 12:40:29.213000;3;201146;1;1;6800.0000;1;None;None;44800.0000
16185;2023-01-17 17:02:11.823000;3;201146;1;1;6800.0000;1;6593.0000;None;71200.0000
21569;2023-01-17 16:50:35.437000;3;201146;1;1;6800.0000;1;3204.0000;None;34600.0000
21568;2023-01-17 16:42:09.427000;2;201182;1;2;19600.0000;1;3630.0000;None;39200.0000
21568;2023-01-17 17:11:29.683000;2;201182;1;2;19600.0000;1;3630.0000;None;39200.0000
16183;2023-01-17 20:55:45.350000;2;201187;1;1;10800.0000;1;54241.0000;None;585800.0000
16183;2023-01-17 21:58:49.883000;2;201187;1;1;10800.0000;1;54241.0000;None;585800.0000
16195;2023-01-17 18:08:13.153000;2;201187;1;1;10800.0000;1;2000.0000;None;21600.0000
16195;2023-01-17 18:08:13.153000;2;201187;1;1;10800.0000;1;2000.0000;None;21600.0000
16183;2023-01-17 20:02:21.243000;2;201187;1;1;10800.0000;1;54241.0000;None;585800.0000
16183;2023-01-17 18:56:48.810000;2;201187;1;1;10800.0000;1;54241.0000;None;585800.0000
16183;2023-01-17 17:10:05.560000;2;201187;1;1;10800.0000;1;54241.0000;None;585800.0000
16183;2023-01-17 15:00:09.637000;2;201187;1;2;21600.0000;1;54241.0000;None;585800.0000
16183;2023-01-17 16:05:50.803000;2;201187;1;1;10800.0000;1;54241.0000;None;585800.0000
16183;2023-01-17 17:04:13.470000;2;201187;1;1;10800.0000;1;54241.0000;None;585800.0000
21561;2023-01-17 15:34:18.247000;2;201187;1;1;10800.0000;1;1000.0000;None;10800.0000
2124;2023-01-17 21:05:02.227000;2;201187;1;1;10800.0000;1;1000.0000;None;10800.0000
21551;2023-01-17 12:37:01.587000;2;201187;1;2;21600.0000;1;7537.0000;None;81400.0000
21563;2023-01-17 16:26:15.837000;3;201211;1;1;6800.0000;1;19056.0000;None;205800.0000
21558;2023-01-17 14:25:24.633000;3;201211;1;1;6800.0000;1;6426.0000;None;69400.0000
21567;2023-01-17 16:45:04.290000;3;201269;1;1;6800.0000;1;17574.0000;None;189800.0000
21574;2023-01-17 22:33:18.157000;3;201269;1;1;6800.0000;1;4778.0000;None;51600.0000
16194;2023-01-17 18:35:20.267000;2;201615;1;1;14800.0000;1;4019.0000;None;43400.0000
