16213;2023-01-18 16:28:37.377000;None;3;None;1;-13900.0000;2;None;None;13900.0000
21597;2023-01-18 19:01:35.880000;7;1002;1;1;0.0000;1;27556.0000;None;297600.0000
21597;2023-01-18 19:01:35.880000;7;1002;1;1;0.0000;1;27556.0000;None;297600.0000
16225;2023-01-18 20:20:45.567000;7;1006;1;1;0.0000;1;103963.0000;None;1122800.0000
16225;2023-01-18 20:20:45.567000;7;1006;1;1;0.0000;1;103963.0000;None;1122800.0000
16214;2023-01-18 13:48:43.317000;7;1006;1;1;0.0000;1;14241.0000;None;153800.0000
21584;2023-01-18 13:35:35.870000;7;1006;1;1;0.0000;1;8833.0000;None;95400.0000
21583;2023-01-18 13:32:23.673000;7;1006;1;1;0.0000;1;16482.0000;None;178000.0000
21588;2023-01-18 14:04:58.230000;7;1006;1;1;0.0000;1;11852.0000;None;128000.0000
21583;2023-01-18 13:32:23.673000;7;1045;1;1;0.0000;1;16482.0000;None;178000.0000
21578;2023-01-18 13:15:35.417000;7;1045;1;1;0.0000;1;7426.0000;None;80200.0000
16214;2023-01-18 13:48:43.317000;7;1045;1;1;0.0000;1;14241.0000;None;153800.0000
21578;2023-01-18 13:15:35.417000;7;1135;1;1;0.0000;1;7426.0000;None;80200.0000
2126;2023-01-18 12:35:51.997000;7;1135;1;1;0.0000;1;None;None;95600.0000
21581;2023-01-18 13:18:55.683000;7;1135;1;1;0.0000;1;14333.0000;None;154800.0000
2125;2023-01-18 11:57:36.627000;7;1135;1;1;0.0000;1;None;None;35800.0000
21575;2023-01-18 12:10:56.970000;7;1207;1;1;0.0000;1;1981.0000;None;21400.0000
16213;2023-01-18 12:18:52.003000;7;1207;1;1;0.0000;1;None;None;13900.0000
16213;2023-01-18 11:10:03.270000;7;1207;1;1;0.0000;1;None;None;13900.0000
16213;2023-01-18 12:09:25.667000;7;1207;1;1;0.0000;1;None;None;13900.0000
21592;2023-01-18 18:28:22.907000;7;1207;1;1;0.0000;1;18482.0000;None;199600.0000
21592;2023-01-18 19:30:23.813000;7;1207;1;1;None;1;18482.0000;None;199600.0000
16225;2023-01-18 21:55:25.470000;7;1207;1;1;0.0000;1;103963.0000;None;1122800.0000
16225;2023-01-18 20:30:21.567000;7;1207;1;1;0.0000;1;103963.0000;None;1122800.0000
16223;2023-01-18 19:22:42;7;1207;1;1;0.0000;1;46315.0000;None;500200.0000
16225;2023-01-18 19:43:34.783000;7;1207;1;1;0.0000;1;103963.0000;None;1122800.0000
16228;2023-01-18 22:21:00.087000;7;1207;1;1;0.0000;1;57593.0000;None;622000.0000
21575;2023-01-18 12:10:39.853000;7;1216;1;1;0.0000;1;1981.0000;None;21400.0000
16206;2023-01-18 13:04:22.160000;7;1302;1;1;0.0000;1;6722.0000;None;72600.0000
21583;2023-01-18 13:32:23.673000;7;1302;1;1;0.0000;1;16482.0000;None;178000.0000
16225;2023-01-18 20:20:45.567000;7;1302;1;1;0.0000;1;103963.0000;None;1122800.0000
21581;2023-01-18 13:18:55.683000;7;1305;1;1;0.0000;1;14333.0000;None;154800.0000
16220;2023-01-18 16:07:24.657000;7;1305;1;1;None;1;20074.0000;None;216800.0000
16214;2023-01-18 13:48:43.317000;7;1306;1;1;0.0000;1;14241.0000;None;153800.0000
16225;2023-01-18 20:20:45.567000;7;1306;1;1;0.0000;1;103963.0000;None;1122800.0000
16225;2023-01-18 20:20:45.567000;7;1306;1;1;0.0000;1;103963.0000;None;1122800.0000
16225;2023-01-18 20:20:45.567000;7;1306;1;1;0.0000;1;103963.0000;None;1122800.0000
16225;2023-01-18 20:20:45.567000;7;1306;1;1;0.0000;1;103963.0000;None;1122800.0000
16214;2023-01-18 14:06:09.587000;7;1310;1;1;0.0000;1;14241.0000;None;153800.0000
21578;2023-01-18 13:33:17.047000;7;1311;1;1;0.0000;1;7426.0000;None;80200.0000
21581;2023-01-18 13:18:55.683000;7;1351;3;1;0.0000;1;14333.0000;None;154800.0000
16225;2023-01-18 20:20:45.567000;7;1351;3;1;0.0000;1;103963.0000;None;1122800.0000
16213;2023-01-18 11:10:03.270000;7;2009;1;1;0.0000;1;None;None;13900.0000
2127;2023-01-18 16:46:14.390000;7;2009;1;1;0.0000;1;6778.0000;None;73200.0000
21598;2023-01-18 19:19:01.943000;7;2012;1;1;0.0000;1;8982.0000;None;97000.0000
21598;2023-01-18 19:32:40.020000;7;2042;1;1;0.0000;1;8982.0000;None;97000.0000
21598;2023-01-18 19:19:01.943000;7;2047;1;1;0.0000;1;8982.0000;None;97000.0000
16225;2023-01-18 19:43:34.783000;7;2094;1;1;0.0000;1;103963.0000;None;1122800.0000
21575;2023-01-18 12:10:56.970000;3;100606;1;1;6800.0000;1;1981.0000;None;21400.0000
21576;2023-01-18 12:25:39.310000;3;100606;1;1;6800.0000;1;2093.0000;None;22600.0000
2127;2023-01-18 16:46:14.390000;3;100606;1;1;6800.0000;1;6778.0000;None;73200.0000
16213;2023-01-18 11:10:03.240000;3;100606;1;1;6800.0000;1;None;None;13900.0000
16213;2023-01-18 12:09:25.667000;3;100607;1;1;6800.0000;1;None;None;13900.0000
16213;2023-01-18 14:27:58.653000;3;100613;1;1;5800.0000;1;None;None;13900.0000
16213;2023-01-18 14:47:44.853000;3;100613;1;-1;-5800.0000;1;None;None;13900.0000
16217;2023-01-18 14:53:53.170000;3;100614;1;3;17400.0000;1;13148.0000;None;142000.0000
2125;2023-01-18 11:57:36.627000;1;100892;1;1;35800.0000;1;None;None;35800.0000
21590;2023-01-18 14:43:21.443000;1;100892;1;1;35800.0000;1;12185.0000;None;131600.0000
21581;2023-01-18 13:18:55.683000;1;100892;1;1;35800.0000;1;14333.0000;None;154800.0000
21580;2023-01-18 13:11:51.087000;1;100892;1;1;35800.0000;1;4574.0000;None;49400.0000
2126;2023-01-18 12:35:51.997000;1;100894;1;1;35800.0000;1;None;None;95600.0000
16220;2023-01-18 15:54:10.713000;3;100999;1;1;5800.0000;1;20074.0000;None;216800.0000
21575;2023-01-18 12:10:39.853000;1;101088;1;1;3800.0000;1;1981.0000;None;21400.0000
21597;2023-01-18 19:01:35.880000;1;101113;1;1;48800.0000;1;27556.0000;None;297600.0000
21575;2023-01-18 12:10:39.853000;1;101118;5;1;10800.0000;1;1981.0000;None;21400.0000
21592;2023-01-18 19:25:18.390000;1;101176;1;1;41800.0000;1;18482.0000;None;199600.0000
16224;2023-01-18 20:50:30.100000;1;101176;1;1;41800.0000;1;23037.0000;None;248800.0000
16224;2023-01-18 20:42:03.073000;1;101176;1;1;41800.0000;1;23037.0000;None;248800.0000
21602;2023-01-18 20:05:54.420000;1;101176;1;1;41800.0000;1;16593.0000;None;179200.0000
16220;2023-01-18 15:09:53.993000;1;101203;5;1;51800.0000;1;20074.0000;None;216800.0000
16223;2023-01-18 19:08:54.850000;1;101244;1;1;29800.0000;1;46315.0000;None;500200.0000
21598;2023-01-18 19:31:33.217000;1;101244;1;1;29800.0000;1;8982.0000;None;97000.0000
21578;2023-01-18 13:07:21.090000;1;101247;5;1;27800.0000;1;7426.0000;None;80200.0000
21582;2023-01-18 13:29:00.887000;1;101262;5;1;29800.0000;1;12130.0000;None;131000.0000
21583;2023-01-18 13:32:23.673000;1;101313;5;1;79800.0000;1;16482.0000;None;178000.0000
21578;2023-01-18 13:18:06.060000;3;101410;1;1;0.0000;1;7426.0000;None;80200.0000
21578;2023-01-18 13:18:06.060000;3;101410;1;1;0.0000;1;7426.0000;None;80200.0000
21598;2023-01-18 19:31:33.217000;3;101410;1;1;0.0000;1;8982.0000;None;97000.0000
16223;2023-01-18 19:08:54.850000;3;101410;1;1;0.0000;1;46315.0000;None;500200.0000
16225;2023-01-18 20:20:45.567000;1;101433;1;1;0.0000;1;103963.0000;None;1122800.0000
16225;2023-01-18 20:20:45.567000;1;101433;1;1;0.0000;1;103963.0000;None;1122800.0000
16206;2023-01-18 13:04:22.160000;1;101433;2;1;0.0000;1;6722.0000;None;72600.0000
21578;2023-01-18 13:15:35.417000;1;101433;1;1;0.0000;1;7426.0000;None;80200.0000
21583;2023-01-18 13:32:23.673000;1;101433;1;1;0.0000;1;16482.0000;None;178000.0000
21584;2023-01-18 13:35:35.870000;1;101433;2;1;0.0000;1;8833.0000;None;95400.0000
21583;2023-01-18 13:32:23.673000;1;101522;1;1;0.0000;1;16482.0000;None;178000.0000
21581;2023-01-18 13:18:55.683000;1;101522;1;1;0.0000;1;14333.0000;None;154800.0000
16220;2023-01-18 15:09:53.993000;6;101535;5;1;0.0000;1;20074.0000;None;216800.0000
16227;2023-01-18 21:36:59.070000;6;101535;5;1;0.0000;1;11963.0000;None;129200.0000
16214;2023-01-18 13:48:43.317000;1;101552;5;1;0.0000;1;14241.0000;None;153800.0000
21586;2023-01-18 13:45:42.167000;3;101641;1;1;0.0000;1;6982.0000;None;75400.0000
21579;2023-01-18 13:06:50.710000;3;101641;1;1;0.0000;1;7074.0000;None;76400.0000
21580;2023-01-18 13:11:51.087000;3;101641;1;1;0.0000;1;4574.0000;None;49400.0000
21580;2023-01-18 13:11:51.087000;3;101641;1;1;0.0000;1;4574.0000;None;49400.0000
21578;2023-01-18 12:59:30.307000;3;101641;1;1;0.0000;1;7426.0000;None;80200.0000
21578;2023-01-18 12:59:30.307000;3;101641;1;1;0.0000;1;7426.0000;None;80200.0000
16217;2023-01-18 14:17:15.257000;3;101641;1;1;0.0000;1;13148.0000;None;142000.0000
16217;2023-01-18 14:17:15.257000;3;101641;1;1;0.0000;1;13148.0000;None;142000.0000
16225;2023-01-18 21:07:55.617000;3;101641;1;1;0.0000;1;103963.0000;None;1122800.0000
16224;2023-01-18 20:46:16.977000;3;101641;1;1;0.0000;1;23037.0000;None;248800.0000
16224;2023-01-18 20:57:03.970000;3;101641;1;1;0.0000;1;23037.0000;None;248800.0000
16225;2023-01-18 20:08:27.010000;3;101641;1;2;0.0000;1;103963.0000;None;1122800.0000
21582;2023-01-18 13:29:00.887000;1;101659;1;1;46800.0000;1;12130.0000;None;131000.0000
16225;2023-01-18 20:19:21.540000;2;101704;1;1;43800.0000;1;103963.0000;None;1122800.0000
16225;2023-01-18 19:26:46.407000;2;101704;1;1;43800.0000;1;103963.0000;None;1122800.0000
16225;2023-01-18 21:07:55.617000;2;101704;1;1;43800.0000;1;103963.0000;None;1122800.0000
16225;2023-01-18 21:09:15.527000;2;101704;1;1;43800.0000;1;103963.0000;None;1122800.0000
16225;2023-01-18 21:55:25.470000;2;101704;1;2;87600.0000;1;103963.0000;None;1122800.0000
16224;2023-01-18 20:30:04.387000;2;101708;1;1;25800.0000;1;23037.0000;None;248800.0000
21598;2023-01-18 19:19:01.943000;2;101709;1;2;57600.0000;1;8982.0000;None;97000.0000
21592;2023-01-18 19:30:23.813000;2;101709;1;1;28800.0000;1;18482.0000;None;199600.0000
21592;2023-01-18 18:28:22.907000;2;101709;1;1;28800.0000;1;18482.0000;None;199600.0000
21592;2023-01-18 17:59:00.040000;2;101709;1;1;28800.0000;1;18482.0000;None;199600.0000
16228;2023-01-18 20:13:29.357000;2;101795;1;3;113400.0000;1;57593.0000;None;622000.0000
2127;2023-01-18 16:46:14.390000;2;101878;1;1;29800.0000;1;6778.0000;None;73200.0000
2127;2023-01-18 17:08:17.723000;2;101878;1;1;29800.0000;1;6778.0000;None;73200.0000
21592;2023-01-18 19:49:24.200000;1;101954;1;1;19800.0000;1;18482.0000;None;199600.0000
21594;2023-01-18 18:32:23.830000;2;101974;1;1;51800.0000;1;8648.0000;None;93400.0000
21593;2023-01-18 18:06:49.223000;2;101978;1;1;47800.0000;1;16778.0000;None;181200.0000
21593;2023-01-18 18:47:47.723000;2;101978;1;1;47800.0000;1;16778.0000;None;181200.0000
16226;2023-01-18 21:17:46.767000;2;101998;1;1;20800.0000;1;26222.0000;None;283200.0000
16226;2023-01-18 22:47:53.987000;2;101998;1;1;20800.0000;1;26222.0000;None;283200.0000
16226;2023-01-18 20:36:25.490000;2;101998;1;1;20800.0000;1;26222.0000;None;283200.0000
16228;2023-01-18 20:13:29.357000;1;102003;1;1;9800.0000;1;57593.0000;None;622000.0000
16223;2023-01-18 19:48:46.903000;1;102025;5;1;31800.0000;1;46315.0000;None;500200.0000
21582;2023-01-18 13:47:52.230000;1;102065;5;1;29800.0000;1;12130.0000;None;131000.0000
21588;2023-01-18 14:04:58.230000;1;102069;5;1;35800.0000;1;11852.0000;None;128000.0000
16213;2023-01-18 13:27:21.350000;1;102150;5;1;3800.0000;1;None;None;13900.0000
16220;2023-01-18 14:28:50.007000;1;102170;1;1;4800.0000;1;20074.0000;None;216800.0000
16220;2023-01-18 14:41:32.997000;1;102170;1;1;4800.0000;1;20074.0000;None;216800.0000
16220;2023-01-18 14:42:58.483000;1;102170;1;1;4800.0000;1;20074.0000;None;216800.0000
16220;2023-01-18 14:50:26.727000;1;102170;1;1;4800.0000;1;20074.0000;None;216800.0000
21590;2023-01-18 14:42:46.110000;1;102172;2;1;4800.0000;1;12185.0000;None;131600.0000
16206;2023-01-18 13:04:22.160000;1;102172;2;1;4800.0000;1;6722.0000;None;72600.0000
16206;2023-01-18 13:25:03.280000;1;102172;2;-1;-4800.0000;1;6722.0000;None;72600.0000
21588;2023-01-18 14:04:58.230000;1;102228;1;1;10800.0000;1;11852.0000;None;128000.0000
16213;2023-01-18 13:19:57.793000;1;102316;1;1;1800.0000;1;None;None;13900.0000
16213;2023-01-18 13:27:21.350000;1;102316;1;1;1800.0000;1;None;None;13900.0000
21597;2023-01-18 19:01:35.880000;1;102359;5;1;41800.0000;1;27556.0000;None;297600.0000
16214;2023-01-18 13:48:43.317000;1;102493;1;1;44800.0000;1;14241.0000;None;153800.0000
21577;2023-01-18 12:57:27.413000;3;102619;1;1;7800.0000;1;2444.0000;None;26400.0000
21597;2023-01-18 19:01:35.880000;3;102619;1;1;7800.0000;1;27556.0000;None;297600.0000
21577;2023-01-18 12:57:27.413000;3;102635;1;1;8800.0000;1;2444.0000;None;26400.0000
21586;2023-01-18 13:42:17.670000;3;102635;1;1;8800.0000;1;6982.0000;None;75400.0000
21583;2023-01-18 13:35:03.530000;3;102635;1;1;8800.0000;1;16482.0000;None;178000.0000
21590;2023-01-18 14:23:00.730000;3;102635;1;2;17600.0000;1;12185.0000;None;131600.0000
16225;2023-01-18 19:43:34.783000;3;102635;1;1;8800.0000;1;103963.0000;None;1122800.0000
16225;2023-01-18 19:43:34.783000;3;102635;1;1;8800.0000;1;103963.0000;None;1122800.0000
16225;2023-01-18 20:30:21.567000;3;102635;1;1;8800.0000;1;103963.0000;None;1122800.0000
21582;2023-01-18 13:29:00.887000;3;102637;1;1;9800.0000;1;12130.0000;None;131000.0000
16225;2023-01-18 19:43:34.783000;3;102644;1;1;6800.0000;1;103963.0000;None;1122800.0000
21577;2023-01-18 12:57:27.413000;3;102651;1;1;9800.0000;1;2444.0000;None;26400.0000
21598;2023-01-18 19:19:01.943000;3;102747;1;1;4800.0000;1;8982.0000;None;97000.0000
21598;2023-01-18 19:32:40.020000;3;102747;1;1;4800.0000;1;8982.0000;None;97000.0000
21597;2023-01-18 19:01:35.880000;3;102747;1;1;4800.0000;1;27556.0000;None;297600.0000
21576;2023-01-18 12:25:39.310000;3;102748;1;1;15800.0000;1;2093.0000;None;22600.0000
21593;2023-01-18 18:47:47.723000;2;102774;1;1;42800.0000;1;16778.0000;None;181200.0000
21593;2023-01-18 18:06:49.223000;2;102774;1;1;42800.0000;1;16778.0000;None;181200.0000
16226;2023-01-18 20:36:25.490000;2;102774;1;1;42800.0000;1;26222.0000;None;283200.0000
21602;2023-01-18 20:38:35.363000;2;102774;1;1;42800.0000;1;16593.0000;None;179200.0000
21602;2023-01-18 20:05:54.420000;2;102774;1;1;42800.0000;1;16593.0000;None;179200.0000
21603;2023-01-18 20:51:15.223000;2;102775;1;1;44800.0000;1;23333.0000;None;252000.0000
16222;2023-01-18 19:43:47.570000;2;102775;1;1;44800.0000;1;10037.0000;None;108400.0000
21592;2023-01-18 17:59:00.040000;2;102775;1;1;44800.0000;1;18482.0000;None;199600.0000
16214;2023-01-18 13:48:43.317000;1;102877;5;1;49800.0000;1;14241.0000;None;153800.0000
21597;2023-01-18 19:01:35.880000;1;102903;1;1;36800.0000;1;27556.0000;None;297600.0000
21594;2023-01-18 18:32:23.830000;1;102913;1;1;26800.0000;1;8648.0000;None;93400.0000
16223;2023-01-18 19:48:46.903000;1;102914;1;1;26800.0000;1;46315.0000;None;500200.0000
16226;2023-01-18 22:47:53.987000;2;102933;1;1;25800.0000;1;26222.0000;None;283200.0000
21581;2023-01-18 13:18:55.683000;1;102982;1;1;59800.0000;1;14333.0000;None;154800.0000
21578;2023-01-18 13:15:35.417000;1;103104;5;1;32800.0000;1;7426.0000;None;80200.0000
16224;2023-01-18 19:41:06.433000;2;103151;1;1;48800.0000;1;23037.0000;None;248800.0000
16220;2023-01-18 15:09:53.993000;1;103172;5;1;24800.0000;1;20074.0000;None;216800.0000
16227;2023-01-18 21:36:59.070000;1;103172;5;1;24800.0000;1;11963.0000;None;129200.0000
16217;2023-01-18 14:17:15.257000;1;103347;1;1;59800.0000;1;13148.0000;None;142000.0000
21579;2023-01-18 13:11:15.047000;1;103347;1;1;59800.0000;1;7074.0000;None;76400.0000
16208;2023-01-18 13:45:06.513000;1;103347;1;1;59800.0000;1;7537.0000;None;81400.0000
21590;2023-01-18 14:23:00.730000;1;103347;1;1;59800.0000;1;12185.0000;None;131600.0000
2126;2023-01-18 12:35:51.997000;1;103350;1;1;59800.0000;1;None;None;95600.0000
21586;2023-01-18 13:42:17.670000;1;103354;1;1;59800.0000;1;6982.0000;None;75400.0000
16226;2023-01-18 21:01:44.260000;1;103434;5;1;34800.0000;1;26222.0000;None;283200.0000
16227;2023-01-18 21:36:59.070000;1;103467;5;1;31800.0000;1;11963.0000;None;129200.0000
21597;2023-01-18 19:01:35.880000;1;103471;5;1;34800.0000;1;27556.0000;None;297600.0000
21603;2023-01-18 21:33:47.343000;2;103524;1;1;49800.0000;1;23333.0000;None;252000.0000
21584;2023-01-18 13:35:35.870000;1;103534;1;1;67800.0000;1;8833.0000;None;95400.0000
21583;2023-01-18 13:32:23.673000;1;103535;1;1;67800.0000;1;16482.0000;None;178000.0000
16226;2023-01-18 21:01:44.260000;1;103559;5;1;46800.0000;1;26222.0000;None;283200.0000
21588;2023-01-18 14:04:58.230000;1;103600;5;1;69800.0000;1;11852.0000;None;128000.0000
16220;2023-01-18 15:12:23.223000;1;103648;1;1;26800.0000;1;20074.0000;None;216800.0000
21583;2023-01-18 14:00:45.217000;1;103773;5;1;14800.0000;1;16482.0000;None;178000.0000
16217;2023-01-18 14:53:53.170000;1;104004;5;1;15800.0000;1;13148.0000;None;142000.0000
16217;2023-01-18 14:56:36.233000;1;104004;5;1;15800.0000;1;13148.0000;None;142000.0000
16206;2023-01-18 13:04:22.160000;1;104294;1;1;65800.0000;1;6722.0000;None;72600.0000
21588;2023-01-18 13:49:34.100000;3;104446;1;2;11600.0000;1;11852.0000;None;128000.0000
16220;2023-01-18 15:54:10.713000;3;104554;1;1;4800.0000;1;20074.0000;None;216800.0000
21594;2023-01-18 18:32:23.830000;6;104683;1;1;0.0000;1;8648.0000;None;93400.0000
16228;2023-01-18 20:13:29.357000;1;104690;1;1;9800.0000;1;57593.0000;None;622000.0000
21588;2023-01-18 14:04:58.230000;1;104837;5;1;0.0000;1;11852.0000;None;128000.0000
16225;2023-01-18 20:20:45.567000;1;104837;5;1;0.0000;1;103963.0000;None;1122800.0000
16225;2023-01-18 20:20:45.567000;1;104837;5;1;0.0000;1;103963.0000;None;1122800.0000
16225;2023-01-18 20:20:45.567000;1;104893;5;1;129800.0000;1;103963.0000;None;1122800.0000
16225;2023-01-18 20:20:45.567000;1;104893;5;1;129800.0000;1;103963.0000;None;1122800.0000
16225;2023-01-18 20:20:45.567000;1;104893;5;1;129800.0000;1;103963.0000;None;1122800.0000
16225;2023-01-18 20:20:45.567000;1;104893;5;1;129800.0000;1;103963.0000;None;1122800.0000
16228;2023-01-18 18:46:39.793000;2;105846;1;1;35800.0000;1;57593.0000;None;622000.0000
16228;2023-01-18 20:13:29.357000;1;106047;1;1;62800.0000;1;57593.0000;None;622000.0000
16222;2023-01-18 19:53:46.840000;2;107767;1;1;48800.0000;1;10037.0000;None;108400.0000
16228;2023-01-18 18:46:39.793000;2;107767;1;3;146400.0000;1;57593.0000;None;622000.0000
16228;2023-01-18 20:27:26.947000;2;107767;1;1;48800.0000;1;57593.0000;None;622000.0000
16228;2023-01-18 22:21:00.087000;2;107767;1;4;195200.0000;1;57593.0000;None;622000.0000
16227;2023-01-18 21:30:36.023000;2;107767;1;1;48800.0000;1;11963.0000;None;129200.0000
16226;2023-01-18 21:37:39.120000;2;107767;1;1;48800.0000;1;26222.0000;None;283200.0000
21602;2023-01-18 20:05:54.420000;2;108106;1;1;51800.0000;1;16593.0000;None;179200.0000
21603;2023-01-18 20:51:15.223000;2;108106;1;1;51800.0000;1;23333.0000;None;252000.0000
16224;2023-01-18 19:41:06.433000;2;108106;1;1;51800.0000;1;23037.0000;None;248800.0000
16224;2023-01-18 20:23:16.453000;2;108121;1;1;38800.0000;1;23037.0000;None;248800.0000
16227;2023-01-18 21:30:36.023000;2;108132;1;1;23800.0000;1;11963.0000;None;129200.0000
21603;2023-01-18 21:33:47.343000;2;108133;1;1;59800.0000;1;23333.0000;None;252000.0000
21604;2023-01-18 21:13:44.997000;3;108191;1;2;0.0000;1;5926.0000;None;64000.0000
21604;2023-01-18 21:50:40.470000;3;108191;1;1;0.0000;1;5926.0000;None;64000.0000
21604;2023-01-18 22:26:55.173000;3;108191;1;1;0.0000;1;5926.0000;None;64000.0000
16225;2023-01-18 21:07:55.617000;3;108191;1;1;0.0000;1;103963.0000;None;1122800.0000
21603;2023-01-18 20:51:15.223000;1;108550;5;1;45800.0000;1;23333.0000;None;252000.0000
16226;2023-01-18 20:36:25.490000;1;108668;1;1;21800.0000;1;26222.0000;None;283200.0000
21597;2023-01-18 19:01:35.880000;1;108796;1;1;49800.0000;1;27556.0000;None;297600.0000
16223;2023-01-18 18:47:25.067000;2;108836;5;2;61600.0000;1;46315.0000;None;500200.0000
16225;2023-01-18 21:01:14.533000;2;108836;5;1;30800.0000;1;103963.0000;None;1122800.0000
16225;2023-01-18 21:26:28.060000;2;108836;5;1;30800.0000;1;103963.0000;None;1122800.0000
16223;2023-01-18 20:40:40.480000;2;108836;5;3;92400.0000;1;46315.0000;None;500200.0000
16223;2023-01-18 21:08:31.367000;2;108836;5;3;92400.0000;1;46315.0000;None;500200.0000
16225;2023-01-18 20:19:21.540000;2;108836;5;1;30800.0000;1;103963.0000;None;1122800.0000
16225;2023-01-18 19:36:12.690000;2;108836;5;1;30800.0000;1;103963.0000;None;1122800.0000
16220;2023-01-18 15:14:05.170000;2;108836;5;1;30800.0000;1;20074.0000;None;216800.0000
16225;2023-01-18 21:55:25.470000;2;109161;1;1;86800.0000;1;103963.0000;None;1122800.0000
21597;2023-01-18 19:01:35.880000;1;109458;1;1;26800.0000;1;27556.0000;None;297600.0000
21597;2023-01-18 19:01:35.880000;3;200004;1;1;9800.0000;1;27556.0000;None;297600.0000
16217;2023-01-18 14:17:15.257000;3;200004;1;1;9800.0000;1;13148.0000;None;142000.0000
16217;2023-01-18 14:17:15.257000;3;200004;1;1;9800.0000;1;13148.0000;None;142000.0000
21586;2023-01-18 13:42:17.670000;3;200004;1;1;9800.0000;1;6982.0000;None;75400.0000
21586;2023-01-18 13:45:42.167000;3;200004;1;-1;-9800.0000;1;6982.0000;None;75400.0000
21579;2023-01-18 13:06:50.710000;3;200004;1;1;9800.0000;1;7074.0000;None;76400.0000
21578;2023-01-18 12:59:30.307000;3;200004;1;2;19600.0000;1;7426.0000;None;80200.0000
21604;2023-01-18 22:31:18.403000;2;200480;1;1;12800.0000;1;5926.0000;None;64000.0000
21604;2023-01-18 22:26:55.173000;2;200480;1;1;12800.0000;1;5926.0000;None;64000.0000
21604;2023-01-18 21:50:40.470000;2;200480;1;1;12800.0000;1;5926.0000;None;64000.0000
21604;2023-01-18 21:13:44.997000;2;200480;1;2;25600.0000;1;5926.0000;None;64000.0000
16206;2023-01-18 13:02:22.507000;3;201146;1;1;6800.0000;1;6722.0000;None;72600.0000
21590;2023-01-18 14:23:00.730000;3;201146;1;1;6800.0000;1;12185.0000;None;131600.0000
16213;2023-01-18 12:18:52.003000;3;201146;1;1;6800.0000;1;None;None;13900.0000
16217;2023-01-18 14:17:15.257000;3;201146;1;1;6800.0000;1;13148.0000;None;142000.0000
16217;2023-01-18 14:20:01.167000;3;201146;1;1;6800.0000;1;13148.0000;None;142000.0000
21592;2023-01-18 19:53:55.370000;3;201146;1;1;6800.0000;1;18482.0000;None;199600.0000
16225;2023-01-18 21:07:55.617000;3;201146;1;1;6800.0000;1;103963.0000;None;1122800.0000
16223;2023-01-18 21:08:31.367000;3;201146;1;1;6800.0000;1;46315.0000;None;500200.0000
16223;2023-01-18 21:08:31.367000;3;201146;1;1;6800.0000;1;46315.0000;None;500200.0000
16220;2023-01-18 14:28:50.007000;2;201187;1;2;21600.0000;1;20074.0000;None;216800.0000
16220;2023-01-18 15:11:12.550000;2;201187;1;1;10800.0000;1;20074.0000;None;216800.0000
16208;2023-01-18 13:39:35.473000;2;201187;1;2;21600.0000;1;7537.0000;None;81400.0000
21597;2023-01-18 19:01:35.880000;2;201187;1;2;21600.0000;1;27556.0000;None;297600.0000
16225;2023-01-18 20:38:41.007000;3;201211;1;1;6800.0000;1;103963.0000;None;1122800.0000
21583;2023-01-18 13:30:34.227000;3;201211;1;1;6800.0000;1;16482.0000;None;178000.0000
16220;2023-01-18 14:33:33.430000;3;201211;1;1;6800.0000;1;20074.0000;None;216800.0000
16220;2023-01-18 14:28:50.007000;3;201211;1;1;6800.0000;1;20074.0000;None;216800.0000
16220;2023-01-18 15:43:03.987000;3;201211;1;1;6800.0000;1;20074.0000;None;216800.0000
2127;2023-01-18 16:46:14.390000;3;201211;1;1;6800.0000;1;6778.0000;None;73200.0000
21579;2023-01-18 13:11:15.047000;3;201237;1;1;6800.0000;1;7074.0000;None;76400.0000
21580;2023-01-18 13:11:51.087000;3;201269;1;2;13600.0000;1;4574.0000;None;49400.0000
21586;2023-01-18 13:45:42.167000;3;201269;1;1;6800.0000;1;6982.0000;None;75400.0000
16225;2023-01-18 21:07:55.617000;3;201269;1;1;6800.0000;1;103963.0000;None;1122800.0000
16225;2023-01-18 21:07:55.617000;3;201269;1;1;6800.0000;1;103963.0000;None;1122800.0000
16225;2023-01-18 21:55:25.470000;3;201269;1;2;13600.0000;1;103963.0000;None;1122800.0000
16225;2023-01-18 19:26:46.407000;3;201269;1;1;6800.0000;1;103963.0000;None;1122800.0000
16225;2023-01-18 20:19:21.540000;3;201269;1;1;6800.0000;1;103963.0000;None;1122800.0000
16225;2023-01-18 20:08:27.010000;3;201269;1;2;13600.0000;1;103963.0000;None;1122800.0000
16222;2023-01-18 20:25:30.867000;2;201615;1;1;14800.0000;1;10037.0000;None;108400.0000
21597;2023-01-18 19:01:35.880000;2;201615;1;1;14800.0000;1;27556.0000;None;297600.0000
16225;2023-01-18 21:55:25.470000;2;201615;1;1;14800.0000;1;103963.0000;None;1122800.0000
16225;2023-01-18 21:04:11.247000;2;201615;1;1;14800.0000;1;103963.0000;None;1122800.0000
21581;2023-01-18 13:18:55.683000;2;201615;1;2;29600.0000;1;14333.0000;None;154800.0000
21582;2023-01-18 13:29:00.887000;2;201615;1;1;14800.0000;1;12130.0000;None;131000.0000
21581;2023-01-18 13:37:26.427000;2;201615;1;1;14800.0000;1;14333.0000;None;154800.0000
21581;2023-01-18 13:46:53.900000;2;201615;1;1;14800.0000;1;14333.0000;None;154800.0000
21594;2023-01-18 18:32:23.830000;2;201615;1;1;14800.0000;1;8648.0000;None;93400.0000
16214;2023-01-18 14:27:47.757000;2;201615;1;2;29600.0000;1;14241.0000;None;153800.0000
16214;2023-01-18 13:49:12.147000;2;201615;1;1;14800.0000;1;14241.0000;None;153800.0000
16214;2023-01-18 13:47:38.960000;2;201615;1;1;14800.0000;1;14241.0000;None;153800.0000
21590;2023-01-18 14:23:00.730000;3;201958;1;1;6800.0000;1;12185.0000;None;131600.0000
21584;2023-01-18 13:51:05.353000;2;201960;1;1;13800.0000;1;8833.0000;None;95400.0000
21584;2023-01-18 13:35:35.870000;2;201960;1;1;13800.0000;1;8833.0000;None;95400.0000
16223;2023-01-18 19:22:42;2;202365;5;1;151800.0000;1;46315.0000;None;500200.0000
16209;2023-01-18 13:52:47.947000;1;202572;1;1;5500.0000;1;None;None;5500.0000
