16231;2023-01-19 16:27:52.197000;None;3;None;1;-93800.0000;2;None;None;96800.0000
33386;2023-01-19 13:31:13.570000;7;1002;1;1;0.0000;1;12815.0000;None;138400.0000
21607;2023-01-19 12:25:49.633000;7;1002;1;1;0.0000;1;17000.0000;None;183600.0000
21609;2023-01-19 12:46:37.033000;7;1002;1;1;0.0000;1;65889.0000;None;711600.0000
21609;2023-01-19 12:59:25.867000;7;1002;1;1;0.0000;1;65889.0000;None;711600.0000
21642;2023-01-19 20:43:36.320000;7;1002;1;1;None;1;27426.0000;None;296200.0000
21650;2023-01-19 22:40:35.873000;7;1002;1;1;0.0000;1;8852.0000;None;95600.0000
21638;2023-01-19 20:24:24.517000;7;1006;1;1;0.0000;1;5778.0000;None;62400.0000
21639;2023-01-19 21:36:25.327000;7;1006;1;1;0.0000;1;104556.0000;None;1129200.0000
21640;2023-01-19 20:35:56.210000;7;1006;1;1;0.0000;1;13426.0000;None;145000.0000
21639;2023-01-19 21:36:25.327000;7;1006;1;1;0.0000;1;104556.0000;None;1129200.0000
21639;2023-01-19 21:36:25.327000;7;1006;1;1;0.0000;1;104556.0000;None;1129200.0000
21639;2023-01-19 21:36:25.327000;7;1006;1;1;0.0000;1;104556.0000;None;1129200.0000
16237;2023-01-19 18:00:01.250000;7;1006;1;1;0.0000;1;65519.0000;None;707600.0000
21628;2023-01-19 22:14:35.397000;7;1006;1;1;None;1;77019.0000;None;831800.0000
21609;2023-01-19 12:46:37.033000;7;1006;1;1;0.0000;1;65889.0000;None;711600.0000
21613;2023-01-19 13:03:29.410000;7;1006;1;1;0.0000;1;15093.0000;None;163000.0000
21616;2023-01-19 13:23:18.213000;7;1006;1;1;0.0000;1;14046.0000;None;151700.0000
21617;2023-01-19 14:13:53.023000;7;1006;1;1;0.0000;1;34445.0000;None;372000.0000
33390;2023-01-19 13:29:01.310000;7;1006;1;1;0.0000;1;11667.0000;None;126000.0000
21639;2023-01-19 21:36:25.327000;7;1007;1;1;0.0000;1;104556.0000;None;1129200.0000
33390;2023-01-19 13:29:01.310000;7;1135;1;1;0.0000;1;11667.0000;None;126000.0000
21617;2023-01-19 14:13:53.023000;7;1135;1;1;0.0000;1;34445.0000;None;372000.0000
33389;2023-01-19 13:13:31.797000;7;1135;1;1;0.0000;1;9333.0000;None;100800.0000
33389;2023-01-19 13:13:31.797000;7;1135;1;1;0.0000;1;9333.0000;None;100800.0000
21615;2023-01-19 13:16:57.583000;7;1135;1;1;0.0000;1;16074.0000;None;173600.0000
21608;2023-01-19 12:21:34.570000;7;1135;1;1;0.0000;1;7907.0000;None;85400.0000
21608;2023-01-19 12:21:34.553000;7;1135;1;1;0.0000;1;7907.0000;None;85400.0000
21607;2023-01-19 12:25:49.633000;7;1135;1;1;0.0000;1;17000.0000;None;183600.0000
21607;2023-01-19 12:25:49.633000;7;1135;1;1;0.0000;1;17000.0000;None;183600.0000
16229;2023-01-19 12:43:10.327000;7;1207;1;1;0.0000;1;889.0000;None;9600.0000
21609;2023-01-19 12:48:00.970000;7;1207;1;1;0.0000;1;65889.0000;None;711600.0000
21609;2023-01-19 13:21:05.607000;7;1207;1;1;0.0000;1;65889.0000;None;711600.0000
21609;2023-01-19 13:21:05.607000;7;1207;1;1;0.0000;1;65889.0000;None;711600.0000
21609;2023-01-19 13:38:51.960000;7;1207;1;1;0.0000;1;65889.0000;None;711600.0000
33389;2023-01-19 13:24:04.757000;7;1207;1;1;0.0000;1;9333.0000;None;100800.0000
21620;2023-01-19 13:52:15.463000;7;1207;1;1;0.0000;1;10037.0000;None;108400.0000
21621;2023-01-19 13:54:37.480000;7;1207;1;1;0.0000;1;5463.0000;None;59000.0000
16231;2023-01-19 15:05:59.347000;7;1207;1;1;0.0000;1;None;None;96800.0000
16234;2023-01-19 16:31:51.977000;7;1207;1;1;0.0000;1;71037.0000;None;767200.0000
16234;2023-01-19 16:31:51.977000;7;1207;1;1;0.0000;1;71037.0000;None;767200.0000
16234;2023-01-19 15:23:44.833000;7;1207;1;1;0.0000;1;71037.0000;None;767200.0000
16234;2023-01-19 15:23:44.833000;7;1207;1;1;0.0000;1;71037.0000;None;767200.0000
16234;2023-01-19 15:23:44.833000;7;1207;1;1;0.0000;1;71037.0000;None;767200.0000
16234;2023-01-19 18:12:12.607000;7;1207;1;1;None;1;71037.0000;None;767200.0000
16234;2023-01-19 17:38:19.453000;7;1207;1;1;0.0000;1;71037.0000;None;767200.0000
16234;2023-01-19 17:38:19.453000;7;1207;1;1;0.0000;1;71037.0000;None;767200.0000
16237;2023-01-19 17:26:20.843000;7;1207;1;1;0.0000;1;65519.0000;None;707600.0000
21654;2023-01-20 00:04:48.303000;7;1207;1;1;0.0000;1;13000.0000;None;140400.0000
21653;2023-01-19 23:24:53.277000;7;1207;1;1;0.0000;1;21167.0000;None;228600.0000
16245;2023-01-19 22:49:51.710000;7;1207;1;1;0.0000;1;22148.0000;None;239200.0000
16245;2023-01-19 22:49:51.710000;7;1207;1;1;0.0000;1;22148.0000;None;239200.0000
21648;2023-01-19 22:13:06.270000;7;1207;1;1;0.0000;1;17315.0000;None;187000.0000
21648;2023-01-19 22:13:06.270000;7;1207;1;1;None;1;17315.0000;None;187000.0000
21648;2023-01-19 22:16:41.140000;7;1207;1;-1;0.0000;1;17315.0000;None;187000.0000
16243;2023-01-19 22:02:28.973000;7;1207;1;1;0.0000;1;32019.0000;None;345800.0000
21639;2023-01-19 20:25:32.493000;7;1207;1;1;0.0000;1;104556.0000;None;1129200.0000
21628;2023-01-19 21:32:31.747000;7;1207;1;1;0.0000;1;77019.0000;None;831800.0000
21628;2023-01-19 18:17:31.387000;7;1207;1;1;0.0000;1;77019.0000;None;831800.0000
21628;2023-01-19 19:00:54.827000;7;1207;1;1;0.0000;1;77019.0000;None;831800.0000
16237;2023-01-19 17:35:35.053000;7;1207;1;1;0.0000;1;65519.0000;None;707600.0000
16237;2023-01-19 18:22:44.967000;7;1207;1;1;0.0000;1;65519.0000;None;707600.0000
16237;2023-01-19 18:02:14.087000;7;1207;1;2;0.0000;1;65519.0000;None;707600.0000
21632;2023-01-19 19:03:48.277000;7;1207;1;1;0.0000;1;11407.0000;None;123200.0000
21633;2023-01-19 19:25:22.630000;7;1207;1;1;0.0000;1;24222.0000;None;261600.0000
21633;2023-01-19 19:26:09.470000;7;1207;1;1;0.0000;1;24222.0000;None;261600.0000
21637;2023-01-19 23:10:29.617000;7;1207;1;1;0.0000;1;44519.0000;None;480800.0000
33390;2023-01-19 13:29:01.310000;7;1302;1;1;0.0000;1;11667.0000;None;126000.0000
21615;2023-01-19 13:16:57.583000;7;1302;1;1;0.0000;1;16074.0000;None;173600.0000
21617;2023-01-19 14:13:53.023000;7;1302;1;1;0.0000;1;34445.0000;None;372000.0000
21617;2023-01-19 14:13:53.023000;7;1302;1;1;0.0000;1;34445.0000;None;372000.0000
21613;2023-01-19 13:03:29.410000;7;1302;1;1;0.0000;1;15093.0000;None;163000.0000
21611;2023-01-19 12:59:54.243000;7;1302;1;1;0.0000;1;14185.0000;None;153200.0000
21611;2023-01-19 12:59:54.243000;7;1302;1;1;0.0000;1;14185.0000;None;153200.0000
21608;2023-01-19 12:21:34.553000;7;1302;1;1;0.0000;1;7907.0000;None;85400.0000
21609;2023-01-19 12:46:37.033000;7;1302;1;1;0.0000;1;65889.0000;None;711600.0000
21639;2023-01-19 21:36:25.327000;7;1302;1;1;0.0000;1;104556.0000;None;1129200.0000
16240;2023-01-19 20:52:57.403000;7;1302;1;1;0.0000;1;60500.0000;None;653400.0000
21616;2023-01-19 13:23:18.213000;7;1305;1;1;0.0000;1;14046.0000;None;151700.0000
16232;2023-01-19 14:09:26.433000;7;1305;1;1;0.0000;1;4574.0000;None;49400.0000
16237;2023-01-19 18:08:56.527000;7;1305;1;1;0.0000;1;65519.0000;None;707600.0000
21639;2023-01-19 21:36:25.327000;7;1306;1;1;0.0000;1;104556.0000;None;1129200.0000
21639;2023-01-19 21:36:25.327000;7;1306;1;1;0.0000;1;104556.0000;None;1129200.0000
21639;2023-01-19 21:36:25.327000;7;1306;1;1;0.0000;1;104556.0000;None;1129200.0000
21639;2023-01-19 21:36:25.327000;7;1306;1;1;0.0000;1;104556.0000;None;1129200.0000
21650;2023-01-19 22:40:35.873000;7;1306;1;1;0.0000;1;8852.0000;None;95600.0000
21616;2023-01-19 13:23:18.213000;7;1306;1;1;0.0000;1;14046.0000;None;151700.0000
21609;2023-01-19 12:46:37.033000;7;1306;1;1;0.0000;1;65889.0000;None;711600.0000
21609;2023-01-19 12:46:37.033000;7;1306;1;1;0.0000;1;65889.0000;None;711600.0000
21609;2023-01-19 12:46:37.033000;7;1306;1;1;0.0000;1;65889.0000;None;711600.0000
21609;2023-01-19 12:46:37.033000;7;1306;1;1;0.0000;1;65889.0000;None;711600.0000
21609;2023-01-19 12:46:37.033000;7;1306;1;1;0.0000;1;65889.0000;None;711600.0000
21617;2023-01-19 14:33:20.630000;7;1311;1;1;0.0000;1;34445.0000;None;372000.0000
21609;2023-01-19 12:46:37.033000;7;1351;3;1;0.0000;1;65889.0000;None;711600.0000
21633;2023-01-19 19:39:56.327000;7;1351;3;1;0.0000;1;24222.0000;None;261600.0000
21633;2023-01-19 19:57:43.027000;7;1351;3;1;0.0000;1;24222.0000;None;261600.0000
21628;2023-01-19 21:22:57.073000;7;2008;1;2;0.0000;1;77019.0000;None;831800.0000
16237;2023-01-19 17:26:20.843000;7;2008;1;2;0.0000;1;65519.0000;None;707600.0000
21620;2023-01-19 13:52:15.463000;7;2009;1;1;0.0000;1;10037.0000;None;108400.0000
21606;2023-01-19 13:12:20.960000;7;2010;1;1;0.0000;1;50815.0000;None;548800.0000
21606;2023-01-19 13:12:20.960000;7;2010;1;1;0.0000;1;50815.0000;None;548800.0000
21606;2023-01-19 12:10:40.577000;7;2010;1;1;0.0000;1;50815.0000;None;548800.0000
21606;2023-01-19 12:00:22.207000;7;2010;1;1;0.0000;1;50815.0000;None;548800.0000
21606;2023-01-19 12:35:48.780000;7;2010;1;1;0.0000;1;50815.0000;None;548800.0000
16243;2023-01-19 22:02:28.973000;7;2010;1;5;0.0000;1;32019.0000;None;345800.0000
21628;2023-01-19 18:05:46.180000;7;2010;1;2;0.0000;1;77019.0000;None;831800.0000
21606;2023-01-19 12:26:46.297000;7;2042;1;1;0.0000;1;50815.0000;None;548800.0000
21609;2023-01-19 12:48:00.970000;7;2042;1;1;0.0000;1;65889.0000;None;711600.0000
21612;2023-01-19 13:02:41.403000;7;2042;1;2;0.0000;1;13296.0000;None;143600.0000
21628;2023-01-19 21:31:24.057000;7;2042;1;1;0.0000;1;77019.0000;None;831800.0000
21606;2023-01-19 12:00:22.207000;7;2044;1;1;0.0000;1;50815.0000;None;548800.0000
21628;2023-01-19 22:16:55.107000;7;2045;1;4;0.0000;1;77019.0000;None;831800.0000
16237;2023-01-19 18:14:16.657000;7;2045;1;1;0.0000;1;65519.0000;None;707600.0000
16237;2023-01-19 18:14:16.657000;7;2045;1;1;0.0000;1;65519.0000;None;707600.0000
21637;2023-01-19 23:10:29.617000;7;2045;1;2;0.0000;1;44519.0000;None;480800.0000
21637;2023-01-19 20:16:30.327000;7;2045;1;2;0.0000;1;44519.0000;None;480800.0000
21637;2023-01-19 20:35:07.780000;7;2045;1;1;0.0000;1;44519.0000;None;480800.0000
21637;2023-01-19 20:52:56.323000;7;2045;1;1;0.0000;1;44519.0000;None;480800.0000
21628;2023-01-19 19:00:54.827000;7;2048;1;4;0.0000;1;77019.0000;None;831800.0000
21606;2023-01-19 12:39:04.107000;7;2049;1;1;0.0000;1;50815.0000;None;548800.0000
21606;2023-01-19 12:39:04.107000;7;2049;1;1;0.0000;1;50815.0000;None;548800.0000
21605;2023-01-19 11:38:58.723000;7;2049;1;1;0.0000;1;2444.0000;None;26400.0000
21610;2023-01-19 12:48:19.383000;7;2050;1;1;0.0000;1;6796.0000;None;73400.0000
16231;2023-01-19 13:57:29.787000;7;2050;1;1;0.0000;1;None;None;96800.0000
16230;2023-01-19 13:56:27.967000;7;2072;1;1;0.0000;1;5982.0000;None;64600.0000
21621;2023-01-19 13:54:37.480000;7;2072;1;2;0.0000;1;5463.0000;None;59000.0000
21609;2023-01-19 12:58:46.927000;7;2072;1;1;0.0000;1;65889.0000;None;711600.0000
21613;2023-01-19 13:03:29.427000;7;2072;1;1;0.0000;1;15093.0000;None;163000.0000
21613;2023-01-19 13:26:37.253000;7;2094;1;1;0.0000;1;15093.0000;None;163000.0000
21612;2023-01-19 13:02:41.403000;7;2094;1;1;0.0000;1;13296.0000;None;143600.0000
33386;2023-01-19 13:23:09.777000;7;2094;1;2;0.0000;1;12815.0000;None;138400.0000
33386;2023-01-19 13:23:09.777000;7;2094;1;1;0.0000;1;12815.0000;None;138400.0000
21606;2023-01-19 12:00:22.207000;7;2094;1;1;0.0000;1;50815.0000;None;548800.0000
33389;2023-01-19 13:59:25.957000;7;2094;1;1;0.0000;1;9333.0000;None;100800.0000
33389;2023-01-19 13:13:31.797000;7;2094;1;1;0.0000;1;9333.0000;None;100800.0000
16240;2023-01-19 20:50:27.890000;7;2094;1;1;0.0000;1;60500.0000;None;653400.0000
21620;2023-01-19 14:25:20.260000;3;100596;1;2;11600.0000;1;10037.0000;None;108400.0000
21625;2023-01-19 14:51:25.707000;3;100596;1;1;5800.0000;1;4741.0000;None;51200.0000
21621;2023-01-19 14:29:43.790000;3;100606;1;2;13600.0000;1;5463.0000;None;59000.0000
16231;2023-01-19 15:05:59.347000;3;100606;1;1;6800.0000;1;None;None;96800.0000
33393;2023-01-19 13:55:31.313000;3;100606;1;1;6800.0000;1;3889.0000;None;42000.0000
33393;2023-01-19 13:55:31.313000;3;100607;1;1;6800.0000;1;3889.0000;None;42000.0000
33393;2023-01-19 13:55:31.313000;3;100614;1;1;5800.0000;1;3889.0000;None;42000.0000
21617;2023-01-19 14:46:46.207000;3;100614;1;1;5800.0000;1;34445.0000;None;372000.0000
21617;2023-01-19 14:49:26.030000;3;100614;1;2;11600.0000;1;34445.0000;None;372000.0000
21617;2023-01-19 14:59:12.927000;3;100614;1;1;5800.0000;1;34445.0000;None;372000.0000
21618;2023-01-19 14:17:59.130000;3;100614;1;2;11600.0000;1;8963.0000;None;96800.0000
33391;2023-01-19 13:43:05.393000;3;100614;1;1;5800.0000;1;1074.0000;None;11600.0000
33391;2023-01-19 13:43:05.393000;3;100614;1;1;5800.0000;1;1074.0000;None;11600.0000
33390;2023-01-19 14:15:16.113000;3;100614;1;1;5800.0000;1;11667.0000;None;126000.0000
2128;2023-01-19 13:57:48.300000;3;100614;1;1;5800.0000;1;6482.0000;None;70000.0000
33386;2023-01-19 12:00:54.470000;3;100614;1;2;11600.0000;1;12815.0000;None;138400.0000
21606;2023-01-19 13:32:06.457000;3;100614;1;1;5800.0000;1;50815.0000;None;548800.0000
21609;2023-01-19 13:38:51.960000;3;100614;1;1;5800.0000;1;65889.0000;None;711600.0000
21634;2023-01-19 19:45:14.573000;3;100614;1;1;5800.0000;1;6778.0000;None;73200.0000
21612;2023-01-19 13:39:12.963000;3;100628;1;1;6800.0000;1;13296.0000;None;143600.0000
21618;2023-01-19 13:42:45.967000;1;100891;1;1;35800.0000;1;8963.0000;None;96800.0000
21623;2023-01-19 14:11:02.937000;1;100891;1;1;35800.0000;1;11833.0000;None;127800.0000
2128;2023-01-19 13:37:10.350000;1;100892;1;1;35800.0000;1;6482.0000;None;70000.0000
21612;2023-01-19 13:02:41.403000;1;100892;1;3;107400.0000;1;13296.0000;None;143600.0000
21621;2023-01-19 13:54:37.480000;1;100894;1;1;35800.0000;1;5463.0000;None;59000.0000
16232;2023-01-19 13:51:17.017000;1;100894;1;1;35800.0000;1;4574.0000;None;49400.0000
21618;2023-01-19 13:42:45.967000;1;100896;1;1;35800.0000;1;8963.0000;None;96800.0000
21615;2023-01-19 13:16:57.583000;1;100974;1;1;17800.0000;1;16074.0000;None;173600.0000
16241;2023-01-19 20:47:27.970000;1;100974;1;1;17800.0000;1;31111.0000;None;336000.0000
16241;2023-01-19 20:33:13.823000;2;100988;1;3;92400.0000;1;31111.0000;None;336000.0000
21646;2023-01-19 21:48:10.913000;3;100999;1;1;5800.0000;1;537.0000;None;5800.0000
16234;2023-01-19 15:23:44.833000;2;101052;1;1;64800.0000;1;71037.0000;None;767200.0000
16234;2023-01-19 15:23:44.833000;2;101052;1;1;64800.0000;1;71037.0000;None;767200.0000
16234;2023-01-19 16:31:51.977000;2;101052;1;1;64800.0000;1;71037.0000;None;767200.0000
16234;2023-01-19 17:38:19.453000;2;101052;1;1;64800.0000;1;71037.0000;None;767200.0000
16234;2023-01-19 18:12:12.607000;2;101055;1;1;86800.0000;1;71037.0000;None;767200.0000
16237;2023-01-19 17:26:20.843000;2;101055;1;1;86800.0000;1;65519.0000;None;707600.0000
16234;2023-01-19 16:31:51.977000;2;101055;1;1;86800.0000;1;71037.0000;None;767200.0000
16234;2023-01-19 15:23:44.833000;2;101055;1;1;86800.0000;1;71037.0000;None;767200.0000
21615;2023-01-19 13:16:57.583000;3;101148;1;1;6800.0000;1;16074.0000;None;173600.0000
21628;2023-01-19 22:14:35.397000;1;101176;1;2;83600.0000;1;77019.0000;None;831800.0000
21640;2023-01-19 20:35:41.937000;1;101244;1;1;29800.0000;1;13426.0000;None;145000.0000
21617;2023-01-19 13:30:03.623000;1;101258;5;1;49800.0000;1;34445.0000;None;372000.0000
21625;2023-01-19 14:51:25.707000;1;101267;5;1;28800.0000;1;4741.0000;None;51200.0000
33390;2023-01-19 13:29:01.310000;1;101270;5;1;0.0000;1;11667.0000;None;126000.0000
33386;2023-01-19 13:23:09.777000;1;101270;5;2;0.0000;1;12815.0000;None;138400.0000
21639;2023-01-19 21:36:25.327000;1;101313;5;1;79800.0000;1;104556.0000;None;1129200.0000
21640;2023-01-19 20:35:41.937000;3;101410;1;1;None;1;13426.0000;None;145000.0000
21653;2023-01-19 23:44:32.987000;3;101410;1;1;0.0000;1;21167.0000;None;228600.0000
21653;2023-01-19 23:45:58.493000;3;101410;1;1;0.0000;1;21167.0000;None;228600.0000
21609;2023-01-19 12:46:37.033000;1;101433;1;1;0.0000;1;65889.0000;None;711600.0000
21613;2023-01-19 13:03:29.427000;1;101433;2;1;0.0000;1;15093.0000;None;163000.0000
33390;2023-01-19 13:29:01.310000;1;101433;2;1;0.0000;1;11667.0000;None;126000.0000
21617;2023-01-19 14:13:53.023000;1;101433;2;1;0.0000;1;34445.0000;None;372000.0000
21617;2023-01-19 14:13:53.023000;1;101433;2;1;0.0000;1;34445.0000;None;372000.0000
21617;2023-01-19 14:13:53.023000;1;101433;2;1;0.0000;1;34445.0000;None;372000.0000
16237;2023-01-19 18:00:01.250000;1;101433;1;1;0.0000;1;65519.0000;None;707600.0000
21606;2023-01-19 12:58:06.163000;6;101470;5;1;0.0000;1;50815.0000;None;548800.0000
21613;2023-01-19 13:03:29.410000;6;101518;1;1;0.0000;1;15093.0000;None;163000.0000
21639;2023-01-19 21:36:25.327000;1;101519;5;1;0.0000;1;104556.0000;None;1129200.0000
21639;2023-01-19 21:36:25.327000;1;101519;5;1;0.0000;1;104556.0000;None;1129200.0000
21609;2023-01-19 12:46:37.033000;1;101519;5;1;0.0000;1;65889.0000;None;711600.0000
21609;2023-01-19 12:46:37.033000;1;101519;5;1;0.0000;1;65889.0000;None;711600.0000
21609;2023-01-19 12:46:37.033000;1;101519;5;1;0.0000;1;65889.0000;None;711600.0000
21609;2023-01-19 12:46:37.033000;1;101519;5;1;0.0000;1;65889.0000;None;711600.0000
21609;2023-01-19 12:59:25.867000;1;101522;1;1;0.0000;1;65889.0000;None;711600.0000
21611;2023-01-19 12:59:54.243000;1;101522;1;1;0.0000;1;14185.0000;None;153200.0000
21611;2023-01-19 12:59:54.243000;1;101522;1;1;0.0000;1;14185.0000;None;153200.0000
21608;2023-01-19 12:21:34.553000;1;101552;5;1;0.0000;1;7907.0000;None;85400.0000
21616;2023-01-19 13:23:18.213000;1;101552;5;1;0.0000;1;14046.0000;None;151700.0000
21650;2023-01-19 22:40:35.873000;1;101552;5;1;0.0000;1;8852.0000;None;95600.0000
21639;2023-01-19 21:36:25.327000;1;101552;5;1;0.0000;1;104556.0000;None;1129200.0000
21639;2023-01-19 21:36:25.327000;1;101552;5;1;0.0000;1;104556.0000;None;1129200.0000
21628;2023-01-19 20:15:45.210000;3;101564;1;8;0.0000;1;77019.0000;None;831800.0000
21614;2023-01-19 13:17:08.837000;3;101564;1;4;0.0000;1;6889.0000;None;74400.0000
21606;2023-01-19 12:26:46.297000;3;101564;1;5;0.0000;1;50815.0000;None;548800.0000
21614;2023-01-19 13:14:59.130000;6;101624;5;1;0.0000;1;6889.0000;None;74400.0000
2128;2023-01-19 13:46:40.783000;3;101641;1;1;0.0000;1;6482.0000;None;70000.0000
21617;2023-01-19 13:50:44.690000;3;101641;1;1;0.0000;1;34445.0000;None;372000.0000
21618;2023-01-19 13:34:49.017000;3;101641;1;1;0.0000;1;8963.0000;None;96800.0000
21618;2023-01-19 13:39:45.830000;3;101641;1;1;0.0000;1;8963.0000;None;96800.0000
21619;2023-01-19 13:44:32.437000;3;101641;1;1;0.0000;1;7537.0000;None;81400.0000
21625;2023-01-19 14:39:32.460000;3;101641;1;1;0.0000;1;4741.0000;None;51200.0000
21625;2023-01-19 14:51:25.707000;3;101641;1;1;0.0000;1;4741.0000;None;51200.0000
16237;2023-01-19 17:26:20.843000;3;101641;1;2;0.0000;1;65519.0000;None;707600.0000
16234;2023-01-19 18:11:18.587000;3;101641;1;1;0.0000;1;71037.0000;None;767200.0000
16234;2023-01-19 17:03:12.370000;3;101641;1;1;0.0000;1;71037.0000;None;767200.0000
16234;2023-01-19 17:03:12.370000;3;101641;1;1;0.0000;1;71037.0000;None;767200.0000
21623;2023-01-19 14:03:56.167000;3;101641;1;1;0.0000;1;11833.0000;None;127800.0000
21623;2023-01-19 14:03:56.167000;3;101641;1;1;0.0000;1;11833.0000;None;127800.0000
21610;2023-01-19 12:48:19.383000;3;101641;1;1;0.0000;1;6796.0000;None;73400.0000
21612;2023-01-19 13:02:41.403000;3;101641;1;3;0.0000;1;13296.0000;None;143600.0000
21609;2023-01-19 12:48:00.970000;3;101641;1;1;0.0000;1;65889.0000;None;711600.0000
16237;2023-01-19 18:05:05.370000;3;101641;1;2;0.0000;1;65519.0000;None;707600.0000
21631;2023-01-19 21:06:10.007000;3;101641;1;1;0.0000;1;36093.0000;None;389800.0000
21631;2023-01-19 20:03:40.517000;3;101641;1;1;0.0000;1;36093.0000;None;389800.0000
21640;2023-01-19 20:31:23.777000;3;101641;1;2;0.0000;1;13426.0000;None;145000.0000
21639;2023-01-19 20:25:32.493000;3;101641;1;1;0.0000;1;104556.0000;None;1129200.0000
21639;2023-01-19 20:25:32.493000;3;101641;1;1;0.0000;1;104556.0000;None;1129200.0000
16241;2023-01-19 21:26:31.053000;3;101641;1;2;0.0000;1;31111.0000;None;336000.0000
16241;2023-01-19 20:41:48.930000;3;101641;1;1;0.0000;1;31111.0000;None;336000.0000
21653;2023-01-19 23:44:32.987000;3;101641;1;1;0.0000;1;21167.0000;None;228600.0000
21648;2023-01-19 23:14:57.307000;2;101658;1;1;42800.0000;1;17315.0000;None;187000.0000
21648;2023-01-19 22:13:06.270000;2;101658;1;1;42800.0000;1;17315.0000;None;187000.0000
16237;2023-01-19 18:00:01.250000;1;101665;5;1;39800.0000;1;65519.0000;None;707600.0000
21628;2023-01-19 18:05:46.180000;2;101709;1;2;57600.0000;1;77019.0000;None;831800.0000
21628;2023-01-19 18:17:31.387000;2;101709;1;1;28800.0000;1;77019.0000;None;831800.0000
21606;2023-01-19 12:35:48.780000;2;101712;1;1;55800.0000;1;50815.0000;None;548800.0000
21606;2023-01-19 12:39:04.107000;2;101712;1;1;55800.0000;1;50815.0000;None;548800.0000
21606;2023-01-19 12:00:22.207000;2;101712;1;2;111600.0000;1;50815.0000;None;548800.0000
21606;2023-01-19 13:12:20.960000;2;101712;1;1;55800.0000;1;50815.0000;None;548800.0000
21648;2023-01-19 22:14:15.817000;2;101784;1;1;46800.0000;1;17315.0000;None;187000.0000
21648;2023-01-19 23:03:41.483000;2;101784;1;1;46800.0000;1;17315.0000;None;187000.0000
21648;2023-01-19 23:05:44.297000;2;101784;1;-1;-46800.0000;1;17315.0000;None;187000.0000
21648;2023-01-19 22:13:06.270000;2;101786;1;1;38800.0000;1;17315.0000;None;187000.0000
21648;2023-01-19 22:16:41.140000;2;101786;1;-1;-38800.0000;1;17315.0000;None;187000.0000
16237;2023-01-19 18:22:44.967000;2;101802;1;1;27800.0000;1;65519.0000;None;707600.0000
16237;2023-01-19 17:35:35.053000;2;101802;1;1;27800.0000;1;65519.0000;None;707600.0000
21632;2023-01-19 19:03:48.277000;2;101802;1;1;27800.0000;1;11407.0000;None;123200.0000
21606;2023-01-19 12:10:40.577000;2;101844;1;1;31800.0000;1;50815.0000;None;548800.0000
21606;2023-01-19 13:12:20.960000;2;101844;1;1;31800.0000;1;50815.0000;None;548800.0000
21631;2023-01-19 21:06:10.007000;1;101954;1;1;19800.0000;1;36093.0000;None;389800.0000
16241;2023-01-19 21:10:34.943000;1;101954;1;1;19800.0000;1;31111.0000;None;336000.0000
33389;2023-01-19 13:13:31.797000;1;101954;1;1;19800.0000;1;9333.0000;None;100800.0000
21615;2023-01-19 13:15:46.133000;1;101954;1;1;19800.0000;1;16074.0000;None;173600.0000
21642;2023-01-19 20:43:36.320000;2;101973;1;1;48800.0000;1;27426.0000;None;296200.0000
21642;2023-01-19 22:30:56.363000;2;101973;1;1;48800.0000;1;27426.0000;None;296200.0000
16238;2023-01-19 20:01:21.753000;2;101973;1;1;48800.0000;1;18111.0000;None;195600.0000
21644;2023-01-19 21:44:54.783000;2;101974;1;1;51800.0000;1;9833.0000;None;106200.0000
21624;2023-01-19 14:29:25.610000;2;101978;1;3;143400.0000;1;17704.0000;None;191200.0000
21624;2023-01-19 14:44:50.240000;2;101978;1;1;47800.0000;1;17704.0000;None;191200.0000
21637;2023-01-19 23:10:29.617000;2;101978;1;1;47800.0000;1;44519.0000;None;480800.0000
21637;2023-01-19 21:35:29.953000;2;101978;1;1;47800.0000;1;44519.0000;None;480800.0000
21637;2023-01-19 20:20:43.673000;2;101978;1;1;47800.0000;1;44519.0000;None;480800.0000
21634;2023-01-19 19:54:39.033000;2;101978;1;1;47800.0000;1;6778.0000;None;73200.0000
21631;2023-01-19 21:06:10.007000;2;101978;1;1;47800.0000;1;36093.0000;None;389800.0000
21627;2023-01-19 18:05:31.563000;2;101978;1;2;95600.0000;1;8852.0000;None;95600.0000
21654;2023-01-20 00:04:48.303000;2;101978;1;2;95600.0000;1;13000.0000;None;140400.0000
21647;2023-01-19 22:12:21.500000;2;101978;1;1;47800.0000;1;8574.0000;None;92600.0000
33393;2023-01-19 13:55:31.313000;1;102003;1;1;9800.0000;1;3889.0000;None;42000.0000
16234;2023-01-19 17:47:16.457000;1;102131;1;1;5200.0000;1;71037.0000;None;767200.0000
21616;2023-01-19 13:23:18.213000;1;102132;2;1;3500.0000;1;14046.0000;None;151700.0000
21620;2023-01-19 13:52:15.463000;1;102170;1;1;4800.0000;1;10037.0000;None;108400.0000
21616;2023-01-19 13:23:18.213000;1;102172;2;1;4800.0000;1;14046.0000;None;151700.0000
21608;2023-01-19 12:21:34.553000;1;102172;1;1;4800.0000;1;7907.0000;None;85400.0000
21617;2023-01-19 14:32:51.667000;1;102228;1;1;10800.0000;1;34445.0000;None;372000.0000
16240;2023-01-19 21:01:13.487000;1;102228;1;2;21600.0000;1;60500.0000;None;653400.0000
21639;2023-01-19 21:36:25.327000;1;102480;1;1;41800.0000;1;104556.0000;None;1129200.0000
21607;2023-01-19 12:25:49.633000;1;102493;1;1;44800.0000;1;17000.0000;None;183600.0000
16234;2023-01-19 17:38:19.453000;2;102537;1;1;83800.0000;1;71037.0000;None;767200.0000
16234;2023-01-19 15:23:44.833000;2;102537;1;1;83800.0000;1;71037.0000;None;767200.0000
21611;2023-01-19 13:00:27.370000;3;102619;1;1;7800.0000;1;14185.0000;None;153200.0000
21609;2023-01-19 12:48:00.970000;3;102635;1;1;8800.0000;1;65889.0000;None;711600.0000
21605;2023-01-19 11:38:58.707000;3;102635;1;3;26400.0000;1;2444.0000;None;26400.0000
21623;2023-01-19 14:07:40.077000;3;102635;1;1;8800.0000;1;11833.0000;None;127800.0000
33390;2023-01-19 13:29:01.310000;3;102635;1;1;8800.0000;1;11667.0000;None;126000.0000
21633;2023-01-19 19:25:22.613000;3;102635;1;1;8800.0000;1;24222.0000;None;261600.0000
21615;2023-01-19 13:16:57.583000;3;102637;1;1;9800.0000;1;16074.0000;None;173600.0000
21609;2023-01-19 12:48:00.970000;3;102637;1;1;9800.0000;1;65889.0000;None;711600.0000
21620;2023-01-19 13:52:15.463000;3;102638;1;1;10800.0000;1;10037.0000;None;108400.0000
21620;2023-01-19 13:52:15.463000;3;102645;1;1;7800.0000;1;10037.0000;None;108400.0000
21623;2023-01-19 14:12:11.113000;3;102651;1;1;9800.0000;1;11833.0000;None;127800.0000
21630;2023-01-19 18:34:29.960000;3;102651;1;1;9800.0000;1;2907.0000;None;31400.0000
21633;2023-01-19 19:26:09.470000;2;102706;1;1;39800.0000;1;24222.0000;None;261600.0000
21633;2023-01-19 20:28:03.480000;2;102706;1;1;39800.0000;1;24222.0000;None;261600.0000
16237;2023-01-19 18:00:01.250000;1;102726;5;1;45800.0000;1;65519.0000;None;707600.0000
16230;2023-01-19 13:56:27.967000;3;102747;1;1;4800.0000;1;5982.0000;None;64600.0000
21621;2023-01-19 13:54:37.480000;3;102747;1;2;9600.0000;1;5463.0000;None;59000.0000
21609;2023-01-19 13:21:05.607000;3;102747;1;1;4800.0000;1;65889.0000;None;711600.0000
21609;2023-01-19 12:58:46.927000;3;102747;1;1;4800.0000;1;65889.0000;None;711600.0000
21609;2023-01-19 12:48:00.970000;3;102747;1;1;4800.0000;1;65889.0000;None;711600.0000
21609;2023-01-19 13:38:51.960000;3;102747;1;1;4800.0000;1;65889.0000;None;711600.0000
21613;2023-01-19 13:03:29.427000;3;102747;1;1;4800.0000;1;15093.0000;None;163000.0000
21609;2023-01-19 12:48:00.970000;3;102747;1;1;4800.0000;1;65889.0000;None;711600.0000
16229;2023-01-19 12:43:10.327000;3;102747;1;1;4800.0000;1;889.0000;None;9600.0000
16229;2023-01-19 12:43:10.327000;3;102747;1;1;4800.0000;1;889.0000;None;9600.0000
21607;2023-01-19 12:14:46.587000;3;102748;1;1;15800.0000;1;17000.0000;None;183600.0000
21613;2023-01-19 13:03:29.427000;3;102748;1;1;15800.0000;1;15093.0000;None;163000.0000
21650;2023-01-19 22:40:35.873000;3;102748;1;1;15800.0000;1;8852.0000;None;95600.0000
21606;2023-01-19 12:58:06.163000;1;102753;5;1;67800.0000;1;50815.0000;None;548800.0000
21613;2023-01-19 13:03:29.410000;1;102758;1;1;66800.0000;1;15093.0000;None;163000.0000
16236;2023-01-19 17:16:29.663000;2;102774;1;1;42800.0000;1;3963.0000;None;42800.0000
21637;2023-01-19 20:16:30.327000;2;102774;1;3;128400.0000;1;44519.0000;None;480800.0000
21637;2023-01-19 23:10:29.617000;2;102774;1;1;42800.0000;1;44519.0000;None;480800.0000
21637;2023-01-19 21:35:29.953000;2;102774;1;3;128400.0000;1;44519.0000;None;480800.0000
21631;2023-01-19 20:03:40.517000;2;102774;1;1;42800.0000;1;36093.0000;None;389800.0000
21631;2023-01-19 18:35:17.743000;2;102774;1;1;42800.0000;1;36093.0000;None;389800.0000
21645;2023-01-19 21:48:00.043000;2;102774;1;1;42800.0000;1;10593.0000;None;114400.0000
21644;2023-01-19 21:44:54.783000;2;102775;1;1;44800.0000;1;9833.0000;None;106200.0000
16239;2023-01-19 20:12:26.043000;2;102775;1;1;44800.0000;1;9389.0000;None;101400.0000
21631;2023-01-19 20:03:40.517000;2;102775;1;1;44800.0000;1;36093.0000;None;389800.0000
21631;2023-01-19 18:35:17.743000;2;102775;1;1;44800.0000;1;36093.0000;None;389800.0000
21654;2023-01-20 00:04:48.303000;2;102775;1;1;44800.0000;1;13000.0000;None;140400.0000
21653;2023-01-19 23:24:53.277000;2;102775;1;1;44800.0000;1;21167.0000;None;228600.0000
21647;2023-01-19 22:12:21.500000;2;102775;1;1;44800.0000;1;8574.0000;None;92600.0000
16242;2023-01-19 21:00:04.150000;2;102848;1;2;89600.0000;1;12444.0000;None;134400.0000
16242;2023-01-19 22:01:57.160000;2;102848;1;1;44800.0000;1;12444.0000;None;134400.0000
21609;2023-01-19 12:46:37.033000;1;102877;5;1;49800.0000;1;65889.0000;None;711600.0000
33390;2023-01-19 13:29:01.310000;1;102903;1;1;36800.0000;1;11667.0000;None;126000.0000
21638;2023-01-19 20:24:24.517000;1;102903;1;1;36800.0000;1;5778.0000;None;62400.0000
21642;2023-01-19 20:43:36.320000;1;102914;1;1;26800.0000;1;27426.0000;None;296200.0000
21632;2023-01-19 19:03:48.277000;2;102933;1;1;25800.0000;1;11407.0000;None;123200.0000
16237;2023-01-19 17:35:35.053000;2;102933;1;1;25800.0000;1;65519.0000;None;707600.0000
21617;2023-01-19 14:13:53.023000;1;102982;1;1;59800.0000;1;34445.0000;None;372000.0000
21631;2023-01-19 18:35:17.743000;2;103152;1;1;44800.0000;1;36093.0000;None;389800.0000
16237;2023-01-19 18:00:01.250000;1;103187;5;1;89800.0000;1;65519.0000;None;707600.0000
16237;2023-01-19 18:00:01.250000;1;103198;5;1;49800.0000;1;65519.0000;None;707600.0000
16240;2023-01-19 20:52:57.403000;1;103205;1;2;125600.0000;1;60500.0000;None;653400.0000
21639;2023-01-19 20:41:38.220000;1;103205;1;2;125600.0000;1;104556.0000;None;1129200.0000
16240;2023-01-19 21:33:47.697000;2;103225;1;1;45800.0000;1;60500.0000;None;653400.0000
21606;2023-01-19 12:58:06.163000;1;103338;1;1;59800.0000;1;50815.0000;None;548800.0000
33389;2023-01-19 13:13:31.797000;1;103340;1;1;30800.0000;1;9333.0000;None;100800.0000
16230;2023-01-19 13:56:27.967000;1;103347;1;1;59800.0000;1;5982.0000;None;64600.0000
21623;2023-01-19 14:03:56.167000;1;103347;1;1;59800.0000;1;11833.0000;None;127800.0000
21607;2023-01-19 12:25:49.633000;1;103347;1;1;59800.0000;1;17000.0000;None;183600.0000
33389;2023-01-19 13:24:04.757000;1;103348;1;1;24800.0000;1;9333.0000;None;100800.0000
21620;2023-01-19 13:52:15.463000;1;103350;1;1;59800.0000;1;10037.0000;None;108400.0000
21619;2023-01-19 13:44:32.437000;1;103350;1;1;59800.0000;1;7537.0000;None;81400.0000
33386;2023-01-19 13:31:13.570000;1;103354;1;1;59800.0000;1;12815.0000;None;138400.0000
21610;2023-01-19 12:48:19.383000;1;103354;1;1;59800.0000;1;6796.0000;None;73400.0000
21609;2023-01-19 13:38:51.960000;1;103372;5;1;14800.0000;1;65889.0000;None;711600.0000
21606;2023-01-19 13:30:21.787000;1;103372;5;1;14800.0000;1;50815.0000;None;548800.0000
2128;2023-01-19 13:57:48.300000;1;103372;5;1;14800.0000;1;6482.0000;None;70000.0000
21617;2023-01-19 13:30:03.623000;1;103381;1;1;58800.0000;1;34445.0000;None;372000.0000
21615;2023-01-19 13:15:46.133000;1;103381;1;1;58800.0000;1;16074.0000;None;173600.0000
21640;2023-01-19 20:35:41.937000;1;103381;1;1;58800.0000;1;13426.0000;None;145000.0000
21628;2023-01-19 20:04:29.190000;1;103381;1;3;176400.0000;1;77019.0000;None;831800.0000
21617;2023-01-19 14:13:53.023000;1;103400;5;1;8800.0000;1;34445.0000;None;372000.0000
21617;2023-01-19 14:13:53.023000;1;103400;5;1;8800.0000;1;34445.0000;None;372000.0000
21637;2023-01-19 20:35:02.547000;1;103410;5;1;37800.0000;1;44519.0000;None;480800.0000
16237;2023-01-19 18:00:01.250000;1;103417;5;1;59800.0000;1;65519.0000;None;707600.0000
16241;2023-01-19 20:47:27.970000;1;103421;5;1;42800.0000;1;31111.0000;None;336000.0000
16238;2023-01-19 20:01:21.753000;1;103445;5;1;33800.0000;1;18111.0000;None;195600.0000
21631;2023-01-19 18:41:14.923000;1;103471;5;1;34800.0000;1;36093.0000;None;389800.0000
21611;2023-01-19 12:59:54.243000;1;103534;1;1;67800.0000;1;14185.0000;None;153200.0000
21611;2023-01-19 12:59:54.243000;1;103535;1;1;67800.0000;1;14185.0000;None;153200.0000
21609;2023-01-19 12:59:25.867000;1;103535;1;1;67800.0000;1;65889.0000;None;711600.0000
33390;2023-01-19 13:29:01.310000;1;103535;1;1;67800.0000;1;11667.0000;None;126000.0000
21608;2023-01-19 12:21:34.553000;1;103600;5;1;69800.0000;1;7907.0000;None;85400.0000
21648;2023-01-19 22:13:06.270000;2;103735;1;1;47800.0000;1;17315.0000;None;187000.0000
21631;2023-01-19 19:47:32.997000;2;103735;1;1;47800.0000;1;36093.0000;None;389800.0000
21642;2023-01-19 20:43:36.320000;2;103735;1;1;47800.0000;1;27426.0000;None;296200.0000
21642;2023-01-19 22:30:56.363000;2;103735;1;1;47800.0000;1;27426.0000;None;296200.0000
16239;2023-01-19 20:12:26.043000;2;103736;1;1;49800.0000;1;9389.0000;None;101400.0000
21614;2023-01-19 13:03:43.530000;1;103771;5;1;29800.0000;1;6889.0000;None;74400.0000
21614;2023-01-19 13:14:59.130000;1;103784;5;1;29800.0000;1;6889.0000;None;74400.0000
16245;2023-01-19 22:49:51.710000;2;103868;1;1;58800.0000;1;22148.0000;None;239200.0000
21633;2023-01-19 20:05:49.347000;2;104234;1;1;36800.0000;1;24222.0000;None;261600.0000
21633;2023-01-19 19:26:09.470000;2;104234;1;1;36800.0000;1;24222.0000;None;261600.0000
21613;2023-01-19 13:03:29.410000;1;104294;1;1;65800.0000;1;15093.0000;None;163000.0000
21617;2023-01-19 14:13:53.023000;1;104294;1;1;65800.0000;1;34445.0000;None;372000.0000
21617;2023-01-19 14:13:53.023000;1;104294;1;1;65800.0000;1;34445.0000;None;372000.0000
33389;2023-01-19 13:24:04.757000;3;104446;1;1;5800.0000;1;9333.0000;None;100800.0000
21609;2023-01-19 13:38:51.960000;3;104554;1;1;4800.0000;1;65889.0000;None;711600.0000
21644;2023-01-19 21:47:47.383000;3;104554;1;2;9600.0000;1;9833.0000;None;106200.0000
16235;2023-01-19 16:17:17.030000;2;104688;1;1;44800.0000;1;4778.0000;None;51600.0000
33393;2023-01-19 13:55:31.313000;1;104690;1;1;9800.0000;1;3889.0000;None;42000.0000
21639;2023-01-19 21:36:25.327000;1;104837;5;1;0.0000;1;104556.0000;None;1129200.0000
21639;2023-01-19 21:36:25.327000;1;104893;5;1;129800.0000;1;104556.0000;None;1129200.0000
21639;2023-01-19 21:36:25.327000;1;104893;5;1;129800.0000;1;104556.0000;None;1129200.0000
21639;2023-01-19 21:36:25.327000;1;104893;5;1;129800.0000;1;104556.0000;None;1129200.0000
21639;2023-01-19 21:36:25.327000;1;104893;5;1;129800.0000;1;104556.0000;None;1129200.0000
21609;2023-01-19 12:46:37.033000;1;104893;5;1;129800.0000;1;65889.0000;None;711600.0000
21609;2023-01-19 12:46:37.033000;1;104893;5;1;129800.0000;1;65889.0000;None;711600.0000
21609;2023-01-19 12:46:37.033000;1;104893;5;1;129800.0000;1;65889.0000;None;711600.0000
21609;2023-01-19 12:46:37.033000;1;104893;5;1;129800.0000;1;65889.0000;None;711600.0000
21616;2023-01-19 13:23:18.213000;1;104893;5;1;129800.0000;1;14046.0000;None;151700.0000
33393;2023-01-19 13:55:31.313000;6;105082;1;1;3000.0000;1;3889.0000;None;42000.0000
16231;2023-01-19 15:05:59.347000;6;105082;1;1;3000.0000;1;None;None;96800.0000
21640;2023-01-19 20:35:56.210000;1;105296;1;1;42800.0000;1;13426.0000;None;145000.0000
16240;2023-01-19 20:52:57.403000;1;105296;1;2;85600.0000;1;60500.0000;None;653400.0000
16234;2023-01-19 18:08:37.160000;1;105830;2;1;19900.0000;1;71037.0000;None;767200.0000
21645;2023-01-19 20:53:20.080000;2;105846;1;2;71600.0000;1;10593.0000;None;114400.0000
21650;2023-01-19 22:40:35.873000;1;106353;5;1;79800.0000;1;8852.0000;None;95600.0000
16234;2023-01-19 18:08:37.160000;1;106469;5;1;20900.0000;1;71037.0000;None;767200.0000
16237;2023-01-19 17:35:35.053000;2;106934;5;1;27800.0000;1;65519.0000;None;707600.0000
16237;2023-01-19 17:43:43.440000;2;106934;5;-1;-27800.0000;1;65519.0000;None;707600.0000
21639;2023-01-19 21:36:25.327000;2;107767;1;1;48800.0000;1;104556.0000;None;1129200.0000
21639;2023-01-19 20:25:32.493000;2;107767;1;1;48800.0000;1;104556.0000;None;1129200.0000
16240;2023-01-19 20:52:57.403000;1;108078;1;2;77600.0000;1;60500.0000;None;653400.0000
16240;2023-01-19 20:58:07.953000;1;108078;1;-2;-77600.0000;1;60500.0000;None;653400.0000
16237;2023-01-19 17:35:35.053000;2;108100;1;1;41800.0000;1;65519.0000;None;707600.0000
16237;2023-01-19 18:22:44.967000;2;108100;1;2;83600.0000;1;65519.0000;None;707600.0000
21632;2023-01-19 19:03:48.277000;2;108100;1;1;41800.0000;1;11407.0000;None;123200.0000
16237;2023-01-19 17:26:20.843000;2;108100;1;1;41800.0000;1;65519.0000;None;707600.0000
16240;2023-01-19 20:50:27.890000;2;108101;1;1;32800.0000;1;60500.0000;None;653400.0000
16231;2023-01-19 15:39:01.787000;2;108106;1;2;103600.0000;1;None;None;96800.0000
16241;2023-01-19 20:33:13.823000;2;108116;1;2;79600.0000;1;31111.0000;None;336000.0000
16238;2023-01-19 20:56:05.323000;2;108118;1;1;34800.0000;1;18111.0000;None;195600.0000
16241;2023-01-19 21:08:58.027000;2;108120;1;1;37800.0000;1;31111.0000;None;336000.0000
21639;2023-01-19 20:25:32.493000;2;108132;1;2;47600.0000;1;104556.0000;None;1129200.0000
21649;2023-01-19 22:43:19.120000;2;108132;1;1;23800.0000;1;18815.0000;None;203200.0000
21606;2023-01-19 12:06:18.007000;3;108191;1;2;0.0000;1;50815.0000;None;548800.0000
21606;2023-01-19 13:32:06.457000;3;108191;1;1;0.0000;1;50815.0000;None;548800.0000
21607;2023-01-19 12:58:18.857000;3;108191;1;1;0.0000;1;17000.0000;None;183600.0000
21638;2023-01-19 20:24:24.517000;3;108191;1;1;0.0000;1;5778.0000;None;62400.0000
21638;2023-01-19 20:24:24.517000;3;108191;1;1;0.0000;1;5778.0000;None;62400.0000
16237;2023-01-19 18:00:01.250000;1;108235;5;1;0.0000;1;65519.0000;None;707600.0000
16237;2023-01-19 18:00:01.250000;1;108235;5;1;0.0000;1;65519.0000;None;707600.0000
16232;2023-01-19 14:09:26.433000;1;108447;1;1;0.0000;1;4574.0000;None;49400.0000
16231;2023-01-19 15:05:59.347000;2;108473;1;2;63600.0000;1;None;None;96800.0000
21652;2023-01-19 22:58:36.630000;2;108473;1;1;31800.0000;1;2944.0000;None;31800.0000
16238;2023-01-19 20:01:21.753000;1;108550;5;1;45800.0000;1;18111.0000;None;195600.0000
16241;2023-01-19 20:47:27.970000;1;108550;5;1;45800.0000;1;31111.0000;None;336000.0000
16240;2023-01-19 20:55:17.253000;1;108550;5;2;91600.0000;1;60500.0000;None;653400.0000
16240;2023-01-19 20:51:59.320000;2;108726;1;1;52800.0000;1;60500.0000;None;653400.0000
21615;2023-01-19 13:16:57.583000;1;108796;1;1;49800.0000;1;16074.0000;None;173600.0000
21633;2023-01-19 19:57:43.027000;1;108796;1;1;49800.0000;1;24222.0000;None;261600.0000
21633;2023-01-19 19:39:56.327000;1;108796;1;1;49800.0000;1;24222.0000;None;261600.0000
21628;2023-01-19 22:14:35.397000;1;108796;1;2;99600.0000;1;77019.0000;None;831800.0000
21642;2023-01-19 20:43:36.320000;1;108797;1;1;51800.0000;1;27426.0000;None;296200.0000
16237;2023-01-19 17:39:51.097000;2;109123;5;1;27800.0000;1;65519.0000;None;707600.0000
16237;2023-01-19 18:11:00.783000;2;109123;5;1;27800.0000;1;65519.0000;None;707600.0000
21632;2023-01-19 19:03:48.277000;2;109123;5;1;27800.0000;1;11407.0000;None;123200.0000
16245;2023-01-19 22:49:51.710000;2;109161;1;2;173600.0000;1;22148.0000;None;239200.0000
33386;2023-01-19 13:31:13.570000;1;109406;1;1;33800.0000;1;12815.0000;None;138400.0000
21607;2023-01-19 12:24:24.800000;1;109458;1;1;26800.0000;1;17000.0000;None;183600.0000
16240;2023-01-19 21:12:18.610000;2;109583;1;1;29800.0000;1;60500.0000;None;653400.0000
16240;2023-01-19 21:17:59.800000;2;109583;1;-1;-29800.0000;1;60500.0000;None;653400.0000
16240;2023-01-19 21:42:08.470000;2;109583;1;1;29800.0000;1;60500.0000;None;653400.0000
16240;2023-01-19 21:25:43.563000;2;109583;1;1;29800.0000;1;60500.0000;None;653400.0000
16240;2023-01-19 21:25:43.563000;2;109584;5;-1;-23800.0000;1;60500.0000;None;653400.0000
16240;2023-01-19 21:17:44.750000;2;109584;5;1;23800.0000;1;60500.0000;None;653400.0000
33386;2023-01-19 13:23:09.777000;3;200004;1;2;19600.0000;1;12815.0000;None;138400.0000
21613;2023-01-19 13:26:37.253000;3;200004;1;1;9800.0000;1;15093.0000;None;163000.0000
21612;2023-01-19 13:02:41.403000;3;200004;1;1;9800.0000;1;13296.0000;None;143600.0000
21612;2023-01-19 13:02:41.403000;3;200004;1;2;19600.0000;1;13296.0000;None;143600.0000
21606;2023-01-19 12:26:46.297000;3;200004;1;1;9800.0000;1;50815.0000;None;548800.0000
21606;2023-01-19 12:00:22.207000;3;200004;1;1;9800.0000;1;50815.0000;None;548800.0000
21625;2023-01-19 14:39:32.460000;3;200004;1;1;9800.0000;1;4741.0000;None;51200.0000
16240;2023-01-19 20:50:27.890000;3;200004;1;1;9800.0000;1;60500.0000;None;653400.0000
21639;2023-01-19 20:25:32.493000;3;200004;1;1;9800.0000;1;104556.0000;None;1129200.0000
21631;2023-01-19 20:03:40.517000;3;200004;1;1;9800.0000;1;36093.0000;None;389800.0000
21631;2023-01-19 21:06:10.007000;3;200004;1;1;9800.0000;1;36093.0000;None;389800.0000
21634;2023-01-19 20:58:36.770000;3;200004;1;2;19600.0000;1;6778.0000;None;73200.0000
21628;2023-01-19 21:22:57.073000;3;200004;1;1;9800.0000;1;77019.0000;None;831800.0000
21628;2023-01-19 21:31:24.057000;3;200004;1;1;9800.0000;1;77019.0000;None;831800.0000
16237;2023-01-19 18:02:14.087000;3;200008;1;1;15800.0000;1;65519.0000;None;707600.0000
16237;2023-01-19 17:26:20.843000;3;200008;1;1;15800.0000;1;65519.0000;None;707600.0000
21653;2023-01-19 23:24:53.277000;2;200466;1;1;149800.0000;1;21167.0000;None;228600.0000
21649;2023-01-19 22:39:15.180000;2;200480;1;1;12800.0000;1;18815.0000;None;203200.0000
21639;2023-01-19 20:32:46.103000;2;200480;1;1;12800.0000;1;104556.0000;None;1129200.0000
21638;2023-01-19 20:24:24.517000;2;200480;1;2;25600.0000;1;5778.0000;None;62400.0000
21606;2023-01-19 12:06:18.007000;2;200480;1;2;25600.0000;1;50815.0000;None;548800.0000
21606;2023-01-19 13:32:06.457000;2;200480;1;1;12800.0000;1;50815.0000;None;548800.0000
21628;2023-01-19 19:00:54.827000;2;200709;1;1;345800.0000;1;77019.0000;None;831800.0000
16243;2023-01-19 22:02:28.973000;2;200709;1;1;345800.0000;1;32019.0000;None;345800.0000
21610;2023-01-19 12:48:19.383000;3;201146;1;1;6800.0000;1;6796.0000;None;73400.0000
16234;2023-01-19 19:25:35.933000;3;201146;1;2;13600.0000;1;71037.0000;None;767200.0000
16234;2023-01-19 18:04:56.893000;3;201146;1;1;6800.0000;1;71037.0000;None;767200.0000
21625;2023-01-19 14:51:25.707000;3;201146;1;1;6800.0000;1;4741.0000;None;51200.0000
16234;2023-01-19 17:03:12.370000;3;201146;1;2;13600.0000;1;71037.0000;None;767200.0000
16231;2023-01-19 13:57:29.787000;3;201146;1;1;6800.0000;1;None;None;96800.0000
21616;2023-01-19 13:23:18.213000;3;201146;1;1;6800.0000;1;14046.0000;None;151700.0000
21617;2023-01-19 13:50:44.690000;3;201146;1;1;6800.0000;1;34445.0000;None;372000.0000
21617;2023-01-19 13:24:25.630000;3;201146;1;1;6800.0000;1;34445.0000;None;372000.0000
21617;2023-01-19 13:24:25.630000;3;201146;1;1;6800.0000;1;34445.0000;None;372000.0000
21619;2023-01-19 13:44:32.437000;3;201146;1;1;6800.0000;1;7537.0000;None;81400.0000
33390;2023-01-19 13:29:01.310000;3;201146;1;1;6800.0000;1;11667.0000;None;126000.0000
21648;2023-01-19 22:30:04.313000;3;201146;1;1;6800.0000;1;17315.0000;None;187000.0000
16245;2023-01-19 22:58:20.163000;3;201146;1;1;6800.0000;1;22148.0000;None;239200.0000
21653;2023-01-19 23:54:10.993000;3;201146;1;1;6800.0000;1;21167.0000;None;228600.0000
21628;2023-01-19 20:01:51.447000;3;201146;1;1;6800.0000;1;77019.0000;None;831800.0000
21628;2023-01-19 21:32:31.747000;3;201146;1;1;6800.0000;1;77019.0000;None;831800.0000
21628;2023-01-19 22:56:48.673000;3;201146;1;1;6800.0000;1;77019.0000;None;831800.0000
16238;2023-01-19 20:56:05.323000;3;201146;1;1;6800.0000;1;18111.0000;None;195600.0000
16239;2023-01-19 21:38:15.510000;3;201146;1;1;6800.0000;1;9389.0000;None;101400.0000
21640;2023-01-19 20:31:23.777000;3;201146;1;2;13600.0000;1;13426.0000;None;145000.0000
21639;2023-01-19 22:01:09.777000;3;201146;1;1;6800.0000;1;104556.0000;None;1129200.0000
21642;2023-01-19 20:43:36.320000;3;201146;1;1;6800.0000;1;27426.0000;None;296200.0000
21615;2023-01-19 13:16:57.583000;2;201187;1;1;10800.0000;1;16074.0000;None;173600.0000
21608;2023-01-19 12:21:34.553000;2;201187;1;1;10800.0000;1;7907.0000;None;85400.0000
21642;2023-01-19 23:53:48.667000;2;201187;1;1;10800.0000;1;27426.0000;None;296200.0000
21630;2023-01-19 18:34:29.960000;2;201187;1;2;21600.0000;1;2907.0000;None;31400.0000
16238;2023-01-19 20:28:16.397000;2;201187;1;1;10800.0000;1;18111.0000;None;195600.0000
21653;2023-01-19 23:39:47.983000;3;201211;1;1;6800.0000;1;21167.0000;None;228600.0000
21616;2023-01-19 13:23:18.213000;3;201211;1;1;6800.0000;1;14046.0000;None;151700.0000
21620;2023-01-19 14:04:44.347000;3;201211;1;1;6800.0000;1;10037.0000;None;108400.0000
21620;2023-01-19 14:19:22.380000;3;201211;1;1;6800.0000;1;10037.0000;None;108400.0000
16231;2023-01-19 14:08:13.800000;3;201211;1;1;6800.0000;1;None;None;96800.0000
16232;2023-01-19 13:46:43.930000;3;201211;1;1;6800.0000;1;4574.0000;None;49400.0000
21653;2023-01-19 23:39:47.983000;3;201269;1;2;13600.0000;1;21167.0000;None;228600.0000
21653;2023-01-19 23:49:29.220000;3;201269;1;1;6800.0000;1;21167.0000;None;228600.0000
21639;2023-01-19 20:25:32.493000;3;201269;1;1;6800.0000;1;104556.0000;None;1129200.0000
21623;2023-01-19 14:03:56.167000;3;201269;1;1;6800.0000;1;11833.0000;None;127800.0000
21623;2023-01-19 14:03:56.167000;3;201269;1;1;6800.0000;1;11833.0000;None;127800.0000
21618;2023-01-19 13:39:45.830000;3;201269;1;1;6800.0000;1;8963.0000;None;96800.0000
21618;2023-01-19 13:34:49.017000;3;201269;1;1;6800.0000;1;8963.0000;None;96800.0000
2128;2023-01-19 13:46:40.783000;3;201269;1;1;6800.0000;1;6482.0000;None;70000.0000
2128;2023-01-19 13:20:49.187000;3;201269;1;1;6800.0000;1;6482.0000;None;70000.0000
33386;2023-01-19 13:23:09.777000;3;201269;1;1;6800.0000;1;12815.0000;None;138400.0000
33386;2023-01-19 13:55:42.070000;3;201269;1;1;6800.0000;1;12815.0000;None;138400.0000
21607;2023-01-19 12:58:18.857000;3;201269;1;1;6800.0000;1;17000.0000;None;183600.0000
21610;2023-01-19 12:48:19.383000;3;201269;1;1;6800.0000;1;6796.0000;None;73400.0000
21609;2023-01-19 12:48:00.970000;3;201269;1;1;6800.0000;1;65889.0000;None;711600.0000
21614;2023-01-19 13:03:43.530000;2;201615;1;1;14800.0000;1;6889.0000;None;74400.0000
21607;2023-01-19 12:14:46.587000;2;201615;1;2;29600.0000;1;17000.0000;None;183600.0000
21619;2023-01-19 13:44:32.437000;2;201615;1;1;14800.0000;1;7537.0000;None;81400.0000
21639;2023-01-19 20:25:32.493000;2;201615;1;1;14800.0000;1;104556.0000;None;1129200.0000
21639;2023-01-19 21:36:25.327000;2;201615;1;1;14800.0000;1;104556.0000;None;1129200.0000
16240;2023-01-19 20:47:06.353000;2;201615;1;1;14800.0000;1;60500.0000;None;653400.0000
16240;2023-01-19 20:50:27.890000;2;201615;1;1;14800.0000;1;60500.0000;None;653400.0000
16240;2023-01-19 21:21:30.960000;2;201615;1;1;14800.0000;1;60500.0000;None;653400.0000
16240;2023-01-19 21:33:47.697000;2;201615;1;1;14800.0000;1;60500.0000;None;653400.0000
16238;2023-01-19 20:01:21.753000;2;201615;1;1;14800.0000;1;18111.0000;None;195600.0000
21649;2023-01-19 22:39:15.180000;2;201615;1;1;14800.0000;1;18815.0000;None;203200.0000
21642;2023-01-19 20:43:36.320000;3;201958;1;1;6800.0000;1;27426.0000;None;296200.0000
16232;2023-01-19 13:46:43.930000;3;201958;1;1;6800.0000;1;4574.0000;None;49400.0000
16235;2023-01-19 16:17:17.030000;3;201958;1;1;6800.0000;1;4778.0000;None;51600.0000
16240;2023-01-19 20:50:27.890000;2;201959;1;2;27600.0000;1;60500.0000;None;653400.0000
16240;2023-01-19 21:33:47.697000;2;201959;1;1;13800.0000;1;60500.0000;None;653400.0000
16240;2023-01-19 20:50:27.890000;2;201961;1;1;13800.0000;1;60500.0000;None;653400.0000
16240;2023-01-19 21:20:09.557000;2;201961;1;1;13800.0000;1;60500.0000;None;653400.0000
33389;2023-01-19 13:59:25.957000;3;202112;1;1;9800.0000;1;9333.0000;None;100800.0000
33389;2023-01-19 13:13:31.797000;3;202112;1;1;9800.0000;1;9333.0000;None;100800.0000
21611;2023-01-19 13:00:27.370000;3;202112;1;1;9800.0000;1;14185.0000;None;153200.0000
21649;2023-01-19 22:39:15.180000;2;202365;5;1;151800.0000;1;18815.0000;None;203200.0000
21639;2023-01-19 20:25:32.493000;2;202365;5;1;151800.0000;1;104556.0000;None;1129200.0000
