10509;2023-01-06 14:28:36.680000;7;1001;1;1;0.0000;1;23296.0000;None;251600.0000
10509;2023-01-06 14:28:36.680000;7;1011;1;1;0.0000;1;23296.0000;None;251600.0000
9801;2023-01-06 19:48:11.707000;7;1011;1;1;0.0000;1;59519.0000;None;642800.0000
9798;2023-01-06 18:52:33.757000;7;1011;1;1;0.0000;1;48315.0000;None;521800.0000
32663;2023-01-06 13:03:42.990000;7;1011;1;1;0.0000;1;9278.0000;None;100200.0000
32663;2023-01-06 13:03:42.990000;7;1011;1;1;0.0000;1;9278.0000;None;100200.0000
9785;2023-01-06 13:14:43.230000;7;1011;1;1;0.0000;1;10444.0000;None;112800.0000
9787;2023-01-06 13:32:49.243000;7;1011;1;1;0.0000;1;60111.0000;None;649200.0000
9787;2023-01-06 13:32:49.243000;7;1011;1;1;0.0000;1;60111.0000;None;649200.0000
9789;2023-01-06 13:38:33.490000;7;1011;1;1;0.0000;1;21908.0000;None;236600.0000
9789;2023-01-06 13:53:56.103000;7;1020;1;1;0.0000;1;21908.0000;None;236600.0000
32663;2023-01-06 13:03:42.990000;7;1020;1;1;0.0000;1;9278.0000;None;100200.0000
32663;2023-01-06 13:03:42.990000;7;1020;1;1;0.0000;1;9278.0000;None;100200.0000
9796;2023-01-06 16:28:21.847000;7;1020;1;1;0.0000;1;24908.0000;None;269000.0000
9801;2023-01-06 19:46:25.097000;7;1020;1;1;0.0000;1;59519.0000;None;642800.0000
9801;2023-01-06 19:48:11.707000;7;1020;1;1;0.0000;1;59519.0000;None;642800.0000
9801;2023-01-06 19:48:11.707000;7;1020;1;1;0.0000;1;59519.0000;None;642800.0000
9801;2023-01-06 19:48:11.707000;7;1020;1;1;0.0000;1;59519.0000;None;642800.0000
9801;2023-01-06 20:31:43.577000;7;1020;1;1;0.0000;1;59519.0000;None;642800.0000
32671;2023-01-06 21:01:47.633000;7;1020;1;1;None;1;16333.0000;None;176400.0000
32671;2023-01-06 21:01:47.633000;7;1020;1;1;None;1;16333.0000;None;176400.0000
32671;2023-01-06 21:01:47.633000;7;1020;1;1;None;1;16333.0000;None;176400.0000
9805;2023-01-06 21:37:25.287000;7;1020;1;1;0.0000;1;11759.0000;None;127000.0000
10509;2023-01-06 14:29:45.903000;7;1020;1;1;0.0000;1;23296.0000;None;251600.0000
10509;2023-01-06 14:29:45.903000;7;1020;1;1;0.0000;1;23296.0000;None;251600.0000
32662;2023-01-06 12:54:21.710000;7;1020;1;1;0.0000;1;14222.0000;None;153600.0000
32662;2023-01-06 12:54:21.710000;7;1020;1;1;0.0000;1;14222.0000;None;153600.0000
9783;2023-01-06 12:44:11.247000;7;1020;1;1;0.0000;1;8704.0000;None;94000.0000
9790;2023-01-06 14:02:55.943000;7;1026;1;1;0.0000;1;10741.0000;None;116000.0000
9787;2023-01-06 13:43:44.567000;7;1026;1;1;0.0000;1;60111.0000;None;649200.0000
9805;2023-01-06 21:37:25.287000;7;1029;1;1;0.0000;1;11759.0000;None;127000.0000
9799;2023-01-06 19:09:30.423000;7;1029;1;1;0.0000;1;18648.0000;None;201400.0000
9783;2023-01-06 12:44:11.247000;7;1029;1;1;0.0000;1;8704.0000;None;94000.0000
10509;2023-01-06 14:28:36.680000;7;1029;1;1;0.0000;1;23296.0000;None;251600.0000
10509;2023-01-06 14:28:36.680000;7;1029;1;1;0.0000;1;23296.0000;None;251600.0000
10509;2023-01-06 14:29:45.903000;7;1030;1;1;0.0000;1;23296.0000;None;251600.0000
10509;2023-01-06 14:29:45.903000;7;1030;1;1;0.0000;1;23296.0000;None;251600.0000
9783;2023-01-06 12:44:11.247000;7;1030;1;1;0.0000;1;8704.0000;None;94000.0000
32662;2023-01-06 12:54:21.710000;7;1030;1;1;0.0000;1;14222.0000;None;153600.0000
32662;2023-01-06 12:54:21.710000;7;1030;1;1;0.0000;1;14222.0000;None;153600.0000
9805;2023-01-06 21:37:25.287000;7;1030;1;1;0.0000;1;11759.0000;None;127000.0000
9801;2023-01-06 19:48:11.707000;7;1030;1;1;0.0000;1;59519.0000;None;642800.0000
9802;2023-01-06 20:22:35.197000;7;1030;1;1;0.0000;1;16704.0000;None;180400.0000
32661;2023-01-06 12:45:28.043000;7;1039;1;1;0.0000;1;32926.0000;None;355600.0000
9791;2023-01-06 15:05:10.027000;7;1054;1;1;0.0000;1;20926.0000;None;226000.0000
9788;2023-01-06 13:33:26.390000;7;1060;1;1;0.0000;1;15907.0000;None;171800.0000
9786;2023-01-06 13:19:04.370000;7;1077;1;1;0.0000;1;11463.0000;None;123800.0000
9786;2023-01-06 13:19:04.370000;7;1078;1;1;0.0000;1;11463.0000;None;123800.0000
9787;2023-01-06 13:53:27.787000;7;1100;1;1;None;1;60111.0000;None;649200.0000
9801;2023-01-06 19:48:11.707000;7;1100;1;1;0.0000;1;59519.0000;None;642800.0000
9801;2023-01-06 19:48:11.707000;7;1100;1;1;0.0000;1;59519.0000;None;642800.0000
9801;2023-01-06 19:48:11.707000;7;1100;1;1;0.0000;1;59519.0000;None;642800.0000
9798;2023-01-06 18:52:33.757000;7;1100;1;1;0.0000;1;48315.0000;None;521800.0000
9798;2023-01-06 18:52:33.757000;7;1100;1;1;0.0000;1;48315.0000;None;521800.0000
9799;2023-01-06 19:09:30.423000;7;1129;1;1;0.0000;1;18648.0000;None;201400.0000
9797;2023-01-06 17:42:54.600000;7;1131;1;1;0.0000;1;30611.0000;None;330600.0000
9791;2023-01-06 15:32:01.057000;7;1131;1;1;0.0000;1;20926.0000;None;226000.0000
9793;2023-01-06 16:08:09.287000;7;1131;1;1;0.0000;1;11204.0000;None;121000.0000
32661;2023-01-06 13:23:40.530000;7;1135;1;1;0.0000;1;32926.0000;None;355600.0000
32665;2023-01-06 16:35:19.783000;7;1135;1;1;0.0000;1;21241.0000;None;229400.0000
9794;2023-01-06 16:07:39.970000;7;1135;1;1;0.0000;1;8815.0000;None;95200.0000
10516;2023-01-06 16:49:37.873000;7;1135;1;1;0.0000;1;None;None;66660.0000
9798;2023-01-06 18:52:33.757000;7;1135;1;1;0.0000;1;48315.0000;None;521800.0000
9792;2023-01-06 15:28:54.703000;7;1137;1;1;0.0000;1;36037.0000;None;389200.0000
9790;2023-01-06 14:02:55.943000;7;1137;1;1;0.0000;1;10741.0000;None;116000.0000
10509;2023-01-06 14:29:45.903000;7;1137;1;1;0.0000;1;23296.0000;None;251600.0000
10509;2023-01-06 14:29:45.903000;7;1137;1;1;0.0000;1;23296.0000;None;251600.0000
10507;2023-01-06 12:01:11.397000;7;1157;1;1;0.0000;1;None;None;373780.0000
10507;2023-01-06 12:01:11.397000;7;1157;1;1;0.0000;1;None;None;373780.0000
10508;2023-01-06 12:04:54.060000;7;1157;1;1;None;1;None;None;376640.0000
10508;2023-01-06 12:04:54.060000;7;1157;1;1;None;1;None;None;376640.0000
10516;2023-01-06 16:49:37.873000;7;1157;1;1;0.0000;1;None;None;66660.0000
10516;2023-01-06 16:49:37.873000;7;1157;1;1;0.0000;1;None;None;66660.0000
10520;2023-01-06 19:06:45.833000;7;1157;1;1;0.0000;1;None;None;82940.0000
10520;2023-01-06 19:06:45.833000;7;1157;1;1;0.0000;1;None;None;82940.0000
10521;2023-01-06 21:46:19.613000;7;1157;1;1;0.0000;1;None;None;77440.0000
10521;2023-01-06 21:46:19.613000;7;1157;1;1;0.0000;1;None;None;77440.0000
9806;2023-01-06 22:28:56.087000;7;1158;1;1;0.0000;1;7333.0000;None;79200.0000
9802;2023-01-06 20:20:50.413000;7;1158;1;1;0.0000;1;16704.0000;None;180400.0000
9802;2023-01-06 20:20:50.413000;7;1158;1;1;0.0000;1;16704.0000;None;180400.0000
9801;2023-01-06 20:31:43.577000;7;1158;1;1;0.0000;1;59519.0000;None;642800.0000
32671;2023-01-06 21:01:47.633000;7;1158;1;1;None;1;16333.0000;None;176400.0000
32671;2023-01-06 21:01:47.633000;7;1158;1;1;None;1;16333.0000;None;176400.0000
9804;2023-01-06 21:05:40.863000;7;1158;1;1;0.0000;1;8074.0000;None;87200.0000
9803;2023-01-06 20:35:44.833000;7;1158;1;1;0.0000;1;20463.0000;None;221000.0000
9803;2023-01-06 20:35:44.833000;7;1158;1;1;0.0000;1;20463.0000;None;221000.0000
32667;2023-01-06 19:30:44.450000;7;1158;1;1;0.0000;1;9000.0000;None;97200.0000
32667;2023-01-06 19:33:20.690000;7;1158;1;1;0.0000;1;9000.0000;None;97200.0000
32667;2023-01-06 19:33:20.690000;7;1158;1;1;0.0000;1;9000.0000;None;97200.0000
9801;2023-01-06 19:46:25.097000;7;1158;1;1;0.0000;1;59519.0000;None;642800.0000
9801;2023-01-06 19:46:25.097000;7;1158;1;1;0.0000;1;59519.0000;None;642800.0000
9801;2023-01-06 19:48:11.707000;7;1158;1;1;0.0000;1;59519.0000;None;642800.0000
9801;2023-01-06 19:48:11.707000;7;1158;1;1;0.0000;1;59519.0000;None;642800.0000
9800;2023-01-06 19:53:29.737000;7;1158;1;1;0.0000;1;15611.0000;None;168600.0000
9800;2023-01-06 19:53:29.737000;7;1158;1;1;0.0000;1;15611.0000;None;168600.0000
9800;2023-01-06 19:53:29.737000;7;1158;1;1;0.0000;1;15611.0000;None;168600.0000
9800;2023-01-06 19:53:29.737000;7;1158;1;1;0.0000;1;15611.0000;None;168600.0000
9798;2023-01-06 18:52:33.757000;7;1158;1;1;0.0000;1;48315.0000;None;521800.0000
10518;2023-01-06 19:19:07.847000;7;1158;1;1;0.0000;1;5148.0000;None;55600.0000
10518;2023-01-06 19:19:07.847000;7;1158;1;1;0.0000;1;5148.0000;None;55600.0000
9790;2023-01-06 14:02:55.943000;7;1158;1;1;0.0000;1;10741.0000;None;116000.0000
9791;2023-01-06 15:05:10.027000;7;1158;1;1;0.0000;1;20926.0000;None;226000.0000
9791;2023-01-06 15:05:10.027000;7;1158;1;1;0.0000;1;20926.0000;None;226000.0000
10514;2023-01-06 14:41:23.223000;7;1158;1;1;0.0000;1;5148.0000;None;55600.0000
10514;2023-01-06 14:41:23.223000;7;1158;1;1;0.0000;1;5148.0000;None;55600.0000
9792;2023-01-06 15:28:54.703000;7;1158;1;1;0.0000;1;36037.0000;None;389200.0000
9787;2023-01-06 13:43:44.567000;7;1158;1;1;0.0000;1;60111.0000;None;649200.0000
9789;2023-01-06 13:53:56.103000;7;1158;1;1;0.0000;1;21908.0000;None;236600.0000
9789;2023-01-06 13:53:56.103000;7;1158;1;1;0.0000;1;21908.0000;None;236600.0000
9789;2023-01-06 13:38:33.490000;7;1158;1;1;0.0000;1;21908.0000;None;236600.0000
9786;2023-01-06 13:19:04.370000;7;1158;1;1;0.0000;1;11463.0000;None;123800.0000
9785;2023-01-06 13:14:43.230000;7;1158;1;1;0.0000;1;10444.0000;None;112800.0000
9787;2023-01-06 13:32:49.243000;7;1158;1;1;0.0000;1;60111.0000;None;649200.0000
32663;2023-01-06 13:03:42.990000;7;1158;1;1;0.0000;1;9278.0000;None;100200.0000
32663;2023-01-06 13:03:42.990000;7;1158;1;1;0.0000;1;9278.0000;None;100200.0000
32663;2023-01-06 13:03:42.990000;7;1158;1;1;0.0000;1;9278.0000;None;100200.0000
9784;2023-01-06 13:24:54.247000;7;1158;1;1;0.0000;1;12148.0000;None;131200.0000
9784;2023-01-06 13:24:54.247000;7;1158;1;1;0.0000;1;12148.0000;None;131200.0000
9784;2023-01-06 12:57:55.307000;7;1158;1;1;0.0000;1;12148.0000;None;131200.0000
9784;2023-01-06 12:57:55.307000;7;1158;1;1;0.0000;1;12148.0000;None;131200.0000
9784;2023-01-06 13:04:56.357000;7;1158;1;1;0.0000;1;12148.0000;None;131200.0000
9784;2023-01-06 13:04:56.357000;7;1158;1;1;0.0000;1;12148.0000;None;131200.0000
10508;2023-01-06 12:04:54.060000;7;1158;1;1;None;1;None;None;376640.0000
10508;2023-01-06 12:04:54.060000;7;1158;1;1;None;1;None;None;376640.0000
10507;2023-01-06 12:01:11.397000;7;1158;1;1;0.0000;1;None;None;373780.0000
10507;2023-01-06 12:01:11.397000;7;1158;1;1;0.0000;1;None;None;373780.0000
32661;2023-01-06 12:45:28.043000;7;1158;1;1;0.0000;1;32926.0000;None;355600.0000
32661;2023-01-06 12:19:37.357000;7;1158;1;1;0.0000;1;32926.0000;None;355600.0000
32661;2023-01-06 12:19:37.357000;7;1158;1;1;0.0000;1;32926.0000;None;355600.0000
10509;2023-01-06 14:28:36.680000;7;1158;1;1;0.0000;1;23296.0000;None;251600.0000
10509;2023-01-06 14:28:36.680000;7;1158;1;1;0.0000;1;23296.0000;None;251600.0000
32661;2023-01-06 12:45:28.043000;7;1158;1;1;0.0000;1;32926.0000;None;355600.0000
32661;2023-01-06 12:45:28.043000;7;1158;1;1;0.0000;1;32926.0000;None;355600.0000
32661;2023-01-06 13:23:40.530000;7;1158;1;1;0.0000;1;32926.0000;None;355600.0000
32662;2023-01-06 12:54:21.710000;7;1158;1;1;0.0000;1;14222.0000;None;153600.0000
9783;2023-01-06 12:44:11.247000;7;1158;1;1;0.0000;1;8704.0000;None;94000.0000
9791;2023-01-06 15:05:10.027000;7;1187;1;1;0.0000;1;20926.0000;None;226000.0000
9787;2023-01-06 14:25:40.780000;7;1207;1;1;0.0000;1;60111.0000;None;649200.0000
9805;2023-01-06 22:02:17.763000;7;1207;1;1;0.0000;1;11759.0000;None;127000.0000
9805;2023-01-06 21:37:25.287000;7;1207;1;1;0.0000;1;11759.0000;None;127000.0000
10509;2023-01-06 14:29:06.603000;7;1207;1;1;None;1;23296.0000;None;251600.0000
9784;2023-01-06 12:57:55.307000;7;1207;1;1;0.0000;1;12148.0000;None;131200.0000
32661;2023-01-06 12:37:25.183000;7;1207;1;1;0.0000;1;32926.0000;None;355600.0000
32661;2023-01-06 13:23:40.530000;7;1213;1;1;0.0000;1;32926.0000;None;355600.0000
9803;2023-01-06 20:35:44.833000;7;1213;1;1;0.0000;1;20463.0000;None;221000.0000
10518;2023-01-06 18:49:25.597000;7;1213;1;1;None;1;5148.0000;None;55600.0000
10520;2023-01-06 19:06:45.833000;7;1213;1;1;0.0000;1;None;None;82940.0000
32661;2023-01-06 12:21:10.710000;7;1220;1;1;0.0000;1;32926.0000;None;355600.0000
10509;2023-01-06 14:29:45.903000;7;1245;1;1;0.0000;1;23296.0000;None;251600.0000
10509;2023-01-06 14:29:45.903000;7;1245;1;1;0.0000;1;23296.0000;None;251600.0000
9790;2023-01-06 14:02:55.943000;7;1245;1;1;0.0000;1;10741.0000;None;116000.0000
9792;2023-01-06 15:28:54.703000;7;1245;1;1;0.0000;1;36037.0000;None;389200.0000
32663;2023-01-06 13:52:50.880000;7;1303;1;1;0.0000;1;9278.0000;None;100200.0000
9783;2023-01-06 12:34:36.993000;7;2006;1;1;0.0000;1;8704.0000;None;94000.0000
9783;2023-01-06 12:34:36.993000;7;2006;1;1;0.0000;1;8704.0000;None;94000.0000
32661;2023-01-06 12:19:37.357000;7;2008;1;3;0.0000;1;32926.0000;None;355600.0000
9801;2023-01-06 19:46:25.097000;7;2008;1;4;0.0000;1;59519.0000;None;642800.0000
9798;2023-01-06 18:38:49.540000;7;2008;1;5;0.0000;1;48315.0000;None;521800.0000
32661;2023-01-06 12:19:37.357000;7;2010;1;3;0.0000;1;32926.0000;None;355600.0000
32663;2023-01-06 13:05:50.763000;7;2011;1;1;0.0000;1;9278.0000;None;100200.0000
10521;2023-01-06 21:46:19.613000;7;2034;1;1;0.0000;1;None;None;77440.0000
10521;2023-01-06 21:46:19.613000;7;2034;1;1;0.0000;1;None;None;77440.0000
32663;2023-01-06 13:05:50.763000;7;2042;1;1;0.0000;1;9278.0000;None;100200.0000
9804;2023-01-06 21:05:40.863000;7;2052;1;1;0.0000;1;8074.0000;None;87200.0000
9803;2023-01-06 20:40:41.443000;7;2077;1;1;0.0000;1;20463.0000;None;221000.0000
9799;2023-01-06 19:09:30.423000;7;2077;1;1;0.0000;1;18648.0000;None;201400.0000
9787;2023-01-06 13:42:58.520000;7;2077;1;1;None;1;60111.0000;None;649200.0000
32664;2023-01-06 16:48:47.943000;8;100482;1;1;0.0000;1;33352.0000;None;360200.0000
9784;2023-01-06 13:38:36.357000;3;100596;1;1;5800.0000;1;12148.0000;None;131200.0000
9787;2023-01-06 14:25:40.780000;3;100596;1;1;5800.0000;1;60111.0000;None;649200.0000
9796;2023-01-06 17:28:59.577000;3;100606;1;1;6800.0000;1;24908.0000;None;269000.0000
9796;2023-01-06 17:28:59.577000;3;100606;1;1;6800.0000;1;24908.0000;None;269000.0000
32666;2023-01-06 19:09:13.463000;3;100606;1;-1;-6800.0000;1;14204.0000;None;153400.0000
32666;2023-01-06 17:24:06.840000;3;100606;1;1;6800.0000;1;14204.0000;None;153400.0000
32666;2023-01-06 19:09:13.463000;3;100606;1;-1;-6800.0000;1;14204.0000;None;153400.0000
32666;2023-01-06 17:24:06.840000;3;100606;1;1;6800.0000;1;14204.0000;None;153400.0000
9802;2023-01-06 21:11:03.313000;3;100606;1;1;6800.0000;1;16704.0000;None;180400.0000
32661;2023-01-06 14:05:03.150000;3;100606;1;1;6800.0000;1;32926.0000;None;355600.0000
10509;2023-01-06 15:19:23.010000;3;100614;1;1;5800.0000;1;23296.0000;None;251600.0000
10509;2023-01-06 15:19:23.010000;3;100614;1;1;5800.0000;1;23296.0000;None;251600.0000
10509;2023-01-06 15:19:23.010000;3;100614;1;1;5800.0000;1;23296.0000;None;251600.0000
32661;2023-01-06 12:37:25.183000;3;100614;1;1;5800.0000;1;32926.0000;None;355600.0000
32661;2023-01-06 12:37:25.183000;3;100614;1;1;5800.0000;1;32926.0000;None;355600.0000
9805;2023-01-06 22:02:17.763000;3;100614;1;1;5800.0000;1;11759.0000;None;127000.0000
9805;2023-01-06 21:37:25.287000;3;100614;1;1;5800.0000;1;11759.0000;None;127000.0000
9787;2023-01-06 14:25:40.780000;3;100614;1;1;5800.0000;1;60111.0000;None;649200.0000
9786;2023-01-06 13:19:04.370000;1;100879;1;1;48600.0000;1;11463.0000;None;123800.0000
9793;2023-01-06 16:08:09.287000;8;100953;1;1;42800.0000;1;11204.0000;None;121000.0000
32671;2023-01-06 21:01:47.633000;8;100953;1;1;42800.0000;1;16333.0000;None;176400.0000
9801;2023-01-06 19:48:11.707000;8;100990;1;1;66800.0000;1;59519.0000;None;642800.0000
32667;2023-01-06 19:33:20.690000;8;101026;1;1;31800.0000;1;9000.0000;None;97200.0000
9784;2023-01-06 13:24:54.247000;8;101026;1;1;31800.0000;1;12148.0000;None;131200.0000
9792;2023-01-06 15:28:54.703000;1;101048;1;1;44800.0000;1;36037.0000;None;389200.0000
10516;2023-01-06 16:49:37.873000;1;101048;1;1;44800.0000;1;None;None;66660.0000
10509;2023-01-06 14:29:45.903000;1;101048;1;1;44800.0000;1;23296.0000;None;251600.0000
9787;2023-01-06 13:32:49.243000;1;101051;1;1;49800.0000;1;60111.0000;None;649200.0000
9799;2023-01-06 19:09:30.423000;2;101080;1;1;24800.0000;1;18648.0000;None;201400.0000
32662;2023-01-06 12:54:21.710000;1;101180;1;1;37800.0000;1;14222.0000;None;153600.0000
9800;2023-01-06 19:53:29.737000;8;101187;1;1;18800.0000;1;15611.0000;None;168600.0000
9797;2023-01-06 17:12:14.883000;1;101318;1;1;35800.0000;1;30611.0000;None;330600.0000
9786;2023-01-06 13:19:04.370000;1;101318;1;1;35800.0000;1;11463.0000;None;123800.0000
9792;2023-01-06 15:06:43.623000;1;101318;1;1;35800.0000;1;36037.0000;None;389200.0000
9790;2023-01-06 14:02:55.943000;1;101321;1;1;26800.0000;1;10741.0000;None;116000.0000
9787;2023-01-06 13:43:44.567000;1;101321;1;1;26800.0000;1;60111.0000;None;649200.0000
9789;2023-01-06 13:53:56.103000;1;101323;1;1;28800.0000;1;21908.0000;None;236600.0000
9801;2023-01-06 19:48:11.707000;1;101323;1;1;28800.0000;1;59519.0000;None;642800.0000
9786;2023-01-06 13:19:04.370000;6;101408;1;1;0.0000;1;11463.0000;None;123800.0000
9786;2023-01-06 13:19:04.370000;6;101546;1;1;0.0000;1;11463.0000;None;123800.0000
9787;2023-01-06 13:43:44.567000;6;101546;1;1;0.0000;1;60111.0000;None;649200.0000
9787;2023-01-06 13:43:44.567000;6;101546;1;1;0.0000;1;60111.0000;None;649200.0000
9797;2023-01-06 17:12:14.883000;2;101727;1;1;32800.0000;1;30611.0000;None;330600.0000
32666;2023-01-06 19:06:01.880000;8;101883;1;1;52800.0000;1;14204.0000;None;153400.0000
9787;2023-01-06 13:53:27.787000;8;101883;1;1;52800.0000;1;60111.0000;None;649200.0000
32670;2023-01-06 20:29:06.650000;1;101929;1;1;16800.0000;1;11963.0000;None;129200.0000
10507;2023-01-06 12:01:11.397000;8;101971;1;1;46800.0000;1;None;None;373780.0000
9802;2023-01-06 20:22:35.197000;8;101971;1;1;46800.0000;1;16704.0000;None;180400.0000
9793;2023-01-06 16:08:09.287000;8;101971;1;1;46800.0000;1;11204.0000;None;121000.0000
9789;2023-01-06 13:53:56.103000;8;101992;1;1;31800.0000;1;21908.0000;None;236600.0000
9801;2023-01-06 19:48:11.707000;8;101992;1;1;31800.0000;1;59519.0000;None;642800.0000
32661;2023-01-06 13:23:40.530000;8;101996;1;1;15800.0000;1;32926.0000;None;355600.0000
9798;2023-01-06 18:52:33.757000;8;101996;1;1;15800.0000;1;48315.0000;None;521800.0000
9802;2023-01-06 20:20:50.413000;8;101996;1;1;15800.0000;1;16704.0000;None;180400.0000
9804;2023-01-06 21:05:40.863000;8;101996;1;1;15800.0000;1;8074.0000;None;87200.0000
9789;2023-01-06 13:52:25.450000;8;101996;1;1;15800.0000;1;21908.0000;None;236600.0000
9784;2023-01-06 12:57:55.307000;8;101996;1;1;15800.0000;1;12148.0000;None;131200.0000
9792;2023-01-06 15:03:48.033000;8;101996;1;1;15800.0000;1;36037.0000;None;389200.0000
9791;2023-01-06 14:56:09.153000;8;101996;1;1;15800.0000;1;20926.0000;None;226000.0000
10507;2023-01-06 12:01:11.397000;8;102052;1;1;59800.0000;1;None;None;373780.0000
9794;2023-01-06 16:07:39.970000;1;102228;1;1;8800.0000;1;8815.0000;None;95200.0000
32665;2023-01-06 16:29:03.230000;1;102447;1;1;16800.0000;1;21241.0000;None;229400.0000
9789;2023-01-06 13:38:33.490000;1;102455;1;1;37800.0000;1;21908.0000;None;236600.0000
32661;2023-01-06 12:19:37.357000;1;102455;1;1;37800.0000;1;32926.0000;None;355600.0000
10509;2023-01-06 14:28:36.680000;1;102455;1;1;37800.0000;1;23296.0000;None;251600.0000
10509;2023-01-06 12:41:34.947000;1;102456;1;1;16800.0000;1;23296.0000;None;251600.0000
9789;2023-01-06 13:38:33.490000;1;102456;1;1;16800.0000;1;21908.0000;None;236600.0000
9803;2023-01-06 20:35:44.833000;1;102456;1;1;16800.0000;1;20463.0000;None;221000.0000
9799;2023-01-06 19:09:30.423000;1;102456;1;1;16800.0000;1;18648.0000;None;201400.0000
9800;2023-01-06 19:34:05.917000;1;102457;1;1;17800.0000;1;15611.0000;None;168600.0000
9801;2023-01-06 19:46:25.097000;1;102457;1;1;17800.0000;1;59519.0000;None;642800.0000
9798;2023-01-06 18:52:33.757000;1;102457;1;1;17800.0000;1;48315.0000;None;521800.0000
9798;2023-01-06 18:52:33.757000;1;102457;1;1;17800.0000;1;48315.0000;None;521800.0000
9805;2023-01-06 21:37:25.287000;1;102457;1;1;17800.0000;1;11759.0000;None;127000.0000
32665;2023-01-06 16:29:03.230000;1;102457;1;1;17800.0000;1;21241.0000;None;229400.0000
32662;2023-01-06 12:41:57.237000;1;102457;1;1;17800.0000;1;14222.0000;None;153600.0000
9791;2023-01-06 14:56:09.153000;1;102458;1;1;18800.0000;1;20926.0000;None;226000.0000
9793;2023-01-06 16:02:15.470000;1;102535;1;1;19800.0000;1;11204.0000;None;121000.0000
32661;2023-01-06 13:54:26.477000;1;102535;1;1;19800.0000;1;32926.0000;None;355600.0000
9796;2023-01-06 16:28:21.847000;3;102616;1;1;5800.0000;1;24908.0000;None;269000.0000
9794;2023-01-06 16:07:39.970000;3;102616;1;1;5800.0000;1;8815.0000;None;95200.0000
9787;2023-01-06 13:23:46.110000;3;102619;1;1;6800.0000;1;60111.0000;None;649200.0000
9787;2023-01-06 13:23:46.110000;3;102619;1;1;6800.0000;1;60111.0000;None;649200.0000
9806;2023-01-06 22:25:35.073000;3;102633;1;1;11800.0000;1;7333.0000;None;79200.0000
9806;2023-01-06 22:06:56.727000;3;102633;1;1;11800.0000;1;7333.0000;None;79200.0000
32671;2023-01-06 21:01:47.633000;3;102633;1;1;11800.0000;1;16333.0000;None;176400.0000
32671;2023-01-06 21:01:47.633000;3;102633;1;1;11800.0000;1;16333.0000;None;176400.0000
10509;2023-01-06 14:29:06.603000;3;102635;1;1;7800.0000;1;23296.0000;None;251600.0000
9784;2023-01-06 12:57:55.307000;3;102635;1;1;7800.0000;1;12148.0000;None;131200.0000
9798;2023-01-06 18:38:49.540000;3;102635;1;1;7800.0000;1;48315.0000;None;521800.0000
9798;2023-01-06 18:38:49.540000;3;102635;1;1;7800.0000;1;48315.0000;None;521800.0000
9785;2023-01-06 13:08:48.637000;3;102635;1;1;7800.0000;1;10444.0000;None;112800.0000
9796;2023-01-06 16:28:21.847000;3;102635;1;1;7800.0000;1;24908.0000;None;269000.0000
9794;2023-01-06 16:07:39.970000;3;102635;1;1;7800.0000;1;8815.0000;None;95200.0000
9792;2023-01-06 15:55:54.900000;3;102635;1;1;7800.0000;1;36037.0000;None;389200.0000
9792;2023-01-06 15:02:18.717000;3;102635;1;1;7800.0000;1;36037.0000;None;389200.0000
9792;2023-01-06 15:12:25.250000;3;102635;1;1;7800.0000;1;36037.0000;None;389200.0000
9798;2023-01-06 18:38:49.540000;3;102637;1;1;9800.0000;1;48315.0000;None;521800.0000
10509;2023-01-06 14:29:06.603000;3;102657;1;1;12800.0000;1;23296.0000;None;251600.0000
9799;2023-01-06 20:59:15.790000;3;102663;1;1;10800.0000;1;18648.0000;None;201400.0000
9805;2023-01-06 21:37:25.287000;8;102691;1;1;59800.0000;1;11759.0000;None;127000.0000
9787;2023-01-06 14:04:30.713000;8;102691;1;1;59800.0000;1;60111.0000;None;649200.0000
32661;2023-01-06 12:45:28.043000;8;102691;1;1;59800.0000;1;32926.0000;None;355600.0000
9787;2023-01-06 13:53:27.787000;8;102692;1;1;33800.0000;1;60111.0000;None;649200.0000
9788;2023-01-06 13:33:26.390000;8;102692;1;1;33800.0000;1;15907.0000;None;171800.0000
9791;2023-01-06 15:05:10.027000;8;102692;1;1;33800.0000;1;20926.0000;None;226000.0000
9802;2023-01-06 20:22:35.197000;8;102692;1;1;33800.0000;1;16704.0000;None;180400.0000
9803;2023-01-06 20:40:41.443000;3;102747;1;1;4800.0000;1;20463.0000;None;221000.0000
10521;2023-01-06 21:46:19.613000;3;102747;1;1;4800.0000;1;None;None;77440.0000
9799;2023-01-06 19:09:30.423000;3;102747;1;1;4800.0000;1;18648.0000;None;201400.0000
9797;2023-01-06 17:12:14.883000;3;102747;1;1;4800.0000;1;30611.0000;None;330600.0000
32665;2023-01-06 16:35:19.783000;3;102747;1;1;4800.0000;1;21241.0000;None;229400.0000
9787;2023-01-06 13:42:58.520000;3;102747;1;1;4800.0000;1;60111.0000;None;649200.0000
9785;2023-01-06 13:08:48.637000;3;102747;1;1;4800.0000;1;10444.0000;None;112800.0000
9787;2023-01-06 13:34:50.503000;3;102747;1;1;4800.0000;1;60111.0000;None;649200.0000
9783;2023-01-06 12:34:36.993000;3;102747;1;1;4800.0000;1;8704.0000;None;94000.0000
9787;2023-01-06 13:34:50.503000;3;102748;1;1;14800.0000;1;60111.0000;None;649200.0000
9785;2023-01-06 13:08:48.637000;3;102748;1;1;14800.0000;1;10444.0000;None;112800.0000
9800;2023-01-06 19:42:26.783000;3;102748;1;1;14800.0000;1;15611.0000;None;168600.0000
9803;2023-01-06 20:40:41.443000;3;102749;1;1;5800.0000;1;20463.0000;None;221000.0000
9789;2023-01-06 13:38:33.490000;3;102749;1;1;5800.0000;1;21908.0000;None;236600.0000
9789;2023-01-06 13:38:33.490000;3;102749;1;1;5800.0000;1;21908.0000;None;236600.0000
32665;2023-01-06 16:35:19.783000;3;102751;1;1;8800.0000;1;21241.0000;None;229400.0000
10515;2023-01-06 16:47:48.337000;8;102790;1;1;35800.0000;1;8630.0000;None;93200.0000
10509;2023-01-06 14:29:45.903000;8;102797;1;1;54800.0000;1;23296.0000;None;251600.0000
10508;2023-01-06 12:04:54.060000;8;102797;1;1;54800.0000;1;None;None;376640.0000
32666;2023-01-06 19:06:01.880000;8;102800;1;1;53800.0000;1;14204.0000;None;153400.0000
9800;2023-01-06 19:53:29.737000;1;102824;1;1;45800.0000;1;15611.0000;None;168600.0000
10508;2023-01-06 12:04:54.060000;8;102850;1;1;42800.0000;1;None;None;376640.0000
9801;2023-01-06 19:48:11.707000;8;102850;1;1;42800.0000;1;59519.0000;None;642800.0000
9792;2023-01-06 15:28:54.703000;8;102920;1;1;41800.0000;1;36037.0000;None;389200.0000
9792;2023-01-06 15:28:54.703000;8;102920;1;1;41800.0000;1;36037.0000;None;389200.0000
9787;2023-01-06 13:32:49.243000;8;102920;1;1;41800.0000;1;60111.0000;None;649200.0000
32665;2023-01-06 16:35:19.783000;1;102923;1;1;72800.0000;1;21241.0000;None;229400.0000
32661;2023-01-06 12:45:28.043000;1;102923;1;1;72800.0000;1;32926.0000;None;355600.0000
10507;2023-01-06 12:01:11.397000;1;102925;1;1;12800.0000;1;None;None;373780.0000
10507;2023-01-06 12:01:11.397000;1;102925;1;1;12800.0000;1;None;None;373780.0000
9798;2023-01-06 18:52:33.757000;1;102925;1;1;12800.0000;1;48315.0000;None;521800.0000
9798;2023-01-06 18:52:33.757000;1;102925;1;1;12800.0000;1;48315.0000;None;521800.0000
9787;2023-01-06 13:43:44.567000;1;102927;1;1;64800.0000;1;60111.0000;None;649200.0000
9787;2023-01-06 13:43:44.567000;1;102927;1;1;64800.0000;1;60111.0000;None;649200.0000
9803;2023-01-06 20:40:41.443000;2;102933;1;1;25800.0000;1;20463.0000;None;221000.0000
9797;2023-01-06 17:42:54.600000;1;102972;1;1;99800.0000;1;30611.0000;None;330600.0000
9798;2023-01-06 18:52:33.757000;1;102973;1;1;109800.0000;1;48315.0000;None;521800.0000
32664;2023-01-06 16:48:47.943000;8;102983;1;1;0.0000;1;33352.0000;None;360200.0000
32664;2023-01-06 16:48:47.943000;8;102991;1;1;0.0000;1;33352.0000;None;360200.0000
10507;2023-01-06 12:01:11.397000;8;102992;1;1;39800.0000;1;None;None;373780.0000
10507;2023-01-06 12:01:11.397000;8;102992;1;1;39800.0000;1;None;None;373780.0000
10507;2023-01-06 12:01:11.397000;8;102997;1;1;10800.0000;1;None;None;373780.0000
10507;2023-01-06 12:01:11.397000;8;102997;1;1;10800.0000;1;None;None;373780.0000
9784;2023-01-06 13:04:56.357000;8;102997;1;1;10800.0000;1;12148.0000;None;131200.0000
9784;2023-01-06 13:04:56.357000;8;102997;1;1;10800.0000;1;12148.0000;None;131200.0000
9784;2023-01-06 13:04:56.357000;8;102997;1;1;10800.0000;1;12148.0000;None;131200.0000
32664;2023-01-06 16:48:47.943000;8;103014;1;1;0.0000;1;33352.0000;None;360200.0000
32665;2023-01-06 16:29:03.230000;8;103023;1;1;47800.0000;1;21241.0000;None;229400.0000
9792;2023-01-06 15:28:54.703000;8;103023;1;1;47800.0000;1;36037.0000;None;389200.0000
9788;2023-01-06 13:33:26.390000;8;103023;1;1;47800.0000;1;15907.0000;None;171800.0000
10520;2023-01-06 19:06:45.833000;8;103023;1;1;47800.0000;1;None;None;82940.0000
9799;2023-01-06 19:09:30.423000;8;103028;1;1;49800.0000;1;18648.0000;None;201400.0000
9801;2023-01-06 19:48:11.707000;8;103028;1;1;49800.0000;1;59519.0000;None;642800.0000
9801;2023-01-06 20:31:43.577000;8;103028;1;1;49800.0000;1;59519.0000;None;642800.0000
10509;2023-01-06 14:29:45.903000;1;103058;1;1;32800.0000;1;23296.0000;None;251600.0000
9796;2023-01-06 16:28:21.847000;1;103058;1;1;32800.0000;1;24908.0000;None;269000.0000
9789;2023-01-06 13:53:56.103000;1;103073;1;1;32800.0000;1;21908.0000;None;236600.0000
9796;2023-01-06 16:28:21.847000;1;103075;1;1;57800.0000;1;24908.0000;None;269000.0000
9795;2023-01-06 16:21:16.390000;1;103075;1;1;57800.0000;1;5352.0000;None;57800.0000
9796;2023-01-06 16:28:21.847000;1;103519;1;1;76800.0000;1;24908.0000;None;269000.0000
9787;2023-01-06 13:43:44.567000;1;103536;1;1;38800.0000;1;60111.0000;None;649200.0000
9785;2023-01-06 13:14:43.230000;1;103536;1;1;38800.0000;1;10444.0000;None;112800.0000
9803;2023-01-06 20:35:44.833000;8;103539;1;1;32800.0000;1;20463.0000;None;221000.0000
9798;2023-01-06 18:52:33.757000;8;103544;1;1;23800.0000;1;48315.0000;None;521800.0000
9798;2023-01-06 18:52:33.757000;8;103544;1;1;23800.0000;1;48315.0000;None;521800.0000
10508;2023-01-06 12:04:54.060000;8;103549;1;1;27800.0000;1;None;None;376640.0000
32667;2023-01-06 19:33:20.690000;1;103595;1;1;31800.0000;1;9000.0000;None;97200.0000
9794;2023-01-06 16:07:39.970000;1;103596;1;1;72800.0000;1;8815.0000;None;95200.0000
9787;2023-01-06 13:23:46.110000;1;103612;1;1;15800.0000;1;60111.0000;None;649200.0000
9799;2023-01-06 19:09:30.423000;1;103612;1;1;15800.0000;1;18648.0000;None;201400.0000
9801;2023-01-06 19:48:11.707000;8;103615;1;1;37800.0000;1;59519.0000;None;642800.0000
9803;2023-01-06 20:35:44.833000;8;103615;1;1;37800.0000;1;20463.0000;None;221000.0000
32671;2023-01-06 21:01:47.633000;8;103615;1;1;37800.0000;1;16333.0000;None;176400.0000
9801;2023-01-06 20:31:43.577000;8;103615;1;1;37800.0000;1;59519.0000;None;642800.0000
9805;2023-01-06 21:37:25.287000;8;103615;1;1;37800.0000;1;11759.0000;None;127000.0000
9787;2023-01-06 13:19:16.337000;8;103615;1;1;37800.0000;1;60111.0000;None;649200.0000
10515;2023-01-06 16:47:48.337000;8;103615;1;1;37800.0000;1;8630.0000;None;93200.0000
9792;2023-01-06 15:28:54.703000;8;103615;1;1;37800.0000;1;36037.0000;None;389200.0000
10508;2023-01-06 12:04:54.060000;8;103615;1;1;37800.0000;1;None;None;376640.0000
32661;2023-01-06 13:23:40.530000;8;103615;1;1;37800.0000;1;32926.0000;None;355600.0000
9791;2023-01-06 15:45:51.463000;8;103690;1;1;39800.0000;1;20926.0000;None;226000.0000
9798;2023-01-06 18:52:33.757000;1;103712;1;1;35800.0000;1;48315.0000;None;521800.0000
32663;2023-01-06 13:03:42.990000;1;103714;1;1;56800.0000;1;9278.0000;None;100200.0000
9800;2023-01-06 20:39:06.123000;8;103746;1;1;37800.0000;1;15611.0000;None;168600.0000
9801;2023-01-06 19:46:25.097000;1;103815;1;1;28800.0000;1;59519.0000;None;642800.0000
9800;2023-01-06 19:53:29.737000;8;103867;1;1;27800.0000;1;15611.0000;None;168600.0000
32667;2023-01-06 19:30:44.450000;8;103867;1;1;27800.0000;1;9000.0000;None;97200.0000
10518;2023-01-06 19:19:07.847000;8;103867;1;1;27800.0000;1;5148.0000;None;55600.0000
10518;2023-01-06 18:49:25.597000;8;103867;1;1;27800.0000;1;5148.0000;None;55600.0000
10521;2023-01-06 21:46:19.613000;8;103867;1;1;27800.0000;1;None;None;77440.0000
9806;2023-01-06 22:06:56.727000;8;103867;1;1;27800.0000;1;7333.0000;None;79200.0000
9806;2023-01-06 22:28:56.087000;8;103867;1;1;27800.0000;1;7333.0000;None;79200.0000
32671;2023-01-06 21:01:47.633000;8;103867;1;1;27800.0000;1;16333.0000;None;176400.0000
9785;2023-01-06 13:14:43.230000;8;103867;1;1;27800.0000;1;10444.0000;None;112800.0000
9786;2023-01-06 13:19:04.370000;8;103867;1;1;27800.0000;1;11463.0000;None;123800.0000
9787;2023-01-06 13:43:44.567000;8;103867;1;1;27800.0000;1;60111.0000;None;649200.0000
9791;2023-01-06 15:05:10.027000;8;103867;1;1;27800.0000;1;20926.0000;None;226000.0000
9791;2023-01-06 15:32:01.057000;8;103867;1;1;27800.0000;1;20926.0000;None;226000.0000
10514;2023-01-06 14:41:23.223000;8;103867;1;2;55600.0000;1;5148.0000;None;55600.0000
9783;2023-01-06 12:44:11.247000;8;103867;1;1;27800.0000;1;8704.0000;None;94000.0000
10508;2023-01-06 12:04:54.060000;8;103867;1;2;55600.0000;1;None;None;376640.0000
9789;2023-01-06 13:38:33.490000;3;103912;1;1;6800.0000;1;21908.0000;None;236600.0000
9789;2023-01-06 14:14:02.773000;3;103912;1;1;6800.0000;1;21908.0000;None;236600.0000
9803;2023-01-06 20:40:41.443000;3;103912;1;1;6800.0000;1;20463.0000;None;221000.0000
9798;2023-01-06 18:52:33.757000;1;103953;1;1;16800.0000;1;48315.0000;None;521800.0000
9801;2023-01-06 20:56:01.477000;1;104004;1;1;16800.0000;1;59519.0000;None;642800.0000
9787;2023-01-06 14:25:40.780000;1;104004;1;1;16800.0000;1;60111.0000;None;649200.0000
10513;2023-01-06 13:55:24.137000;8;104200;1;1;15800.0000;1;2741.0000;None;29600.0000
10516;2023-01-06 16:49:37.873000;8;104200;1;1;15800.0000;1;None;None;66660.0000
9783;2023-01-06 12:44:11.247000;1;104216;1;1;17800.0000;1;8704.0000;None;94000.0000
9798;2023-01-06 18:38:49.540000;2;104234;1;1;36800.0000;1;48315.0000;None;521800.0000
9798;2023-01-06 19:34:44.573000;2;104234;1;1;36800.0000;1;48315.0000;None;521800.0000
10520;2023-01-06 19:06:45.833000;8;104259;1;2;27600.0000;1;None;None;82940.0000
9804;2023-01-06 21:06:15.160000;8;104259;1;1;13800.0000;1;8074.0000;None;87200.0000
10513;2023-01-06 13:55:24.137000;8;104259;1;1;13800.0000;1;2741.0000;None;29600.0000
9785;2023-01-06 13:14:43.230000;1;104261;1;1;18800.0000;1;10444.0000;None;112800.0000
10507;2023-01-06 12:01:11.397000;1;104308;1;1;68800.0000;1;None;None;373780.0000
9797;2023-01-06 17:12:14.883000;1;104308;1;1;68800.0000;1;30611.0000;None;330600.0000
9800;2023-01-06 19:42:26.783000;3;104446;1;1;5800.0000;1;15611.0000;None;168600.0000
9803;2023-01-06 20:40:41.443000;3;104446;1;1;5800.0000;1;20463.0000;None;221000.0000
9787;2023-01-06 13:23:46.110000;3;104446;1;1;5800.0000;1;60111.0000;None;649200.0000
9787;2023-01-06 13:23:46.110000;3;104446;1;1;5800.0000;1;60111.0000;None;649200.0000
9793;2023-01-06 15:19:33.393000;3;104446;1;1;5800.0000;1;11204.0000;None;121000.0000
9793;2023-01-06 15:19:33.393000;3;104446;1;1;5800.0000;1;11204.0000;None;121000.0000
9783;2023-01-06 12:34:36.993000;3;104446;1;1;5800.0000;1;8704.0000;None;94000.0000
9783;2023-01-06 12:44:11.247000;8;104655;1;1;37800.0000;1;8704.0000;None;94000.0000
32661;2023-01-06 12:45:28.043000;8;104655;1;1;37800.0000;1;32926.0000;None;355600.0000
9788;2023-01-06 13:33:26.390000;8;104655;1;1;37800.0000;1;15907.0000;None;171800.0000
9788;2023-01-06 13:33:26.390000;8;104655;1;1;37800.0000;1;15907.0000;None;171800.0000
9803;2023-01-06 21:02:03.450000;8;104655;1;1;37800.0000;1;20463.0000;None;221000.0000
10521;2023-01-06 21:46:19.613000;8;104655;1;1;37800.0000;1;None;None;77440.0000
32664;2023-01-06 16:48:47.943000;8;104781;1;1;0.0000;1;33352.0000;None;360200.0000
9797;2023-01-06 17:12:14.883000;1;104869;1;1;79800.0000;1;30611.0000;None;330600.0000
9794;2023-01-06 16:07:39.970000;1;105010;1;1;0.0000;1;8815.0000;None;95200.0000
10509;2023-01-06 14:29:45.903000;1;105010;2;1;0.0000;1;23296.0000;None;251600.0000
10509;2023-01-06 14:29:45.903000;1;105010;2;1;0.0000;1;23296.0000;None;251600.0000
9792;2023-01-06 15:06:43.623000;1;105023;1;1;55800.0000;1;36037.0000;None;389200.0000
32666;2023-01-06 17:24:06.840000;6;105082;1;1;2000.0000;1;14204.0000;None;153400.0000
32666;2023-01-06 19:09:13.463000;6;105082;1;-1;-2000.0000;1;14204.0000;None;153400.0000
32666;2023-01-06 19:09:13.463000;6;105082;1;-1;-2000.0000;1;14204.0000;None;153400.0000
32666;2023-01-06 17:24:06.840000;6;105082;1;1;2000.0000;1;14204.0000;None;153400.0000
9787;2023-01-06 13:43:44.567000;6;105090;1;1;0.0000;1;60111.0000;None;649200.0000
9787;2023-01-06 13:43:44.567000;6;105090;1;1;0.0000;1;60111.0000;None;649200.0000
32666;2023-01-06 19:06:01.880000;1;105239;1;1;46800.0000;1;14204.0000;None;153400.0000
9803;2023-01-06 20:35:44.833000;1;105239;1;1;46800.0000;1;20463.0000;None;221000.0000
9802;2023-01-06 20:20:50.413000;1;105299;1;1;29800.0000;1;16704.0000;None;180400.0000
10508;2023-01-06 12:04:54.060000;8;105424;1;1;58800.0000;1;None;None;376640.0000
32664;2023-01-06 16:48:47.943000;8;105447;1;1;0.0000;1;33352.0000;None;360200.0000
32664;2023-01-06 16:48:47.943000;8;105469;1;1;0.0000;1;33352.0000;None;360200.0000
10509;2023-01-06 14:28:36.680000;1;105477;1;1;16800.0000;1;23296.0000;None;251600.0000
9796;2023-01-06 16:28:21.847000;1;105481;1;1;41800.0000;1;24908.0000;None;269000.0000
9787;2023-01-06 13:43:44.567000;6;105509;1;1;0.0000;1;60111.0000;None;649200.0000
9787;2023-01-06 13:43:44.567000;6;105509;1;1;0.0000;1;60111.0000;None;649200.0000
9786;2023-01-06 13:19:04.370000;6;105509;1;1;0.0000;1;11463.0000;None;123800.0000
9790;2023-01-06 14:18:29.490000;6;105520;1;1;0.0000;1;10741.0000;None;116000.0000
9790;2023-01-06 14:02:55.943000;6;105636;1;2;0.0000;1;10741.0000;None;116000.0000
9791;2023-01-06 14:56:09.153000;6;105636;1;1;0.0000;1;20926.0000;None;226000.0000
9786;2023-01-06 13:19:04.370000;6;105636;1;1;0.0000;1;11463.0000;None;123800.0000
9786;2023-01-06 13:19:04.370000;6;105636;1;1;0.0000;1;11463.0000;None;123800.0000
9802;2023-01-06 20:20:50.413000;6;105636;1;1;0.0000;1;16704.0000;None;180400.0000
9802;2023-01-06 20:20:50.413000;6;105636;1;1;0.0000;1;16704.0000;None;180400.0000
32661;2023-01-06 12:19:37.357000;8;105668;1;1;41800.0000;1;32926.0000;None;355600.0000
32664;2023-01-06 16:48:47.943000;8;105728;1;1;0.0000;1;33352.0000;None;360200.0000
9791;2023-01-06 15:45:51.463000;8;105731;1;1;0.0000;1;20926.0000;None;226000.0000
32664;2023-01-06 15:58:11.087000;3;105735;1;1;0.0000;1;33352.0000;None;360200.0000
32664;2023-01-06 16:19:52.003000;3;105735;1;1;0.0000;1;33352.0000;None;360200.0000
32664;2023-01-06 16:48:47.943000;8;105862;1;1;0.0000;1;33352.0000;None;360200.0000
32664;2023-01-06 16:48:47.943000;8;105862;1;1;0.0000;1;33352.0000;None;360200.0000
9790;2023-01-06 14:02:55.943000;8;106077;1;1;32800.0000;1;10741.0000;None;116000.0000
9784;2023-01-06 13:04:56.357000;8;106077;1;1;32800.0000;1;12148.0000;None;131200.0000
9789;2023-01-06 13:53:56.103000;8;106077;1;1;32800.0000;1;21908.0000;None;236600.0000
32671;2023-01-06 21:01:47.633000;8;106077;1;1;32800.0000;1;16333.0000;None;176400.0000
9798;2023-01-06 18:52:33.757000;8;106077;1;1;32800.0000;1;48315.0000;None;521800.0000
9798;2023-01-06 18:52:33.757000;8;106491;1;1;46800.0000;1;48315.0000;None;521800.0000
9801;2023-01-06 19:48:11.707000;8;106491;1;1;46800.0000;1;59519.0000;None;642800.0000
9801;2023-01-06 19:48:11.707000;8;106491;1;1;46800.0000;1;59519.0000;None;642800.0000
9787;2023-01-06 13:32:49.243000;8;106491;1;1;46800.0000;1;60111.0000;None;649200.0000
32665;2023-01-06 16:29:03.230000;8;106491;1;1;46800.0000;1;21241.0000;None;229400.0000
9796;2023-01-06 16:28:21.847000;1;106922;1;1;0.0000;1;24908.0000;None;269000.0000
9796;2023-01-06 16:28:21.847000;1;106922;2;1;0.0000;1;24908.0000;None;269000.0000
9794;2023-01-06 16:07:39.970000;1;106922;2;1;0.0000;1;8815.0000;None;95200.0000
9796;2023-01-06 16:28:21.847000;1;106922;1;1;0.0000;1;24908.0000;None;269000.0000
9796;2023-01-06 16:28:21.847000;1;106922;2;1;0.0000;1;24908.0000;None;269000.0000
9790;2023-01-06 14:02:55.943000;1;106922;2;1;0.0000;1;10741.0000;None;116000.0000
9787;2023-01-06 13:43:44.567000;1;106922;2;1;0.0000;1;60111.0000;None;649200.0000
9797;2023-01-06 17:42:54.600000;1;106922;1;1;0.0000;1;30611.0000;None;330600.0000
9797;2023-01-06 17:42:54.600000;1;106922;2;1;0.0000;1;30611.0000;None;330600.0000
9798;2023-01-06 18:52:33.757000;1;106922;1;1;0.0000;1;48315.0000;None;521800.0000
9798;2023-01-06 18:52:33.757000;1;106922;2;1;0.0000;1;48315.0000;None;521800.0000
32670;2023-01-06 20:30:51.147000;1;106946;1;1;28800.0000;1;11963.0000;None;129200.0000
32670;2023-01-06 20:29:06.650000;1;107168;1;1;34800.0000;1;11963.0000;None;129200.0000
9799;2023-01-06 19:09:30.423000;8;107333;1;1;64800.0000;1;18648.0000;None;201400.0000
10508;2023-01-06 12:04:54.060000;8;107333;1;1;64800.0000;1;None;None;376640.0000
9802;2023-01-06 20:20:50.413000;8;107526;1;1;25800.0000;1;16704.0000;None;180400.0000
9790;2023-01-06 14:18:29.490000;2;108118;1;1;34800.0000;1;10741.0000;None;116000.0000
32664;2023-01-06 15:58:11.087000;2;108121;1;1;38800.0000;1;33352.0000;None;360200.0000
32664;2023-01-06 16:19:52.003000;2;108121;1;1;38800.0000;1;33352.0000;None;360200.0000
32670;2023-01-06 20:24:45.767000;2;108193;1;1;48800.0000;1;11963.0000;None;129200.0000
9804;2023-01-06 21:05:40.863000;2;108193;1;1;48800.0000;1;8074.0000;None;87200.0000
10507;2023-01-06 12:01:11.397000;8;109117;1;1;18800.0000;1;None;None;373780.0000
10507;2023-01-06 12:01:11.397000;8;109117;1;1;18800.0000;1;None;None;373780.0000
32662;2023-01-06 12:54:21.710000;8;109318;1;1;38800.0000;1;14222.0000;None;153600.0000
9791;2023-01-06 15:45:51.463000;8;109331;1;1;43800.0000;1;20926.0000;None;226000.0000
9796;2023-01-06 16:28:30.870000;1;109500;1;1;21800.0000;1;24908.0000;None;269000.0000
32663;2023-01-06 13:03:42.990000;1;109506;1;1;31800.0000;1;9278.0000;None;100200.0000
9796;2023-01-06 16:47:55.280000;3;200007;1;1;10800.0000;1;24908.0000;None;269000.0000
10515;2023-01-06 16:47:48.337000;3;200007;1;1;10800.0000;1;8630.0000;None;93200.0000
9790;2023-01-06 14:02:55.943000;3;200007;1;2;21600.0000;1;10741.0000;None;116000.0000
9802;2023-01-06 20:20:50.413000;3;200007;1;1;10800.0000;1;16704.0000;None;180400.0000
9802;2023-01-06 20:20:50.413000;3;200007;1;1;10800.0000;1;16704.0000;None;180400.0000
10509;2023-01-06 14:29:06.603000;3;200009;1;1;9800.0000;1;23296.0000;None;251600.0000
9788;2023-01-06 13:25:50.440000;3;200012;1;1;9800.0000;1;15907.0000;None;171800.0000
9801;2023-01-06 19:48:11.707000;2;200142;1;1;112800.0000;1;59519.0000;None;642800.0000
9798;2023-01-06 18:38:49.540000;2;200478;1;1;14800.0000;1;48315.0000;None;521800.0000
9789;2023-01-06 13:38:33.490000;2;200478;1;1;14800.0000;1;21908.0000;None;236600.0000
9792;2023-01-06 15:12:25.250000;2;200478;1;1;14800.0000;1;36037.0000;None;389200.0000
9792;2023-01-06 15:12:25.250000;2;200478;1;1;14800.0000;1;36037.0000;None;389200.0000
9792;2023-01-06 15:55:54.900000;2;200478;1;1;14800.0000;1;36037.0000;None;389200.0000
32662;2023-01-06 12:45:43.473000;2;200478;1;1;14800.0000;1;14222.0000;None;153600.0000
32662;2023-01-06 12:45:43.473000;2;200478;1;1;14800.0000;1;14222.0000;None;153600.0000
32662;2023-01-06 13:01:52.947000;2;200478;1;1;14800.0000;1;14222.0000;None;153600.0000
32662;2023-01-06 13:01:52.947000;2;200478;1;1;14800.0000;1;14222.0000;None;153600.0000
9786;2023-01-06 13:19:04.370000;3;201146;1;1;5800.0000;1;11463.0000;None;123800.0000
32663;2023-01-06 13:05:50.763000;3;201206;1;1;5800.0000;1;9278.0000;None;100200.0000
32663;2023-01-06 13:05:50.763000;3;201206;1;1;5800.0000;1;9278.0000;None;100200.0000
32667;2023-01-06 19:42:32.643000;3;201206;1;1;5800.0000;1;9000.0000;None;97200.0000
32671;2023-01-06 21:01:47.633000;3;201206;1;1;5800.0000;1;16333.0000;None;176400.0000
32664;2023-01-06 15:58:11.087000;3;201237;1;1;5800.0000;1;33352.0000;None;360200.0000
9786;2023-01-06 13:19:04.370000;3;201269;1;1;5800.0000;1;11463.0000;None;123800.0000
32671;2023-01-06 21:32:38.077000;3;201269;1;1;5800.0000;1;16333.0000;None;176400.0000
9784;2023-01-06 12:57:55.307000;3;201312;1;1;4800.0000;1;12148.0000;None;131200.0000
9788;2023-01-06 13:25:50.440000;3;201312;1;1;4800.0000;1;15907.0000;None;171800.0000
9791;2023-01-06 14:56:09.153000;3;201312;1;1;4800.0000;1;20926.0000;None;226000.0000
9791;2023-01-06 15:29:51.197000;3;201312;1;1;4800.0000;1;20926.0000;None;226000.0000
32664;2023-01-06 16:48:47.943000;8;201562;1;1;276800.0000;1;33352.0000;None;360200.0000
32665;2023-01-06 16:35:19.783000;2;201615;1;1;13800.0000;1;21241.0000;None;229400.0000
9799;2023-01-06 20:59:15.790000;2;201615;1;1;13800.0000;1;18648.0000;None;201400.0000
9801;2023-01-06 19:46:25.097000;3;201704;1;1;13800.0000;1;59519.0000;None;642800.0000
9798;2023-01-06 18:38:49.540000;3;201704;1;1;13800.0000;1;48315.0000;None;521800.0000
9798;2023-01-06 18:38:49.540000;3;201704;1;1;13800.0000;1;48315.0000;None;521800.0000
9798;2023-01-06 19:34:44.573000;3;201704;1;1;13800.0000;1;48315.0000;None;521800.0000
9801;2023-01-06 20:13:38.903000;3;201704;1;1;13800.0000;1;59519.0000;None;642800.0000
32661;2023-01-06 12:19:37.357000;3;201704;1;1;13800.0000;1;32926.0000;None;355600.0000
9787;2023-01-06 13:42:58.520000;3;202112;1;1;9800.0000;1;60111.0000;None;649200.0000
10515;2023-01-06 16:47:48.337000;3;202570;1;1;8800.0000;1;8630.0000;None;93200.0000
9791;2023-01-06 14:55:22.980000;3;202570;1;1;8800.0000;1;20926.0000;None;226000.0000
9804;2023-01-06 21:05:40.863000;3;202570;1;1;8800.0000;1;8074.0000;None;87200.0000
9797;2023-01-06 17:12:14.883000;3;202570;1;1;8800.0000;1;30611.0000;None;330600.0000
10516;2023-01-06 17:05:21.657000;9;802020;1;1;6060.0000;1;None;None;66660.0000
10520;2023-01-06 19:06:45.833000;9;802020;1;1;7540.0000;1;None;None;82940.0000
10521;2023-01-06 21:46:19.613000;9;802020;1;1;7040.0000;1;None;None;77440.0000
10508;2023-01-06 12:04:54.060000;9;802020;1;1;34240.0000;1;None;None;376640.0000
10507;2023-01-06 12:01:11.397000;9;802020;1;1;33980.0000;1;None;None;373780.0000
