10678;2023-01-14 17:10:45.007000;None;1;None;1;-59800.0000;2;32574.0000;None;351800.0000
10668;2023-01-14 13:17:27.923000;7;1000;1;1;0.0000;1;3500.0000;None;37800.0000
10668;2023-01-14 13:17:27.923000;7;1000;1;1;0.0000;1;3500.0000;None;37800.0000
33;2023-01-14 12:35:27.693000;7;1000;1;1;0.0000;1;9111.0000;None;98400.0000
56;2023-01-14 19:38:47.917000;7;1001;1;1;0.0000;1;10560.0000;None;114050.0000
34;2023-01-14 12:51:53.183000;7;1001;1;1;0.0000;1;26352.0000;None;284600.0000
33;2023-01-14 12:31:00.187000;7;1006;1;1;0.0000;1;9111.0000;None;98400.0000
34;2023-01-14 13:02:31.153000;7;1006;1;1;0.0000;1;26352.0000;None;284600.0000
30752;2023-01-14 15:07:26.433000;7;1006;1;1;0.0000;1;58000.0000;None;626400.0000
45;2023-01-14 15:20:49.600000;7;1006;1;1;0.0000;1;26704.0000;None;288400.0000
51;2023-01-14 18:03:41.610000;7;1006;1;1;0.0000;1;32371.0000;None;349600.0000
57;2023-01-14 19:41:11.230000;7;1011;1;1;0.0000;1;11019.0000;None;119000.0000
60;2023-01-14 19:46:15.107000;7;1011;1;1;0.0000;1;54463.0000;None;588200.0000
72;2023-01-14 22:08:58.987000;7;1011;1;1;0.0000;1;38667.0000;None;417600.0000
48;2023-01-14 16:06:11.270000;7;1011;1;1;0.0000;1;18556.0000;None;200400.0000
50;2023-01-14 17:43:32.877000;7;1011;1;1;0.0000;1;8926.0000;None;96400.0000
41;2023-01-14 14:22:24.203000;7;1011;1;1;0.0000;1;42130.0000;None;455000.0000
41;2023-01-14 14:22:24.203000;7;1020;1;1;0.0000;1;42130.0000;None;455000.0000
40;2023-01-14 14:34:59.560000;7;1020;1;1;0.0000;1;31722.0000;None;342600.0000
30751;2023-01-14 14:34:40.437000;7;1020;1;1;0.0000;1;16056.0000;None;173400.0000
30751;2023-01-14 14:34:40.437000;7;1020;1;1;0.0000;1;16056.0000;None;173400.0000
32773;2023-01-14 14:26:54.130000;7;1020;1;1;0.0000;1;8111.0000;None;87600.0000
32775;2023-01-14 14:46:39.450000;7;1020;1;1;0.0000;1;26185.0000;None;282800.0000
34;2023-01-14 13:02:31.153000;7;1020;1;1;0.0000;1;26352.0000;None;284600.0000
34;2023-01-14 13:02:31.153000;7;1020;1;1;0.0000;1;26352.0000;None;284600.0000
34;2023-01-14 13:02:31.153000;7;1020;1;1;0.0000;1;26352.0000;None;284600.0000
32771;2023-01-14 13:07:58.583000;7;1020;1;1;0.0000;1;28278.0000;None;305400.0000
32771;2023-01-14 13:07:58.583000;7;1020;1;1;0.0000;1;28278.0000;None;305400.0000
32777;2023-01-14 15:28:02.190000;7;1020;1;1;0.0000;1;22833.0000;None;246600.0000
45;2023-01-14 15:20:49.600000;7;1020;1;1;0.0000;1;26704.0000;None;288400.0000
45;2023-01-14 15:20:49.600000;7;1020;1;1;0.0000;1;26704.0000;None;288400.0000
45;2023-01-14 15:20:49.600000;7;1020;1;1;0.0000;1;26704.0000;None;288400.0000
42;2023-01-14 14:47:32.263000;7;1020;1;1;0.0000;1;48537.0000;None;524200.0000
30756;2023-01-14 20:40:25.830000;7;1020;1;1;0.0000;1;9259.0000;None;100000.0000
30756;2023-01-14 20:40:25.830000;7;1020;1;1;0.0000;1;9259.0000;None;100000.0000
30758;2023-01-14 21:13:27.417000;7;1020;1;1;0.0000;1;2463.0000;None;26600.0000
30758;2023-01-14 21:13:27.417000;7;1020;1;1;0.0000;1;2463.0000;None;26600.0000
30758;2023-01-14 21:13:27.417000;7;1020;1;1;0.0000;1;2463.0000;None;26600.0000
62;2023-01-14 20:12:50.777000;7;1020;1;1;0.0000;1;68223.0000;None;736800.0000
30754;2023-01-14 20:16:08.810000;7;1020;1;1;0.0000;1;14482.0000;None;156400.0000
30754;2023-01-14 20:16:08.810000;7;1020;1;1;0.0000;1;14482.0000;None;156400.0000
57;2023-01-14 19:41:11.230000;7;1020;1;1;0.0000;1;11019.0000;None;119000.0000
56;2023-01-14 19:38:47.917000;7;1020;1;1;0.0000;1;10560.0000;None;114050.0000
51;2023-01-14 18:03:41.610000;7;1020;1;1;0.0000;1;32371.0000;None;349600.0000
32781;2023-01-14 20:02:00.827000;7;1020;1;1;0.0000;1;27352.0000;None;295400.0000
32780;2023-01-14 18:51:41.623000;7;1020;1;1;0.0000;1;6963.0000;None;75200.0000
10691;2023-01-14 21:13:27.417000;7;1026;1;1;0.0000;1;3019.0000;None;32600.0000
10689;2023-01-14 21:13:27.417000;7;1026;1;1;0.0000;1;3852.0000;None;41600.0000
32781;2023-01-14 19:56:54.947000;7;1029;1;1;0.0000;1;27352.0000;None;295400.0000
51;2023-01-14 17:44:07.540000;7;1029;1;1;0.0000;1;32371.0000;None;349600.0000
56;2023-01-14 19:38:47.917000;7;1029;1;1;0.0000;1;10560.0000;None;114050.0000
57;2023-01-14 19:41:11.230000;7;1029;1;1;0.0000;1;11019.0000;None;119000.0000
42;2023-01-14 14:47:32.263000;7;1029;1;1;0.0000;1;48537.0000;None;524200.0000
42;2023-01-14 14:47:32.263000;7;1029;1;1;0.0000;1;48537.0000;None;524200.0000
42;2023-01-14 14:47:32.263000;7;1029;1;1;0.0000;1;48537.0000;None;524200.0000
32777;2023-01-14 15:28:02.190000;7;1029;1;1;0.0000;1;22833.0000;None;246600.0000
49;2023-01-14 16:58:29.573000;7;1029;1;1;0.0000;1;10741.0000;None;116000.0000
34;2023-01-14 12:51:53.183000;7;1029;1;1;0.0000;1;26352.0000;None;284600.0000
36;2023-01-14 13:29:18.103000;7;1029;1;1;0.0000;1;20778.0000;None;224400.0000
36;2023-01-14 13:29:18.103000;7;1029;1;1;0.0000;1;20778.0000;None;224400.0000
38;2023-01-14 14:02:03.157000;7;1029;1;1;0.0000;1;6500.0000;None;70200.0000
73;2023-01-14 22:27:30.953000;7;1029;1;1;0.0000;1;24445.0000;None;264000.0000
41;2023-01-14 14:22:24.203000;7;1030;1;1;0.0000;1;42130.0000;None;455000.0000
36;2023-01-14 13:30:10.073000;7;1030;1;1;0.0000;1;20778.0000;None;224400.0000
32771;2023-01-14 13:07:58.583000;7;1030;1;1;0.0000;1;28278.0000;None;305400.0000
32771;2023-01-14 13:07:58.583000;7;1030;1;1;0.0000;1;28278.0000;None;305400.0000
50;2023-01-14 17:43:32.877000;7;1030;1;1;0.0000;1;8926.0000;None;96400.0000
32777;2023-01-14 15:28:02.190000;7;1030;1;1;0.0000;1;22833.0000;None;246600.0000
42;2023-01-14 14:47:32.263000;7;1030;1;1;0.0000;1;48537.0000;None;524200.0000
45;2023-01-14 15:20:49.600000;7;1030;1;1;0.0000;1;26704.0000;None;288400.0000
45;2023-01-14 15:20:49.600000;7;1030;1;1;0.0000;1;26704.0000;None;288400.0000
57;2023-01-14 19:41:11.230000;7;1030;1;1;0.0000;1;11019.0000;None;119000.0000
56;2023-01-14 19:38:47.917000;7;1030;1;1;0.0000;1;10560.0000;None;114050.0000
60;2023-01-14 19:46:15.107000;7;1030;1;1;0.0000;1;54463.0000;None;588200.0000
32781;2023-01-14 20:02:00.827000;7;1030;1;1;0.0000;1;27352.0000;None;295400.0000
62;2023-01-14 20:12:50.777000;7;1030;1;1;0.0000;1;68223.0000;None;736800.0000
62;2023-01-14 20:11:54.250000;7;1054;1;1;0.0000;1;68223.0000;None;736800.0000
62;2023-01-14 20:11:54.250000;7;1054;1;1;0.0000;1;68223.0000;None;736800.0000
41;2023-01-14 14:22:24.203000;7;1060;1;1;0.0000;1;42130.0000;None;455000.0000
32771;2023-01-14 13:10:31.433000;7;1100;1;1;0.0000;1;28278.0000;None;305400.0000
44;2023-01-14 15:15:32.367000;7;1131;1;1;0.0000;1;32426.0000;None;350200.0000
44;2023-01-14 15:14:42.703000;7;1131;1;1;None;1;32426.0000;None;350200.0000
32778;2023-01-14 16:03:32.120000;7;1131;1;1;0.0000;1;20648.0000;None;223000.0000
32778;2023-01-14 16:03:32.120000;7;1131;1;1;0.0000;1;20648.0000;None;223000.0000
10678;2023-01-14 16:30:16.723000;7;1131;1;1;0.0000;1;32574.0000;None;351800.0000
10678;2023-01-14 16:30:16.723000;7;1131;1;1;0.0000;1;32574.0000;None;351800.0000
73;2023-01-14 22:28:19.100000;7;1135;1;1;0.0000;1;24445.0000;None;264000.0000
10689;2023-01-14 21:13:27.417000;7;1135;1;1;0.0000;1;3852.0000;None;41600.0000
10678;2023-01-14 16:25:35.997000;7;1135;1;1;0.0000;1;32574.0000;None;351800.0000
10678;2023-01-14 16:25:35.997000;7;1135;1;1;0.0000;1;32574.0000;None;351800.0000
32777;2023-01-14 15:28:02.190000;7;1135;1;1;0.0000;1;22833.0000;None;246600.0000
32779;2023-01-14 15:51:44.597000;7;1135;1;1;0.0000;1;23167.0000;None;250200.0000
30752;2023-01-14 14:47:52.183000;7;1135;1;1;0.0000;1;58000.0000;None;626400.0000
32771;2023-01-14 13:07:58.583000;7;1135;1;1;0.0000;1;28278.0000;None;305400.0000
36;2023-01-14 13:30:10.073000;7;1135;1;1;0.0000;1;20778.0000;None;224400.0000
62;2023-01-14 20:12:50.777000;7;1135;1;1;0.0000;1;68223.0000;None;736800.0000
62;2023-01-14 20:12:50.777000;7;1135;1;1;0.0000;1;68223.0000;None;736800.0000
70;2023-01-14 21:49:52.190000;7;1135;1;1;0.0000;1;20611.0000;None;222600.0000
70;2023-01-14 21:49:52.190000;7;1135;1;1;0.0000;1;20611.0000;None;222600.0000
70;2023-01-14 22:13:35.027000;7;1135;1;1;None;1;20611.0000;None;222600.0000
51;2023-01-14 18:03:41.610000;7;1135;1;1;0.0000;1;32371.0000;None;349600.0000
32782;2023-01-14 19:12:25.350000;7;1135;1;1;0.0000;1;20037.0000;None;216400.0000
32781;2023-01-14 20:02:00.827000;7;1137;1;1;0.0000;1;27352.0000;None;295400.0000
32781;2023-01-14 20:02:00.827000;7;1137;1;1;0.0000;1;27352.0000;None;295400.0000
10684;2023-01-14 21:07:06.263000;7;1137;1;1;0.0000;1;5019.0000;None;54200.0000
62;2023-01-14 20:12:50.777000;7;1137;1;1;0.0000;1;68223.0000;None;736800.0000
32783;2023-01-14 20:57:12.797000;7;1137;1;1;0.0000;1;None;15000.0000;323200.0000
36;2023-01-14 13:30:10.073000;7;1137;1;1;0.0000;1;20778.0000;None;224400.0000
32771;2023-01-14 13:07:58.583000;7;1137;1;1;0.0000;1;28278.0000;None;305400.0000
32771;2023-01-14 13:07:58.583000;7;1137;1;1;0.0000;1;28278.0000;None;305400.0000
30751;2023-01-14 14:34:40.437000;7;1137;1;1;0.0000;1;16056.0000;None;173400.0000
49;2023-01-14 16:58:29.573000;7;1137;1;1;0.0000;1;10741.0000;None;116000.0000
10677;2023-01-14 15:19:45.267000;7;1157;1;1;0.0000;1;None;None;184800.0000
10677;2023-01-14 15:19:45.267000;7;1157;1;1;0.0000;1;None;None;184800.0000
10677;2023-01-14 15:19:45.267000;7;1157;1;1;0.0000;1;None;None;184800.0000
10677;2023-01-14 15:19:45.267000;7;1157;1;1;0.0000;1;None;None;184800.0000
10677;2023-01-14 15:19:45.267000;7;1157;1;1;0.0000;1;None;None;184800.0000
10675;2023-01-14 13:59:23.283000;7;1157;1;1;0.0000;1;4759.0000;None;51400.0000
10672;2023-01-14 13:01:59.290000;7;1157;1;1;0.0000;1;None;None;672540.0000
10672;2023-01-14 13:01:59.290000;7;1157;1;1;0.0000;1;None;None;672540.0000
10672;2023-01-14 13:01:59.290000;7;1157;1;1;0.0000;1;None;None;672540.0000
10672;2023-01-14 13:01:59.290000;7;1157;1;1;0.0000;1;None;None;672540.0000
10672;2023-01-14 13:01:59.290000;7;1157;1;1;0.0000;1;None;None;672540.0000
10672;2023-01-14 13:01:59.290000;7;1157;1;1;0.0000;1;None;None;672540.0000
10670;2023-01-14 12:42:14.173000;7;1157;1;1;0.0000;1;None;None;336160.0000
10670;2023-01-14 12:42:14.173000;7;1157;1;1;0.0000;1;None;None;336160.0000
10671;2023-01-14 12:52:42.277000;7;1157;1;1;0.0000;1;None;None;33800.0000
10671;2023-01-14 12:52:42.277000;7;1157;1;1;0.0000;1;None;None;33800.0000
10674;2023-01-14 13:31:04.143000;7;1157;1;1;0.0000;1;None;None;42240.0000
10674;2023-01-14 13:31:04.143000;7;1157;1;1;0.0000;1;None;None;42240.0000
10673;2023-01-14 13:28:00.897000;7;1157;1;1;0.0000;1;None;None;250800.0000
10673;2023-01-14 13:28:00.897000;7;1157;1;1;0.0000;1;None;None;250800.0000
65;2023-01-14 20:35:37.007000;7;1157;1;1;0.0000;1;16648.0000;None;179800.0000
65;2023-01-14 20:35:37.007000;7;1157;1;1;0.0000;1;16648.0000;None;179800.0000
65;2023-01-14 20:35:37.007000;7;1157;1;1;0.0000;1;16648.0000;None;179800.0000
65;2023-01-14 20:35:37.007000;7;1157;1;1;0.0000;1;16648.0000;None;179800.0000
65;2023-01-14 20:47:17.757000;7;1157;1;1;0.0000;1;16648.0000;None;179800.0000
10687;2023-01-14 21:21:38.643000;7;1157;1;1;0.0000;1;None;None;107360.0000
10687;2023-01-14 21:21:38.643000;7;1157;1;1;0.0000;1;None;None;107360.0000
10683;2023-01-14 19:27:45.183000;7;1157;1;1;0.0000;1;None;None;148720.0000
10683;2023-01-14 19:27:45.183000;7;1157;1;1;0.0000;1;None;None;148720.0000
10679;2023-01-14 18:35:19.690000;7;1157;1;1;0.0000;1;None;None;122540.0000
10679;2023-01-14 18:35:19.690000;7;1157;1;1;0.0000;1;None;None;122540.0000
10679;2023-01-14 18:35:19.690000;7;1157;1;1;0.0000;1;None;None;122540.0000
10681;2023-01-14 19:14:18.720000;7;1157;1;1;0.0000;1;None;None;160820.0000
10681;2023-01-14 19:14:18.720000;7;1157;1;1;0.0000;1;None;None;160820.0000
10681;2023-01-14 19:14:18.720000;7;1157;1;1;0.0000;1;None;None;160820.0000
10681;2023-01-14 19:14:18.720000;7;1157;1;1;0.0000;1;None;None;160820.0000
10682;2023-01-14 19:18:18.073000;7;1157;1;1;0.0000;1;None;None;73040.0000
10682;2023-01-14 19:18:18.073000;7;1157;1;1;0.0000;1;None;None;73040.0000
10682;2023-01-14 19:18:18.073000;7;1157;1;1;0.0000;1;None;None;73040.0000
10682;2023-01-14 19:18:18.073000;7;1157;1;1;0.0000;1;None;None;73040.0000
33;2023-01-14 12:31:00.187000;7;1157;1;1;0.0000;1;9111.0000;None;98400.0000
10670;2023-01-14 12:42:14.173000;7;1157;1;1;0.0000;1;None;None;336160.0000
10670;2023-01-14 12:42:14.173000;7;1157;1;1;0.0000;1;None;None;336160.0000
10670;2023-01-14 12:42:14.173000;7;1157;1;1;0.0000;1;None;None;336160.0000
10670;2023-01-14 12:42:14.173000;7;1157;1;1;0.0000;1;None;None;336160.0000
10670;2023-01-14 12:42:14.173000;7;1157;1;1;0.0000;1;None;None;336160.0000
10670;2023-01-14 12:42:14.173000;7;1157;1;1;0.0000;1;None;None;336160.0000
10669;2023-01-14 12:26:01.223000;7;1157;1;1;0.0000;1;None;None;518540.0000
10669;2023-01-14 12:26:01.223000;7;1157;1;1;0.0000;1;None;None;518540.0000
10669;2023-01-14 12:26:01.223000;7;1157;1;1;0.0000;1;None;None;518540.0000
10669;2023-01-14 12:26:01.223000;7;1158;1;1;0.0000;1;None;None;518540.0000
10669;2023-01-14 12:26:01.223000;7;1158;1;1;0.0000;1;None;None;518540.0000
10668;2023-01-14 12:19:37.317000;7;1158;1;1;0.0000;1;3500.0000;None;37800.0000
10668;2023-01-14 12:19:37.317000;7;1158;1;1;0.0000;1;3500.0000;None;37800.0000
10667;2023-01-14 12:16:33.567000;7;1158;1;1;0.0000;1;3944.0000;None;42600.0000
10667;2023-01-14 12:16:33.567000;7;1158;1;1;0.0000;1;3944.0000;None;42600.0000
10667;2023-01-14 12:16:33.567000;7;1158;1;1;0.0000;1;3944.0000;None;42600.0000
10667;2023-01-14 12:16:33.567000;7;1158;1;1;0.0000;1;3944.0000;None;42600.0000
33;2023-01-14 12:31:00.187000;7;1158;1;1;0.0000;1;9111.0000;None;98400.0000
33;2023-01-14 12:31:00.187000;7;1158;1;1;0.0000;1;9111.0000;None;98400.0000
33;2023-01-14 12:31:00.187000;7;1158;1;1;0.0000;1;9111.0000;None;98400.0000
55;2023-01-14 19:48:46.017000;7;1158;1;1;0.0000;1;47074.0000;None;508400.0000
54;2023-01-14 19:18:19.177000;7;1158;1;1;0.0000;1;9722.0000;None;105000.0000
54;2023-01-14 19:18:19.177000;7;1158;1;1;0.0000;1;9722.0000;None;105000.0000
54;2023-01-14 19:33:05.053000;7;1158;1;1;0.0000;1;9722.0000;None;105000.0000
54;2023-01-14 19:33:05.053000;7;1158;1;1;0.0000;1;9722.0000;None;105000.0000
32782;2023-01-14 19:12:25.350000;7;1158;1;1;0.0000;1;20037.0000;None;216400.0000
32782;2023-01-14 19:12:25.350000;7;1158;1;1;0.0000;1;20037.0000;None;216400.0000
32782;2023-01-14 19:12:25.350000;7;1158;1;1;0.0000;1;20037.0000;None;216400.0000
32782;2023-01-14 19:12:25.350000;7;1158;1;1;0.0000;1;20037.0000;None;216400.0000
32781;2023-01-14 19:56:54.947000;7;1158;1;1;0.0000;1;27352.0000;None;295400.0000
32780;2023-01-14 18:51:41.623000;7;1158;1;1;0.0000;1;6963.0000;None;75200.0000
51;2023-01-14 18:03:41.610000;7;1158;1;1;0.0000;1;32371.0000;None;349600.0000
52;2023-01-14 18:32:53.237000;7;1158;1;1;0.0000;1;3019.0000;None;32600.0000
51;2023-01-14 17:44:07.540000;7;1158;1;1;0.0000;1;32371.0000;None;349600.0000
51;2023-01-14 17:44:07.540000;7;1158;1;1;0.0000;1;32371.0000;None;349600.0000
55;2023-01-14 19:48:46.017000;7;1158;1;1;0.0000;1;47074.0000;None;508400.0000
55;2023-01-14 19:48:46.017000;7;1158;1;1;0.0000;1;47074.0000;None;508400.0000
56;2023-01-14 19:38:47.917000;7;1158;1;1;0.0000;1;10560.0000;None;114050.0000
58;2023-01-14 19:41:40.510000;7;1158;1;1;0.0000;1;17982.0000;None;194200.0000
58;2023-01-14 20:22:09.060000;7;1158;1;1;0.0000;1;17982.0000;None;194200.0000
58;2023-01-14 20:22:09.060000;7;1158;1;1;0.0000;1;17982.0000;None;194200.0000
30754;2023-01-14 20:16:08.810000;7;1158;1;1;0.0000;1;14482.0000;None;156400.0000
30754;2023-01-14 20:16:08.810000;7;1158;1;1;0.0000;1;14482.0000;None;156400.0000
60;2023-01-14 19:46:15.107000;7;1158;1;1;0.0000;1;54463.0000;None;588200.0000
59;2023-01-14 19:42:43.083000;7;1158;1;1;0.0000;1;20778.0000;None;224400.0000
59;2023-01-14 19:42:43.083000;7;1158;1;1;0.0000;1;20778.0000;None;224400.0000
59;2023-01-14 19:42:43.083000;7;1158;1;1;0.0000;1;20778.0000;None;224400.0000
58;2023-01-14 20:22:09.060000;7;1158;1;1;0.0000;1;17982.0000;None;194200.0000
58;2023-01-14 20:22:09.060000;7;1158;1;1;0.0000;1;17982.0000;None;194200.0000
30758;2023-01-14 21:13:27.417000;7;1158;1;1;0.0000;1;2463.0000;None;26600.0000
30758;2023-01-14 21:13:27.417000;7;1158;1;1;0.0000;1;2463.0000;None;26600.0000
10686;2023-01-14 21:16:54.440000;7;1158;1;1;0.0000;1;2574.0000;None;27800.0000
10686;2023-01-14 21:16:54.440000;7;1158;1;1;0.0000;1;2574.0000;None;27800.0000
30756;2023-01-14 20:40:25.830000;7;1158;1;1;0.0000;1;9259.0000;None;100000.0000
30756;2023-01-14 20:40:25.830000;7;1158;1;1;0.0000;1;9259.0000;None;100000.0000
30756;2023-01-14 20:40:25.830000;7;1158;1;1;0.0000;1;9259.0000;None;100000.0000
66;2023-01-14 20:37:06.630000;7;1158;1;1;0.0000;1;8370.0000;None;90400.0000
66;2023-01-14 20:37:06.630000;7;1158;1;1;0.0000;1;8370.0000;None;90400.0000
32784;2023-01-14 20:36:37.180000;7;1158;1;1;0.0000;1;21259.0000;None;229600.0000
72;2023-01-14 22:11:24.613000;7;1158;1;1;0.0000;1;38667.0000;None;417600.0000
72;2023-01-14 22:08:58.987000;7;1158;1;1;0.0000;1;38667.0000;None;417600.0000
72;2023-01-14 22:08:58.987000;7;1158;1;1;0.0000;1;38667.0000;None;417600.0000
65;2023-01-14 20:47:17.757000;7;1158;1;1;0.0000;1;16648.0000;None;179800.0000
30755;2023-01-14 21:03:57.040000;7;1158;1;1;0.0000;1;12185.0000;None;131600.0000
30755;2023-01-14 21:03:57.040000;7;1158;1;1;0.0000;1;12185.0000;None;131600.0000
30755;2023-01-14 21:03:57.040000;7;1158;1;1;0.0000;1;12185.0000;None;131600.0000
32784;2023-01-14 20:36:37.180000;7;1158;1;1;0.0000;1;21259.0000;None;229600.0000
32784;2023-01-14 20:36:37.180000;7;1158;1;1;0.0000;1;21259.0000;None;229600.0000
32784;2023-01-14 20:36:37.180000;7;1158;1;1;0.0000;1;21259.0000;None;229600.0000
32783;2023-01-14 20:26:33.490000;7;1158;1;1;0.0000;1;None;15000.0000;323200.0000
32783;2023-01-14 20:57:12.797000;7;1158;1;1;0.0000;1;None;15000.0000;323200.0000
62;2023-01-14 20:11:54.250000;7;1158;1;1;0.0000;1;68223.0000;None;736800.0000
62;2023-01-14 20:11:54.250000;7;1158;1;1;0.0000;1;68223.0000;None;736800.0000
61;2023-01-14 20:01:31.760000;7;1158;1;1;None;1;21574.0000;None;233000.0000
61;2023-01-14 20:01:31.760000;7;1158;1;1;None;1;21574.0000;None;233000.0000
32772;2023-01-14 13:17:40.973000;7;1158;1;1;0.0000;1;9667.0000;None;104400.0000
32772;2023-01-14 13:17:40.973000;7;1158;1;1;0.0000;1;9667.0000;None;104400.0000
32772;2023-01-14 13:17:40.973000;7;1158;1;1;0.0000;1;9667.0000;None;104400.0000
32772;2023-01-14 13:17:40.973000;7;1158;1;1;0.0000;1;9667.0000;None;104400.0000
35;2023-01-14 13:58:16.740000;7;1158;1;1;0.0000;1;32908.0000;None;355400.0000
35;2023-01-14 13:58:16.740000;7;1158;1;1;0.0000;1;32908.0000;None;355400.0000
34;2023-01-14 13:02:31.153000;7;1158;1;1;0.0000;1;26352.0000;None;284600.0000
34;2023-01-14 13:02:31.153000;7;1158;1;1;0.0000;1;26352.0000;None;284600.0000
40;2023-01-14 14:09:44.817000;7;1158;1;1;0.0000;1;31722.0000;None;342600.0000
41;2023-01-14 14:22:24.203000;7;1158;1;1;0.0000;1;42130.0000;None;455000.0000
37;2023-01-14 14:34:04.077000;7;1158;1;1;0.0000;1;30778.0000;None;332400.0000
37;2023-01-14 13:59:19.713000;7;1158;1;1;0.0000;1;30778.0000;None;332400.0000
37;2023-01-14 13:59:19.713000;7;1158;1;1;0.0000;1;30778.0000;None;332400.0000
37;2023-01-14 13:59:19.713000;7;1158;1;1;0.0000;1;30778.0000;None;332400.0000
30751;2023-01-14 14:34:40.437000;7;1158;1;1;0.0000;1;16056.0000;None;173400.0000
30751;2023-01-14 14:34:40.437000;7;1158;1;1;0.0000;1;16056.0000;None;173400.0000
30751;2023-01-14 14:20:04.577000;7;1158;1;1;0.0000;1;16056.0000;None;173400.0000
32775;2023-01-14 14:46:39.450000;7;1158;1;1;0.0000;1;26185.0000;None;282800.0000
32775;2023-01-14 14:29:25.237000;7;1158;1;1;0.0000;1;26185.0000;None;282800.0000
32775;2023-01-14 14:29:25.237000;7;1158;1;1;0.0000;1;26185.0000;None;282800.0000
32775;2023-01-14 14:35:12.280000;7;1158;1;1;0.0000;1;26185.0000;None;282800.0000
32776;2023-01-14 14:37:22.187000;7;1158;1;1;0.0000;1;29926.0000;None;323200.0000
32776;2023-01-14 14:37:22.187000;7;1158;1;1;0.0000;1;29926.0000;None;323200.0000
32776;2023-01-14 14:32:31.877000;7;1158;1;1;0.0000;1;29926.0000;None;323200.0000
32776;2023-01-14 14:32:31.877000;7;1158;1;1;0.0000;1;29926.0000;None;323200.0000
45;2023-01-14 15:20:49.600000;7;1158;1;1;0.0000;1;26704.0000;None;288400.0000
45;2023-01-14 15:20:49.600000;7;1158;1;1;0.0000;1;26704.0000;None;288400.0000
30753;2023-01-14 15:10:08.400000;7;1158;1;1;0.0000;1;21222.0000;None;229200.0000
30753;2023-01-14 15:10:08.400000;7;1158;1;1;0.0000;1;21222.0000;None;229200.0000
30753;2023-01-14 15:10:08.400000;7;1158;1;1;0.0000;1;21222.0000;None;229200.0000
30752;2023-01-14 15:07:26.433000;7;1158;1;1;0.0000;1;58000.0000;None;626400.0000
30752;2023-01-14 15:07:26.433000;7;1158;1;1;0.0000;1;58000.0000;None;626400.0000
30752;2023-01-14 15:07:26.433000;7;1158;1;1;0.0000;1;58000.0000;None;626400.0000
30752;2023-01-14 15:07:26.433000;7;1158;1;1;0.0000;1;58000.0000;None;626400.0000
30752;2023-01-14 15:07:26.433000;7;1158;1;1;0.0000;1;58000.0000;None;626400.0000
49;2023-01-14 16:58:29.573000;7;1158;1;1;0.0000;1;10741.0000;None;116000.0000
49;2023-01-14 16:58:29.573000;7;1158;1;1;0.0000;1;10741.0000;None;116000.0000
50;2023-01-14 17:43:32.877000;7;1158;1;1;0.0000;1;8926.0000;None;96400.0000
32779;2023-01-14 15:51:44.597000;7;1158;1;1;0.0000;1;23167.0000;None;250200.0000
32779;2023-01-14 15:51:44.597000;7;1158;1;1;0.0000;1;23167.0000;None;250200.0000
47;2023-01-14 16:20:32.223000;7;1158;1;1;0.0000;1;16167.0000;None;174600.0000
47;2023-01-14 16:20:32.223000;7;1158;1;1;0.0000;1;16167.0000;None;174600.0000
46;2023-01-14 15:45:30.817000;7;1158;1;1;0.0000;1;22019.0000;None;237800.0000
46;2023-01-14 15:45:30.817000;7;1158;1;1;0.0000;1;22019.0000;None;237800.0000
32777;2023-01-14 15:28:02.190000;7;1158;1;1;0.0000;1;22833.0000;None;246600.0000
32778;2023-01-14 15:35:10.593000;7;1158;1;1;0.0000;1;20648.0000;None;223000.0000
62;2023-01-14 20:11:54.250000;7;1187;1;1;0.0000;1;68223.0000;None;736800.0000
62;2023-01-14 20:11:54.250000;7;1187;1;1;0.0000;1;68223.0000;None;736800.0000
70;2023-01-14 21:49:52.190000;7;1207;1;1;0.0000;1;20611.0000;None;222600.0000
58;2023-01-14 21:01:58.250000;7;1207;1;1;0.0000;1;17982.0000;None;194200.0000
60;2023-01-14 19:44:52.240000;7;1207;1;1;0.0000;1;54463.0000;None;588200.0000
10684;2023-01-14 22:20:49.160000;7;1207;1;1;0.0000;1;5019.0000;None;54200.0000
30752;2023-01-14 15:13:12.480000;7;1207;1;1;0.0000;1;58000.0000;None;626400.0000
30753;2023-01-14 15:10:08.400000;7;1207;1;1;0.0000;1;21222.0000;None;229200.0000
35;2023-01-14 13:47:05.050000;7;1207;1;1;0.0000;1;32908.0000;None;355400.0000
36;2023-01-14 14:12:53.143000;7;1207;1;1;0.0000;1;20778.0000;None;224400.0000
35;2023-01-14 13:38:45.013000;7;1213;1;1;0.0000;1;32908.0000;None;355400.0000
52;2023-01-14 18:32:53.237000;7;1213;1;1;0.0000;1;3019.0000;None;32600.0000
10682;2023-01-14 19:18:18.073000;7;1213;1;1;0.0000;1;None;None;73040.0000
30755;2023-01-14 21:03:57.040000;7;1213;1;1;0.0000;1;12185.0000;None;131600.0000
74;2023-01-14 21:54:13.507000;7;1213;1;1;0.0000;1;27093.0000;None;292600.0000
33;2023-01-14 12:38:04.380000;7;1220;1;1;0.0000;1;9111.0000;None;98400.0000
62;2023-01-14 20:32:15.880000;7;1220;1;1;0.0000;1;68223.0000;None;736800.0000
62;2023-01-14 20:32:15.880000;7;1220;1;1;0.0000;1;68223.0000;None;736800.0000
62;2023-01-14 20:32:15.880000;7;1220;1;1;0.0000;1;68223.0000;None;736800.0000
32781;2023-01-14 20:25:34.543000;7;1220;1;1;0.0000;1;27352.0000;None;295400.0000
60;2023-01-14 20:01:05.847000;7;1220;1;1;0.0000;1;54463.0000;None;588200.0000
57;2023-01-14 19:58:18.207000;7;1220;1;1;0.0000;1;11019.0000;None;119000.0000
56;2023-01-14 19:58:28.053000;7;1220;1;1;0.0000;1;10560.0000;None;114050.0000
10684;2023-01-14 21:07:06.263000;7;1245;1;1;0.0000;1;5019.0000;None;54200.0000
62;2023-01-14 20:12:50.777000;7;1245;1;1;0.0000;1;68223.0000;None;736800.0000
32783;2023-01-14 20:57:12.797000;7;1245;1;1;0.0000;1;None;15000.0000;323200.0000
36;2023-01-14 13:30:10.073000;7;1245;1;1;0.0000;1;20778.0000;None;224400.0000
32771;2023-01-14 13:07:58.583000;7;1245;1;1;0.0000;1;28278.0000;None;305400.0000
32771;2023-01-14 13:07:58.583000;7;1245;1;1;0.0000;1;28278.0000;None;305400.0000
30751;2023-01-14 14:34:40.437000;7;1245;1;1;0.0000;1;16056.0000;None;173400.0000
49;2023-01-14 16:58:29.573000;7;1245;1;1;0.0000;1;10741.0000;None;116000.0000
32783;2023-01-14 21:53:08.357000;7;1247;1;1;0.0000;1;None;15000.0000;323200.0000
32774;2023-01-14 15:19:15.643000;7;1303;1;1;0.0000;1;7611.0000;None;82200.0000
34;2023-01-14 12:51:53.183000;7;2001;1;1;0.0000;1;26352.0000;None;284600.0000
32775;2023-01-14 14:29:25.237000;7;2006;1;1;0.0000;1;26185.0000;None;282800.0000
37;2023-01-14 13:49:26.333000;7;2008;1;2;0.0000;1;30778.0000;None;332400.0000
36;2023-01-14 13:30:10.073000;7;2008;1;3;0.0000;1;20778.0000;None;224400.0000
36;2023-01-14 13:30:10.073000;7;2008;1;1;0.0000;1;20778.0000;None;224400.0000
32771;2023-01-14 13:12:33.893000;7;2008;1;2;0.0000;1;28278.0000;None;305400.0000
44;2023-01-14 15:13:43.900000;7;2008;1;2;0.0000;1;32426.0000;None;350200.0000
30752;2023-01-14 15:22:10.153000;7;2008;1;4;0.0000;1;58000.0000;None;626400.0000
65;2023-01-14 20:31:32.640000;7;2008;1;2;None;1;16648.0000;None;179800.0000
65;2023-01-14 20:38:34.043000;7;2008;1;-2;0.0000;1;16648.0000;None;179800.0000
62;2023-01-14 20:10:42.527000;7;2008;1;5;0.0000;1;68223.0000;None;736800.0000
32784;2023-01-14 20:59:57.827000;7;2008;1;2;0.0000;1;21259.0000;None;229600.0000
59;2023-01-14 19:42:43.083000;7;2008;1;2;0.0000;1;20778.0000;None;224400.0000
55;2023-01-14 19:48:56.310000;7;2008;1;2;0.0000;1;47074.0000;None;508400.0000
62;2023-01-14 20:04:51.853000;7;2010;1;1;0.0000;1;68223.0000;None;736800.0000
62;2023-01-14 20:04:51.853000;7;2010;1;1;0.0000;1;68223.0000;None;736800.0000
44;2023-01-14 15:13:43.900000;7;2010;1;2;0.0000;1;32426.0000;None;350200.0000
60;2023-01-14 20:44:38.780000;7;2028;1;2;0.0000;1;54463.0000;None;588200.0000
10675;2023-01-14 13:59:23.283000;7;2034;1;1;0.0000;1;4759.0000;None;51400.0000
10675;2023-01-14 13:59:23.283000;7;2034;1;1;0.0000;1;4759.0000;None;51400.0000
10669;2023-01-14 12:26:01.223000;7;2034;1;1;0.0000;1;None;None;518540.0000
10669;2023-01-14 12:26:01.223000;7;2034;1;1;0.0000;1;None;None;518540.0000
10684;2023-01-14 21:07:06.263000;7;2042;1;1;0.0000;1;5019.0000;None;54200.0000
30754;2023-01-14 19:58:55.337000;7;2042;1;1;0.0000;1;14482.0000;None;156400.0000
52;2023-01-14 18:32:53.237000;7;2042;1;1;0.0000;1;3019.0000;None;32600.0000
36;2023-01-14 14:12:53.143000;7;2045;1;1;0.0000;1;20778.0000;None;224400.0000
10678;2023-01-14 16:30:16.723000;7;2049;1;1;0.0000;1;32574.0000;None;351800.0000
10678;2023-01-14 16:30:16.723000;7;2049;1;1;0.0000;1;32574.0000;None;351800.0000
65;2023-01-14 20:31:32.640000;7;2050;1;1;None;1;16648.0000;None;179800.0000
65;2023-01-14 20:38:34.043000;7;2050;1;-1;0.0000;1;16648.0000;None;179800.0000
32784;2023-01-14 20:59:57.827000;7;2052;1;1;0.0000;1;21259.0000;None;229600.0000
60;2023-01-14 20:14:37.713000;7;2052;1;1;0.0000;1;54463.0000;None;588200.0000
59;2023-01-14 19:42:43.083000;7;2052;1;1;0.0000;1;20778.0000;None;224400.0000
60;2023-01-14 19:46:15.107000;7;2052;1;1;0.0000;1;54463.0000;None;588200.0000
44;2023-01-14 15:06:57.687000;7;2052;1;1;0.0000;1;32426.0000;None;350200.0000
47;2023-01-14 16:28:31.397000;7;2063;1;1;0.0000;1;16167.0000;None;174600.0000
32777;2023-01-14 15:28:02.190000;7;2072;1;1;0.0000;1;22833.0000;None;246600.0000
46;2023-01-14 15:47:52.580000;7;2072;1;1;0.0000;1;22019.0000;None;237800.0000
52;2023-01-14 18:32:53.237000;7;2072;1;1;0.0000;1;3019.0000;None;32600.0000
32780;2023-01-14 18:50:16.067000;7;2072;1;1;0.0000;1;6963.0000;None;75200.0000
74;2023-01-14 21:54:13.507000;7;2077;1;1;0.0000;1;27093.0000;None;292600.0000
55;2023-01-14 19:48:46.017000;8;100482;1;1;0.0000;1;47074.0000;None;508400.0000
55;2023-01-14 19:48:46.017000;8;100482;1;1;0.0000;1;47074.0000;None;508400.0000
32778;2023-01-14 15:38:05.610000;3;100596;1;1;5800.0000;1;20648.0000;None;223000.0000
32778;2023-01-14 16:25:35.997000;3;100596;1;1;5800.0000;1;20648.0000;None;223000.0000
48;2023-01-14 16:48:42.323000;3;100606;1;1;6800.0000;1;18556.0000;None;200400.0000
60;2023-01-14 20:44:38.780000;3;100606;1;2;13600.0000;1;54463.0000;None;588200.0000
32776;2023-01-14 15:33:28.523000;3;100613;1;1;5800.0000;1;29926.0000;None;323200.0000
32776;2023-01-14 15:33:28.523000;3;100613;1;1;5800.0000;1;29926.0000;None;323200.0000
32776;2023-01-14 15:33:28.523000;3;100613;1;1;5800.0000;1;29926.0000;None;323200.0000
36;2023-01-14 14:12:53.143000;3;100614;1;1;5800.0000;1;20778.0000;None;224400.0000
36;2023-01-14 14:12:53.143000;3;100614;1;1;5800.0000;1;20778.0000;None;224400.0000
10684;2023-01-14 22:20:49.160000;3;100614;1;1;5800.0000;1;5019.0000;None;54200.0000
58;2023-01-14 21:01:58.250000;3;100614;1;1;5800.0000;1;17982.0000;None;194200.0000
32781;2023-01-14 21:43:42.557000;3;100614;1;1;5800.0000;1;27352.0000;None;295400.0000
32781;2023-01-14 21:43:42.557000;3;100614;1;1;5800.0000;1;27352.0000;None;295400.0000
70;2023-01-14 21:49:52.190000;3;100614;1;1;5800.0000;1;20611.0000;None;222600.0000
56;2023-01-14 19:38:47.917000;8;100835;1;1;23850.0000;1;10560.0000;None;114050.0000
32777;2023-01-14 15:28:02.190000;1;100932;1;1;42600.0000;1;22833.0000;None;246600.0000
10674;2023-01-14 13:31:04.143000;1;100939;1;1;21600.0000;1;None;None;42240.0000
32774;2023-01-14 14:24:19.633000;8;100953;1;1;42800.0000;1;7611.0000;None;82200.0000
10675;2023-01-14 13:59:23.283000;8;100953;1;1;42800.0000;1;4759.0000;None;51400.0000
30753;2023-01-14 15:10:08.400000;8;100953;1;1;42800.0000;1;21222.0000;None;229200.0000
58;2023-01-14 20:22:09.060000;8;100953;1;1;42800.0000;1;17982.0000;None;194200.0000
32781;2023-01-14 19:56:54.947000;8;100953;1;1;42800.0000;1;27352.0000;None;295400.0000
10687;2023-01-14 21:21:38.643000;8;100953;1;1;42800.0000;1;None;None;107360.0000
32769;2023-01-14 12:36:25.943000;8;100953;1;1;42800.0000;1;15945.0000;None;172200.0000
32769;2023-01-14 12:36:25.943000;8;100953;1;1;42800.0000;1;15945.0000;None;172200.0000
74;2023-01-14 21:54:13.507000;8;100953;1;1;42800.0000;1;27093.0000;None;292600.0000
30757;2023-01-14 20:51:40.217000;8;100954;1;1;37800.0000;1;3944.0000;None;42600.0000
46;2023-01-14 15:45:30.817000;8;100954;1;1;37800.0000;1;22019.0000;None;237800.0000
32772;2023-01-14 13:17:40.973000;8;100954;1;1;37800.0000;1;9667.0000;None;104400.0000
46;2023-01-14 16:35:11.753000;1;101011;1;1;22800.0000;1;22019.0000;None;237800.0000
32778;2023-01-14 15:35:10.593000;8;101026;1;1;31800.0000;1;20648.0000;None;223000.0000
30755;2023-01-14 21:03:57.040000;8;101026;1;1;31800.0000;1;12185.0000;None;131600.0000
30754;2023-01-14 20:16:08.810000;8;101026;1;1;31800.0000;1;14482.0000;None;156400.0000
10669;2023-01-14 12:26:01.223000;1;101045;1;1;65800.0000;1;None;None;518540.0000
10669;2023-01-14 12:26:01.223000;1;101045;1;1;65800.0000;1;None;None;518540.0000
10669;2023-01-14 12:26:01.223000;1;101045;1;1;65800.0000;1;None;None;518540.0000
42;2023-01-14 14:47:32.263000;1;101048;1;1;44800.0000;1;48537.0000;None;524200.0000
30752;2023-01-14 15:07:26.433000;1;101050;1;1;48800.0000;1;58000.0000;None;626400.0000
51;2023-01-14 18:03:41.610000;1;101050;1;1;48800.0000;1;32371.0000;None;349600.0000
56;2023-01-14 19:38:47.917000;1;101051;1;1;49800.0000;1;10560.0000;None;114050.0000
49;2023-01-14 16:58:29.573000;1;101051;1;1;49800.0000;1;10741.0000;None;116000.0000
10673;2023-01-14 13:28:00.897000;1;101051;1;4;199200.0000;1;None;None;250800.0000
10670;2023-01-14 12:42:14.173000;1;101051;1;1;49800.0000;1;None;None;336160.0000
73;2023-01-14 22:27:30.953000;2;101080;1;1;24800.0000;1;24445.0000;None;264000.0000
57;2023-01-14 19:41:11.230000;1;101180;1;1;37800.0000;1;11019.0000;None;119000.0000
32781;2023-01-14 21:11:29.957000;1;101195;1;1;14800.0000;1;27352.0000;None;295400.0000
70;2023-01-14 22:30:40.267000;1;101270;1;1;0.0000;1;20611.0000;None;222600.0000
70;2023-01-14 21:49:52.190000;1;101270;1;1;0.0000;1;20611.0000;None;222600.0000
62;2023-01-14 20:12:50.777000;1;101305;1;1;21800.0000;1;68223.0000;None;736800.0000
62;2023-01-14 20:12:50.777000;1;101316;1;1;36800.0000;1;68223.0000;None;736800.0000
30752;2023-01-14 14:47:52.183000;1;101316;1;1;36800.0000;1;58000.0000;None;626400.0000
30752;2023-01-14 14:47:52.183000;1;101316;1;1;36800.0000;1;58000.0000;None;626400.0000
10670;2023-01-14 12:42:14.173000;1;101316;1;1;36800.0000;1;None;None;336160.0000
32784;2023-01-14 20:36:37.180000;1;101318;1;1;35800.0000;1;21259.0000;None;229600.0000
32781;2023-01-14 20:02:00.827000;1;101320;1;1;27800.0000;1;27352.0000;None;295400.0000
10689;2023-01-14 21:13:27.417000;1;101321;1;1;26800.0000;1;3852.0000;None;41600.0000
10691;2023-01-14 21:13:27.417000;1;101321;1;1;26800.0000;1;3019.0000;None;32600.0000
54;2023-01-14 19:18:19.177000;1;101323;1;1;28800.0000;1;9722.0000;None;105000.0000
56;2023-01-14 19:38:47.917000;1;101323;1;1;28800.0000;1;10560.0000;None;114050.0000
10673;2023-01-14 13:28:00.897000;1;101323;1;1;28800.0000;1;None;None;250800.0000
10671;2023-01-14 12:52:42.277000;1;101323;1;1;28800.0000;1;None;None;33800.0000
32773;2023-01-14 14:26:54.130000;1;101323;1;2;57600.0000;1;8111.0000;None;87600.0000
10667;2023-01-14 12:16:33.567000;1;101323;1;1;28800.0000;1;3944.0000;None;42600.0000
48;2023-01-14 16:06:11.270000;6;101408;1;1;0.0000;1;18556.0000;None;200400.0000
74;2023-01-14 23:03:34.173000;1;101425;1;1;16800.0000;1;27093.0000;None;292600.0000
30753;2023-01-14 15:44:32.730000;1;101425;1;1;16800.0000;1;21222.0000;None;229200.0000
48;2023-01-14 16:06:11.270000;6;101546;1;1;0.0000;1;18556.0000;None;200400.0000
62;2023-01-14 20:41:49.737000;2;101712;1;1;55800.0000;1;68223.0000;None;736800.0000
62;2023-01-14 20:41:49.737000;2;101712;1;1;55800.0000;1;68223.0000;None;736800.0000
62;2023-01-14 20:04:51.853000;2;101712;1;1;55800.0000;1;68223.0000;None;736800.0000
62;2023-01-14 20:04:51.853000;2;101712;1;1;55800.0000;1;68223.0000;None;736800.0000
61;2023-01-14 20:00:15.707000;2;101727;1;1;32800.0000;1;21574.0000;None;233000.0000
69;2023-01-14 21:56:03.887000;2;101727;1;1;32800.0000;1;17093.0000;None;184600.0000
10678;2023-01-14 17:06:11.360000;2;101727;1;1;32800.0000;1;32574.0000;None;351800.0000
34;2023-01-14 13:10:45.110000;2;101727;1;-1;-32800.0000;1;26352.0000;None;284600.0000
34;2023-01-14 12:51:53.183000;2;101727;1;1;32800.0000;1;26352.0000;None;284600.0000
32783;2023-01-14 20:22:03.750000;2;101878;1;1;29800.0000;1;None;15000.0000;323200.0000
32771;2023-01-14 13:07:58.583000;8;101883;1;1;52800.0000;1;28278.0000;None;305400.0000
32775;2023-01-14 14:46:39.450000;8;101883;1;1;52800.0000;1;26185.0000;None;282800.0000
72;2023-01-14 22:37:57.960000;1;101895;1;1;16800.0000;1;38667.0000;None;417600.0000
60;2023-01-14 19:46:15.107000;1;101927;1;2;239600.0000;1;54463.0000;None;588200.0000
32776;2023-01-14 14:37:22.187000;1;101927;1;1;119800.0000;1;29926.0000;None;323200.0000
35;2023-01-14 13:38:45.013000;1;101927;1;1;119800.0000;1;32908.0000;None;355400.0000
10674;2023-01-14 13:31:04.143000;1;101929;1;1;16800.0000;1;None;None;42240.0000
34;2023-01-14 12:51:53.183000;1;101929;1;1;16800.0000;1;26352.0000;None;284600.0000
32776;2023-01-14 14:32:31.877000;1;101929;1;1;16800.0000;1;29926.0000;None;323200.0000
10682;2023-01-14 19:18:18.073000;1;101929;1;1;16800.0000;1;None;None;73040.0000
30755;2023-01-14 21:03:57.040000;1;101929;1;1;16800.0000;1;12185.0000;None;131600.0000
62;2023-01-14 20:11:54.250000;1;101929;1;1;16800.0000;1;68223.0000;None;736800.0000
62;2023-01-14 20:11:54.250000;1;101929;1;1;16800.0000;1;68223.0000;None;736800.0000
10681;2023-01-14 19:14:18.720000;1;101930;1;1;42800.0000;1;None;None;160820.0000
58;2023-01-14 20:22:09.060000;8;101953;1;1;41800.0000;1;17982.0000;None;194200.0000
32783;2023-01-14 20:57:12.797000;8;101953;1;1;41800.0000;1;None;15000.0000;323200.0000
67;2023-01-14 20:46:56.690000;8;101953;1;1;41800.0000;1;9093.0000;None;98200.0000
74;2023-01-14 21:54:13.507000;8;101953;1;1;41800.0000;1;27093.0000;None;292600.0000
73;2023-01-14 22:28:19.100000;8;101953;1;1;41800.0000;1;24445.0000;None;264000.0000
32783;2023-01-14 20:26:33.473000;8;101971;1;1;46800.0000;1;None;15000.0000;323200.0000
41;2023-01-14 14:22:24.203000;8;101971;1;1;46800.0000;1;42130.0000;None;455000.0000
47;2023-01-14 16:43:15.260000;8;101971;1;1;46800.0000;1;16167.0000;None;174600.0000
42;2023-01-14 14:47:32.263000;8;101971;1;1;46800.0000;1;48537.0000;None;524200.0000
55;2023-01-14 19:26:14.547000;2;101973;1;1;48800.0000;1;47074.0000;None;508400.0000
55;2023-01-14 19:26:14.547000;2;101978;1;1;47800.0000;1;47074.0000;None;508400.0000
10681;2023-01-14 19:14:18.720000;8;101996;1;1;15800.0000;1;None;None;160820.0000
30753;2023-01-14 15:10:39.607000;8;101996;1;1;15800.0000;1;21222.0000;None;229200.0000
10677;2023-01-14 15:19:45.267000;8;101996;1;1;15800.0000;1;None;None;184800.0000
41;2023-01-14 14:10:20.540000;8;101996;1;1;15800.0000;1;42130.0000;None;455000.0000
10672;2023-01-14 13:01:59.290000;8;101996;1;2;31600.0000;1;None;None;672540.0000
10672;2023-01-14 13:01:59.290000;8;102052;1;1;59800.0000;1;None;None;672540.0000
37;2023-01-14 13:59:19.713000;8;102052;1;1;59800.0000;1;30778.0000;None;332400.0000
55;2023-01-14 19:48:46.017000;8;102052;1;1;59800.0000;1;47074.0000;None;508400.0000
61;2023-01-14 20:01:31.760000;8;102052;1;1;59800.0000;1;21574.0000;None;233000.0000
48;2023-01-14 16:48:42.323000;3;102102;1;1;9800.0000;1;18556.0000;None;200400.0000
62;2023-01-14 20:11:54.250000;1;102142;1;1;9800.0000;1;68223.0000;None;736800.0000
51;2023-01-14 18:03:41.610000;1;102142;1;1;9800.0000;1;32371.0000;None;349600.0000
10675;2023-01-14 13:59:23.283000;8;102143;1;1;3800.0000;1;4759.0000;None;51400.0000
38;2023-01-14 14:36:27.817000;8;102143;1;1;3800.0000;1;6500.0000;None;70200.0000
10670;2023-01-14 12:42:14.173000;8;102143;1;3;11400.0000;1;None;None;336160.0000
10670;2023-01-14 12:42:14.173000;1;102169;1;2;7600.0000;1;None;None;336160.0000
32776;2023-01-14 14:53:24.473000;1;102169;1;1;3800.0000;1;29926.0000;None;323200.0000
30752;2023-01-14 14:47:52.183000;1;102228;1;1;8800.0000;1;58000.0000;None;626400.0000
30752;2023-01-14 14:47:52.183000;1;102228;1;1;8800.0000;1;58000.0000;None;626400.0000
30752;2023-01-14 14:47:52.183000;1;102239;1;1;5800.0000;1;58000.0000;None;626400.0000
30755;2023-01-14 21:03:57.040000;8;102340;1;1;33800.0000;1;12185.0000;None;131600.0000
10688;2023-01-14 21:13:27.417000;1;102395;1;1;37800.0000;1;4685.0000;None;50600.0000
32781;2023-01-14 19:57:15.690000;1;102395;1;1;37800.0000;1;27352.0000;None;295400.0000
32781;2023-01-14 19:57:15.690000;1;102395;1;1;37800.0000;1;27352.0000;None;295400.0000
32781;2023-01-14 20:02:00.827000;1;102395;1;1;37800.0000;1;27352.0000;None;295400.0000
57;2023-01-14 19:41:11.230000;1;102395;1;1;37800.0000;1;11019.0000;None;119000.0000
10678;2023-01-14 16:25:35.997000;1;102445;1;1;74800.0000;1;32574.0000;None;351800.0000
32775;2023-01-14 14:29:25.237000;1;102447;1;1;16800.0000;1;26185.0000;None;282800.0000
32775;2023-01-14 14:29:25.237000;1;102447;1;1;16800.0000;1;26185.0000;None;282800.0000
30751;2023-01-14 14:20:04.577000;1;102447;1;1;16800.0000;1;16056.0000;None;173400.0000
30751;2023-01-14 14:20:04.577000;1;102447;1;1;16800.0000;1;16056.0000;None;173400.0000
34;2023-01-14 12:51:53.183000;1;102447;1;1;16800.0000;1;26352.0000;None;284600.0000
69;2023-01-14 21:29:54.360000;1;102447;1;1;16800.0000;1;17093.0000;None;184600.0000
62;2023-01-14 20:11:54.250000;1;102447;1;1;16800.0000;1;68223.0000;None;736800.0000
10670;2023-01-14 12:42:14.173000;1;102447;1;1;16800.0000;1;None;None;336160.0000
32772;2023-01-14 13:17:40.973000;1;102455;1;1;37800.0000;1;9667.0000;None;104400.0000
47;2023-01-14 16:20:32.223000;1;102456;1;1;16800.0000;1;16167.0000;None;174600.0000
38;2023-01-14 14:02:03.157000;1;102457;1;1;17800.0000;1;6500.0000;None;70200.0000
30756;2023-01-14 20:40:25.830000;1;102457;1;1;17800.0000;1;9259.0000;None;100000.0000
51;2023-01-14 17:44:07.540000;1;102457;1;1;17800.0000;1;32371.0000;None;349600.0000
69;2023-01-14 22:14:17.807000;1;102535;1;1;19800.0000;1;17093.0000;None;184600.0000
32783;2023-01-14 21:53:08.357000;1;102535;1;1;19800.0000;1;None;15000.0000;323200.0000
65;2023-01-14 20:47:17.757000;8;102540;1;1;33800.0000;1;16648.0000;None;179800.0000
32775;2023-01-14 14:29:25.237000;8;102540;1;1;33800.0000;1;26185.0000;None;282800.0000
35;2023-01-14 13:38:45.013000;8;102540;1;1;33800.0000;1;32908.0000;None;355400.0000
35;2023-01-14 14:19:22.803000;8;102540;1;-1;-33800.0000;1;32908.0000;None;355400.0000
55;2023-01-14 19:48:46.017000;8;102544;1;1;0.0000;1;47074.0000;None;508400.0000
55;2023-01-14 19:48:46.017000;8;102597;1;1;0.0000;1;47074.0000;None;508400.0000
60;2023-01-14 19:46:15.107000;2;102605;1;1;45800.0000;1;54463.0000;None;588200.0000
60;2023-01-14 20:14:37.713000;2;102605;1;1;45800.0000;1;54463.0000;None;588200.0000
59;2023-01-14 19:42:43.083000;2;102605;1;1;45800.0000;1;20778.0000;None;224400.0000
32784;2023-01-14 20:59:57.827000;2;102605;1;1;45800.0000;1;21259.0000;None;229600.0000
44;2023-01-14 15:06:57.687000;2;102605;1;1;45800.0000;1;32426.0000;None;350200.0000
46;2023-01-14 15:47:52.580000;3;102619;1;1;6800.0000;1;22019.0000;None;237800.0000
30753;2023-01-14 15:10:08.400000;3;102633;1;1;11800.0000;1;21222.0000;None;229200.0000
46;2023-01-14 15:45:30.817000;3;102635;1;1;7800.0000;1;22019.0000;None;237800.0000
32775;2023-01-14 14:29:25.237000;3;102635;1;1;7800.0000;1;26185.0000;None;282800.0000
30755;2023-01-14 20:40:21.320000;3;102635;1;1;7800.0000;1;12185.0000;None;131600.0000
10684;2023-01-14 21:07:06.263000;3;102635;1;1;7800.0000;1;5019.0000;None;54200.0000
57;2023-01-14 19:41:11.230000;3;102635;1;1;7800.0000;1;11019.0000;None;119000.0000
51;2023-01-14 17:44:07.540000;3;102635;1;1;7800.0000;1;32371.0000;None;349600.0000
51;2023-01-14 18:48:12.643000;3;102635;1;1;7800.0000;1;32371.0000;None;349600.0000
51;2023-01-14 18:48:12.643000;3;102635;1;1;7800.0000;1;32371.0000;None;349600.0000
57;2023-01-14 19:41:11.230000;3;102637;1;1;9800.0000;1;11019.0000;None;119000.0000
10684;2023-01-14 21:07:52.573000;3;102637;1;-1;-9800.0000;1;5019.0000;None;54200.0000
10684;2023-01-14 19:41:33.093000;3;102637;1;1;9800.0000;1;5019.0000;None;54200.0000
30755;2023-01-14 20:34:32.887000;3;102638;1;1;10800.0000;1;12185.0000;None;131600.0000
30755;2023-01-14 21:08:32.393000;3;102638;1;-1;-10800.0000;1;12185.0000;None;131600.0000
60;2023-01-14 19:44:52.240000;3;102643;1;4;55200.0000;1;54463.0000;None;588200.0000
32781;2023-01-14 18:54:22.253000;3;102643;1;1;13800.0000;1;27352.0000;None;295400.0000
32781;2023-01-14 18:54:22.253000;3;102643;1;1;13800.0000;1;27352.0000;None;295400.0000
32778;2023-01-14 15:38:05.610000;3;102643;1;1;13800.0000;1;20648.0000;None;223000.0000
44;2023-01-14 14:57:58.563000;3;102643;1;1;13800.0000;1;32426.0000;None;350200.0000
44;2023-01-14 14:57:58.563000;3;102643;1;1;13800.0000;1;32426.0000;None;350200.0000
32776;2023-01-14 14:32:31.877000;3;102663;1;1;10800.0000;1;29926.0000;None;323200.0000
32776;2023-01-14 14:46:28.090000;3;102663;1;1;10800.0000;1;29926.0000;None;323200.0000
40;2023-01-14 14:08:36.547000;3;102663;1;1;10800.0000;1;31722.0000;None;342600.0000
40;2023-01-14 14:08:36.547000;3;102663;1;1;10800.0000;1;31722.0000;None;342600.0000
62;2023-01-14 20:11:54.250000;3;102663;1;1;10800.0000;1;68223.0000;None;736800.0000
51;2023-01-14 18:03:41.610000;1;102689;1;1;57800.0000;1;32371.0000;None;349600.0000
10681;2023-01-14 19:14:18.720000;8;102691;1;1;59800.0000;1;None;None;160820.0000
69;2023-01-14 21:41:21.710000;8;102691;1;1;59800.0000;1;17093.0000;None;184600.0000
41;2023-01-14 14:22:24.203000;8;102691;1;1;59800.0000;1;42130.0000;None;455000.0000
45;2023-01-14 15:20:49.600000;8;102691;1;1;59800.0000;1;26704.0000;None;288400.0000
30751;2023-01-14 14:34:40.437000;8;102692;1;1;33800.0000;1;16056.0000;None;173400.0000
30756;2023-01-14 20:40:25.830000;8;102692;1;1;33800.0000;1;9259.0000;None;100000.0000
32780;2023-01-14 18:51:41.623000;8;102692;1;1;33800.0000;1;6963.0000;None;75200.0000
33;2023-01-14 12:31:00.187000;8;102692;1;1;33800.0000;1;9111.0000;None;98400.0000
58;2023-01-14 20:22:09.060000;1;102743;1;1;28800.0000;1;17982.0000;None;194200.0000
32783;2023-01-14 20:57:12.797000;1;102743;1;1;28800.0000;1;None;15000.0000;323200.0000
30751;2023-01-14 14:34:40.437000;1;102743;1;1;28800.0000;1;16056.0000;None;173400.0000
36;2023-01-14 13:30:10.073000;1;102743;1;1;28800.0000;1;20778.0000;None;224400.0000
74;2023-01-14 21:54:13.507000;3;102747;1;1;4800.0000;1;27093.0000;None;292600.0000
32775;2023-01-14 14:29:25.237000;3;102747;1;1;4800.0000;1;26185.0000;None;282800.0000
45;2023-01-14 15:15:12.553000;3;102747;1;1;4800.0000;1;26704.0000;None;288400.0000
45;2023-01-14 15:15:12.553000;3;102747;1;1;4800.0000;1;26704.0000;None;288400.0000
32777;2023-01-14 15:28:02.190000;3;102747;1;1;4800.0000;1;22833.0000;None;246600.0000
51;2023-01-14 17:44:07.540000;3;102747;1;1;4800.0000;1;32371.0000;None;349600.0000
30754;2023-01-14 19:58:55.337000;3;102747;1;1;4800.0000;1;14482.0000;None;156400.0000
30754;2023-01-14 20:06:33.073000;3;102747;1;1;4800.0000;1;14482.0000;None;156400.0000
32780;2023-01-14 18:50:16.067000;3;102747;1;1;4800.0000;1;6963.0000;None;75200.0000
52;2023-01-14 18:32:53.237000;3;102747;1;1;4800.0000;1;3019.0000;None;32600.0000
32782;2023-01-14 19:12:25.350000;3;102747;1;1;4800.0000;1;20037.0000;None;216400.0000
32782;2023-01-14 19:12:25.350000;3;102747;1;1;4800.0000;1;20037.0000;None;216400.0000
10689;2023-01-14 20:58:29.287000;3;102748;1;1;14800.0000;1;3852.0000;None;41600.0000
42;2023-01-14 14:33:51.323000;3;102748;1;1;14800.0000;1;48537.0000;None;524200.0000
42;2023-01-14 14:33:51.323000;3;102748;1;1;14800.0000;1;48537.0000;None;524200.0000
40;2023-01-14 14:14:36.820000;3;102748;1;1;14800.0000;1;31722.0000;None;342600.0000
74;2023-01-14 21:54:13.507000;3;102748;1;1;14800.0000;1;27093.0000;None;292600.0000
74;2023-01-14 21:54:13.507000;3;102748;1;1;14800.0000;1;27093.0000;None;292600.0000
49;2023-01-14 16:58:29.573000;3;102751;1;1;8800.0000;1;10741.0000;None;116000.0000
32778;2023-01-14 16:25:35.997000;1;102770;1;1;15800.0000;1;20648.0000;None;223000.0000
10672;2023-01-14 13:01:59.290000;8;102790;1;1;35800.0000;1;None;None;672540.0000
10679;2023-01-14 18:35:19.690000;8;102790;1;1;35800.0000;1;None;None;122540.0000
74;2023-01-14 21:54:13.507000;8;102797;1;1;54800.0000;1;27093.0000;None;292600.0000
10687;2023-01-14 21:21:38.643000;8;102797;1;1;54800.0000;1;None;None;107360.0000
40;2023-01-14 14:34:59.560000;8;102797;1;1;54800.0000;1;31722.0000;None;342600.0000
42;2023-01-14 14:47:32.263000;8;102797;1;1;54800.0000;1;48537.0000;None;524200.0000
10670;2023-01-14 12:42:14.173000;8;102800;1;2;107600.0000;1;None;None;336160.0000
42;2023-01-14 14:47:32.263000;8;102800;1;1;53800.0000;1;48537.0000;None;524200.0000
10678;2023-01-14 16:25:35.997000;8;102800;1;1;53800.0000;1;32574.0000;None;351800.0000
32771;2023-01-14 13:07:58.583000;8;102800;1;1;53800.0000;1;28278.0000;None;305400.0000
72;2023-01-14 22:08:58.987000;8;102800;1;1;53800.0000;1;38667.0000;None;417600.0000
37;2023-01-14 13:59:19.713000;8;102823;1;1;49800.0000;1;30778.0000;None;332400.0000
10677;2023-01-14 15:19:45.267000;8;102823;1;1;49800.0000;1;None;None;184800.0000
30753;2023-01-14 15:10:08.400000;1;102824;1;1;45800.0000;1;21222.0000;None;229200.0000
43;2023-01-14 14:55:30.987000;8;102839;1;1;34800.0000;1;11370.0000;None;122800.0000
41;2023-01-14 14:22:24.203000;1;102842;1;1;76800.0000;1;42130.0000;None;455000.0000
73;2023-01-14 22:28:19.100000;8;102850;1;1;42800.0000;1;24445.0000;None;264000.0000
32773;2023-01-14 15:09:17.283000;1;102905;1;1;5200.0000;1;8111.0000;None;87600.0000
32773;2023-01-14 15:09:17.283000;1;102908;1;1;5200.0000;1;8111.0000;None;87600.0000
10672;2023-01-14 13:01:59.290000;8;102920;1;1;41800.0000;1;None;None;672540.0000
10669;2023-01-14 12:26:01.223000;1;102921;1;4;119200.0000;1;None;None;518540.0000
32776;2023-01-14 14:53:39.930000;1;102923;1;1;72800.0000;1;29926.0000;None;323200.0000
32776;2023-01-14 14:53:39.930000;1;102925;1;1;12800.0000;1;29926.0000;None;323200.0000
65;2023-01-14 20:35:37.007000;1;102925;1;1;12800.0000;1;16648.0000;None;179800.0000
55;2023-01-14 19:48:46.017000;1;102925;1;1;12800.0000;1;47074.0000;None;508400.0000
48;2023-01-14 16:06:11.270000;1;102927;1;1;64800.0000;1;18556.0000;None;200400.0000
73;2023-01-14 22:27:30.953000;2;102933;1;1;25800.0000;1;24445.0000;None;264000.0000
30752;2023-01-14 15:07:26.433000;1;102973;1;1;109800.0000;1;58000.0000;None;626400.0000
41;2023-01-14 14:10:20.493000;2;102979;1;1;27800.0000;1;42130.0000;None;455000.0000
32783;2023-01-14 20:22:03.750000;2;102979;1;1;27800.0000;1;None;15000.0000;323200.0000
55;2023-01-14 19:48:46.017000;8;102985;1;1;0.0000;1;47074.0000;None;508400.0000
55;2023-01-14 19:48:46.017000;8;102985;1;1;0.0000;1;47074.0000;None;508400.0000
60;2023-01-14 19:46:15.107000;8;102986;1;1;11800.0000;1;54463.0000;None;588200.0000
55;2023-01-14 19:48:46.017000;8;102987;1;1;245800.0000;1;47074.0000;None;508400.0000
32782;2023-01-14 19:12:25.350000;8;102988;1;1;34800.0000;1;20037.0000;None;216400.0000
32782;2023-01-14 19:12:25.350000;8;102995;1;1;16800.0000;1;20037.0000;None;216400.0000
60;2023-01-14 19:46:15.107000;8;102995;1;2;33600.0000;1;54463.0000;None;588200.0000
61;2023-01-14 20:01:31.760000;8;102996;1;1;14800.0000;1;21574.0000;None;233000.0000
60;2023-01-14 19:46:15.107000;8;102997;1;2;21600.0000;1;54463.0000;None;588200.0000
32782;2023-01-14 19:12:25.350000;8;102997;1;1;10800.0000;1;20037.0000;None;216400.0000
32778;2023-01-14 16:03:32.120000;8;102997;1;1;10800.0000;1;20648.0000;None;223000.0000
32778;2023-01-14 16:03:32.120000;8;102997;1;1;10800.0000;1;20648.0000;None;223000.0000
60;2023-01-14 19:46:15.107000;8;102999;1;1;17800.0000;1;54463.0000;None;588200.0000
10682;2023-01-14 19:18:18.073000;8;103002;1;1;16800.0000;1;None;None;73040.0000
72;2023-01-14 22:11:24.613000;8;103002;1;1;16800.0000;1;38667.0000;None;417600.0000
43;2023-01-14 14:55:30.987000;8;103002;1;1;16800.0000;1;11370.0000;None;122800.0000
55;2023-01-14 19:48:46.017000;8;103014;1;1;0.0000;1;47074.0000;None;508400.0000
32784;2023-01-14 20:36:37.180000;8;103019;1;1;31800.0000;1;21259.0000;None;229600.0000
10679;2023-01-14 18:35:19.690000;8;103023;1;1;47800.0000;1;None;None;122540.0000
51;2023-01-14 17:44:07.540000;8;103023;1;1;47800.0000;1;32371.0000;None;349600.0000
30752;2023-01-14 15:07:26.433000;8;103023;1;1;47800.0000;1;58000.0000;None;626400.0000
45;2023-01-14 15:20:49.600000;8;103023;1;1;47800.0000;1;26704.0000;None;288400.0000
48;2023-01-14 16:06:11.270000;8;103023;1;1;47800.0000;1;18556.0000;None;200400.0000
45;2023-01-14 15:20:49.600000;1;103025;1;1;69800.0000;1;26704.0000;None;288400.0000
46;2023-01-14 15:45:30.817000;8;103028;1;1;49800.0000;1;22019.0000;None;237800.0000
32782;2023-01-14 19:12:25.350000;8;103028;1;1;49800.0000;1;20037.0000;None;216400.0000
10690;2023-01-14 21:13:27.417000;1;103058;1;1;32800.0000;1;3574.0000;None;38600.0000
54;2023-01-14 19:33:05.053000;1;103073;1;1;32800.0000;1;9722.0000;None;105000.0000
32783;2023-01-14 20:57:12.797000;1;103519;1;1;76800.0000;1;None;15000.0000;323200.0000
32777;2023-01-14 15:28:02.190000;1;103520;1;1;95800.0000;1;22833.0000;None;246600.0000
73;2023-01-14 22:28:19.100000;8;103539;1;1;32800.0000;1;24445.0000;None;264000.0000
74;2023-01-14 21:54:13.507000;8;103539;1;1;32800.0000;1;27093.0000;None;292600.0000
43;2023-01-14 14:55:30.987000;8;103539;1;1;32800.0000;1;11370.0000;None;122800.0000
10682;2023-01-14 19:18:18.073000;8;103539;1;1;32800.0000;1;None;None;73040.0000
54;2023-01-14 19:18:19.177000;8;103539;1;1;32800.0000;1;9722.0000;None;105000.0000
10683;2023-01-14 19:27:45.183000;8;103539;1;1;32800.0000;1;None;None;148720.0000
30754;2023-01-14 20:16:08.810000;8;103539;1;1;32800.0000;1;14482.0000;None;156400.0000
42;2023-01-14 14:47:32.263000;8;103548;1;1;54800.0000;1;48537.0000;None;524200.0000
32780;2023-01-14 18:51:41.623000;8;103549;1;1;27800.0000;1;6963.0000;None;75200.0000
73;2023-01-14 22:28:19.100000;8;103549;1;1;27800.0000;1;24445.0000;None;264000.0000
50;2023-01-14 17:43:32.877000;1;103595;1;1;31800.0000;1;8926.0000;None;96400.0000
70;2023-01-14 21:49:52.190000;1;103596;1;1;72800.0000;1;20611.0000;None;222600.0000
32769;2023-01-14 12:36:25.943000;8;103615;1;1;37800.0000;1;15945.0000;None;172200.0000
70;2023-01-14 21:49:52.190000;8;103615;1;1;37800.0000;1;20611.0000;None;222600.0000
69;2023-01-14 21:41:21.710000;8;103615;1;1;37800.0000;1;17093.0000;None;184600.0000
32784;2023-01-14 20:36:37.180000;8;103615;1;1;37800.0000;1;21259.0000;None;229600.0000
32782;2023-01-14 19:12:25.350000;8;103615;1;1;37800.0000;1;20037.0000;None;216400.0000
40;2023-01-14 14:34:59.560000;8;103615;1;1;37800.0000;1;31722.0000;None;342600.0000
38;2023-01-14 14:02:03.157000;8;103615;1;1;37800.0000;1;6500.0000;None;70200.0000
10672;2023-01-14 13:01:59.290000;8;103615;1;1;37800.0000;1;None;None;672540.0000
35;2023-01-14 13:58:16.740000;8;103615;1;1;37800.0000;1;32908.0000;None;355400.0000
34;2023-01-14 13:02:31.153000;1;103638;1;1;69800.0000;1;26352.0000;None;284600.0000
51;2023-01-14 18:03:41.610000;1;103638;1;1;69800.0000;1;32371.0000;None;349600.0000
62;2023-01-14 20:12:50.777000;1;103638;1;1;69800.0000;1;68223.0000;None;736800.0000
32778;2023-01-14 15:35:10.593000;8;103687;1;1;85800.0000;1;20648.0000;None;223000.0000
32779;2023-01-14 15:51:44.597000;8;103690;1;1;39800.0000;1;23167.0000;None;250200.0000
10678;2023-01-14 16:30:16.723000;8;103690;1;1;39800.0000;1;32574.0000;None;351800.0000
65;2023-01-14 20:35:37.007000;8;103690;1;1;39800.0000;1;16648.0000;None;179800.0000
65;2023-01-14 20:35:37.007000;8;103690;1;1;39800.0000;1;16648.0000;None;179800.0000
65;2023-01-14 20:35:37.007000;8;103690;1;1;39800.0000;1;16648.0000;None;179800.0000
66;2023-01-14 20:37:06.630000;8;103690;1;1;39800.0000;1;8370.0000;None;90400.0000
66;2023-01-14 20:37:06.630000;8;103690;1;1;39800.0000;1;8370.0000;None;90400.0000
10680;2023-01-14 19:00:57.260000;8;103690;1;-1;-39800.0000;1;-23167.0000;None;-250200.0000
55;2023-01-14 19:48:46.017000;8;103690;1;1;39800.0000;1;47074.0000;None;508400.0000
55;2023-01-14 19:48:46.017000;8;103690;1;1;39800.0000;1;47074.0000;None;508400.0000
37;2023-01-14 13:59:19.713000;1;103692;1;1;35800.0000;1;30778.0000;None;332400.0000
46;2023-01-14 15:55:20.947000;1;103712;1;1;35800.0000;1;22019.0000;None;237800.0000
45;2023-01-14 15:20:49.600000;1;103712;1;1;35800.0000;1;26704.0000;None;288400.0000
40;2023-01-14 14:34:59.560000;8;103724;1;1;46800.0000;1;31722.0000;None;342600.0000
30758;2023-01-14 21:13:27.417000;1;103730;1;1;20800.0000;1;2463.0000;None;26600.0000
10668;2023-01-14 12:19:37.317000;8;103746;1;1;37800.0000;1;3500.0000;None;37800.0000
42;2023-01-14 14:47:32.263000;1;103747;1;1;59800.0000;1;48537.0000;None;524200.0000
46;2023-01-14 16:26:02.523000;1;103780;1;1;16800.0000;1;22019.0000;None;237800.0000
48;2023-01-14 16:48:42.323000;1;103780;1;1;16800.0000;1;18556.0000;None;200400.0000
32771;2023-01-14 14:00:03.993000;1;103780;1;1;16800.0000;1;28278.0000;None;305400.0000
74;2023-01-14 23:03:34.173000;1;103780;1;1;16800.0000;1;27093.0000;None;292600.0000
32777;2023-01-14 15:28:02.190000;8;103801;1;1;32800.0000;1;22833.0000;None;246600.0000
10672;2023-01-14 13:01:59.290000;8;103803;1;1;109800.0000;1;None;None;672540.0000
34;2023-01-14 13:02:31.153000;1;103813;1;1;59800.0000;1;26352.0000;None;284600.0000
33;2023-01-14 12:31:00.187000;1;103813;1;1;59800.0000;1;9111.0000;None;98400.0000
32771;2023-01-14 13:07:58.583000;1;103814;1;1;77800.0000;1;28278.0000;None;305400.0000
60;2023-01-14 19:46:15.107000;8;103866;1;1;28800.0000;1;54463.0000;None;588200.0000
73;2023-01-14 22:28:19.100000;8;103867;1;1;27800.0000;1;24445.0000;None;264000.0000
30754;2023-01-14 20:16:08.810000;8;103867;1;1;27800.0000;1;14482.0000;None;156400.0000
10683;2023-01-14 19:27:45.183000;8;103867;1;1;27800.0000;1;None;None;148720.0000
10681;2023-01-14 19:14:18.720000;8;103867;1;1;27800.0000;1;None;None;160820.0000
10679;2023-01-14 18:35:19.690000;8;103867;1;1;27800.0000;1;None;None;122540.0000
52;2023-01-14 18:32:53.237000;8;103867;1;1;27800.0000;1;3019.0000;None;32600.0000
70;2023-01-14 21:49:52.190000;8;103867;1;1;27800.0000;1;20611.0000;None;222600.0000
10686;2023-01-14 21:16:54.440000;8;103867;1;1;27800.0000;1;2574.0000;None;27800.0000
62;2023-01-14 20:11:54.250000;8;103867;1;1;27800.0000;1;68223.0000;None;736800.0000
40;2023-01-14 14:34:59.560000;8;103867;1;1;27800.0000;1;31722.0000;None;342600.0000
37;2023-01-14 13:59:19.713000;8;103867;1;1;27800.0000;1;30778.0000;None;332400.0000
32774;2023-01-14 14:24:19.633000;8;103867;1;1;27800.0000;1;7611.0000;None;82200.0000
32778;2023-01-14 15:41:39.100000;8;103867;1;1;27800.0000;1;20648.0000;None;223000.0000
48;2023-01-14 16:06:11.270000;8;103867;1;1;27800.0000;1;18556.0000;None;200400.0000
47;2023-01-14 16:20:32.223000;8;103867;1;1;27800.0000;1;16167.0000;None;174600.0000
43;2023-01-14 14:55:30.987000;8;103867;1;1;27800.0000;1;11370.0000;None;122800.0000
32776;2023-01-14 15:33:28.523000;1;103873;1;1;16800.0000;1;29926.0000;None;323200.0000
40;2023-01-14 14:14:36.820000;3;103912;1;1;6800.0000;1;31722.0000;None;342600.0000
40;2023-01-14 14:55:44.433000;3;103912;1;1;6800.0000;1;31722.0000;None;342600.0000
32771;2023-01-14 13:12:33.893000;3;103912;1;1;6800.0000;1;28278.0000;None;305400.0000
60;2023-01-14 20:44:38.780000;3;103912;1;1;6800.0000;1;54463.0000;None;588200.0000
32782;2023-01-14 19:12:25.350000;1;103937;1;1;56800.0000;1;20037.0000;None;216400.0000
36;2023-01-14 13:30:10.073000;1;103939;1;1;56800.0000;1;20778.0000;None;224400.0000
40;2023-01-14 14:09:44.817000;1;103940;1;1;72800.0000;1;31722.0000;None;342600.0000
10672;2023-01-14 13:01:59.290000;8;103962;1;2;105600.0000;1;None;None;672540.0000
30752;2023-01-14 15:07:26.433000;1;103981;1;1;59800.0000;1;58000.0000;None;626400.0000
45;2023-01-14 15:20:49.600000;1;103981;1;1;59800.0000;1;26704.0000;None;288400.0000
30753;2023-01-14 15:10:08.400000;1;103981;1;1;59800.0000;1;21222.0000;None;229200.0000
51;2023-01-14 18:03:41.610000;1;103981;1;1;59800.0000;1;32371.0000;None;349600.0000
10677;2023-01-14 15:19:45.267000;8;104200;1;1;15800.0000;1;None;None;184800.0000
72;2023-01-14 22:10:14.193000;2;104234;1;1;36800.0000;1;38667.0000;None;417600.0000
72;2023-01-14 22:10:14.193000;2;104234;1;1;36800.0000;1;38667.0000;None;417600.0000
72;2023-01-14 22:27:43.133000;2;104234;1;1;36800.0000;1;38667.0000;None;417600.0000
72;2023-01-14 22:27:43.133000;2;104234;1;1;36800.0000;1;38667.0000;None;417600.0000
72;2023-01-14 23:01:52.913000;2;104234;1;1;36800.0000;1;38667.0000;None;417600.0000
49;2023-01-14 16:58:29.573000;1;104240;1;1;28800.0000;1;10741.0000;None;116000.0000
36;2023-01-14 13:29:18.103000;1;104240;1;1;28800.0000;1;20778.0000;None;224400.0000
62;2023-01-14 20:11:54.250000;1;104253;1;1;16800.0000;1;68223.0000;None;736800.0000
58;2023-01-14 19:41:40.510000;1;104253;1;1;16800.0000;1;17982.0000;None;194200.0000
32772;2023-01-14 13:17:40.973000;1;104256;1;1;28800.0000;1;9667.0000;None;104400.0000
10667;2023-01-14 12:16:33.567000;8;104259;1;1;13800.0000;1;3944.0000;None;42600.0000
10677;2023-01-14 15:19:45.267000;1;104261;1;1;18800.0000;1;None;None;184800.0000
49;2023-01-14 16:58:29.573000;1;104266;1;1;19800.0000;1;10741.0000;None;116000.0000
41;2023-01-14 14:10:20.540000;1;104308;1;1;68800.0000;1;42130.0000;None;455000.0000
32774;2023-01-14 14:24:19.633000;3;104446;1;2;11600.0000;1;7611.0000;None;82200.0000
30751;2023-01-14 15:32:34.140000;3;104446;1;1;5800.0000;1;16056.0000;None;173400.0000
30751;2023-01-14 14:34:40.437000;3;104446;1;1;5800.0000;1;16056.0000;None;173400.0000
46;2023-01-14 15:45:30.817000;3;104446;1;1;5800.0000;1;22019.0000;None;237800.0000
45;2023-01-14 15:15:12.553000;3;104446;1;1;5800.0000;1;26704.0000;None;288400.0000
56;2023-01-14 19:33:54.167000;3;104446;1;1;5800.0000;1;10560.0000;None;114050.0000
56;2023-01-14 19:33:54.167000;3;104446;1;1;5800.0000;1;10560.0000;None;114050.0000
30754;2023-01-14 19:58:55.337000;3;104446;1;1;5800.0000;1;14482.0000;None;156400.0000
10690;2023-01-14 20:58:29.287000;3;104446;1;1;5800.0000;1;3574.0000;None;38600.0000
74;2023-01-14 21:54:13.507000;3;104446;1;1;5800.0000;1;27093.0000;None;292600.0000
74;2023-01-14 21:54:13.507000;8;104655;1;1;37800.0000;1;27093.0000;None;292600.0000
32781;2023-01-14 19:56:54.947000;8;104655;1;1;37800.0000;1;27352.0000;None;295400.0000
36;2023-01-14 13:29:18.103000;8;104655;1;1;37800.0000;1;20778.0000;None;224400.0000
10669;2023-01-14 12:26:01.223000;8;104655;1;3;113400.0000;1;None;None;518540.0000
10670;2023-01-14 12:42:14.173000;8;104655;1;2;75600.0000;1;None;None;336160.0000
32775;2023-01-14 14:46:39.450000;8;104938;1;1;64800.0000;1;26185.0000;None;282800.0000
34;2023-01-14 13:02:31.153000;1;105010;2;1;0.0000;1;26352.0000;None;284600.0000
33;2023-01-14 12:31:00.187000;1;105010;2;1;0.0000;1;9111.0000;None;98400.0000
62;2023-01-14 20:11:54.250000;1;105023;1;1;55800.0000;1;68223.0000;None;736800.0000
30753;2023-01-14 15:32:51.183000;1;105197;1;1;9800.0000;1;21222.0000;None;229200.0000
30752;2023-01-14 14:47:52.183000;1;105197;1;1;9800.0000;1;58000.0000;None;626400.0000
30752;2023-01-14 14:47:52.183000;1;105197;1;1;9800.0000;1;58000.0000;None;626400.0000
30752;2023-01-14 14:47:52.183000;1;105197;1;1;9800.0000;1;58000.0000;None;626400.0000
47;2023-01-14 16:20:32.223000;1;105239;1;1;46800.0000;1;16167.0000;None;174600.0000
32771;2023-01-14 13:10:31.433000;1;105299;1;1;29800.0000;1;28278.0000;None;305400.0000
32771;2023-01-14 13:07:58.583000;8;105424;1;1;58800.0000;1;28278.0000;None;305400.0000
72;2023-01-14 22:11:24.613000;8;105434;1;1;38800.0000;1;38667.0000;None;417600.0000
30752;2023-01-14 14:47:52.183000;1;105444;1;1;4000.0000;1;58000.0000;None;626400.0000
55;2023-01-14 19:48:46.017000;8;105447;1;1;0.0000;1;47074.0000;None;508400.0000
42;2023-01-14 14:47:32.263000;8;105472;1;1;69800.0000;1;48537.0000;None;524200.0000
35;2023-01-14 13:58:16.740000;1;105477;1;1;16800.0000;1;32908.0000;None;355400.0000
48;2023-01-14 16:06:11.270000;6;105509;1;1;0.0000;1;18556.0000;None;200400.0000
62;2023-01-14 20:04:51.853000;6;105631;1;1;0.0000;1;68223.0000;None;736800.0000
62;2023-01-14 20:04:51.853000;6;105631;1;1;0.0000;1;68223.0000;None;736800.0000
62;2023-01-14 20:41:49.737000;6;105631;1;1;0.0000;1;68223.0000;None;736800.0000
32784;2023-01-14 20:36:37.180000;6;105636;1;2;0.0000;1;21259.0000;None;229600.0000
10684;2023-01-14 21:07:06.263000;6;105636;1;1;0.0000;1;5019.0000;None;54200.0000
58;2023-01-14 20:55:03.307000;6;105636;1;1;0.0000;1;17982.0000;None;194200.0000
53;2023-01-14 19:13:35.717000;6;105636;1;1;0.0000;1;1000.0000;None;10800.0000
47;2023-01-14 15:59:48.770000;6;105636;1;1;0.0000;1;16167.0000;None;174600.0000
46;2023-01-14 15:49:40.137000;6;105636;1;1;0.0000;1;22019.0000;None;237800.0000
46;2023-01-14 16:10:42.977000;6;105636;1;1;0.0000;1;22019.0000;None;237800.0000
42;2023-01-14 14:33:51.323000;6;105636;1;1;0.0000;1;48537.0000;None;524200.0000
42;2023-01-14 14:33:51.323000;6;105636;1;1;0.0000;1;48537.0000;None;524200.0000
44;2023-01-14 14:57:58.563000;6;105636;1;1;0.0000;1;32426.0000;None;350200.0000
32775;2023-01-14 14:29:25.237000;6;105636;1;1;0.0000;1;26185.0000;None;282800.0000
32775;2023-01-14 14:29:25.237000;8;105668;1;1;41800.0000;1;26185.0000;None;282800.0000
55;2023-01-14 19:48:46.017000;8;105728;1;1;0.0000;1;47074.0000;None;508400.0000
55;2023-01-14 19:48:46.017000;8;105728;1;1;0.0000;1;47074.0000;None;508400.0000
66;2023-01-14 20:37:06.630000;8;105730;1;1;0.0000;1;8370.0000;None;90400.0000
65;2023-01-14 20:35:37.007000;8;105730;1;1;0.0000;1;16648.0000;None;179800.0000
65;2023-01-14 20:35:37.007000;8;105731;1;1;0.0000;1;16648.0000;None;179800.0000
10680;2023-01-14 19:00:57.260000;8;105731;1;-1;0.0000;1;-23167.0000;None;-250200.0000
32779;2023-01-14 15:51:44.597000;8;105731;1;1;0.0000;1;23167.0000;None;250200.0000
10678;2023-01-14 16:30:16.723000;8;105731;1;1;0.0000;1;32574.0000;None;351800.0000
62;2023-01-14 20:41:49.737000;3;105735;1;1;0.0000;1;68223.0000;None;736800.0000
65;2023-01-14 20:35:37.007000;8;105752;1;1;0.0000;1;16648.0000;None;179800.0000
66;2023-01-14 20:37:06.630000;8;105752;1;1;0.0000;1;8370.0000;None;90400.0000
55;2023-01-14 19:48:46.017000;8;105752;1;1;0.0000;1;47074.0000;None;508400.0000
58;2023-01-14 19:41:40.510000;2;105805;1;1;32800.0000;1;17982.0000;None;194200.0000
35;2023-01-14 13:47:05.050000;2;105805;1;1;32800.0000;1;32908.0000;None;355400.0000
55;2023-01-14 19:48:46.017000;8;105862;1;1;0.0000;1;47074.0000;None;508400.0000
55;2023-01-14 19:48:46.017000;8;105862;1;1;0.0000;1;47074.0000;None;508400.0000
10683;2023-01-14 19:27:45.183000;8;106077;1;1;32800.0000;1;None;None;148720.0000
10672;2023-01-14 13:01:59.290000;8;106077;1;1;32800.0000;1;None;None;672540.0000
32775;2023-01-14 14:35:12.280000;8;106077;1;1;32800.0000;1;26185.0000;None;282800.0000
70;2023-01-14 21:49:52.190000;1;106337;1;1;0.0000;1;20611.0000;None;222600.0000
70;2023-01-14 21:49:52.190000;1;106337;2;1;0.0000;1;20611.0000;None;222600.0000
72;2023-01-14 22:08:58.987000;8;106491;1;1;46800.0000;1;38667.0000;None;417600.0000
67;2023-01-14 20:46:56.690000;8;106491;1;1;46800.0000;1;9093.0000;None;98200.0000
41;2023-01-14 14:22:24.203000;8;106491;1;1;46800.0000;1;42130.0000;None;455000.0000
10672;2023-01-14 13:01:59.290000;8;106491;1;1;46800.0000;1;None;None;672540.0000
36;2023-01-14 13:30:10.073000;8;106491;1;1;46800.0000;1;20778.0000;None;224400.0000
55;2023-01-14 19:48:46.017000;8;106860;1;1;0.0000;1;47074.0000;None;508400.0000
61;2023-01-14 20:16:43.623000;1;106863;1;1;119800.0000;1;21574.0000;None;233000.0000
55;2023-01-14 19:48:46.017000;8;106916;1;1;0.0000;1;47074.0000;None;508400.0000
51;2023-01-14 18:03:41.610000;1;106922;2;1;0.0000;1;32371.0000;None;349600.0000
32783;2023-01-14 20:57:12.797000;1;106922;1;1;0.0000;1;None;15000.0000;323200.0000
32783;2023-01-14 20:57:12.797000;1;106922;2;1;0.0000;1;None;15000.0000;323200.0000
10689;2023-01-14 21:13:27.417000;1;106922;2;1;0.0000;1;3852.0000;None;41600.0000
32771;2023-01-14 13:07:58.583000;1;106922;1;1;0.0000;1;28278.0000;None;305400.0000
32771;2023-01-14 13:07:58.583000;1;106922;2;1;0.0000;1;28278.0000;None;305400.0000
10678;2023-01-14 16:25:35.997000;1;106922;1;1;0.0000;1;32574.0000;None;351800.0000
10678;2023-01-14 16:25:35.997000;1;106922;2;1;0.0000;1;32574.0000;None;351800.0000
32777;2023-01-14 15:28:02.190000;1;106922;1;1;0.0000;1;22833.0000;None;246600.0000
32777;2023-01-14 15:28:02.190000;1;106922;2;1;0.0000;1;22833.0000;None;246600.0000
45;2023-01-14 15:20:49.600000;1;106922;2;1;0.0000;1;26704.0000;None;288400.0000
30752;2023-01-14 15:07:26.433000;1;106922;1;1;0.0000;1;58000.0000;None;626400.0000
30752;2023-01-14 15:07:26.433000;1;106922;2;1;0.0000;1;58000.0000;None;626400.0000
30752;2023-01-14 15:07:26.433000;1;106922;2;1;0.0000;1;58000.0000;None;626400.0000
10669;2023-01-14 12:26:01.223000;1;106922;1;1;0.0000;1;None;None;518540.0000
10669;2023-01-14 12:26:01.223000;1;106922;2;1;0.0000;1;None;None;518540.0000
10669;2023-01-14 12:26:01.223000;1;106922;1;1;0.0000;1;None;None;518540.0000
10669;2023-01-14 12:26:01.223000;1;106922;2;1;0.0000;1;None;None;518540.0000
10669;2023-01-14 12:26:01.223000;1;106922;1;1;0.0000;1;None;None;518540.0000
10669;2023-01-14 12:26:01.223000;1;106922;2;1;0.0000;1;None;None;518540.0000
10690;2023-01-14 21:13:27.417000;1;106922;1;1;0.0000;1;3574.0000;None;38600.0000
10690;2023-01-14 21:13:27.417000;1;106922;2;1;0.0000;1;3574.0000;None;38600.0000
10691;2023-01-14 21:13:27.417000;1;106922;2;1;0.0000;1;3019.0000;None;32600.0000
59;2023-01-14 19:42:43.083000;8;107209;1;1;152800.0000;1;20778.0000;None;224400.0000
30754;2023-01-14 20:16:08.810000;8;107284;1;1;35800.0000;1;14482.0000;None;156400.0000
32777;2023-01-14 15:28:02.190000;8;107333;1;1;64800.0000;1;22833.0000;None;246600.0000
44;2023-01-14 15:14:42.703000;8;107334;1;1;75800.0000;1;32426.0000;None;350200.0000
32779;2023-01-14 15:51:44.597000;8;107525;1;1;59800.0000;1;23167.0000;None;250200.0000
10678;2023-01-14 16:30:16.723000;8;107525;1;1;59800.0000;1;32574.0000;None;351800.0000
10680;2023-01-14 19:00:57.260000;8;107525;1;-1;-59800.0000;1;-23167.0000;None;-250200.0000
59;2023-01-14 19:42:43.083000;8;107526;1;1;25800.0000;1;20778.0000;None;224400.0000
42;2023-01-14 14:47:32.263000;8;107526;1;1;25800.0000;1;48537.0000;None;524200.0000
32783;2023-01-14 20:22:03.750000;2;108100;1;1;41800.0000;1;None;15000.0000;323200.0000
41;2023-01-14 14:10:20.493000;2;108101;1;1;32800.0000;1;42130.0000;None;455000.0000
38;2023-01-14 13:57:59.633000;4;108191;1;1;0.0000;1;6500.0000;None;70200.0000
36;2023-01-14 13:30:10.073000;4;108191;1;1;0.0000;1;20778.0000;None;224400.0000
30753;2023-01-14 15:10:08.400000;4;108191;1;1;0.0000;1;21222.0000;None;229200.0000
48;2023-01-14 16:06:11.270000;4;108191;1;1;0.0000;1;18556.0000;None;200400.0000
47;2023-01-14 16:28:31.397000;4;108191;1;1;0.0000;1;16167.0000;None;174600.0000
48;2023-01-14 16:06:11.270000;4;108191;1;1;0.0000;1;18556.0000;None;200400.0000
47;2023-01-14 16:09:22.437000;4;108191;1;1;None;1;16167.0000;None;174600.0000
61;2023-01-14 20:13:37.437000;4;108191;1;1;0.0000;1;21574.0000;None;233000.0000
70;2023-01-14 21:49:52.190000;4;108191;1;1;0.0000;1;20611.0000;None;222600.0000
70;2023-01-14 22:30:40.267000;4;108191;1;1;0.0000;1;20611.0000;None;222600.0000
69;2023-01-14 21:19:26.423000;4;108191;1;1;0.0000;1;17093.0000;None;184600.0000
35;2023-01-14 13:47:05.050000;2;108193;1;1;48800.0000;1;32908.0000;None;355400.0000
10672;2023-01-14 13:01:59.290000;1;108437;1;1;67800.0000;1;None;None;672540.0000
10677;2023-01-14 15:19:45.267000;1;108437;1;1;67800.0000;1;None;None;184800.0000
60;2023-01-14 19:46:15.107000;1;108437;1;1;67800.0000;1;54463.0000;None;588200.0000
70;2023-01-14 22:13:35.027000;1;108443;1;1;66800.0000;1;20611.0000;None;222600.0000
32784;2023-01-14 20:36:37.180000;1;108443;1;1;66800.0000;1;21259.0000;None;229600.0000
10680;2023-01-14 19:00:57.260000;2;108474;1;-1;-79800.0000;1;-23167.0000;None;-250200.0000
32779;2023-01-14 16:00:39.713000;2;108474;1;1;79800.0000;1;23167.0000;None;250200.0000
10678;2023-01-14 16:30:16.723000;2;108474;1;1;79800.0000;1;32574.0000;None;351800.0000
10672;2023-01-14 13:01:59.290000;8;108518;1;1;41800.0000;1;None;None;672540.0000
10683;2023-01-14 19:27:45.183000;8;108518;1;1;41800.0000;1;None;None;148720.0000
44;2023-01-14 15:15:32.367000;8;109165;1;1;56800.0000;1;32426.0000;None;350200.0000
42;2023-01-14 14:47:32.263000;8;109165;1;1;56800.0000;1;48537.0000;None;524200.0000
37;2023-01-14 13:59:19.713000;8;109179;1;1;55800.0000;1;30778.0000;None;332400.0000
30751;2023-01-14 14:34:40.437000;8;109181;1;1;59800.0000;1;16056.0000;None;173400.0000
44;2023-01-14 15:14:42.703000;8;109181;1;1;59800.0000;1;32426.0000;None;350200.0000
44;2023-01-14 15:14:42.703000;8;109181;1;1;59800.0000;1;32426.0000;None;350200.0000
50;2023-01-14 17:43:32.877000;8;109181;1;1;59800.0000;1;8926.0000;None;96400.0000
32776;2023-01-14 15:33:28.510000;1;109317;1;1;15800.0000;1;29926.0000;None;323200.0000
40;2023-01-14 15:19:24.203000;1;109317;1;1;15800.0000;1;31722.0000;None;342600.0000
72;2023-01-14 22:37:57.960000;1;109317;1;1;15800.0000;1;38667.0000;None;417600.0000
30756;2023-01-14 20:40:25.830000;8;109318;1;1;38800.0000;1;9259.0000;None;100000.0000
46;2023-01-14 15:55:20.947000;8;109320;1;1;32800.0000;1;22019.0000;None;237800.0000
57;2023-01-14 19:41:11.230000;1;109502;1;1;25800.0000;1;11019.0000;None;119000.0000
35;2023-01-14 13:38:45.013000;1;109503;1;1;48800.0000;1;32908.0000;None;355400.0000
32769;2023-01-14 12:36:25.943000;1;109503;1;1;48800.0000;1;15945.0000;None;172200.0000
73;2023-01-14 22:27:30.953000;1;109504;1;1;24800.0000;1;24445.0000;None;264000.0000
30755;2023-01-14 21:03:57.040000;1;109506;1;1;31800.0000;1;12185.0000;None;131600.0000
10684;2023-01-14 21:07:06.263000;1;109508;1;1;29800.0000;1;5019.0000;None;54200.0000
72;2023-01-14 22:08:58.987000;1;109511;1;1;44800.0000;1;38667.0000;None;417600.0000
40;2023-01-14 14:14:44.707000;1;109512;1;1;56800.0000;1;31722.0000;None;342600.0000
40;2023-01-14 14:16:11.867000;1;109512;1;-1;-56800.0000;1;31722.0000;None;342600.0000
40;2023-01-14 14:16:06.060000;1;109513;1;1;36800.0000;1;31722.0000;None;342600.0000
37;2023-01-14 13:59:19.713000;8;109533;1;1;44800.0000;1;30778.0000;None;332400.0000
37;2023-01-14 14:34:04.077000;8;109533;1;1;44800.0000;1;30778.0000;None;332400.0000
35;2023-01-14 13:38:45.013000;8;109533;1;1;44800.0000;1;32908.0000;None;355400.0000
35;2023-01-14 13:31:20.883000;3;200007;1;-1;-10800.0000;1;32908.0000;None;355400.0000
35;2023-01-14 13:25:26.600000;3;200007;1;1;10800.0000;1;32908.0000;None;355400.0000
38;2023-01-14 13:57:59.633000;3;200007;1;1;10800.0000;1;6500.0000;None;70200.0000
46;2023-01-14 16:10:42.977000;3;200007;1;1;10800.0000;1;22019.0000;None;237800.0000
46;2023-01-14 15:49:40.137000;3;200007;1;1;10800.0000;1;22019.0000;None;237800.0000
47;2023-01-14 15:59:48.770000;3;200007;1;1;10800.0000;1;16167.0000;None;174600.0000
42;2023-01-14 14:33:51.323000;3;200007;1;1;10800.0000;1;48537.0000;None;524200.0000
42;2023-01-14 14:33:51.323000;3;200007;1;1;10800.0000;1;48537.0000;None;524200.0000
30752;2023-01-14 15:13:12.480000;3;200007;1;1;10800.0000;1;58000.0000;None;626400.0000
44;2023-01-14 14:57:58.563000;3;200007;1;1;10800.0000;1;32426.0000;None;350200.0000
66;2023-01-14 20:37:06.630000;3;200007;1;1;10800.0000;1;8370.0000;None;90400.0000
10684;2023-01-14 21:07:06.263000;3;200007;1;1;10800.0000;1;5019.0000;None;54200.0000
53;2023-01-14 19:13:35.717000;3;200007;1;1;10800.0000;1;1000.0000;None;10800.0000
55;2023-01-14 19:48:56.310000;3;200008;1;1;13800.0000;1;47074.0000;None;508400.0000
65;2023-01-14 20:38:34.043000;3;200008;1;-1;-13800.0000;1;16648.0000;None;179800.0000
65;2023-01-14 20:31:32.640000;3;200008;1;1;13800.0000;1;16648.0000;None;179800.0000
37;2023-01-14 13:49:26.333000;3;200008;1;1;13800.0000;1;30778.0000;None;332400.0000
73;2023-01-14 22:27:30.953000;3;200012;1;1;9800.0000;1;24445.0000;None;264000.0000
32778;2023-01-14 15:52:52.863000;2;200478;1;1;14800.0000;1;20648.0000;None;223000.0000
47;2023-01-14 16:09:22.437000;2;200480;1;1;12800.0000;1;16167.0000;None;174600.0000
47;2023-01-14 16:28:31.397000;2;200480;1;1;12800.0000;1;16167.0000;None;174600.0000
48;2023-01-14 16:06:11.270000;2;200480;1;1;12800.0000;1;18556.0000;None;200400.0000
30753;2023-01-14 15:10:08.400000;2;200480;1;1;12800.0000;1;21222.0000;None;229200.0000
32776;2023-01-14 14:46:28.090000;2;200480;1;1;12800.0000;1;29926.0000;None;323200.0000
32776;2023-01-14 14:32:31.877000;2;200480;1;1;12800.0000;1;29926.0000;None;323200.0000
69;2023-01-14 21:19:26.423000;2;200480;1;1;12800.0000;1;17093.0000;None;184600.0000
10688;2023-01-14 20:58:29.287000;2;200480;1;1;12800.0000;1;4685.0000;None;50600.0000
30754;2023-01-14 19:58:55.337000;2;200480;1;1;12800.0000;1;14482.0000;None;156400.0000
10680;2023-01-14 19:00:57.260000;2;200627;1;-1;-70800.0000;1;-23167.0000;None;-250200.0000
41;2023-01-14 14:42:11.590000;2;200627;1;1;70800.0000;1;42130.0000;None;455000.0000
10678;2023-01-14 16:30:16.723000;2;200627;1;1;70800.0000;1;32574.0000;None;351800.0000
32779;2023-01-14 16:00:39.713000;2;200627;1;1;70800.0000;1;23167.0000;None;250200.0000
35;2023-01-14 13:30:47.930000;3;200644;1;1;5800.0000;1;32908.0000;None;355400.0000
10691;2023-01-14 21:13:27.417000;3;200644;1;1;5800.0000;1;3019.0000;None;32600.0000
62;2023-01-14 20:11:54.250000;3;201146;1;1;5800.0000;1;68223.0000;None;736800.0000
32783;2023-01-14 21:35:43.910000;2;201187;1;1;9800.0000;1;None;15000.0000;323200.0000
51;2023-01-14 17:44:07.540000;2;201187;1;1;9800.0000;1;32371.0000;None;349600.0000
32781;2023-01-14 18:54:22.253000;2;201187;1;1;9800.0000;1;27352.0000;None;295400.0000
32781;2023-01-14 18:58:19.847000;2;201187;1;1;9800.0000;1;27352.0000;None;295400.0000
58;2023-01-14 19:41:40.510000;2;201187;1;1;9800.0000;1;17982.0000;None;194200.0000
58;2023-01-14 20:23:08.457000;2;201187;1;1;9800.0000;1;17982.0000;None;194200.0000
32773;2023-01-14 14:22:44.620000;2;201187;1;1;9800.0000;1;8111.0000;None;87600.0000
32773;2023-01-14 14:22:44.620000;2;201187;1;1;9800.0000;1;8111.0000;None;87600.0000
43;2023-01-14 14:55:30.987000;3;201206;1;1;5800.0000;1;11370.0000;None;122800.0000
32777;2023-01-14 15:28:02.190000;3;201206;1;1;5800.0000;1;22833.0000;None;246600.0000
42;2023-01-14 14:33:51.323000;3;201206;1;1;5800.0000;1;48537.0000;None;524200.0000
62;2023-01-14 20:11:54.250000;3;201206;1;1;5800.0000;1;68223.0000;None;736800.0000
62;2023-01-14 20:11:54.250000;3;201206;1;1;5800.0000;1;68223.0000;None;736800.0000
62;2023-01-14 20:11:54.250000;3;201206;1;1;5800.0000;1;68223.0000;None;736800.0000
73;2023-01-14 22:27:30.953000;3;201206;1;1;5800.0000;1;24445.0000;None;264000.0000
54;2023-01-14 19:23:21.350000;3;201237;1;1;5800.0000;1;9722.0000;None;105000.0000
30751;2023-01-14 14:34:40.437000;3;201237;1;1;5800.0000;1;16056.0000;None;173400.0000
32775;2023-01-14 14:29:25.237000;3;201269;1;1;5800.0000;1;26185.0000;None;282800.0000
58;2023-01-14 20:55:03.307000;3;201269;1;1;5800.0000;1;17982.0000;None;194200.0000
61;2023-01-14 20:13:37.437000;3;201269;1;1;5800.0000;1;21574.0000;None;233000.0000
70;2023-01-14 22:30:40.267000;3;201269;1;1;5800.0000;1;20611.0000;None;222600.0000
70;2023-01-14 21:49:52.190000;3;201269;1;1;5800.0000;1;20611.0000;None;222600.0000
30758;2023-01-14 21:13:27.417000;3;201269;1;1;5800.0000;1;2463.0000;None;26600.0000
32784;2023-01-14 20:36:37.180000;3;201269;1;2;11600.0000;1;21259.0000;None;229600.0000
30752;2023-01-14 15:13:12.480000;3;201277;1;1;5800.0000;1;58000.0000;None;626400.0000
30752;2023-01-14 15:13:12.480000;3;201312;1;1;4800.0000;1;58000.0000;None;626400.0000
43;2023-01-14 14:55:30.987000;3;201312;1;1;4800.0000;1;11370.0000;None;122800.0000
50;2023-01-14 17:43:32.877000;3;201312;1;1;4800.0000;1;8926.0000;None;96400.0000
32775;2023-01-14 15:01:42.557000;3;201312;1;1;4800.0000;1;26185.0000;None;282800.0000
10675;2023-01-14 13:59:23.283000;3;201312;1;1;4800.0000;1;4759.0000;None;51400.0000
67;2023-01-14 20:14:37.713000;3;201312;1;1;4800.0000;1;9093.0000;None;98200.0000
67;2023-01-14 20:46:56.690000;3;201312;1;1;4800.0000;1;9093.0000;None;98200.0000
30756;2023-01-14 20:40:25.830000;3;201312;1;1;4800.0000;1;9259.0000;None;100000.0000
30756;2023-01-14 20:40:25.830000;3;201312;1;1;4800.0000;1;9259.0000;None;100000.0000
30757;2023-01-14 20:51:40.217000;3;201312;1;1;4800.0000;1;3944.0000;None;42600.0000
69;2023-01-14 21:43:57.933000;3;201312;1;1;4800.0000;1;17093.0000;None;184600.0000
62;2023-01-14 20:11:54.250000;3;201312;1;1;4800.0000;1;68223.0000;None;736800.0000
30755;2023-01-14 20:34:32.887000;3;201312;1;1;4800.0000;1;12185.0000;None;131600.0000
30755;2023-01-14 20:34:32.887000;3;201312;1;1;4800.0000;1;12185.0000;None;131600.0000
54;2023-01-14 19:23:21.350000;3;201312;1;1;4800.0000;1;9722.0000;None;105000.0000
33;2023-01-14 12:27:47.123000;3;201312;1;1;4800.0000;1;9111.0000;None;98400.0000
10669;2023-01-14 12:26:01.223000;2;201615;1;3;41400.0000;1;None;None;518540.0000
48;2023-01-14 16:06:11.270000;2;201615;1;1;13800.0000;1;18556.0000;None;200400.0000
30753;2023-01-14 15:10:08.400000;2;201615;1;1;13800.0000;1;21222.0000;None;229200.0000
44;2023-01-14 15:13:43.900000;3;201704;1;1;13800.0000;1;32426.0000;None;350200.0000
30752;2023-01-14 15:13:12.480000;3;201704;1;1;13800.0000;1;58000.0000;None;626400.0000
36;2023-01-14 13:30:10.073000;3;201704;1;1;13800.0000;1;20778.0000;None;224400.0000
65;2023-01-14 20:39:25.340000;3;201704;1;1;13800.0000;1;16648.0000;None;179800.0000
62;2023-01-14 20:10:42.527000;2;202366;1;1;185800.0000;1;68223.0000;None;736800.0000
30752;2023-01-14 15:22:10.153000;2;202366;1;1;185800.0000;1;58000.0000;None;626400.0000
30752;2023-01-14 15:13:12.480000;3;202570;1;1;8800.0000;1;58000.0000;None;626400.0000
49;2023-01-14 16:58:29.573000;3;202570;1;1;8800.0000;1;10741.0000;None;116000.0000
32771;2023-01-14 13:10:31.433000;3;202570;1;1;8800.0000;1;28278.0000;None;305400.0000
34;2023-01-14 13:21:54.427000;3;202570;1;1;8800.0000;1;26352.0000;None;284600.0000
34;2023-01-14 12:51:53.183000;3;202570;1;1;8800.0000;1;26352.0000;None;284600.0000
41;2023-01-14 14:54:39.157000;3;202570;1;1;8800.0000;1;42130.0000;None;455000.0000
32780;2023-01-14 18:50:16.067000;3;202570;1;1;8800.0000;1;6963.0000;None;75200.0000
74;2023-01-14 22:21:43.230000;3;202570;1;1;8800.0000;1;27093.0000;None;292600.0000
34;2023-01-14 13:00:36.820000;2;202665;1;1;103800.0000;1;26352.0000;None;284600.0000
10670;2023-01-14 12:42:14.173000;9;802020;1;1;30560.0000;1;None;None;336160.0000
10671;2023-01-14 12:52:42.277000;9;802020;1;1;5000.0000;1;None;None;33800.0000
10672;2023-01-14 13:01:59.290000;9;802020;1;1;61140.0000;1;None;None;672540.0000
10674;2023-01-14 13:31:04.143000;9;802020;1;1;3840.0000;1;None;None;42240.0000
10673;2023-01-14 13:28:00.897000;9;802020;1;1;22800.0000;1;None;None;250800.0000
10677;2023-01-14 15:19:45.267000;9;802020;1;1;16800.0000;1;None;None;184800.0000
10679;2023-01-14 18:35:19.690000;9;802020;1;1;11140.0000;1;None;None;122540.0000
10681;2023-01-14 19:14:18.720000;9;802020;1;1;14620.0000;1;None;None;160820.0000
10682;2023-01-14 19:18:18.073000;9;802020;1;1;6640.0000;1;None;None;73040.0000
10683;2023-01-14 19:27:45.183000;9;802020;1;1;13520.0000;1;None;None;148720.0000
10687;2023-01-14 21:21:38.643000;9;802020;1;1;9760.0000;1;None;None;107360.0000
10669;2023-01-14 12:26:01.223000;9;802020;1;1;47140.0000;1;None;None;518540.0000
