10803;2023-01-20 23:02:50.447000;None;1;None;1;-169400.0000;2;78204.0000;None;844600.0000
10792;2023-01-20 13:24:48.730000;7;1006;1;1;0.0000;1;22463.0000;None;242600.0000
30794;2023-01-20 20:41:49.820000;7;1006;1;1;0.0000;1;44019.0000;None;475400.0000
32843;2023-01-20 13:54:01.220000;7;1006;1;1;0.0000;1;35074.0000;None;378800.0000
246;2023-01-20 19:41:22.180000;7;1011;1;1;0.0000;1;40352.0000;None;435800.0000
30801;2023-01-20 20:22:50.543000;7;1011;1;1;0.0000;1;None;None;194800.0000
32852;2023-01-20 20:50:44.410000;7;1011;1;1;0.0000;1;17945.0000;None;193800.0000
230;2023-01-20 12:51:45.787000;7;1011;1;1;0.0000;1;10278.0000;None;111000.0000
230;2023-01-20 12:51:45.787000;7;1011;1;1;0.0000;1;10278.0000;None;111000.0000
30785;2023-01-20 13:38:06.450000;7;1011;1;1;0.0000;1;61500.0000;None;664200.0000
10804;2023-01-20 19:14:43.460000;7;1014;1;1;None;1;9852.0000;None;106400.0000
10804;2023-01-20 19:14:43.460000;7;1014;1;1;None;1;9852.0000;None;106400.0000
10804;2023-01-20 19:14:43.460000;7;1014;1;1;None;1;9852.0000;None;106400.0000
10804;2023-01-20 19:14:43.460000;7;1014;1;1;None;1;9852.0000;None;106400.0000
10804;2023-01-20 19:14:43.460000;7;1014;1;1;None;1;9852.0000;None;106400.0000
32847;2023-01-20 16:39:32.593000;7;1020;1;1;0.0000;1;11852.0000;None;128000.0000
241;2023-01-20 17:50:52.573000;7;1020;1;1;0.0000;1;10093.0000;None;109000.0000
32843;2023-01-20 13:54:01.220000;7;1020;1;1;0.0000;1;35074.0000;None;378800.0000
245;2023-01-20 20:19:27.577000;7;1020;1;1;0.0000;1;77445.0000;None;836400.0000
249;2023-01-20 20:17:50.407000;7;1020;1;1;0.0000;1;23667.0000;None;255600.0000
249;2023-01-20 20:17:50.407000;7;1020;1;1;0.0000;1;23667.0000;None;255600.0000
30801;2023-01-20 20:22:50.543000;7;1020;1;1;0.0000;1;None;None;194800.0000
30796;2023-01-20 19:57:05.163000;7;1020;1;1;0.0000;1;9630.0000;None;104000.0000
30799;2023-01-20 20:05:21.407000;7;1020;1;1;0.0000;1;15056.0000;None;162600.0000
30806;2023-01-20 21:40:43.973000;7;1020;1;1;0.0000;1;13945.0000;None;150600.0000
259;2023-01-20 21:33:45.070000;7;1020;1;1;0.0000;1;50408.0000;None;544400.0000
228;2023-01-20 13:11:24.037000;7;1020;1;1;0.0000;1;15195.0000;None;164100.0000
228;2023-01-20 13:11:24.037000;7;1020;1;1;0.0000;1;15195.0000;None;164100.0000
236;2023-01-20 13:26:22.987000;7;1020;1;1;None;1;16759.0000;None;181000.0000
236;2023-01-20 13:26:22.987000;7;1020;1;1;None;1;16759.0000;None;181000.0000
10793;2023-01-20 13:11:13.717000;7;1020;1;1;0.0000;1;51000.0000;None;550800.0000
229;2023-01-20 12:50:53.940000;7;1020;1;1;0.0000;1;39982.0000;None;431800.0000
231;2023-01-20 12:55:48.077000;7;1020;1;1;0.0000;1;18426.0000;None;199000.0000
230;2023-01-20 12:51:45.787000;7;1026;1;1;0.0000;1;10278.0000;None;111000.0000
30786;2023-01-20 13:24:57.760000;7;1026;1;1;0.0000;1;None;4990.0000;99800.0000
30785;2023-01-20 13:38:06.450000;7;1026;1;1;0.0000;1;61500.0000;None;664200.0000
30792;2023-01-20 20:04:48.490000;7;1026;1;1;0.0000;1;None;None;196400.0000
32845;2023-01-20 15:38:59.280000;7;1026;1;1;0.0000;1;4296.0000;None;46400.0000
241;2023-01-20 17:50:52.573000;7;1029;1;1;0.0000;1;10093.0000;None;109000.0000
32847;2023-01-20 16:39:32.593000;7;1029;1;1;0.0000;1;11852.0000;None;128000.0000
255;2023-01-20 20:39:30.173000;7;1029;1;1;0.0000;1;37574.0000;None;405800.0000
10793;2023-01-20 13:11:13.717000;7;1029;1;1;0.0000;1;51000.0000;None;550800.0000
10793;2023-01-20 13:11:13.717000;7;1029;1;1;0.0000;1;51000.0000;None;550800.0000
227;2023-01-20 12:26:54.347000;7;1029;1;1;0.0000;1;9259.0000;None;100000.0000
227;2023-01-20 12:26:54.347000;7;1029;1;1;0.0000;1;9259.0000;None;100000.0000
227;2023-01-20 12:26:54.347000;7;1030;1;1;0.0000;1;9259.0000;None;100000.0000
236;2023-01-20 13:26:22.987000;7;1030;1;1;None;1;16759.0000;None;181000.0000
229;2023-01-20 12:50:53.940000;7;1030;1;1;0.0000;1;39982.0000;None;431800.0000
231;2023-01-20 12:55:48.077000;7;1030;1;1;0.0000;1;18426.0000;None;199000.0000
234;2023-01-20 13:05:23.157000;7;1030;1;1;0.0000;1;15463.0000;None;167000.0000
234;2023-01-20 13:05:23.157000;7;1030;1;1;0.0000;1;15463.0000;None;167000.0000
255;2023-01-20 20:39:30.173000;7;1030;1;1;0.0000;1;37574.0000;None;405800.0000
238;2023-01-20 14:14:26.053000;7;1030;1;1;0.0000;1;16000.0000;None;172800.0000
32843;2023-01-20 13:54:01.220000;7;1030;1;1;0.0000;1;35074.0000;None;378800.0000
30789;2023-01-20 14:39:37.017000;7;1030;1;1;0.0000;1;25685.0000;None;277400.0000
238;2023-01-20 14:14:26.053000;7;1030;1;1;0.0000;1;16000.0000;None;172800.0000
248;2023-01-20 20:07:41.483000;7;1030;1;1;0.0000;1;18926.0000;None;204400.0000
248;2023-01-20 20:07:41.483000;7;1030;1;1;0.0000;1;18926.0000;None;204400.0000
248;2023-01-20 20:07:41.483000;7;1030;1;1;0.0000;1;18926.0000;None;204400.0000
248;2023-01-20 20:07:41.483000;7;1030;1;1;0.0000;1;18926.0000;None;204400.0000
10815;2023-01-20 20:37:03.447000;7;1035;1;1;0.0000;1;11648.0000;None;125800.0000
30794;2023-01-20 20:41:49.820000;7;1054;1;1;0.0000;1;44019.0000;None;475400.0000
30794;2023-01-20 20:41:49.820000;7;1054;1;1;0.0000;1;44019.0000;None;475400.0000
10803;2023-01-20 21:38:33.460000;7;1054;1;1;0.0000;1;78204.0000;None;844600.0000
10803;2023-01-20 20:39:27.550000;7;1054;1;1;0.0000;1;78204.0000;None;844600.0000
30794;2023-01-20 20:41:49.820000;7;1077;1;1;0.0000;1;44019.0000;None;475400.0000
30794;2023-01-20 20:41:49.820000;7;1078;1;1;0.0000;1;44019.0000;None;475400.0000
234;2023-01-20 13:03:51.443000;7;1120;1;1;0.0000;1;15463.0000;None;167000.0000
32843;2023-01-20 13:54:01.220000;7;1129;1;1;0.0000;1;35074.0000;None;378800.0000
30797;2023-01-20 20:35:18.587000;7;1131;1;1;0.0000;1;19889.0000;None;214800.0000
30798;2023-01-20 20:02:50.163000;7;1131;1;1;0.0000;1;30352.0000;None;327800.0000
258;2023-01-20 21:43:32.760000;7;1131;1;1;0.0000;1;7148.0000;None;77200.0000
258;2023-01-20 21:43:32.760000;7;1131;1;1;0.0000;1;7148.0000;None;77200.0000
30805;2023-01-20 22:20:50.210000;7;1131;1;1;0.0000;1;43056.0000;None;465000.0000
267;2023-01-20 22:58:21.037000;7;1131;1;1;None;1;18907.0000;None;204200.0000
267;2023-01-20 22:58:21.037000;7;1131;1;1;None;1;18907.0000;None;204200.0000
30788;2023-01-20 13:44:31.243000;7;1135;1;1;0.0000;1;14815.0000;None;160000.0000
10790;2023-01-20 12:28:44.943000;7;1135;1;1;0.0000;1;None;None;1319120.0000
10791;2023-01-20 12:36:13.440000;7;1135;1;1;0.0000;1;None;None;1006500.0000
10791;2023-01-20 12:36:13.440000;7;1135;1;1;0.0000;1;None;None;1006500.0000
30805;2023-01-20 21:20:13.940000;7;1135;1;1;0.0000;1;43056.0000;None;465000.0000
10799;2023-01-20 16:25:13.730000;7;1135;1;1;0.0000;1;None;None;463980.0000
30794;2023-01-20 20:41:49.820000;7;1135;1;1;0.0000;1;44019.0000;None;475400.0000
30794;2023-01-20 20:41:49.820000;7;1137;1;1;0.0000;1;44019.0000;None;475400.0000
30792;2023-01-20 20:04:48.490000;7;1137;1;1;0.0000;1;None;None;196400.0000
30793;2023-01-20 21:22:12.307000;7;1137;1;1;0.0000;1;30056.0000;None;324600.0000
10812;2023-01-20 20:29:45.190000;7;1137;1;1;0.0000;1;15463.0000;None;167000.0000
30803;2023-01-20 20:49:28.440000;7;1137;1;1;0.0000;1;26574.0000;None;287000.0000
30803;2023-01-20 20:49:28.440000;7;1137;1;1;0.0000;1;26574.0000;None;287000.0000
10812;2023-01-20 20:29:45.190000;7;1137;1;1;0.0000;1;15463.0000;None;167000.0000
30786;2023-01-20 13:24:57.760000;7;1137;1;1;0.0000;1;None;4990.0000;99800.0000
10789;2023-01-20 12:04:49.987000;7;1157;1;1;0.0000;1;None;None;74360.0000
10789;2023-01-20 12:04:49.987000;7;1157;1;1;0.0000;1;None;None;74360.0000
10813;2023-01-20 20:33:26.277000;7;1157;1;1;0.0000;1;5130.0000;None;55400.0000
10810;2023-01-20 20:02:28.840000;7;1157;1;1;0.0000;1;None;None;60060.0000
10810;2023-01-20 20:02:28.840000;7;1157;1;1;0.0000;1;None;None;60060.0000
10810;2023-01-20 20:02:28.840000;7;1157;1;1;0.0000;1;None;None;60060.0000
10810;2023-01-20 20:02:28.840000;7;1157;1;1;0.0000;1;None;None;60060.0000
10809;2023-01-20 19:58:33.797000;7;1157;1;1;0.0000;1;None;None;137500.0000
10809;2023-01-20 19:58:33.797000;7;1157;1;1;0.0000;1;None;None;137500.0000
10809;2023-01-20 19:58:33.797000;7;1157;1;1;0.0000;1;None;None;137500.0000
10809;2023-01-20 19:58:33.797000;7;1157;1;1;0.0000;1;None;None;137500.0000
10808;2023-01-20 19:57:35.900000;7;1157;1;1;0.0000;1;None;None;238260.0000
10808;2023-01-20 19:57:35.900000;7;1157;1;1;0.0000;1;None;None;238260.0000
10809;2023-01-20 19:58:33.797000;7;1157;1;1;0.0000;1;None;None;137500.0000
10809;2023-01-20 19:58:33.797000;7;1157;1;1;0.0000;1;None;None;137500.0000
10808;2023-01-20 19:57:35.900000;7;1157;1;1;0.0000;1;None;None;238260.0000
10808;2023-01-20 19:57:35.900000;7;1157;1;1;0.0000;1;None;None;238260.0000
10808;2023-01-20 19:57:35.900000;7;1157;1;1;0.0000;1;None;None;238260.0000
10808;2023-01-20 19:57:35.900000;7;1157;1;1;0.0000;1;None;None;238260.0000
10808;2023-01-20 19:57:35.900000;7;1157;1;1;0.0000;1;None;None;238260.0000
10808;2023-01-20 19:57:35.900000;7;1157;1;1;0.0000;1;None;None;238260.0000
10811;2023-01-20 20:17:12.093000;7;1157;1;1;0.0000;1;None;None;204600.0000
10811;2023-01-20 20:17:12.093000;7;1157;1;1;0.0000;1;None;None;204600.0000
10817;2023-01-20 21:17:49.947000;7;1157;1;1;0.0000;1;None;None;107360.0000
10817;2023-01-20 21:17:49.947000;7;1157;1;1;0.0000;1;None;None;107360.0000
10807;2023-01-20 19:45:43.080000;7;1157;1;1;0.0000;1;None;None;204600.0000
10807;2023-01-20 19:45:43.080000;7;1157;1;1;0.0000;1;None;None;204600.0000
10807;2023-01-20 19:45:43.080000;7;1157;1;1;0.0000;1;None;None;204600.0000
10807;2023-01-20 19:45:43.080000;7;1157;1;1;0.0000;1;None;None;204600.0000
10806;2023-01-20 19:43:23.567000;7;1157;1;1;0.0000;1;None;None;120340.0000
10806;2023-01-20 19:43:23.567000;7;1157;1;1;0.0000;1;None;None;120340.0000
10804;2023-01-20 19:14:43.460000;7;1157;1;1;None;1;9852.0000;None;106400.0000
10804;2023-01-20 19:14:43.460000;7;1157;1;1;None;1;9852.0000;None;106400.0000
10805;2023-01-20 19:19:34.033000;7;1157;1;1;0.0000;1;None;None;133100.0000
10805;2023-01-20 19:19:34.033000;7;1157;1;1;0.0000;1;None;None;133100.0000
10805;2023-01-20 19:19:34.033000;7;1157;1;1;0.0000;1;None;None;133100.0000
10805;2023-01-20 19:19:34.033000;7;1157;1;1;0.0000;1;None;None;133100.0000
10805;2023-01-20 19:19:34.033000;7;1157;1;1;0.0000;1;None;None;133100.0000
10805;2023-01-20 19:19:34.033000;7;1157;1;1;0.0000;1;None;None;133100.0000
10799;2023-01-20 16:25:13.730000;7;1157;1;1;0.0000;1;None;None;463980.0000
10799;2023-01-20 16:25:13.730000;7;1157;1;1;0.0000;1;None;None;463980.0000
10799;2023-01-20 16:25:13.730000;7;1157;1;1;0.0000;1;None;None;463980.0000
10799;2023-01-20 16:25:13.730000;7;1157;1;1;0.0000;1;None;None;463980.0000
10803;2023-01-20 20:24:37.573000;7;1158;1;1;0.0000;1;78204.0000;None;844600.0000
10803;2023-01-20 20:24:37.573000;7;1158;1;1;0.0000;1;78204.0000;None;844600.0000
10803;2023-01-20 20:24:37.573000;7;1158;1;1;0.0000;1;78204.0000;None;844600.0000
10803;2023-01-20 20:24:37.573000;7;1158;1;1;0.0000;1;78204.0000;None;844600.0000
10803;2023-01-20 21:38:33.460000;7;1158;1;1;0.0000;1;78204.0000;None;844600.0000
10803;2023-01-20 21:38:33.460000;7;1158;1;1;0.0000;1;78204.0000;None;844600.0000
10803;2023-01-20 21:00:05.200000;7;1158;1;1;0.0000;1;78204.0000;None;844600.0000
10803;2023-01-20 20:39:27.550000;7;1158;1;1;0.0000;1;78204.0000;None;844600.0000
10803;2023-01-20 20:39:27.550000;7;1158;1;1;0.0000;1;78204.0000;None;844600.0000
32843;2023-01-20 13:47:20.773000;7;1158;1;1;0.0000;1;35074.0000;None;378800.0000
32843;2023-01-20 13:47:20.773000;7;1158;1;1;0.0000;1;35074.0000;None;378800.0000
32844;2023-01-20 14:13:14.743000;7;1158;1;1;0.0000;1;23482.0000;None;253600.0000
32844;2023-01-20 14:13:14.743000;7;1158;1;1;0.0000;1;23482.0000;None;253600.0000
32844;2023-01-20 14:13:14.743000;7;1158;1;1;0.0000;1;23482.0000;None;253600.0000
243;2023-01-20 19:15:52.457000;7;1158;1;1;0.0000;1;8982.0000;None;97000.0000
243;2023-01-20 19:15:52.457000;7;1158;1;1;0.0000;1;8982.0000;None;97000.0000
10804;2023-01-20 19:14:43.460000;7;1158;1;1;None;1;9852.0000;None;106400.0000
10804;2023-01-20 19:14:43.460000;7;1158;1;1;None;1;9852.0000;None;106400.0000
10804;2023-01-20 19:14:43.460000;7;1158;1;1;None;1;9852.0000;None;106400.0000
10804;2023-01-20 19:14:43.460000;7;1158;1;1;None;1;9852.0000;None;106400.0000
244;2023-01-20 19:31:08.083000;7;1158;1;1;0.0000;1;34759.0000;None;375400.0000
244;2023-01-20 19:31:08.130000;7;1158;1;1;0.0000;1;34759.0000;None;375400.0000
244;2023-01-20 19:31:08.130000;7;1158;1;1;0.0000;1;34759.0000;None;375400.0000
244;2023-01-20 19:31:08.083000;7;1158;1;1;0.0000;1;34759.0000;None;375400.0000
244;2023-01-20 20:17:39.463000;7;1158;1;1;0.0000;1;34759.0000;None;375400.0000
244;2023-01-20 20:17:39.463000;7;1158;1;1;0.0000;1;34759.0000;None;375400.0000
30792;2023-01-20 19:50:31.427000;7;1158;1;1;0.0000;1;None;None;196400.0000
30792;2023-01-20 19:50:31.427000;7;1158;1;1;0.0000;1;None;None;196400.0000
245;2023-01-20 20:19:27.577000;7;1158;1;1;0.0000;1;77445.0000;None;836400.0000
10807;2023-01-20 19:45:43.080000;7;1158;1;1;0.0000;1;None;None;204600.0000
10807;2023-01-20 19:45:43.080000;7;1158;1;1;0.0000;1;None;None;204600.0000
30794;2023-01-20 20:09:31.297000;7;1158;1;1;None;1;44019.0000;None;475400.0000
30794;2023-01-20 20:09:31.297000;7;1158;1;1;None;1;44019.0000;None;475400.0000
30794;2023-01-20 20:29:55.587000;7;1158;1;-1;0.0000;1;44019.0000;None;475400.0000
30794;2023-01-20 20:29:55.587000;7;1158;1;-1;0.0000;1;44019.0000;None;475400.0000
32850;2023-01-20 19:51:14.897000;7;1158;1;1;0.0000;1;3500.0000;None;37800.0000
30794;2023-01-20 20:59:58.950000;7;1158;1;1;0.0000;1;44019.0000;None;475400.0000
30794;2023-01-20 20:59:58.950000;7;1158;1;1;0.0000;1;44019.0000;None;475400.0000
30794;2023-01-20 20:59:58.950000;7;1158;1;1;0.0000;1;44019.0000;None;475400.0000
30794;2023-01-20 20:59:58.950000;7;1158;1;1;0.0000;1;44019.0000;None;475400.0000
249;2023-01-20 20:17:50.407000;7;1158;1;1;0.0000;1;23667.0000;None;255600.0000
249;2023-01-20 20:17:50.407000;7;1158;1;1;0.0000;1;23667.0000;None;255600.0000
249;2023-01-20 20:20:36.637000;7;1158;1;1;0.0000;1;23667.0000;None;255600.0000
249;2023-01-20 20:20:36.637000;7;1158;1;1;0.0000;1;23667.0000;None;255600.0000
32851;2023-01-20 19:55:40.617000;7;1158;1;1;0.0000;1;8259.0000;None;89200.0000
32851;2023-01-20 19:55:40.617000;7;1158;1;1;0.0000;1;8259.0000;None;89200.0000
30806;2023-01-20 21:53:13.147000;7;1158;1;1;0.0000;1;13945.0000;None;150600.0000
30806;2023-01-20 21:53:13.147000;7;1158;1;1;0.0000;1;13945.0000;None;150600.0000
10818;2023-01-20 21:44:23.587000;7;1158;1;1;0.0000;1;23945.0000;None;258600.0000
10818;2023-01-20 21:44:23.587000;7;1158;1;1;0.0000;1;23945.0000;None;258600.0000
30806;2023-01-20 21:40:43.973000;7;1158;1;1;0.0000;1;13945.0000;None;150600.0000
30806;2023-01-20 21:40:43.973000;7;1158;1;1;0.0000;1;13945.0000;None;150600.0000
267;2023-01-20 22:59:19.827000;7;1158;1;1;0.0000;1;18907.0000;None;204200.0000
267;2023-01-20 22:59:19.827000;7;1158;1;1;0.0000;1;18907.0000;None;204200.0000
267;2023-01-20 20:22:50.543000;7;1158;1;1;0.0000;1;18907.0000;None;204200.0000
267;2023-01-20 21:16:54.887000;7;1158;1;-1;0.0000;1;18907.0000;None;204200.0000
10819;2023-01-20 21:52:09.737000;7;1158;1;1;0.0000;1;6259.0000;None;67600.0000
10819;2023-01-20 21:52:09.737000;7;1158;1;1;0.0000;1;6259.0000;None;67600.0000
253;2023-01-20 20:41:47.317000;7;1158;1;1;0.0000;1;7482.0000;None;80800.0000
253;2023-01-20 20:41:47.317000;7;1158;1;1;0.0000;1;7482.0000;None;80800.0000
251;2023-01-20 20:21:53.387000;7;1158;1;1;0.0000;1;14352.0000;None;155000.0000
251;2023-01-20 20:21:53.387000;7;1158;1;1;0.0000;1;14352.0000;None;155000.0000
10815;2023-01-20 20:37:03.447000;7;1158;1;1;0.0000;1;11648.0000;None;125800.0000
10815;2023-01-20 20:37:03.447000;7;1158;1;1;0.0000;1;11648.0000;None;125800.0000
10815;2023-01-20 20:37:03.447000;7;1158;1;1;0.0000;1;11648.0000;None;125800.0000
255;2023-01-20 20:39:30.173000;7;1158;1;1;0.0000;1;37574.0000;None;405800.0000
255;2023-01-20 20:39:30.173000;7;1158;1;1;0.0000;1;37574.0000;None;405800.0000
30804;2023-01-20 21:00:27.020000;7;1158;1;1;0.0000;1;39926.0000;None;431200.0000
30804;2023-01-20 21:04:49.650000;7;1158;1;1;0.0000;1;39926.0000;None;431200.0000
30804;2023-01-20 21:04:49.650000;7;1158;1;1;0.0000;1;39926.0000;None;431200.0000
30803;2023-01-20 20:49:28.440000;7;1158;1;1;0.0000;1;26574.0000;None;287000.0000
30803;2023-01-20 21:41:42.303000;7;1158;1;1;0.0000;1;26574.0000;None;287000.0000
30803;2023-01-20 21:41:42.303000;7;1158;1;1;0.0000;1;26574.0000;None;287000.0000
228;2023-01-20 13:11:24.037000;7;1158;1;1;0.0000;1;15195.0000;None;164100.0000
228;2023-01-20 13:11:24.037000;7;1158;1;1;0.0000;1;15195.0000;None;164100.0000
236;2023-01-20 13:26:22.953000;7;1158;1;1;None;1;16759.0000;None;181000.0000
236;2023-01-20 13:26:22.953000;7;1158;1;1;None;1;16759.0000;None;181000.0000
32841;2023-01-20 13:57:14.903000;7;1158;1;1;0.0000;1;12056.0000;None;130200.0000
32841;2023-01-20 13:57:14.903000;7;1158;1;1;0.0000;1;12056.0000;None;130200.0000
32841;2023-01-20 13:55:07.267000;7;1158;1;1;0.0000;1;12056.0000;None;130200.0000
32841;2023-01-20 13:55:07.267000;7;1158;1;1;0.0000;1;12056.0000;None;130200.0000
32842;2023-01-20 13:23:00.043000;7;1158;1;1;0.0000;1;14741.0000;None;159200.0000
32842;2023-01-20 13:23:00.043000;7;1158;1;1;0.0000;1;14741.0000;None;159200.0000
32842;2023-01-20 13:23:00.043000;7;1158;1;1;0.0000;1;14741.0000;None;159200.0000
32842;2023-01-20 13:23:00.043000;7;1158;1;1;0.0000;1;14741.0000;None;159200.0000
233;2023-01-20 13:32:54.250000;7;1158;1;1;0.0000;1;35926.0000;None;388000.0000
233;2023-01-20 13:32:54.250000;7;1158;1;1;0.0000;1;35926.0000;None;388000.0000
233;2023-01-20 13:32:54.250000;7;1158;1;1;0.0000;1;35926.0000;None;388000.0000
233;2023-01-20 13:32:54.250000;7;1158;1;1;0.0000;1;35926.0000;None;388000.0000
10792;2023-01-20 13:24:48.730000;7;1158;1;1;0.0000;1;22463.0000;None;242600.0000
10792;2023-01-20 13:24:48.730000;7;1158;1;1;0.0000;1;22463.0000;None;242600.0000
32841;2023-01-20 13:39:39.253000;7;1158;1;1;0.0000;1;12056.0000;None;130200.0000
32841;2023-01-20 13:39:39.253000;7;1158;1;1;0.0000;1;12056.0000;None;130200.0000
32841;2023-01-20 13:39:39.253000;7;1158;1;1;0.0000;1;12056.0000;None;130200.0000
233;2023-01-20 13:00:49.220000;7;1158;1;1;0.0000;1;35926.0000;None;388000.0000
233;2023-01-20 13:00:49.220000;7;1158;1;1;0.0000;1;35926.0000;None;388000.0000
10803;2023-01-20 21:38:33.460000;7;1187;1;1;0.0000;1;78204.0000;None;844600.0000
10803;2023-01-20 20:39:27.550000;7;1187;1;1;0.0000;1;78204.0000;None;844600.0000
10803;2023-01-20 20:59:45.533000;7;1207;1;1;0.0000;1;78204.0000;None;844600.0000
10803;2023-01-20 21:40:14.967000;7;1207;1;1;0.0000;1;78204.0000;None;844600.0000
10803;2023-01-20 22:49:44.503000;7;1207;1;1;0.0000;1;78204.0000;None;844600.0000
30794;2023-01-20 22:07:15.417000;7;1207;1;1;0.0000;1;44019.0000;None;475400.0000
253;2023-01-20 21:12:25.447000;7;1207;1;1;0.0000;1;7482.0000;None;80800.0000
30800;2023-01-20 21:37:42.787000;7;1207;1;1;0.0000;1;45019.0000;None;486200.0000
30800;2023-01-20 20:11:08.357000;7;1207;1;1;0.0000;1;45019.0000;None;486200.0000
30800;2023-01-20 21:03:07.653000;7;1207;1;1;0.0000;1;45019.0000;None;486200.0000
264;2023-01-20 21:52:52.187000;7;1207;1;1;0.0000;1;14963.0000;None;161600.0000
30806;2023-01-20 21:14:52.553000;7;1207;1;1;0.0000;1;13945.0000;None;150600.0000
30805;2023-01-20 22:00:57.020000;7;1207;1;1;0.0000;1;43056.0000;None;465000.0000
232;2023-01-20 14:36:31.100000;7;1207;1;1;0.0000;1;14056.0000;None;151800.0000
32841;2023-01-20 13:13:23.170000;7;1207;1;1;0.0000;1;12056.0000;None;130200.0000
228;2023-01-20 13:11:24.037000;7;1213;1;1;0.0000;1;15195.0000;None;164100.0000
10791;2023-01-20 12:36:13.440000;7;1213;1;3;0.0000;1;None;None;1006500.0000
10790;2023-01-20 12:28:44.943000;7;1213;1;1;0.0000;1;None;None;1319120.0000
30785;2023-01-20 13:23:59.390000;7;1213;1;1;0.0000;1;61500.0000;None;664200.0000
10793;2023-01-20 14:55:13.593000;7;1213;1;1;0.0000;1;51000.0000;None;550800.0000
264;2023-01-20 21:52:52.187000;7;1213;1;1;0.0000;1;14963.0000;None;161600.0000
10808;2023-01-20 19:57:35.900000;7;1213;1;1;0.0000;1;None;None;238260.0000
10808;2023-01-20 19:57:35.900000;7;1213;1;1;0.0000;1;None;None;238260.0000
10807;2023-01-20 19:45:43.080000;7;1213;1;1;0.0000;1;None;None;204600.0000
10804;2023-01-20 19:14:43.460000;7;1213;1;1;None;1;9852.0000;None;106400.0000
10804;2023-01-20 19:14:43.460000;7;1213;1;1;None;1;9852.0000;None;106400.0000
10803;2023-01-20 19:10:48.843000;7;1213;1;1;None;1;78204.0000;None;844600.0000
10799;2023-01-20 16:25:13.730000;7;1213;1;1;0.0000;1;None;None;463980.0000
10794;2023-01-20 14:09:50.947000;7;1213;1;1;None;1;14019.0000;None;151400.0000
10794;2023-01-20 14:09:50.947000;7;1213;1;1;None;1;14019.0000;None;151400.0000
10794;2023-01-20 14:09:50.947000;7;1213;1;1;None;1;14019.0000;None;151400.0000
10794;2023-01-20 14:09:50.967000;7;1213;1;1;None;1;14019.0000;None;151400.0000
30789;2023-01-20 14:52:06.457000;7;1220;1;1;0.0000;1;25685.0000;None;277400.0000
30803;2023-01-20 21:29:40.203000;7;1220;1;1;0.0000;1;26574.0000;None;287000.0000
236;2023-01-20 13:42:40.483000;7;1220;1;1;0.0000;1;16759.0000;None;181000.0000
236;2023-01-20 13:42:40.483000;7;1220;1;1;0.0000;1;16759.0000;None;181000.0000
236;2023-01-20 13:42:40.483000;7;1220;1;1;0.0000;1;16759.0000;None;181000.0000
30785;2023-01-20 13:38:06.450000;7;1220;1;1;0.0000;1;61500.0000;None;664200.0000
234;2023-01-20 13:30:41.837000;7;1220;1;1;0.0000;1;15463.0000;None;167000.0000
234;2023-01-20 13:30:41.837000;7;1220;1;1;0.0000;1;15463.0000;None;167000.0000
234;2023-01-20 13:30:41.837000;7;1220;1;1;0.0000;1;15463.0000;None;167000.0000
30785;2023-01-20 13:23:59.390000;7;1245;1;1;0.0000;1;61500.0000;None;664200.0000
30786;2023-01-20 13:24:57.760000;7;1245;1;1;0.0000;1;None;4990.0000;99800.0000
30803;2023-01-20 20:49:28.440000;7;1245;1;1;0.0000;1;26574.0000;None;287000.0000
30803;2023-01-20 20:49:28.440000;7;1245;1;1;0.0000;1;26574.0000;None;287000.0000
10812;2023-01-20 20:29:45.190000;7;1245;1;1;0.0000;1;15463.0000;None;167000.0000
10812;2023-01-20 20:29:45.190000;7;1245;1;1;0.0000;1;15463.0000;None;167000.0000
30793;2023-01-20 21:22:12.307000;7;1245;1;1;0.0000;1;30056.0000;None;324600.0000
30792;2023-01-20 20:04:48.490000;7;1245;1;1;0.0000;1;None;None;196400.0000
30794;2023-01-20 20:41:49.820000;7;1245;1;1;0.0000;1;44019.0000;None;475400.0000
30785;2023-01-20 14:26:55.847000;7;1247;1;1;0.0000;1;61500.0000;None;664200.0000
30794;2023-01-20 21:59:12.783000;7;1247;1;1;0.0000;1;44019.0000;None;475400.0000
32844;2023-01-20 14:50:34.967000;7;1247;1;1;0.0000;1;23482.0000;None;253600.0000
264;2023-01-20 22:35:03.983000;7;1247;1;1;0.0000;1;14963.0000;None;161600.0000
257;2023-01-20 22:03:54.230000;7;1303;1;1;0.0000;1;26815.0000;None;289600.0000
257;2023-01-20 22:03:54.230000;7;1303;1;1;0.0000;1;26815.0000;None;289600.0000
257;2023-01-20 22:03:54.230000;7;1303;1;1;0.0000;1;26815.0000;None;289600.0000
30791;2023-01-20 14:51:51.003000;7;1303;1;1;0.0000;1;11759.0000;None;127000.0000
30788;2023-01-20 14:21:33.853000;7;1303;1;1;0.0000;1;14815.0000;None;160000.0000
30805;2023-01-20 21:09:49.277000;7;2001;1;1;0.0000;1;43056.0000;None;465000.0000
30804;2023-01-20 22:06:55.387000;7;2006;1;1;0.0000;1;39926.0000;None;431200.0000
261;2023-01-20 21:25:44.403000;7;2008;1;1;0.0000;1;33445.0000;None;361200.0000
261;2023-01-20 21:25:44.403000;7;2008;1;1;0.0000;1;33445.0000;None;361200.0000
261;2023-01-20 21:25:44.403000;7;2008;1;1;0.0000;1;33445.0000;None;361200.0000
259;2023-01-20 21:19:59.810000;7;2008;1;1;0.0000;1;50408.0000;None;544400.0000
259;2023-01-20 21:19:59.810000;7;2008;1;1;0.0000;1;50408.0000;None;544400.0000
10818;2023-01-20 21:47:54.823000;7;2008;1;3;0.0000;1;23945.0000;None;258600.0000
30801;2023-01-20 20:22:50.543000;7;2008;1;2;0.0000;1;None;None;194800.0000
30798;2023-01-20 20:01:36.353000;7;2008;1;2;0.0000;1;30352.0000;None;327800.0000
30790;2023-01-20 13:50:50.417000;7;2008;1;2;None;1;24908.0000;None;269000.0000
30790;2023-01-20 13:57:47.553000;7;2008;1;-2;0.0000;1;24908.0000;None;269000.0000
30790;2023-01-20 13:56:03.147000;7;2008;1;2;0.0000;1;24908.0000;None;269000.0000
32843;2023-01-20 13:47:20.773000;7;2008;1;2;0.0000;1;35074.0000;None;378800.0000
10803;2023-01-20 20:24:37.573000;7;2008;1;5;0.0000;1;78204.0000;None;844600.0000
245;2023-01-20 19:32:04.623000;7;2008;1;2;0.0000;1;77445.0000;None;836400.0000
244;2023-01-20 19:31:08.130000;7;2008;1;2;0.0000;1;34759.0000;None;375400.0000
233;2023-01-20 14:44:08.350000;7;2008;1;3;0.0000;1;35926.0000;None;388000.0000
231;2023-01-20 12:54:59.200000;7;2008;1;2;0.0000;1;18426.0000;None;199000.0000
226;2023-01-20 12:17:30.127000;7;2010;1;1;None;1;29426.0000;None;317800.0000
230;2023-01-20 12:51:45.787000;7;2012;1;1;0.0000;1;10278.0000;None;111000.0000
250;2023-01-20 19:58:43.010000;7;2012;1;1;0.0000;1;12222.0000;None;132000.0000
10803;2023-01-20 20:24:37.573000;7;2013;1;1;0.0000;1;78204.0000;None;844600.0000
10813;2023-01-20 20:33:26.277000;7;2034;1;1;0.0000;1;5130.0000;None;55400.0000
10813;2023-01-20 20:33:26.277000;7;2034;1;1;0.0000;1;5130.0000;None;55400.0000
262;2023-01-20 21:26:43.847000;7;2045;1;1;0.0000;1;10667.0000;None;115200.0000
10793;2023-01-20 14:29:27.593000;7;2050;1;1;0.0000;1;51000.0000;None;550800.0000
245;2023-01-20 19:32:04.623000;7;2052;1;1;0.0000;1;77445.0000;None;836400.0000
30800;2023-01-20 20:11:08.357000;7;2063;1;1;0.0000;1;45019.0000;None;486200.0000
30801;2023-01-20 20:22:50.543000;7;2072;1;1;0.0000;1;None;None;194800.0000
30792;2023-01-20 19:43:56.830000;7;2072;1;1;0.0000;1;None;None;196400.0000
10792;2023-01-20 13:14:52.037000;7;2072;1;1;0.0000;1;22463.0000;None;242600.0000
10793;2023-01-20 14:55:13.593000;8;100567;1;1;0.0000;1;51000.0000;None;550800.0000
30785;2023-01-20 14:47:08.323000;3;100596;1;1;5800.0000;1;61500.0000;None;664200.0000
10803;2023-01-20 22:49:44.503000;3;100596;1;1;5800.0000;1;78204.0000;None;844600.0000
267;2023-01-20 22:26:54.820000;3;100596;1;1;5800.0000;1;18907.0000;None;204200.0000
267;2023-01-20 23:20:22.107000;3;100596;1;-1;-5800.0000;1;18907.0000;None;204200.0000
227;2023-01-20 13:13:40.477000;3;100606;1;1;6800.0000;1;9259.0000;None;100000.0000
10793;2023-01-20 15:30:30.370000;3;100613;1;1;5800.0000;1;51000.0000;None;550800.0000
32841;2023-01-20 14:40:39.950000;3;100614;1;1;5800.0000;1;12056.0000;None;130200.0000
32841;2023-01-20 13:13:23.170000;3;100614;1;1;5800.0000;1;12056.0000;None;130200.0000
233;2023-01-20 14:44:08.350000;3;100614;1;3;17400.0000;1;35926.0000;None;388000.0000
232;2023-01-20 14:36:31.100000;3;100614;1;1;5800.0000;1;14056.0000;None;151800.0000
30805;2023-01-20 22:00:57.020000;3;100614;1;2;11600.0000;1;43056.0000;None;465000.0000
30800;2023-01-20 21:37:42.787000;3;100614;1;1;5800.0000;1;45019.0000;None;486200.0000
253;2023-01-20 21:12:25.447000;3;100614;1;1;5800.0000;1;7482.0000;None;80800.0000
10803;2023-01-20 22:49:44.503000;3;100614;1;1;5800.0000;1;78204.0000;None;844600.0000
10803;2023-01-20 22:49:44.503000;3;100614;1;1;5800.0000;1;78204.0000;None;844600.0000
32843;2023-01-20 14:45:33.263000;3;100614;1;1;5800.0000;1;35074.0000;None;378800.0000
32843;2023-01-20 14:45:33.263000;3;100614;1;1;5800.0000;1;35074.0000;None;378800.0000
32844;2023-01-20 14:50:19.877000;3;100614;1;1;5800.0000;1;23482.0000;None;253600.0000
245;2023-01-20 21:49:41.393000;3;100614;1;1;5800.0000;1;77445.0000;None;836400.0000
243;2023-01-20 19:15:52.457000;3;100614;1;1;5800.0000;1;8982.0000;None;97000.0000
30794;2023-01-20 22:04:12.277000;3;100614;1;1;5800.0000;1;44019.0000;None;475400.0000
30794;2023-01-20 22:07:15.417000;3;100614;1;1;5800.0000;1;44019.0000;None;475400.0000
30794;2023-01-20 22:07:15.417000;3;100614;1;1;5800.0000;1;44019.0000;None;475400.0000
30794;2023-01-20 22:07:15.417000;3;100614;1;1;5800.0000;1;44019.0000;None;475400.0000
30794;2023-01-20 22:07:15.417000;3;100614;1;1;5800.0000;1;44019.0000;None;475400.0000
32852;2023-01-20 20:50:44.410000;1;100879;1;1;48600.0000;1;17945.0000;None;193800.0000
30804;2023-01-20 21:04:49.650000;8;100953;1;1;44800.0000;1;39926.0000;None;431200.0000
30802;2023-01-20 20:23:21.200000;8;100953;1;1;44800.0000;1;11370.0000;None;122800.0000
30799;2023-01-20 21:03:21.343000;8;100953;1;1;44800.0000;1;15056.0000;None;162600.0000
30800;2023-01-20 20:23:48.517000;8;100953;1;1;44800.0000;1;45019.0000;None;486200.0000
30806;2023-01-20 21:40:43.973000;8;100953;1;1;44800.0000;1;13945.0000;None;150600.0000
32851;2023-01-20 19:55:40.617000;8;100953;1;1;44800.0000;1;8259.0000;None;89200.0000
246;2023-01-20 19:41:22.180000;8;100953;1;1;44800.0000;1;40352.0000;None;435800.0000
30789;2023-01-20 14:26:41.677000;8;100953;1;1;44800.0000;1;25685.0000;None;277400.0000
30790;2023-01-20 13:52:07.927000;8;100953;1;1;44800.0000;1;24908.0000;None;269000.0000
238;2023-01-20 14:02:08.870000;8;100953;1;1;44800.0000;1;16000.0000;None;172800.0000
10803;2023-01-20 21:00:05.200000;8;100953;1;1;44800.0000;1;78204.0000;None;844600.0000
235;2023-01-20 14:11:51.270000;8;100953;1;1;44800.0000;1;15907.0000;None;171800.0000
30785;2023-01-20 13:23:59.390000;8;100954;1;1;39800.0000;1;61500.0000;None;664200.0000
10791;2023-01-20 12:36:13.440000;8;100954;1;1;39800.0000;1;None;None;1006500.0000
30805;2023-01-20 21:20:13.940000;8;100954;1;1;39800.0000;1;43056.0000;None;465000.0000
30805;2023-01-20 21:18:21.237000;8;100954;1;1;39800.0000;1;43056.0000;None;465000.0000
10791;2023-01-20 12:36:13.440000;8;100990;1;1;69800.0000;1;None;None;1006500.0000
232;2023-01-20 14:36:31.100000;3;100999;1;1;5800.0000;1;14056.0000;None;151800.0000
10808;2023-01-20 19:57:35.900000;8;101025;1;1;16800.0000;1;None;None;238260.0000
10808;2023-01-20 19:57:35.900000;8;101025;1;1;16800.0000;1;None;None;238260.0000
267;2023-01-20 21:16:54.887000;8;101026;1;-2;-67600.0000;1;18907.0000;None;204200.0000
267;2023-01-20 20:22:50.543000;8;101026;1;2;67600.0000;1;18907.0000;None;204200.0000
10794;2023-01-20 14:09:50.967000;8;101026;1;1;33800.0000;1;14019.0000;None;151400.0000
10806;2023-01-20 19:43:23.567000;8;101026;1;1;33800.0000;1;None;None;120340.0000
10791;2023-01-20 12:36:13.440000;8;101026;1;1;33800.0000;1;None;None;1006500.0000
30785;2023-01-20 13:23:59.390000;8;101040;1;1;45800.0000;1;61500.0000;None;664200.0000
32842;2023-01-20 13:23:00.043000;8;101040;1;1;45800.0000;1;14741.0000;None;159200.0000
234;2023-01-20 13:05:23.157000;1;101045;1;1;65800.0000;1;15463.0000;None;167000.0000
10793;2023-01-20 13:11:13.717000;1;101048;1;1;44800.0000;1;51000.0000;None;550800.0000
10807;2023-01-20 19:45:43.080000;1;101048;1;1;44800.0000;1;None;None;204600.0000
10808;2023-01-20 19:57:35.900000;1;101048;1;1;44800.0000;1;None;None;238260.0000
10808;2023-01-20 19:57:35.900000;1;101048;1;1;44800.0000;1;None;None;238260.0000
10808;2023-01-20 19:57:35.900000;1;101048;1;1;44800.0000;1;None;None;238260.0000
30794;2023-01-20 20:41:49.820000;1;101050;1;1;49800.0000;1;44019.0000;None;475400.0000
10792;2023-01-20 13:24:48.730000;1;101050;1;1;49800.0000;1;22463.0000;None;242600.0000
30785;2023-01-20 13:23:59.390000;1;101051;1;1;49800.0000;1;61500.0000;None;664200.0000
32849;2023-01-20 19:45:40.390000;8;101187;1;1;18800.0000;1;13333.0000;None;144000.0000
10804;2023-01-20 19:14:43.460000;8;101187;1;1;18800.0000;1;9852.0000;None;106400.0000
248;2023-01-20 21:27:35.497000;3;101208;1;1;12800.0000;1;18926.0000;None;204400.0000
248;2023-01-20 21:27:35.497000;3;101208;1;1;12800.0000;1;18926.0000;None;204400.0000
32841;2023-01-20 14:40:39.950000;3;101216;1;1;4800.0000;1;12056.0000;None;130200.0000
32849;2023-01-20 19:39:41.653000;1;101270;1;1;0.0000;1;13333.0000;None;144000.0000
30789;2023-01-20 13:50:27.157000;1;101318;1;1;35800.0000;1;25685.0000;None;277400.0000
30794;2023-01-20 20:41:49.820000;1;101320;1;1;27800.0000;1;44019.0000;None;475400.0000
30792;2023-01-20 20:04:48.490000;1;101321;1;1;26800.0000;1;None;None;196400.0000
32845;2023-01-20 15:38:59.280000;1;101321;1;1;26800.0000;1;4296.0000;None;46400.0000
30786;2023-01-20 13:24:57.760000;1;101321;1;1;26800.0000;1;None;4990.0000;99800.0000
230;2023-01-20 12:51:45.787000;1;101321;1;1;26800.0000;1;10278.0000;None;111000.0000
238;2023-01-20 14:14:26.053000;1;101323;1;1;28800.0000;1;16000.0000;None;172800.0000
10804;2023-01-20 19:14:43.460000;1;101323;1;1;28800.0000;1;9852.0000;None;106400.0000
32852;2023-01-20 20:50:44.410000;6;101408;1;1;0.0000;1;17945.0000;None;193800.0000
32852;2023-01-20 20:50:44.410000;6;101546;1;1;0.0000;1;17945.0000;None;193800.0000
245;2023-01-20 20:19:27.577000;6;101546;1;1;0.0000;1;77445.0000;None;836400.0000
10790;2023-01-20 12:28:44.943000;6;101546;1;1;0.0000;1;None;None;1319120.0000
10790;2023-01-20 12:28:44.943000;6;101546;1;1;0.0000;1;None;None;1319120.0000
236;2023-01-20 13:26:22.953000;6;101546;1;1;None;1;16759.0000;None;181000.0000
226;2023-01-20 13:24:58.897000;2;101709;1;1;28800.0000;1;29426.0000;None;317800.0000
226;2023-01-20 12:47:58.920000;2;101709;1;1;28800.0000;1;29426.0000;None;317800.0000
226;2023-01-20 12:17:30.127000;2;101709;1;1;28800.0000;1;29426.0000;None;317800.0000
244;2023-01-20 19:31:08.130000;2;101709;1;1;28800.0000;1;34759.0000;None;375400.0000
244;2023-01-20 19:31:08.130000;2;101709;1;1;28800.0000;1;34759.0000;None;375400.0000
249;2023-01-20 21:53:51.620000;2;101727;1;1;32800.0000;1;23667.0000;None;255600.0000
249;2023-01-20 19:54:34.127000;2;101727;1;1;32800.0000;1;23667.0000;None;255600.0000
249;2023-01-20 19:54:34.127000;2;101727;1;1;32800.0000;1;23667.0000;None;255600.0000
10803;2023-01-20 19:38:33.713000;2;101727;1;1;32800.0000;1;78204.0000;None;844600.0000
32852;2023-01-20 20:41:23.290000;2;101727;1;1;32800.0000;1;17945.0000;None;193800.0000
237;2023-01-20 13:43:51.670000;2;101727;1;1;32800.0000;1;18667.0000;None;201600.0000
237;2023-01-20 13:43:51.670000;2;101727;1;1;32800.0000;1;18667.0000;None;201600.0000
10791;2023-01-20 12:36:13.440000;8;101883;1;1;54800.0000;1;None;None;1006500.0000
238;2023-01-20 14:14:26.053000;8;101883;1;1;54800.0000;1;16000.0000;None;172800.0000
10812;2023-01-20 20:29:45.190000;8;101885;1;1;29800.0000;1;15463.0000;None;167000.0000
30800;2023-01-20 21:37:42.787000;1;101891;1;1;16800.0000;1;45019.0000;None;486200.0000
30800;2023-01-20 21:37:42.787000;1;101891;1;1;16800.0000;1;45019.0000;None;486200.0000
245;2023-01-20 21:49:41.393000;1;101891;1;1;16800.0000;1;77445.0000;None;836400.0000
30785;2023-01-20 14:13:26.097000;1;101891;1;1;16800.0000;1;61500.0000;None;664200.0000
229;2023-01-20 13:35:25.010000;1;101895;1;1;16800.0000;1;39982.0000;None;431800.0000
32844;2023-01-20 14:50:19.877000;1;101895;1;1;16800.0000;1;23482.0000;None;253600.0000
30789;2023-01-20 14:39:37.017000;1;101927;1;1;129800.0000;1;25685.0000;None;277400.0000
245;2023-01-20 20:19:27.577000;1;101927;1;1;129800.0000;1;77445.0000;None;836400.0000
30801;2023-01-20 20:22:50.543000;1;101927;1;1;129800.0000;1;None;None;194800.0000
255;2023-01-20 20:39:30.173000;1;101927;1;1;129800.0000;1;37574.0000;None;405800.0000
257;2023-01-20 21:10:54.963000;1;101927;1;1;129800.0000;1;26815.0000;None;289600.0000
229;2023-01-20 12:50:53.940000;1;101927;1;1;129800.0000;1;39982.0000;None;431800.0000
229;2023-01-20 12:50:53.940000;1;101927;1;1;129800.0000;1;39982.0000;None;431800.0000
10791;2023-01-20 12:36:13.440000;1;101929;1;3;50400.0000;1;None;None;1006500.0000
10790;2023-01-20 12:28:44.943000;1;101929;1;10;168000.0000;1;None;None;1319120.0000
30800;2023-01-20 20:19:39.067000;1;101929;1;1;16800.0000;1;45019.0000;None;486200.0000
10810;2023-01-20 20:02:28.840000;1;101929;1;1;16800.0000;1;None;None;60060.0000
235;2023-01-20 13:12:15.367000;8;101953;1;1;42800.0000;1;15907.0000;None;171800.0000
30804;2023-01-20 22:06:55.387000;8;101970;1;1;119800.0000;1;39926.0000;None;431200.0000
261;2023-01-20 21:25:44.403000;8;101970;1;1;119800.0000;1;33445.0000;None;361200.0000
254;2023-01-20 20:28:41.303000;8;101971;1;1;48800.0000;1;36241.0000;None;391400.0000
30797;2023-01-20 20:02:16.853000;8;101971;1;1;48800.0000;1;19889.0000;None;214800.0000
30792;2023-01-20 20:04:48.490000;8;101971;1;1;48800.0000;1;None;None;196400.0000
32843;2023-01-20 14:18:08.100000;2;101978;1;1;49800.0000;1;35074.0000;None;378800.0000
32843;2023-01-20 13:47:20.773000;2;101978;1;1;49800.0000;1;35074.0000;None;378800.0000
10791;2023-01-20 12:36:13.440000;8;101992;1;1;31800.0000;1;None;None;1006500.0000
10790;2023-01-20 12:28:44.943000;8;101996;1;5;79000.0000;1;None;None;1319120.0000
32841;2023-01-20 13:39:39.253000;8;101996;1;1;15800.0000;1;12056.0000;None;130200.0000
232;2023-01-20 13:20:32.847000;8;101996;1;1;15800.0000;1;14056.0000;None;151800.0000
30788;2023-01-20 13:34:15.607000;8;101996;1;1;15800.0000;1;14815.0000;None;160000.0000
30790;2023-01-20 13:50:50.417000;8;101996;1;1;15800.0000;1;24908.0000;None;269000.0000
30792;2023-01-20 19:50:31.427000;8;101996;1;1;15800.0000;1;None;None;196400.0000
246;2023-01-20 19:41:22.180000;8;101996;1;1;15800.0000;1;40352.0000;None;435800.0000
246;2023-01-20 19:41:22.180000;8;101996;1;1;15800.0000;1;40352.0000;None;435800.0000
10805;2023-01-20 19:19:34.033000;8;101996;1;1;15800.0000;1;None;None;133100.0000
10815;2023-01-20 20:37:03.447000;8;101996;1;1;15800.0000;1;11648.0000;None;125800.0000
10818;2023-01-20 21:44:23.587000;8;101996;1;1;15800.0000;1;23945.0000;None;258600.0000
257;2023-01-20 21:10:54.963000;8;101996;1;1;15800.0000;1;26815.0000;None;289600.0000
30805;2023-01-20 21:09:49.277000;8;102052;1;1;59800.0000;1;43056.0000;None;465000.0000
254;2023-01-20 20:34:09.613000;8;102052;1;1;59800.0000;1;36241.0000;None;391400.0000
30798;2023-01-20 20:14:10.237000;8;102052;1;1;59800.0000;1;30352.0000;None;327800.0000
30800;2023-01-20 20:19:39.067000;8;102052;1;1;59800.0000;1;45019.0000;None;486200.0000
245;2023-01-20 19:55:50.033000;8;102052;1;1;59800.0000;1;77445.0000;None;836400.0000
10792;2023-01-20 13:11:13.717000;8;102052;1;1;59800.0000;1;22463.0000;None;242600.0000
10791;2023-01-20 12:36:13.440000;8;102052;1;4;239200.0000;1;None;None;1006500.0000
30785;2023-01-20 14:47:08.323000;3;102102;1;1;9800.0000;1;61500.0000;None;664200.0000
10809;2023-01-20 19:58:33.797000;8;102143;1;1;3800.0000;1;None;None;137500.0000
259;2023-01-20 21:33:45.070000;8;102340;1;1;33800.0000;1;50408.0000;None;544400.0000
10796;2023-01-20 14:34:41.037000;8;102340;1;1;33800.0000;1;3130.0000;None;33800.0000
30794;2023-01-20 20:41:49.820000;1;102395;1;1;39800.0000;1;44019.0000;None;475400.0000
10791;2023-01-20 12:36:13.440000;1;102447;1;6;100800.0000;1;None;None;1006500.0000
228;2023-01-20 12:41:54.803000;1;102455;1;1;37800.0000;1;15195.0000;None;164100.0000
10793;2023-01-20 14:28:54.917000;1;102455;1;1;37800.0000;1;51000.0000;None;550800.0000
30790;2023-01-20 13:52:07.927000;1;102455;1;1;37800.0000;1;24908.0000;None;269000.0000
10803;2023-01-20 21:00:05.200000;1;102455;1;1;37800.0000;1;78204.0000;None;844600.0000
10803;2023-01-20 21:00:05.200000;1;102455;1;1;37800.0000;1;78204.0000;None;844600.0000
30803;2023-01-20 21:41:42.303000;1;102455;1;1;37800.0000;1;26574.0000;None;287000.0000
261;2023-01-20 21:25:44.403000;1;102456;1;1;16800.0000;1;33445.0000;None;361200.0000
30806;2023-01-20 21:40:43.957000;1;102456;1;1;16800.0000;1;13945.0000;None;150600.0000
30785;2023-01-20 13:21:51.503000;1;102456;1;1;16800.0000;1;61500.0000;None;664200.0000
234;2023-01-20 13:03:51.443000;1;102457;1;1;18800.0000;1;15463.0000;None;167000.0000
231;2023-01-20 12:54:59.200000;1;102457;1;1;18800.0000;1;18426.0000;None;199000.0000
10790;2023-01-20 12:28:44.943000;1;102457;1;7;131600.0000;1;None;None;1319120.0000
30806;2023-01-20 21:53:13.147000;1;102457;1;1;18800.0000;1;13945.0000;None;150600.0000
30803;2023-01-20 20:24:35.743000;1;102457;1;1;18800.0000;1;26574.0000;None;287000.0000
30796;2023-01-20 19:56:42.570000;1;102457;1;1;18800.0000;1;9630.0000;None;104000.0000
30800;2023-01-20 20:19:39.067000;1;102457;1;1;18800.0000;1;45019.0000;None;486200.0000
30789;2023-01-20 13:50:27.157000;1;102457;1;1;18800.0000;1;25685.0000;None;277400.0000
241;2023-01-20 17:50:52.573000;1;102458;1;1;19800.0000;1;10093.0000;None;109000.0000
30794;2023-01-20 20:09:31.297000;1;102458;1;1;19800.0000;1;44019.0000;None;475400.0000
30794;2023-01-20 20:29:55.587000;1;102458;1;-1;-19800.0000;1;44019.0000;None;475400.0000
10815;2023-01-20 20:37:03.447000;1;102458;1;1;19800.0000;1;11648.0000;None;125800.0000
30785;2023-01-20 13:21:51.503000;1;102459;1;1;18800.0000;1;61500.0000;None;664200.0000
10799;2023-01-20 16:25:13.720000;1;102459;1;2;37600.0000;1;None;None;463980.0000
30789;2023-01-20 15:21:57.610000;1;102535;1;1;19800.0000;1;25685.0000;None;277400.0000
243;2023-01-20 20:07:56.133000;1;102535;1;1;19800.0000;1;8982.0000;None;97000.0000
30800;2023-01-20 21:37:42.787000;1;102535;1;1;19800.0000;1;45019.0000;None;486200.0000
261;2023-01-20 22:14:47.550000;1;102535;1;1;19800.0000;1;33445.0000;None;361200.0000
264;2023-01-20 22:35:03.983000;1;102535;1;1;19800.0000;1;14963.0000;None;161600.0000
237;2023-01-20 13:49:49.183000;8;102540;1;1;33800.0000;1;18667.0000;None;201600.0000
10803;2023-01-20 20:24:37.573000;8;102597;1;1;0.0000;1;78204.0000;None;844600.0000
30792;2023-01-20 19:43:56.830000;3;102619;1;1;7800.0000;1;None;None;196400.0000
30792;2023-01-20 19:43:56.830000;3;102633;1;1;12800.0000;1;None;None;196400.0000
32847;2023-01-20 16:39:32.593000;3;102633;1;1;12800.0000;1;11852.0000;None;128000.0000
32844;2023-01-20 14:13:14.743000;3;102633;1;1;12800.0000;1;23482.0000;None;253600.0000
30805;2023-01-20 21:47:41.927000;3;102633;1;1;12800.0000;1;43056.0000;None;465000.0000
30805;2023-01-20 21:09:49.277000;3;102633;1;1;12800.0000;1;43056.0000;None;465000.0000
30796;2023-01-20 19:56:42.570000;3;102633;1;1;12800.0000;1;9630.0000;None;104000.0000
30802;2023-01-20 20:23:21.200000;3;102633;1;1;12800.0000;1;11370.0000;None;122800.0000
30802;2023-01-20 20:23:21.200000;3;102633;1;1;12800.0000;1;11370.0000;None;122800.0000
30785;2023-01-20 13:22:47.830000;3;102633;1;1;12800.0000;1;61500.0000;None;664200.0000
229;2023-01-20 12:42:21.520000;3;102633;1;1;12800.0000;1;39982.0000;None;431800.0000
229;2023-01-20 13:13:32.123000;3;102633;1;1;12800.0000;1;39982.0000;None;431800.0000
230;2023-01-20 12:51:45.787000;3;102635;1;1;8800.0000;1;10278.0000;None;111000.0000
10813;2023-01-20 20:33:26.277000;3;102635;1;1;8800.0000;1;5130.0000;None;55400.0000
32852;2023-01-20 20:41:23.290000;3;102635;1;1;8800.0000;1;17945.0000;None;193800.0000
30799;2023-01-20 20:05:21.407000;3;102635;1;1;8800.0000;1;15056.0000;None;162600.0000
30799;2023-01-20 21:34:26.373000;3;102635;1;1;8800.0000;1;15056.0000;None;162600.0000
30789;2023-01-20 13:50:27.157000;3;102635;1;1;8800.0000;1;25685.0000;None;277400.0000
32847;2023-01-20 16:39:32.593000;3;102635;1;1;8800.0000;1;11852.0000;None;128000.0000
258;2023-01-20 21:11:42.293000;3;102637;1;1;9800.0000;1;7148.0000;None;77200.0000
10793;2023-01-20 14:25:00.220000;3;102637;1;1;9800.0000;1;51000.0000;None;550800.0000
30785;2023-01-20 13:22:47.830000;3;102643;1;1;14800.0000;1;61500.0000;None;664200.0000
229;2023-01-20 12:42:21.520000;3;102643;1;1;14800.0000;1;39982.0000;None;431800.0000
30802;2023-01-20 20:23:21.200000;3;102643;1;1;14800.0000;1;11370.0000;None;122800.0000
10791;2023-01-20 12:36:13.440000;8;102691;1;1;64800.0000;1;None;None;1006500.0000
235;2023-01-20 13:12:15.367000;8;102692;1;1;33800.0000;1;15907.0000;None;171800.0000
10809;2023-01-20 19:58:33.797000;8;102692;1;1;33800.0000;1;None;None;137500.0000
30798;2023-01-20 20:14:10.237000;8;102692;1;1;33800.0000;1;30352.0000;None;327800.0000
259;2023-01-20 21:33:45.070000;8;102692;1;1;33800.0000;1;50408.0000;None;544400.0000
32844;2023-01-20 14:13:14.743000;8;102692;1;1;33800.0000;1;23482.0000;None;253600.0000
243;2023-01-20 19:15:52.457000;8;102692;1;1;33800.0000;1;8982.0000;None;97000.0000
228;2023-01-20 13:11:24.037000;8;102694;1;1;22300.0000;1;15195.0000;None;164100.0000
10792;2023-01-20 13:14:52.037000;3;102747;1;1;4800.0000;1;22463.0000;None;242600.0000
30785;2023-01-20 14:08:33.327000;3;102747;1;1;4800.0000;1;61500.0000;None;664200.0000
227;2023-01-20 12:26:54.347000;3;102747;1;1;4800.0000;1;9259.0000;None;100000.0000
30792;2023-01-20 19:43:56.830000;3;102747;1;1;4800.0000;1;None;None;196400.0000
30794;2023-01-20 19:52:58.333000;3;102747;1;1;4800.0000;1;44019.0000;None;475400.0000
250;2023-01-20 19:58:43.010000;3;102747;1;1;4800.0000;1;12222.0000;None;132000.0000
32844;2023-01-20 14:13:14.743000;3;102747;1;1;4800.0000;1;23482.0000;None;253600.0000
32844;2023-01-20 14:13:14.743000;3;102747;1;1;4800.0000;1;23482.0000;None;253600.0000
30791;2023-01-20 13:51:20.487000;3;102747;1;1;4800.0000;1;11759.0000;None;127000.0000
30804;2023-01-20 22:06:55.387000;3;102747;1;1;4800.0000;1;39926.0000;None;431200.0000
264;2023-01-20 21:52:52.187000;3;102747;1;1;4800.0000;1;14963.0000;None;161600.0000
253;2023-01-20 20:20:27.820000;3;102747;1;1;4800.0000;1;7482.0000;None;80800.0000
30801;2023-01-20 20:22:50.543000;3;102747;1;1;4800.0000;1;None;None;194800.0000
30804;2023-01-20 21:04:49.650000;3;102747;1;1;4800.0000;1;39926.0000;None;431200.0000
30804;2023-01-20 22:06:55.387000;3;102747;1;1;4800.0000;1;39926.0000;None;431200.0000
10812;2023-01-20 20:29:45.190000;3;102748;1;2;31600.0000;1;15463.0000;None;167000.0000
242;2023-01-20 20:11:33.713000;3;102748;1;1;15800.0000;1;35722.0000;None;385800.0000
242;2023-01-20 18:51:12.190000;3;102748;1;1;15800.0000;1;35722.0000;None;385800.0000
32849;2023-01-20 19:39:41.653000;3;102748;1;1;15800.0000;1;13333.0000;None;144000.0000
226;2023-01-20 12:17:30.127000;3;102748;1;1;15800.0000;1;29426.0000;None;317800.0000
30785;2023-01-20 13:22:47.830000;3;102748;1;1;15800.0000;1;61500.0000;None;664200.0000
236;2023-01-20 13:26:22.953000;3;102748;1;1;15800.0000;1;16759.0000;None;181000.0000
30801;2023-01-20 20:22:50.543000;3;102749;1;1;5800.0000;1;None;None;194800.0000
259;2023-01-20 21:34:32.277000;8;102776;1;1;0.0000;1;50408.0000;None;544400.0000
242;2023-01-20 19:29:19.603000;8;102776;1;1;0.0000;1;35722.0000;None;385800.0000
10791;2023-01-20 12:36:13.440000;8;102778;1;1;19800.0000;1;None;None;1006500.0000
32841;2023-01-20 13:55:07.267000;8;102790;1;1;37800.0000;1;12056.0000;None;130200.0000
232;2023-01-20 13:20:32.847000;8;102790;1;1;37800.0000;1;14056.0000;None;151800.0000
240;2023-01-20 17:44:48.993000;8;102790;1;2;75600.0000;1;11019.0000;None;119000.0000
239;2023-01-20 15:50:03.647000;8;102790;1;1;37800.0000;1;14907.0000;None;161000.0000
10805;2023-01-20 19:19:34.033000;8;102790;1;1;37800.0000;1;None;None;133100.0000
250;2023-01-20 19:56:05.583000;8;102790;1;1;37800.0000;1;12222.0000;None;132000.0000
10813;2023-01-20 20:33:26.277000;8;102790;1;1;37800.0000;1;5130.0000;None;55400.0000
242;2023-01-20 19:29:19.603000;8;102792;1;1;0.0000;1;35722.0000;None;385800.0000
30791;2023-01-20 13:51:20.487000;8;102797;1;1;56800.0000;1;11759.0000;None;127000.0000
30794;2023-01-20 20:41:49.820000;8;102797;1;1;56800.0000;1;44019.0000;None;475400.0000
245;2023-01-20 21:04:24.397000;8;102797;1;1;56800.0000;1;77445.0000;None;836400.0000
228;2023-01-20 13:11:24.037000;8;102797;1;1;56800.0000;1;15195.0000;None;164100.0000
234;2023-01-20 13:05:23.157000;8;102797;1;1;56800.0000;1;15463.0000;None;167000.0000
227;2023-01-20 12:26:54.347000;8;102800;1;1;58800.0000;1;9259.0000;None;100000.0000
10807;2023-01-20 19:45:43.080000;8;102800;1;1;58800.0000;1;None;None;204600.0000
10794;2023-01-20 14:09:50.947000;8;102800;1;1;58800.0000;1;14019.0000;None;151400.0000
10794;2023-01-20 14:09:50.947000;8;102800;1;1;58800.0000;1;14019.0000;None;151400.0000
10804;2023-01-20 19:14:43.460000;8;102800;1;1;58800.0000;1;9852.0000;None;106400.0000
10817;2023-01-20 21:17:49.947000;8;102800;1;1;58800.0000;1;None;None;107360.0000
32847;2023-01-20 16:39:32.593000;8;102804;1;1;43800.0000;1;11852.0000;None;128000.0000
257;2023-01-20 21:10:54.963000;1;102842;1;1;76800.0000;1;26815.0000;None;289600.0000
261;2023-01-20 21:25:44.403000;8;102850;1;1;43800.0000;1;33445.0000;None;361200.0000
254;2023-01-20 20:28:41.303000;8;102850;1;1;43800.0000;1;36241.0000;None;391400.0000
249;2023-01-20 20:17:50.407000;8;102850;1;1;43800.0000;1;23667.0000;None;255600.0000
230;2023-01-20 12:51:45.787000;8;102920;1;1;41800.0000;1;10278.0000;None;111000.0000
30792;2023-01-20 20:04:48.490000;8;102920;1;1;41800.0000;1;None;None;196400.0000
10805;2023-01-20 19:19:34.033000;8;102920;1;1;41800.0000;1;None;None;133100.0000
10809;2023-01-20 19:58:33.797000;8;102920;1;1;41800.0000;1;None;None;137500.0000
10792;2023-01-20 13:11:13.717000;1;102925;1;1;12800.0000;1;22463.0000;None;242600.0000
10792;2023-01-20 13:29:27.063000;1;102925;1;-1;-12800.0000;1;22463.0000;None;242600.0000
227;2023-01-20 12:26:54.347000;1;102925;1;1;12800.0000;1;9259.0000;None;100000.0000
10809;2023-01-20 19:58:33.797000;1;102925;1;1;12800.0000;1;None;None;137500.0000
10805;2023-01-20 19:19:34.033000;1;102925;1;2;25600.0000;1;None;None;133100.0000
245;2023-01-20 20:19:27.577000;1;102927;1;1;64800.0000;1;77445.0000;None;836400.0000
10790;2023-01-20 12:28:44.943000;1;102927;1;1;64800.0000;1;None;None;1319120.0000
10790;2023-01-20 12:28:44.943000;1;102927;1;1;64800.0000;1;None;None;1319120.0000
236;2023-01-20 13:26:22.953000;1;102927;1;1;64800.0000;1;16759.0000;None;181000.0000
30800;2023-01-20 20:11:08.357000;2;102933;1;1;25800.0000;1;45019.0000;None;486200.0000
259;2023-01-20 21:34:32.277000;8;102983;1;1;0.0000;1;50408.0000;None;544400.0000
10803;2023-01-20 20:24:37.573000;8;102983;1;1;0.0000;1;78204.0000;None;844600.0000
242;2023-01-20 19:29:19.603000;8;102983;1;1;0.0000;1;35722.0000;None;385800.0000
259;2023-01-20 21:34:32.277000;8;102985;1;1;0.0000;1;50408.0000;None;544400.0000
267;2023-01-20 22:29:49.873000;8;102986;1;1;11800.0000;1;18907.0000;None;204200.0000
10793;2023-01-20 14:55:13.593000;8;102987;1;1;248800.0000;1;51000.0000;None;550800.0000
10811;2023-01-20 20:17:12.093000;8;102988;1;1;38800.0000;1;None;None;204600.0000
246;2023-01-20 19:41:22.180000;8;102988;1;1;38800.0000;1;40352.0000;None;435800.0000
246;2023-01-20 19:41:22.180000;8;102988;1;1;38800.0000;1;40352.0000;None;435800.0000
242;2023-01-20 19:29:19.603000;8;102991;1;1;0.0000;1;35722.0000;None;385800.0000
10803;2023-01-20 20:24:37.573000;8;102991;1;1;0.0000;1;78204.0000;None;844600.0000
259;2023-01-20 21:34:32.277000;8;102991;1;1;0.0000;1;50408.0000;None;544400.0000
10793;2023-01-20 14:55:13.593000;8;102991;1;1;0.0000;1;51000.0000;None;550800.0000
10793;2023-01-20 14:55:13.593000;8;102991;1;1;0.0000;1;51000.0000;None;550800.0000
10793;2023-01-20 14:55:13.593000;8;102991;1;1;0.0000;1;51000.0000;None;550800.0000
244;2023-01-20 20:17:39.463000;8;102992;1;1;41800.0000;1;34759.0000;None;375400.0000
30799;2023-01-20 21:03:21.343000;8;102994;1;1;8800.0000;1;15056.0000;None;162600.0000
10811;2023-01-20 20:17:12.093000;8;102995;1;1;17800.0000;1;None;None;204600.0000
30805;2023-01-20 22:20:50.210000;8;102995;1;3;53400.0000;1;43056.0000;None;465000.0000
267;2023-01-20 22:29:49.873000;8;102995;1;1;17800.0000;1;18907.0000;None;204200.0000
249;2023-01-20 20:20:36.637000;8;102995;1;1;17800.0000;1;23667.0000;None;255600.0000
246;2023-01-20 19:41:22.180000;8;102997;1;1;10800.0000;1;40352.0000;None;435800.0000
246;2023-01-20 19:41:22.180000;8;102997;1;1;10800.0000;1;40352.0000;None;435800.0000
32845;2023-01-20 15:38:59.280000;8;102997;1;1;10800.0000;1;4296.0000;None;46400.0000
267;2023-01-20 22:29:49.873000;8;102997;1;1;10800.0000;1;18907.0000;None;204200.0000
30805;2023-01-20 22:20:50.210000;8;102997;1;3;32400.0000;1;43056.0000;None;465000.0000
10811;2023-01-20 20:17:12.093000;8;102997;1;1;10800.0000;1;None;None;204600.0000
246;2023-01-20 19:41:22.180000;8;103002;1;1;16800.0000;1;40352.0000;None;435800.0000
246;2023-01-20 19:41:22.180000;8;103002;1;1;16800.0000;1;40352.0000;None;435800.0000
244;2023-01-20 19:31:08.130000;8;103008;1;1;46800.0000;1;34759.0000;None;375400.0000
244;2023-01-20 20:17:39.463000;8;103009;1;1;25800.0000;1;34759.0000;None;375400.0000
242;2023-01-20 19:29:19.603000;8;103012;1;1;0.0000;1;35722.0000;None;385800.0000
242;2023-01-20 19:29:19.603000;8;103012;1;1;0.0000;1;35722.0000;None;385800.0000
10803;2023-01-20 20:24:37.573000;8;103012;1;1;0.0000;1;78204.0000;None;844600.0000
259;2023-01-20 21:34:32.277000;8;103012;1;1;0.0000;1;50408.0000;None;544400.0000
10793;2023-01-20 14:55:13.593000;8;103012;1;1;0.0000;1;51000.0000;None;550800.0000
10793;2023-01-20 14:55:13.593000;8;103012;1;1;0.0000;1;51000.0000;None;550800.0000
10793;2023-01-20 14:55:13.593000;8;103014;1;1;0.0000;1;51000.0000;None;550800.0000
10793;2023-01-20 14:55:13.593000;8;103014;1;1;0.0000;1;51000.0000;None;550800.0000
259;2023-01-20 21:34:32.277000;8;103014;1;1;0.0000;1;50408.0000;None;544400.0000
10803;2023-01-20 20:24:37.573000;8;103014;1;1;0.0000;1;78204.0000;None;844600.0000
242;2023-01-20 19:29:19.603000;8;103014;1;1;0.0000;1;35722.0000;None;385800.0000
10803;2023-01-20 20:24:37.573000;8;103014;1;1;0.0000;1;78204.0000;None;844600.0000
10793;2023-01-20 14:28:54.917000;8;103019;1;1;32800.0000;1;51000.0000;None;550800.0000
249;2023-01-20 21:38:51.753000;8;103019;1;1;32800.0000;1;23667.0000;None;255600.0000
30797;2023-01-20 20:35:18.587000;8;103022;1;1;61800.0000;1;19889.0000;None;214800.0000
231;2023-01-20 12:55:48.077000;8;103022;1;1;61800.0000;1;18426.0000;None;199000.0000
251;2023-01-20 20:21:53.387000;8;103023;1;1;47800.0000;1;14352.0000;None;155000.0000
255;2023-01-20 20:42:56.270000;8;103023;1;1;47800.0000;1;37574.0000;None;405800.0000
32852;2023-01-20 20:32:22.270000;8;103023;1;1;47800.0000;1;17945.0000;None;193800.0000
261;2023-01-20 21:25:44.403000;8;103023;1;1;47800.0000;1;33445.0000;None;361200.0000
30794;2023-01-20 20:02:16.853000;8;103023;1;1;47800.0000;1;44019.0000;None;475400.0000
248;2023-01-20 20:07:19.773000;8;103023;1;1;47800.0000;1;18926.0000;None;204400.0000
32849;2023-01-20 19:45:40.390000;8;103023;1;1;47800.0000;1;13333.0000;None;144000.0000
241;2023-01-20 17:50:52.573000;8;103023;1;1;47800.0000;1;10093.0000;None;109000.0000
32846;2023-01-20 15:47:44.260000;8;103023;1;1;47800.0000;1;8370.0000;None;90400.0000
32849;2023-01-20 19:45:40.390000;8;103028;1;1;52800.0000;1;13333.0000;None;144000.0000
255;2023-01-20 20:39:30.173000;8;103028;1;1;52800.0000;1;37574.0000;None;405800.0000
10812;2023-01-20 20:29:45.190000;1;103057;1;1;58800.0000;1;15463.0000;None;167000.0000
253;2023-01-20 20:41:47.317000;1;103073;1;1;32800.0000;1;7482.0000;None;80800.0000
244;2023-01-20 19:31:08.130000;1;103073;1;1;32800.0000;1;34759.0000;None;375400.0000
30793;2023-01-20 21:22:12.307000;1;103075;1;1;57800.0000;1;30056.0000;None;324600.0000
236;2023-01-20 13:26:22.953000;1;103075;1;1;57800.0000;1;16759.0000;None;181000.0000
32846;2023-01-20 15:47:44.260000;8;103165;1;1;33800.0000;1;8370.0000;None;90400.0000
248;2023-01-20 20:07:41.483000;1;103376;1;1;45800.0000;1;18926.0000;None;204400.0000
30803;2023-01-20 20:49:28.440000;1;103519;1;1;76800.0000;1;26574.0000;None;287000.0000
30793;2023-01-20 21:22:12.307000;1;103536;1;1;39800.0000;1;30056.0000;None;324600.0000
32843;2023-01-20 13:54:01.220000;1;103536;1;1;39800.0000;1;35074.0000;None;378800.0000
32844;2023-01-20 14:13:14.743000;8;103539;1;1;32800.0000;1;23482.0000;None;253600.0000
246;2023-01-20 19:41:22.180000;8;103539;1;1;32800.0000;1;40352.0000;None;435800.0000
30798;2023-01-20 20:02:50.163000;8;103539;1;1;32800.0000;1;30352.0000;None;327800.0000
30796;2023-01-20 19:57:05.163000;8;103539;1;1;32800.0000;1;9630.0000;None;104000.0000
262;2023-01-20 21:26:43.847000;8;103539;1;1;32800.0000;1;10667.0000;None;115200.0000
265;2023-01-20 22:28:06.210000;8;103539;1;1;32800.0000;1;16556.0000;None;178800.0000
30785;2023-01-20 13:23:59.390000;8;103539;1;1;32800.0000;1;61500.0000;None;664200.0000
231;2023-01-20 12:55:48.077000;8;103539;1;1;32800.0000;1;18426.0000;None;199000.0000
30799;2023-01-20 20:05:21.407000;8;103544;1;1;23800.0000;1;15056.0000;None;162600.0000
10811;2023-01-20 20:17:12.093000;8;103547;1;1;68800.0000;1;None;None;204600.0000
10793;2023-01-20 14:55:13.593000;8;103547;1;1;68800.0000;1;51000.0000;None;550800.0000
30799;2023-01-20 20:05:21.407000;8;103548;1;1;54800.0000;1;15056.0000;None;162600.0000
30793;2023-01-20 21:22:12.307000;8;103548;1;1;54800.0000;1;30056.0000;None;324600.0000
241;2023-01-20 17:50:52.573000;8;103549;1;1;29800.0000;1;10093.0000;None;109000.0000
32847;2023-01-20 16:39:32.593000;8;103549;1;1;29800.0000;1;11852.0000;None;128000.0000
32847;2023-01-20 16:39:32.593000;1;103595;1;1;32800.0000;1;11852.0000;None;128000.0000
244;2023-01-20 19:31:08.083000;1;103595;1;1;32800.0000;1;34759.0000;None;375400.0000
233;2023-01-20 13:32:54.250000;1;103596;1;1;79800.0000;1;35926.0000;None;388000.0000
236;2023-01-20 13:26:22.953000;8;103615;1;1;37800.0000;1;16759.0000;None;181000.0000
10806;2023-01-20 19:43:23.567000;8;103615;1;2;75600.0000;1;None;None;120340.0000
30792;2023-01-20 20:04:48.490000;8;103615;1;1;37800.0000;1;None;None;196400.0000
32850;2023-01-20 19:51:14.897000;8;103615;1;1;37800.0000;1;3500.0000;None;37800.0000
10799;2023-01-20 16:25:13.730000;8;103615;1;1;37800.0000;1;None;None;463980.0000
10797;2023-01-20 15:09:45.113000;8;103615;1;1;37800.0000;1;7093.0000;None;76600.0000
30791;2023-01-20 13:51:20.487000;8;103615;1;1;37800.0000;1;11759.0000;None;127000.0000
10810;2023-01-20 20:02:28.840000;8;103615;1;1;37800.0000;1;None;None;60060.0000
254;2023-01-20 20:28:41.303000;8;103615;1;1;37800.0000;1;36241.0000;None;391400.0000
10815;2023-01-20 20:37:03.447000;8;103615;1;1;37800.0000;1;11648.0000;None;125800.0000
10815;2023-01-20 20:37:03.447000;8;103615;1;1;37800.0000;1;11648.0000;None;125800.0000
264;2023-01-20 21:52:52.187000;8;103615;1;1;37800.0000;1;14963.0000;None;161600.0000
30805;2023-01-20 21:18:21.237000;8;103615;1;1;37800.0000;1;43056.0000;None;465000.0000
257;2023-01-20 21:10:54.963000;8;103615;1;1;37800.0000;1;26815.0000;None;289600.0000
10792;2023-01-20 13:11:13.717000;8;103675;1;1;0.0000;1;22463.0000;None;242600.0000
267;2023-01-20 22:58:21.037000;8;103678;1;1;None;1;18907.0000;None;204200.0000
226;2023-01-20 12:43:02.547000;8;103679;1;1;198800.0000;1;29426.0000;None;317800.0000
10792;2023-01-20 13:11:13.717000;8;103690;1;1;39800.0000;1;22463.0000;None;242600.0000
10792;2023-01-20 13:11:13.717000;8;103690;1;1;39800.0000;1;22463.0000;None;242600.0000
10792;2023-01-20 13:11:13.717000;8;103690;1;1;39800.0000;1;22463.0000;None;242600.0000
267;2023-01-20 22:58:21.037000;8;103690;1;1;39800.0000;1;18907.0000;None;204200.0000
267;2023-01-20 22:29:49.873000;8;103690;1;1;39800.0000;1;18907.0000;None;204200.0000
10818;2023-01-20 21:44:23.587000;8;103690;1;1;39800.0000;1;23945.0000;None;258600.0000
30803;2023-01-20 20:49:28.440000;8;103690;1;1;39800.0000;1;26574.0000;None;287000.0000
30803;2023-01-20 20:49:28.440000;8;103690;1;1;39800.0000;1;26574.0000;None;287000.0000
30797;2023-01-20 20:02:16.853000;8;103690;1;1;39800.0000;1;19889.0000;None;214800.0000
30803;2023-01-20 20:49:28.440000;8;103691;1;1;0.0000;1;26574.0000;None;287000.0000
226;2023-01-20 12:43:02.547000;8;103691;1;1;0.0000;1;29426.0000;None;317800.0000
30794;2023-01-20 20:59:58.950000;1;103713;1;1;37800.0000;1;44019.0000;None;475400.0000
30804;2023-01-20 21:04:49.650000;8;103724;1;1;65800.0000;1;39926.0000;None;431200.0000
10790;2023-01-20 12:28:44.943000;8;103746;1;5;189000.0000;1;None;None;1319120.0000
10791;2023-01-20 12:36:13.440000;8;103746;1;1;37800.0000;1;None;None;1006500.0000
30785;2023-01-20 13:23:59.390000;8;103746;1;1;37800.0000;1;61500.0000;None;664200.0000
30804;2023-01-20 21:04:49.650000;8;103746;1;1;37800.0000;1;39926.0000;None;431200.0000
30805;2023-01-20 21:18:21.237000;8;103746;1;1;37800.0000;1;43056.0000;None;465000.0000
10807;2023-01-20 19:45:43.080000;8;103746;1;1;37800.0000;1;None;None;204600.0000
245;2023-01-20 20:19:27.577000;8;103746;1;1;37800.0000;1;77445.0000;None;836400.0000
244;2023-01-20 20:17:39.463000;1;103780;1;1;16800.0000;1;34759.0000;None;375400.0000
244;2023-01-20 20:49:06.177000;1;103780;1;-1;-16800.0000;1;34759.0000;None;375400.0000
30805;2023-01-20 22:00:57.020000;1;103780;1;1;16800.0000;1;43056.0000;None;465000.0000
233;2023-01-20 14:44:08.350000;1;103780;1;1;16800.0000;1;35926.0000;None;388000.0000
226;2023-01-20 13:32:01.423000;1;103780;1;1;16800.0000;1;29426.0000;None;317800.0000
10791;2023-01-20 12:36:13.440000;8;103800;1;1;49800.0000;1;None;None;1006500.0000
10811;2023-01-20 20:17:12.093000;8;103800;1;1;49800.0000;1;None;None;204600.0000
30785;2023-01-20 13:38:06.450000;1;103813;1;1;59800.0000;1;61500.0000;None;664200.0000
32843;2023-01-20 13:54:01.220000;1;103813;1;1;59800.0000;1;35074.0000;None;378800.0000
30796;2023-01-20 19:57:05.163000;8;103866;1;1;29800.0000;1;9630.0000;None;104000.0000
30798;2023-01-20 20:02:33.923000;8;103867;1;1;28800.0000;1;30352.0000;None;327800.0000
30800;2023-01-20 20:23:48.517000;8;103867;1;1;28800.0000;1;45019.0000;None;486200.0000
30804;2023-01-20 21:04:49.650000;8;103867;1;1;28800.0000;1;39926.0000;None;431200.0000
30802;2023-01-20 20:23:21.200000;8;103867;1;1;28800.0000;1;11370.0000;None;122800.0000
258;2023-01-20 21:43:32.760000;8;103867;1;2;57600.0000;1;7148.0000;None;77200.0000
10819;2023-01-20 21:52:09.737000;8;103867;1;1;28800.0000;1;6259.0000;None;67600.0000
264;2023-01-20 21:52:52.187000;8;103867;1;1;28800.0000;1;14963.0000;None;161600.0000
32843;2023-01-20 13:47:20.773000;8;103867;1;1;28800.0000;1;35074.0000;None;378800.0000
32844;2023-01-20 14:13:14.743000;8;103867;1;1;28800.0000;1;23482.0000;None;253600.0000
32844;2023-01-20 14:13:14.743000;8;103867;1;1;28800.0000;1;23482.0000;None;253600.0000
243;2023-01-20 19:15:52.457000;8;103867;1;1;28800.0000;1;8982.0000;None;97000.0000
246;2023-01-20 19:41:22.180000;8;103867;1;1;28800.0000;1;40352.0000;None;435800.0000
246;2023-01-20 19:41:22.180000;8;103867;1;1;28800.0000;1;40352.0000;None;435800.0000
246;2023-01-20 20:13:27.617000;8;103867;1;1;28800.0000;1;40352.0000;None;435800.0000
10807;2023-01-20 19:45:43.080000;8;103867;1;1;28800.0000;1;None;None;204600.0000
30793;2023-01-20 21:22:12.307000;8;103867;1;1;28800.0000;1;30056.0000;None;324600.0000
30794;2023-01-20 20:59:58.950000;8;103867;1;1;28800.0000;1;44019.0000;None;475400.0000
250;2023-01-20 19:56:05.583000;8;103867;1;1;28800.0000;1;12222.0000;None;132000.0000
32851;2023-01-20 19:55:40.617000;8;103867;1;1;28800.0000;1;8259.0000;None;89200.0000
10789;2023-01-20 12:04:49.987000;8;103867;1;1;28800.0000;1;None;None;74360.0000
10791;2023-01-20 12:36:13.440000;8;103867;1;1;28800.0000;1;None;None;1006500.0000
10790;2023-01-20 12:28:44.943000;8;103867;1;5;144000.0000;1;None;None;1319120.0000
32842;2023-01-20 13:23:00.043000;8;103867;1;1;28800.0000;1;14741.0000;None;159200.0000
32842;2023-01-20 13:23:00.043000;8;103867;1;1;28800.0000;1;14741.0000;None;159200.0000
30786;2023-01-20 13:24:57.760000;8;103867;1;1;28800.0000;1;None;4990.0000;99800.0000
233;2023-01-20 13:32:54.250000;8;103867;1;1;28800.0000;1;35926.0000;None;388000.0000
232;2023-01-20 13:20:32.847000;8;103867;1;1;28800.0000;1;14056.0000;None;151800.0000
230;2023-01-20 12:51:45.787000;8;103867;1;1;28800.0000;1;10278.0000;None;111000.0000
259;2023-01-20 21:58:26.863000;2;103869;1;1;96800.0000;1;50408.0000;None;544400.0000
32843;2023-01-20 14:45:33.263000;1;103873;1;1;16800.0000;1;35074.0000;None;378800.0000
229;2023-01-20 13:35:25.010000;1;103873;1;1;16800.0000;1;39982.0000;None;431800.0000
30785;2023-01-20 14:36:34.977000;1;103873;1;1;16800.0000;1;61500.0000;None;664200.0000
245;2023-01-20 21:49:41.393000;3;103912;1;1;7800.0000;1;77445.0000;None;836400.0000
257;2023-01-20 21:10:54.963000;3;103912;1;1;7800.0000;1;26815.0000;None;289600.0000
267;2023-01-20 22:59:19.827000;1;103940;1;1;59800.0000;1;18907.0000;None;204200.0000
245;2023-01-20 19:55:50.033000;1;103940;1;1;59800.0000;1;77445.0000;None;836400.0000
10791;2023-01-20 12:36:13.440000;8;103962;1;1;54800.0000;1;None;None;1006500.0000
265;2023-01-20 22:28:06.210000;1;103981;1;1;59800.0000;1;16556.0000;None;178800.0000
30794;2023-01-20 21:59:12.783000;1;104004;1;1;16800.0000;1;44019.0000;None;475400.0000
32844;2023-01-20 14:50:34.967000;1;104004;1;1;16800.0000;1;23482.0000;None;253600.0000
10799;2023-01-20 16:25:13.730000;1;104004;1;3;50400.0000;1;None;None;463980.0000
30785;2023-01-20 14:13:26.097000;1;104004;1;1;16800.0000;1;61500.0000;None;664200.0000
30785;2023-01-20 14:26:55.847000;1;104004;1;1;16800.0000;1;61500.0000;None;664200.0000
30788;2023-01-20 13:44:31.243000;8;104200;1;1;15800.0000;1;14815.0000;None;160000.0000
10807;2023-01-20 19:45:43.080000;8;104200;1;1;15800.0000;1;None;None;204600.0000
259;2023-01-20 21:33:45.070000;8;104200;1;1;15800.0000;1;50408.0000;None;544400.0000
237;2023-01-20 14:00:20.380000;1;104215;1;1;18800.0000;1;18667.0000;None;201600.0000
229;2023-01-20 12:42:21.520000;1;104215;1;1;18800.0000;1;39982.0000;None;431800.0000
253;2023-01-20 20:35:17.557000;1;104216;1;1;17800.0000;1;7482.0000;None;80800.0000
32843;2023-01-20 13:47:20.773000;2;104234;1;1;36800.0000;1;35074.0000;None;378800.0000
242;2023-01-20 18:51:12.190000;2;104234;1;1;36800.0000;1;35722.0000;None;385800.0000
32848;2023-01-20 19:20:05.023000;8;104259;1;1;13800.0000;1;9741.0000;None;105200.0000
32848;2023-01-20 19:20:05.023000;8;104259;1;1;13800.0000;1;9741.0000;None;105200.0000
30801;2023-01-20 20:22:50.543000;1;104261;1;1;18800.0000;1;None;None;194800.0000
231;2023-01-20 12:54:59.200000;1;104308;1;1;69800.0000;1;18426.0000;None;199000.0000
30786;2023-01-20 13:24:35.767000;3;104446;1;1;5800.0000;1;None;4990.0000;99800.0000
30785;2023-01-20 13:23:59.390000;8;104655;1;1;38800.0000;1;61500.0000;None;664200.0000
237;2023-01-20 13:43:51.670000;8;104655;1;1;38800.0000;1;18667.0000;None;201600.0000
237;2023-01-20 13:43:51.670000;8;104655;1;1;38800.0000;1;18667.0000;None;201600.0000
10789;2023-01-20 12:04:49.987000;8;104655;1;1;38800.0000;1;None;None;74360.0000
10791;2023-01-20 12:36:13.440000;8;104655;1;1;38800.0000;1;None;None;1006500.0000
10790;2023-01-20 12:28:44.943000;8;104655;1;5;194000.0000;1;None;None;1319120.0000
30800;2023-01-20 20:23:48.517000;8;104655;1;1;38800.0000;1;45019.0000;None;486200.0000
30797;2023-01-20 20:02:16.853000;8;104655;1;1;38800.0000;1;19889.0000;None;214800.0000
10808;2023-01-20 19:57:35.900000;8;104655;1;1;38800.0000;1;None;None;238260.0000
10817;2023-01-20 21:17:49.947000;8;104655;1;1;38800.0000;1;None;None;107360.0000
262;2023-01-20 21:26:43.847000;8;104655;1;1;38800.0000;1;10667.0000;None;115200.0000
262;2023-01-20 21:26:43.847000;8;104655;1;1;38800.0000;1;10667.0000;None;115200.0000
32853;2023-01-20 21:08:11.163000;8;104655;1;1;38800.0000;1;3593.0000;None;38800.0000
10819;2023-01-20 21:52:09.737000;8;104655;1;1;38800.0000;1;6259.0000;None;67600.0000
32848;2023-01-20 19:20:05.023000;8;104655;1;1;38800.0000;1;9741.0000;None;105200.0000
32848;2023-01-20 19:20:05.023000;8;104655;1;1;38800.0000;1;9741.0000;None;105200.0000
246;2023-01-20 19:41:22.180000;8;104655;1;1;38800.0000;1;40352.0000;None;435800.0000
30794;2023-01-20 20:59:58.950000;8;104655;1;1;38800.0000;1;44019.0000;None;475400.0000
30790;2023-01-20 13:52:07.927000;8;104655;1;1;38800.0000;1;24908.0000;None;269000.0000
10797;2023-01-20 15:09:45.113000;8;104655;1;1;38800.0000;1;7093.0000;None;76600.0000
10795;2023-01-20 14:10:10.470000;8;104655;1;1;38800.0000;1;3593.0000;None;38800.0000
10803;2023-01-20 20:24:37.573000;8;104711;1;1;189800.0000;1;78204.0000;None;844600.0000
32841;2023-01-20 13:57:14.903000;1;104766;1;1;16800.0000;1;12056.0000;None;130200.0000
30785;2023-01-20 13:38:06.450000;1;105010;2;1;0.0000;1;61500.0000;None;664200.0000
233;2023-01-20 13:32:54.250000;1;105010;2;1;0.0000;1;35926.0000;None;388000.0000
234;2023-01-20 13:05:23.157000;1;105010;1;1;0.0000;1;15463.0000;None;167000.0000
234;2023-01-20 13:05:23.157000;1;105010;2;1;0.0000;1;15463.0000;None;167000.0000
32843;2023-01-20 13:54:01.220000;1;105010;2;1;0.0000;1;35074.0000;None;378800.0000
239;2023-01-20 15:49:40.057000;1;105023;1;1;55800.0000;1;14907.0000;None;161000.0000
10803;2023-01-20 20:24:37.573000;1;105023;1;1;55800.0000;1;78204.0000;None;844600.0000
250;2023-01-20 19:56:05.583000;1;105023;1;1;55800.0000;1;12222.0000;None;132000.0000
10818;2023-01-20 22:02:00.930000;1;105023;1;1;55800.0000;1;23945.0000;None;258600.0000
264;2023-01-20 21:52:52.187000;1;105023;1;1;55800.0000;1;14963.0000;None;161600.0000
32852;2023-01-20 20:20:15.900000;1;105023;1;1;55800.0000;1;17945.0000;None;193800.0000
233;2023-01-20 13:00:49.220000;1;105023;1;1;55800.0000;1;35926.0000;None;388000.0000
32842;2023-01-20 13:23:00.043000;1;105023;1;1;55800.0000;1;14741.0000;None;159200.0000
10790;2023-01-20 12:28:44.943000;6;105090;1;1;0.0000;1;None;None;1319120.0000
10790;2023-01-20 12:28:44.943000;6;105090;1;1;0.0000;1;None;None;1319120.0000
236;2023-01-20 13:26:22.953000;6;105090;1;1;None;1;16759.0000;None;181000.0000
10808;2023-01-20 19:57:35.900000;1;105197;1;1;9800.0000;1;None;None;238260.0000
30793;2023-01-20 21:22:12.307000;8;105424;1;1;59800.0000;1;30056.0000;None;324600.0000
10803;2023-01-20 20:39:27.550000;8;105424;1;1;59800.0000;1;78204.0000;None;844600.0000
10803;2023-01-20 21:38:33.460000;8;105424;1;1;59800.0000;1;78204.0000;None;844600.0000
30785;2023-01-20 13:23:59.390000;8;105424;1;1;59800.0000;1;61500.0000;None;664200.0000
242;2023-01-20 19:29:19.603000;8;105447;1;1;0.0000;1;35722.0000;None;385800.0000
259;2023-01-20 21:34:32.277000;8;105447;1;1;0.0000;1;50408.0000;None;544400.0000
10803;2023-01-20 20:43:53.587000;2;105451;1;1;79800.0000;1;78204.0000;None;844600.0000
10803;2023-01-20 20:24:37.573000;2;105451;1;1;79800.0000;1;78204.0000;None;844600.0000
259;2023-01-20 21:34:32.277000;8;105461;1;1;0.0000;1;50408.0000;None;544400.0000
227;2023-01-20 12:26:54.347000;1;105477;1;1;16800.0000;1;9259.0000;None;100000.0000
10790;2023-01-20 12:28:44.943000;6;105509;1;1;0.0000;1;None;None;1319120.0000
10790;2023-01-20 12:28:44.943000;6;105509;1;1;0.0000;1;None;None;1319120.0000
236;2023-01-20 13:26:22.953000;6;105509;1;1;None;1;16759.0000;None;181000.0000
32852;2023-01-20 20:50:44.410000;6;105509;1;1;0.0000;1;17945.0000;None;193800.0000
245;2023-01-20 20:19:27.577000;6;105509;1;1;0.0000;1;77445.0000;None;836400.0000
245;2023-01-20 20:19:27.577000;6;105509;1;1;0.0000;1;77445.0000;None;836400.0000
265;2023-01-20 22:28:06.210000;6;105520;1;1;0.0000;1;16556.0000;None;178800.0000
226;2023-01-20 13:24:58.897000;6;105520;1;1;0.0000;1;29426.0000;None;317800.0000
226;2023-01-20 12:47:58.920000;6;105520;1;1;0.0000;1;29426.0000;None;317800.0000
226;2023-01-20 12:17:30.127000;6;105631;1;1;None;1;29426.0000;None;317800.0000
244;2023-01-20 19:31:08.130000;6;105631;1;1;0.0000;1;34759.0000;None;375400.0000
244;2023-01-20 19:31:08.130000;6;105631;1;1;0.0000;1;34759.0000;None;375400.0000
243;2023-01-20 19:15:52.457000;6;105636;1;1;0.0000;1;8982.0000;None;97000.0000
248;2023-01-20 19:51:57.273000;6;105636;1;1;0.0000;1;18926.0000;None;204400.0000
30794;2023-01-20 20:59:58.950000;6;105636;1;1;0.0000;1;44019.0000;None;475400.0000
10800;2023-01-20 16:34:20.763000;6;105636;1;1;0.0000;1;537.0000;None;5800.0000
32843;2023-01-20 13:47:20.773000;6;105636;1;1;0.0000;1;35074.0000;None;378800.0000
30791;2023-01-20 14:39:22.597000;6;105636;1;1;0.0000;1;11759.0000;None;127000.0000
257;2023-01-20 21:10:54.963000;6;105636;1;1;0.0000;1;26815.0000;None;289600.0000
257;2023-01-20 21:10:54.963000;6;105636;1;1;0.0000;1;26815.0000;None;289600.0000
30801;2023-01-20 20:22:50.543000;6;105636;1;2;0.0000;1;None;None;194800.0000
30803;2023-01-20 20:24:35.743000;6;105636;1;1;0.0000;1;26574.0000;None;287000.0000
30803;2023-01-20 20:24:35.743000;6;105636;1;1;0.0000;1;26574.0000;None;287000.0000
30797;2023-01-20 19:59:00.797000;6;105636;1;1;0.0000;1;19889.0000;None;214800.0000
30800;2023-01-20 20:11:08.357000;6;105636;1;1;0.0000;1;45019.0000;None;486200.0000
30785;2023-01-20 13:22:47.830000;6;105636;1;1;0.0000;1;61500.0000;None;664200.0000
30785;2023-01-20 13:22:47.830000;6;105636;1;1;0.0000;1;61500.0000;None;664200.0000
30785;2023-01-20 14:29:48.443000;6;105636;1;1;0.0000;1;61500.0000;None;664200.0000
232;2023-01-20 12:55:23.223000;6;105636;1;1;0.0000;1;14056.0000;None;151800.0000
231;2023-01-20 12:54:59.200000;6;105636;1;1;0.0000;1;18426.0000;None;199000.0000
234;2023-01-20 13:03:51.443000;6;105636;1;1;0.0000;1;15463.0000;None;167000.0000
235;2023-01-20 13:05:38.423000;6;105636;1;2;0.0000;1;15907.0000;None;171800.0000
10793;2023-01-20 14:55:13.593000;8;105728;1;1;0.0000;1;51000.0000;None;550800.0000
10793;2023-01-20 14:55:13.593000;8;105728;1;1;0.0000;1;51000.0000;None;550800.0000
259;2023-01-20 21:34:32.277000;8;105728;1;1;0.0000;1;50408.0000;None;544400.0000
242;2023-01-20 19:29:19.603000;8;105728;1;1;0.0000;1;35722.0000;None;385800.0000
10792;2023-01-20 13:11:13.717000;8;105729;1;1;0.0000;1;22463.0000;None;242600.0000
226;2023-01-20 12:43:02.547000;8;105730;1;1;0.0000;1;29426.0000;None;317800.0000
226;2023-01-20 12:43:02.547000;8;105731;1;1;0.0000;1;29426.0000;None;317800.0000
226;2023-01-20 12:43:02.547000;8;105731;1;1;0.0000;1;29426.0000;None;317800.0000
10792;2023-01-20 13:11:13.717000;8;105731;1;1;0.0000;1;22463.0000;None;242600.0000
10818;2023-01-20 21:44:23.587000;8;105731;1;1;0.0000;1;23945.0000;None;258600.0000
267;2023-01-20 22:29:49.873000;8;105731;1;1;0.0000;1;18907.0000;None;204200.0000
30797;2023-01-20 20:02:16.853000;8;105731;1;1;0.0000;1;19889.0000;None;214800.0000
30803;2023-01-20 20:49:28.440000;8;105731;1;1;0.0000;1;26574.0000;None;287000.0000
226;2023-01-20 12:43:02.547000;8;105752;1;1;0.0000;1;29426.0000;None;317800.0000
254;2023-01-20 21:05:39.387000;2;106012;1;1;43800.0000;1;36241.0000;None;391400.0000
254;2023-01-20 20:28:41.303000;2;106012;1;1;43800.0000;1;36241.0000;None;391400.0000
254;2023-01-20 20:28:41.303000;2;106012;1;1;43800.0000;1;36241.0000;None;391400.0000
10818;2023-01-20 21:47:54.823000;2;106012;1;1;43800.0000;1;23945.0000;None;258600.0000
10818;2023-01-20 21:47:54.823000;2;106012;1;1;43800.0000;1;23945.0000;None;258600.0000
10818;2023-01-20 21:47:54.823000;2;106012;1;1;43800.0000;1;23945.0000;None;258600.0000
10809;2023-01-20 19:58:33.797000;8;106077;1;1;32800.0000;1;None;None;137500.0000
10790;2023-01-20 12:28:44.943000;8;106077;1;5;164000.0000;1;None;None;1319120.0000
10803;2023-01-20 20:24:37.573000;8;106236;1;1;0.0000;1;78204.0000;None;844600.0000
10792;2023-01-20 13:24:48.730000;1;106337;2;1;0.0000;1;22463.0000;None;242600.0000
233;2023-01-20 13:32:54.250000;1;106337;1;1;0.0000;1;35926.0000;None;388000.0000
230;2023-01-20 12:51:45.787000;1;106337;2;1;0.0000;1;10278.0000;None;111000.0000
10799;2023-01-20 16:25:13.730000;8;106491;1;1;46800.0000;1;None;None;463980.0000
30800;2023-01-20 20:23:48.517000;8;106491;1;1;46800.0000;1;45019.0000;None;486200.0000
10812;2023-01-20 20:29:45.190000;8;106491;1;1;46800.0000;1;15463.0000;None;167000.0000
30804;2023-01-20 22:06:55.387000;8;106491;1;1;46800.0000;1;39926.0000;None;431200.0000
259;2023-01-20 21:34:32.277000;8;106860;1;1;0.0000;1;50408.0000;None;544400.0000
10803;2023-01-20 20:24:37.573000;8;106860;1;1;0.0000;1;78204.0000;None;844600.0000
10803;2023-01-20 20:24:37.573000;8;106860;1;1;0.0000;1;78204.0000;None;844600.0000
242;2023-01-20 19:29:19.603000;8;106860;1;1;0.0000;1;35722.0000;None;385800.0000
10793;2023-01-20 14:55:13.593000;8;106860;1;1;0.0000;1;51000.0000;None;550800.0000
10793;2023-01-20 14:55:13.593000;8;106860;1;1;0.0000;1;51000.0000;None;550800.0000
10793;2023-01-20 14:55:13.593000;8;106860;1;1;0.0000;1;51000.0000;None;550800.0000
245;2023-01-20 19:55:50.033000;1;106862;1;1;37000.0000;1;77445.0000;None;836400.0000
30798;2023-01-20 20:16:21.247000;1;106862;1;1;37000.0000;1;30352.0000;None;327800.0000
30798;2023-01-20 20:16:21.247000;1;106863;1;1;119800.0000;1;30352.0000;None;327800.0000
30786;2023-01-20 13:24:57.760000;1;106922;2;1;0.0000;1;None;4990.0000;99800.0000
10812;2023-01-20 20:29:45.190000;1;106922;1;1;0.0000;1;15463.0000;None;167000.0000
10812;2023-01-20 20:29:45.190000;1;106922;2;1;0.0000;1;15463.0000;None;167000.0000
30803;2023-01-20 20:49:28.440000;1;106922;1;1;0.0000;1;26574.0000;None;287000.0000
30803;2023-01-20 20:49:28.440000;1;106922;2;1;0.0000;1;26574.0000;None;287000.0000
30794;2023-01-20 20:41:49.820000;1;106922;2;1;0.0000;1;44019.0000;None;475400.0000
30792;2023-01-20 20:04:48.490000;1;106922;2;1;0.0000;1;None;None;196400.0000
32845;2023-01-20 15:38:59.280000;1;106922;2;1;0.0000;1;4296.0000;None;46400.0000
30785;2023-01-20 13:21:51.503000;8;107043;1;1;39800.0000;1;61500.0000;None;664200.0000
255;2023-01-20 20:39:30.173000;8;107209;1;1;154800.0000;1;37574.0000;None;405800.0000
10793;2023-01-20 14:55:13.593000;8;107333;1;1;66800.0000;1;51000.0000;None;550800.0000
251;2023-01-20 20:21:53.387000;8;107333;1;1;66800.0000;1;14352.0000;None;155000.0000
30805;2023-01-20 21:18:21.237000;8;107334;1;1;79800.0000;1;43056.0000;None;465000.0000
30788;2023-01-20 13:44:31.243000;8;107334;1;1;79800.0000;1;14815.0000;None;160000.0000
10803;2023-01-20 19:10:48.843000;8;107525;1;1;59800.0000;1;78204.0000;None;844600.0000
10803;2023-01-20 19:10:48.843000;8;107525;1;1;59800.0000;1;78204.0000;None;844600.0000
30804;2023-01-20 21:00:27.020000;8;107526;1;1;25800.0000;1;39926.0000;None;431200.0000
30803;2023-01-20 20:24:35.743000;8;107526;1;1;25800.0000;1;26574.0000;None;287000.0000
32841;2023-01-20 13:39:39.253000;8;107526;1;1;25800.0000;1;12056.0000;None;130200.0000
244;2023-01-20 19:31:08.130000;2;108101;1;1;36800.0000;1;34759.0000;None;375400.0000
265;2023-01-20 22:28:06.210000;2;108118;1;1;39800.0000;1;16556.0000;None;178800.0000
234;2023-01-20 13:01:13.180000;4;108191;1;1;0.0000;1;15463.0000;None;167000.0000
264;2023-01-20 21:54:08.977000;4;108191;1;1;0.0000;1;14963.0000;None;161600.0000
30805;2023-01-20 21:09:49.277000;4;108191;1;1;0.0000;1;43056.0000;None;465000.0000
30805;2023-01-20 21:19:17.840000;4;108191;1;1;0.0000;1;43056.0000;None;465000.0000
30806;2023-01-20 21:53:13.147000;4;108191;1;1;0.0000;1;13945.0000;None;150600.0000
30806;2023-01-20 21:14:52.553000;4;108191;1;2;0.0000;1;13945.0000;None;150600.0000
30804;2023-01-20 21:04:49.650000;4;108191;1;1;0.0000;1;39926.0000;None;431200.0000
30800;2023-01-20 21:02:41.860000;4;108191;1;1;0.0000;1;45019.0000;None;486200.0000
30800;2023-01-20 21:03:07.653000;4;108191;1;1;0.0000;1;45019.0000;None;486200.0000
30800;2023-01-20 20:11:08.357000;4;108191;1;3;0.0000;1;45019.0000;None;486200.0000
246;2023-01-20 19:33:06.153000;4;108191;1;1;0.0000;1;40352.0000;None;435800.0000
30793;2023-01-20 20:54:20.490000;4;108191;1;5;None;1;30056.0000;None;324600.0000
30794;2023-01-20 20:59:58.950000;4;108191;1;1;0.0000;1;44019.0000;None;475400.0000
30794;2023-01-20 21:33:58.207000;4;108191;1;1;0.0000;1;44019.0000;None;475400.0000
10803;2023-01-20 19:07:48.090000;4;108191;1;1;0.0000;1;78204.0000;None;844600.0000
10803;2023-01-20 21:40:14.967000;4;108191;1;1;0.0000;1;78204.0000;None;844600.0000
30791;2023-01-20 13:51:20.487000;4;108191;1;1;0.0000;1;11759.0000;None;127000.0000
259;2023-01-20 21:19:59.810000;2;108193;1;1;54800.0000;1;50408.0000;None;544400.0000
261;2023-01-20 21:25:44.403000;1;108429;1;1;69800.0000;1;33445.0000;None;361200.0000
32843;2023-01-20 13:47:20.773000;1;108429;1;1;69800.0000;1;35074.0000;None;378800.0000
10799;2023-01-20 16:25:13.730000;1;108429;1;2;139600.0000;1;None;None;463980.0000
229;2023-01-20 12:42:21.520000;1;108429;1;1;69800.0000;1;39982.0000;None;431800.0000
10799;2023-01-20 16:25:13.730000;1;108437;1;1;69800.0000;1;None;None;463980.0000
245;2023-01-20 19:55:50.033000;1;108437;1;1;69800.0000;1;77445.0000;None;836400.0000
30800;2023-01-20 20:23:48.517000;1;108437;1;1;69800.0000;1;45019.0000;None;486200.0000
254;2023-01-20 20:28:41.303000;1;108437;1;1;69800.0000;1;36241.0000;None;391400.0000
10799;2023-01-20 16:25:13.730000;8;108518;1;1;39800.0000;1;None;None;463980.0000
30788;2023-01-20 13:44:31.243000;8;108518;1;1;39800.0000;1;14815.0000;None;160000.0000
30786;2023-01-20 13:24:35.767000;8;109117;1;1;18800.0000;1;None;4990.0000;99800.0000
244;2023-01-20 20:17:39.463000;8;109117;1;1;18800.0000;1;34759.0000;None;375400.0000
244;2023-01-20 19:31:08.130000;8;109117;1;1;18800.0000;1;34759.0000;None;375400.0000
244;2023-01-20 19:31:08.130000;8;109117;1;1;18800.0000;1;34759.0000;None;375400.0000
248;2023-01-20 20:07:19.773000;8;109117;1;1;18800.0000;1;18926.0000;None;204400.0000
265;2023-01-20 22:28:06.210000;8;109117;1;1;18800.0000;1;16556.0000;None;178800.0000
265;2023-01-20 22:28:06.210000;8;109117;1;1;18800.0000;1;16556.0000;None;178800.0000
235;2023-01-20 13:12:15.367000;8;109180;1;1;38800.0000;1;15907.0000;None;171800.0000
32844;2023-01-20 14:13:14.743000;8;109180;1;1;38800.0000;1;23482.0000;None;253600.0000
249;2023-01-20 20:17:50.407000;8;109181;1;1;62800.0000;1;23667.0000;None;255600.0000
30785;2023-01-20 14:36:34.977000;1;109316;1;1;15800.0000;1;61500.0000;None;664200.0000
248;2023-01-20 20:07:41.483000;8;109318;1;1;40800.0000;1;18926.0000;None;204400.0000
30806;2023-01-20 21:40:43.973000;8;109318;1;1;40800.0000;1;13945.0000;None;150600.0000
251;2023-01-20 20:12:00.050000;1;109501;1;1;28800.0000;1;14352.0000;None;155000.0000
30794;2023-01-20 20:10:21.113000;1;109501;1;1;28800.0000;1;44019.0000;None;475400.0000
244;2023-01-20 19:31:08.083000;1;109501;1;1;28800.0000;1;34759.0000;None;375400.0000
32844;2023-01-20 14:13:14.743000;1;109501;1;1;28800.0000;1;23482.0000;None;253600.0000
240;2023-01-20 17:44:48.993000;1;109502;1;1;25800.0000;1;11019.0000;None;119000.0000
242;2023-01-20 18:51:12.190000;1;109502;1;1;25800.0000;1;35722.0000;None;385800.0000
10803;2023-01-20 19:10:48.843000;1;109503;1;1;49800.0000;1;78204.0000;None;844600.0000
239;2023-01-20 15:49:40.057000;1;109503;1;1;49800.0000;1;14907.0000;None;161000.0000
233;2023-01-20 13:32:54.250000;1;109505;1;1;19800.0000;1;35926.0000;None;388000.0000
30801;2023-01-20 20:22:50.543000;1;109505;1;1;19800.0000;1;None;None;194800.0000
234;2023-01-20 13:03:51.443000;3;200007;1;1;12800.0000;1;15463.0000;None;167000.0000
234;2023-01-20 13:01:13.180000;3;200007;1;1;12800.0000;1;15463.0000;None;167000.0000
228;2023-01-20 13:44:58.897000;3;200007;1;1;12800.0000;1;15195.0000;None;164100.0000
30785;2023-01-20 14:13:08.500000;3;200007;1;1;12800.0000;1;61500.0000;None;664200.0000
30785;2023-01-20 14:13:08.500000;3;200007;1;1;12800.0000;1;61500.0000;None;664200.0000
30785;2023-01-20 13:22:47.830000;3;200007;1;1;12800.0000;1;61500.0000;None;664200.0000
30785;2023-01-20 13:22:47.830000;3;200007;1;1;12800.0000;1;61500.0000;None;664200.0000
30803;2023-01-20 20:24:35.743000;3;200007;1;1;12800.0000;1;26574.0000;None;287000.0000
30803;2023-01-20 20:24:35.743000;3;200007;1;1;12800.0000;1;26574.0000;None;287000.0000
30803;2023-01-20 21:35:12.687000;3;200007;1;1;12800.0000;1;26574.0000;None;287000.0000
30800;2023-01-20 20:11:08.357000;3;200007;1;1;12800.0000;1;45019.0000;None;486200.0000
30797;2023-01-20 19:59:00.797000;3;200007;1;1;12800.0000;1;19889.0000;None;214800.0000
30797;2023-01-20 19:59:00.797000;3;200007;1;1;12800.0000;1;19889.0000;None;214800.0000
257;2023-01-20 21:10:54.963000;3;200007;1;1;12800.0000;1;26815.0000;None;289600.0000
30805;2023-01-20 21:19:17.840000;3;200007;1;1;12800.0000;1;43056.0000;None;465000.0000
30805;2023-01-20 21:09:49.277000;3;200007;1;1;12800.0000;1;43056.0000;None;465000.0000
259;2023-01-20 21:57:44.217000;3;200007;1;1;12800.0000;1;50408.0000;None;544400.0000
30791;2023-01-20 14:39:22.597000;3;200007;1;1;12800.0000;1;11759.0000;None;127000.0000
240;2023-01-20 17:46:47.830000;3;200007;1;1;12800.0000;1;11019.0000;None;119000.0000
30794;2023-01-20 19:52:58.333000;3;200007;1;1;12800.0000;1;44019.0000;None;475400.0000
248;2023-01-20 19:56:15.993000;3;200007;1;1;12800.0000;1;18926.0000;None;204400.0000
248;2023-01-20 19:51:57.273000;3;200007;1;1;12800.0000;1;18926.0000;None;204400.0000
30798;2023-01-20 20:01:36.353000;3;200008;1;1;15800.0000;1;30352.0000;None;327800.0000
10793;2023-01-20 14:25:00.220000;3;200008;1;1;15800.0000;1;51000.0000;None;550800.0000
231;2023-01-20 12:54:59.200000;3;200008;1;1;15800.0000;1;18426.0000;None;199000.0000
32851;2023-01-20 19:55:40.617000;3;200012;1;1;9800.0000;1;8259.0000;None;89200.0000
30789;2023-01-20 14:47:59.300000;3;200012;1;1;9800.0000;1;25685.0000;None;277400.0000
245;2023-01-20 19:32:04.623000;2;200188;1;1;210800.0000;1;77445.0000;None;836400.0000
238;2023-01-20 14:02:08.870000;2;200478;1;1;14800.0000;1;16000.0000;None;172800.0000
238;2023-01-20 14:02:08.870000;2;200478;1;1;14800.0000;1;16000.0000;None;172800.0000
238;2023-01-20 14:45:52.457000;2;200478;1;1;14800.0000;1;16000.0000;None;172800.0000
10803;2023-01-20 19:09:47.997000;2;200478;1;1;14800.0000;1;78204.0000;None;844600.0000
10803;2023-01-20 19:09:47.997000;2;200478;1;1;14800.0000;1;78204.0000;None;844600.0000
10803;2023-01-20 19:44:18.410000;2;200478;1;3;44400.0000;1;78204.0000;None;844600.0000
261;2023-01-20 21:27:03.183000;2;200478;1;1;14800.0000;1;33445.0000;None;361200.0000
232;2023-01-20 13:20:32.847000;2;200478;1;1;14800.0000;1;14056.0000;None;151800.0000
232;2023-01-20 13:49:31.447000;2;200478;1;1;14800.0000;1;14056.0000;None;151800.0000
261;2023-01-20 21:46:31.163000;2;200480;1;1;12800.0000;1;33445.0000;None;361200.0000
30800;2023-01-20 20:11:08.357000;2;200480;1;3;38400.0000;1;45019.0000;None;486200.0000
30799;2023-01-20 20:05:21.407000;2;200480;1;1;12800.0000;1;15056.0000;None;162600.0000
30800;2023-01-20 21:03:07.653000;2;200480;1;1;12800.0000;1;45019.0000;None;486200.0000
30800;2023-01-20 21:02:41.860000;2;200480;1;1;12800.0000;1;45019.0000;None;486200.0000
30804;2023-01-20 21:04:49.650000;2;200480;1;1;12800.0000;1;39926.0000;None;431200.0000
246;2023-01-20 19:33:06.153000;2;200480;1;1;12800.0000;1;40352.0000;None;435800.0000
246;2023-01-20 19:33:06.153000;2;200480;1;1;12800.0000;1;40352.0000;None;435800.0000
30793;2023-01-20 20:54:20.490000;2;200480;1;5;64000.0000;1;30056.0000;None;324600.0000
30790;2023-01-20 13:50:50.417000;2;200627;1;1;70800.0000;1;24908.0000;None;269000.0000
30790;2023-01-20 13:57:47.553000;2;200627;1;-1;-70800.0000;1;24908.0000;None;269000.0000
10803;2023-01-20 21:40:14.967000;3;200644;1;1;5800.0000;1;78204.0000;None;844600.0000
245;2023-01-20 21:00:27.133000;3;200644;1;1;5800.0000;1;77445.0000;None;836400.0000
251;2023-01-20 20:12:00.050000;3;200644;1;2;11600.0000;1;14352.0000;None;155000.0000
246;2023-01-20 19:41:32.583000;3;201146;1;1;5800.0000;1;40352.0000;None;435800.0000
10803;2023-01-20 17:58:43.643000;3;201146;1;1;5800.0000;1;78204.0000;None;844600.0000
10803;2023-01-20 17:58:43.643000;3;201146;1;1;5800.0000;1;78204.0000;None;844600.0000
10803;2023-01-20 17:58:43.643000;3;201146;1;1;5800.0000;1;78204.0000;None;844600.0000
10803;2023-01-20 17:58:43.643000;3;201146;1;1;5800.0000;1;78204.0000;None;844600.0000
10803;2023-01-20 17:58:43.643000;3;201146;1;1;5800.0000;1;78204.0000;None;844600.0000
241;2023-01-20 17:50:52.573000;3;201146;1;1;5800.0000;1;10093.0000;None;109000.0000
241;2023-01-20 17:50:52.573000;3;201146;1;1;5800.0000;1;10093.0000;None;109000.0000
30786;2023-01-20 13:54:45.803000;2;201187;1;1;9800.0000;1;None;4990.0000;99800.0000
30786;2023-01-20 13:24:35.767000;2;201187;1;1;9800.0000;1;None;4990.0000;99800.0000
30793;2023-01-20 21:54:49.917000;2;201187;1;1;9800.0000;1;30056.0000;None;324600.0000
30793;2023-01-20 19:50:44.877000;2;201187;1;1;9800.0000;1;30056.0000;None;324600.0000
30794;2023-01-20 19:52:58.333000;2;201187;1;1;9800.0000;1;44019.0000;None;475400.0000
30796;2023-01-20 19:56:42.570000;2;201187;1;1;9800.0000;1;9630.0000;None;104000.0000
30803;2023-01-20 20:24:35.743000;2;201187;1;1;9800.0000;1;26574.0000;None;287000.0000
258;2023-01-20 21:11:42.293000;2;201187;1;1;9800.0000;1;7148.0000;None;77200.0000
30806;2023-01-20 21:53:13.147000;2;201187;1;1;9800.0000;1;13945.0000;None;150600.0000
30806;2023-01-20 21:14:52.553000;2;201187;1;2;19600.0000;1;13945.0000;None;150600.0000
10815;2023-01-20 20:37:03.447000;3;201206;1;1;5800.0000;1;11648.0000;None;125800.0000
32851;2023-01-20 19:55:40.617000;3;201206;1;1;5800.0000;1;8259.0000;None;89200.0000
30794;2023-01-20 19:52:58.333000;3;201206;1;1;5800.0000;1;44019.0000;None;475400.0000
245;2023-01-20 19:57:12.760000;3;201206;1;1;5800.0000;1;77445.0000;None;836400.0000
10803;2023-01-20 20:39:27.550000;3;201206;1;1;5800.0000;1;78204.0000;None;844600.0000
237;2023-01-20 13:49:49.183000;3;201206;1;1;5800.0000;1;18667.0000;None;201600.0000
255;2023-01-20 20:39:30.173000;3;201237;1;1;5800.0000;1;37574.0000;None;405800.0000
264;2023-01-20 21:54:08.977000;3;201269;1;1;5800.0000;1;14963.0000;None;161600.0000
10803;2023-01-20 19:07:48.090000;3;201269;1;1;5800.0000;1;78204.0000;None;844600.0000
10800;2023-01-20 16:34:20.763000;3;201269;1;1;5800.0000;1;537.0000;None;5800.0000
30794;2023-01-20 20:59:58.950000;3;201269;1;1;5800.0000;1;44019.0000;None;475400.0000
232;2023-01-20 12:55:23.223000;3;201269;1;1;5800.0000;1;14056.0000;None;151800.0000
235;2023-01-20 13:05:38.423000;3;201269;1;1;5800.0000;1;15907.0000;None;171800.0000
235;2023-01-20 13:05:38.423000;3;201269;1;1;5800.0000;1;15907.0000;None;171800.0000
233;2023-01-20 14:44:08.350000;3;201312;1;1;4800.0000;1;35926.0000;None;388000.0000
232;2023-01-20 13:49:31.447000;3;201312;1;1;4800.0000;1;14056.0000;None;151800.0000
229;2023-01-20 13:12:56.810000;3;201312;1;1;4800.0000;1;39982.0000;None;431800.0000
228;2023-01-20 13:44:58.897000;3;201312;1;1;4800.0000;1;15195.0000;None;164100.0000
229;2023-01-20 12:42:21.520000;3;201312;1;1;4800.0000;1;39982.0000;None;431800.0000
230;2023-01-20 12:51:45.787000;3;201312;1;1;4800.0000;1;10278.0000;None;111000.0000
236;2023-01-20 13:26:22.953000;3;201312;1;1;4800.0000;1;16759.0000;None;181000.0000
30794;2023-01-20 21:02:41.860000;3;201312;1;1;4800.0000;1;44019.0000;None;475400.0000
250;2023-01-20 19:58:43.010000;3;201312;1;1;4800.0000;1;12222.0000;None;132000.0000
246;2023-01-20 19:33:06.153000;3;201312;1;1;4800.0000;1;40352.0000;None;435800.0000
246;2023-01-20 20:30:03.973000;3;201312;1;1;4800.0000;1;40352.0000;None;435800.0000
240;2023-01-20 17:46:47.830000;3;201312;1;1;4800.0000;1;11019.0000;None;119000.0000
10803;2023-01-20 21:03:50.483000;3;201312;1;1;4800.0000;1;78204.0000;None;844600.0000
10803;2023-01-20 21:42:38.503000;3;201312;1;1;4800.0000;1;78204.0000;None;844600.0000
10803;2023-01-20 21:58:38.537000;3;201312;1;1;4800.0000;1;78204.0000;None;844600.0000
10803;2023-01-20 21:40:14.967000;3;201312;1;1;4800.0000;1;78204.0000;None;844600.0000
10803;2023-01-20 20:59:45.533000;3;201312;1;1;4800.0000;1;78204.0000;None;844600.0000
10803;2023-01-20 20:59:45.533000;3;201312;1;1;4800.0000;1;78204.0000;None;844600.0000
267;2023-01-20 22:31:37.597000;3;201312;1;1;4800.0000;1;18907.0000;None;204200.0000
267;2023-01-20 23:18:55.163000;3;201312;1;1;4800.0000;1;18907.0000;None;204200.0000
30805;2023-01-20 21:09:49.277000;3;201312;1;1;4800.0000;1;43056.0000;None;465000.0000
262;2023-01-20 21:26:43.847000;3;201312;1;1;4800.0000;1;10667.0000;None;115200.0000
30804;2023-01-20 21:04:49.650000;3;201312;1;1;4800.0000;1;39926.0000;None;431200.0000
253;2023-01-20 21:02:36.780000;3;201312;1;1;4800.0000;1;7482.0000;None;80800.0000
259;2023-01-20 21:34:32.277000;8;201562;1;1;276800.0000;1;50408.0000;None;544400.0000
242;2023-01-20 19:29:19.603000;8;201562;1;1;276800.0000;1;35722.0000;None;385800.0000
242;2023-01-20 20:11:33.713000;2;201615;1;1;14800.0000;1;35722.0000;None;385800.0000
30791;2023-01-20 13:51:20.487000;2;201615;1;1;14800.0000;1;11759.0000;None;127000.0000
245;2023-01-20 21:33:01.223000;2;201615;1;1;14800.0000;1;77445.0000;None;836400.0000
245;2023-01-20 20:36:11.980000;2;201615;1;1;14800.0000;1;77445.0000;None;836400.0000
245;2023-01-20 20:50:12.233000;2;201615;1;1;14800.0000;1;77445.0000;None;836400.0000
245;2023-01-20 20:50:12.233000;2;201615;1;1;14800.0000;1;77445.0000;None;836400.0000
30794;2023-01-20 21:33:58.207000;2;201615;1;1;14800.0000;1;44019.0000;None;475400.0000
30794;2023-01-20 20:59:58.950000;2;201615;1;1;14800.0000;1;44019.0000;None;475400.0000
267;2023-01-20 22:31:37.597000;2;201615;1;1;14800.0000;1;18907.0000;None;204200.0000
253;2023-01-20 20:20:27.820000;2;201615;1;1;14800.0000;1;7482.0000;None;80800.0000
30804;2023-01-20 21:04:49.650000;2;201615;1;1;14800.0000;1;39926.0000;None;431200.0000
30804;2023-01-20 22:06:55.387000;2;201615;1;1;14800.0000;1;39926.0000;None;431200.0000
255;2023-01-20 20:39:30.173000;2;201615;1;1;14800.0000;1;37574.0000;None;405800.0000
30803;2023-01-20 21:34:12.943000;2;201615;1;1;14800.0000;1;26574.0000;None;287000.0000
30803;2023-01-20 21:43:16.330000;2;201615;1;-1;-14800.0000;1;26574.0000;None;287000.0000
228;2023-01-20 12:41:54.803000;2;201615;1;1;14800.0000;1;15195.0000;None;164100.0000
228;2023-01-20 12:41:54.803000;2;201615;1;1;14800.0000;1;15195.0000;None;164100.0000
30801;2023-01-20 20:22:50.543000;3;201704;1;1;15800.0000;1;None;None;194800.0000
261;2023-01-20 21:25:44.403000;3;201704;1;1;15800.0000;1;33445.0000;None;361200.0000
10818;2023-01-20 21:47:54.823000;3;201704;1;1;15800.0000;1;23945.0000;None;258600.0000
244;2023-01-20 19:31:08.130000;3;201704;1;1;15800.0000;1;34759.0000;None;375400.0000
32843;2023-01-20 13:47:20.773000;3;201704;1;1;15800.0000;1;35074.0000;None;378800.0000
246;2023-01-20 19:35:38.380000;2;201959;1;1;13800.0000;1;40352.0000;None;435800.0000
246;2023-01-20 19:33:06.153000;2;201961;1;1;13800.0000;1;40352.0000;None;435800.0000
30789;2023-01-20 13:50:27.157000;3;202112;1;1;9800.0000;1;25685.0000;None;277400.0000
10793;2023-01-20 14:25:00.220000;3;202133;1;1;9800.0000;1;51000.0000;None;550800.0000
10793;2023-01-20 14:29:27.593000;3;202133;1;1;9800.0000;1;51000.0000;None;550800.0000
259;2023-01-20 21:57:44.217000;2;202387;1;1;19800.0000;1;50408.0000;None;544400.0000
233;2023-01-20 13:01:26.977000;2;202508;1;1;164800.0000;1;35926.0000;None;388000.0000
232;2023-01-20 13:49:31.447000;3;202570;1;1;8800.0000;1;14056.0000;None;151800.0000
232;2023-01-20 13:20:32.847000;3;202570;1;1;8800.0000;1;14056.0000;None;151800.0000
10792;2023-01-20 13:02:24.773000;3;202570;1;1;8800.0000;1;22463.0000;None;242600.0000
32841;2023-01-20 13:48:41.627000;3;202570;1;1;8800.0000;1;12056.0000;None;130200.0000
32841;2023-01-20 13:48:41.627000;3;202570;1;1;8800.0000;1;12056.0000;None;130200.0000
30788;2023-01-20 13:32:53.643000;3;202570;1;1;8800.0000;1;14815.0000;None;160000.0000
30785;2023-01-20 14:29:48.443000;3;202570;1;1;8800.0000;1;61500.0000;None;664200.0000
30785;2023-01-20 13:22:47.830000;3;202570;1;1;8800.0000;1;61500.0000;None;664200.0000
30785;2023-01-20 13:22:47.830000;3;202570;1;1;8800.0000;1;61500.0000;None;664200.0000
257;2023-01-20 19:35:38.380000;3;202570;1;1;8800.0000;1;26815.0000;None;289600.0000
264;2023-01-20 22:35:03.983000;3;202570;1;1;8800.0000;1;14963.0000;None;161600.0000
265;2023-01-20 22:16:13.923000;3;202570;1;1;8800.0000;1;16556.0000;None;178800.0000
30802;2023-01-20 20:23:21.200000;3;202570;1;1;8800.0000;1;11370.0000;None;122800.0000
10815;2023-01-20 20:37:03.447000;3;202570;1;1;8800.0000;1;11648.0000;None;125800.0000
10813;2023-01-20 20:33:26.277000;3;202570;1;1;8800.0000;1;5130.0000;None;55400.0000
239;2023-01-20 15:49:40.057000;3;202570;1;1;8800.0000;1;14907.0000;None;161000.0000
239;2023-01-20 15:49:40.057000;3;202570;1;1;8800.0000;1;14907.0000;None;161000.0000
32846;2023-01-20 15:45:08.527000;3;202570;1;1;8800.0000;1;8370.0000;None;90400.0000
32845;2023-01-20 15:38:59.280000;3;202570;1;1;8800.0000;1;4296.0000;None;46400.0000
245;2023-01-20 19:57:12.760000;3;202570;1;1;8800.0000;1;77445.0000;None;836400.0000
32849;2023-01-20 19:39:41.653000;3;202570;1;1;8800.0000;1;13333.0000;None;144000.0000
243;2023-01-20 19:15:52.457000;3;202570;1;1;8800.0000;1;8982.0000;None;97000.0000
30790;2023-01-20 13:56:03.147000;2;202599;1;1;131800.0000;1;24908.0000;None;269000.0000
10799;2023-01-20 16:25:13.730000;9;802020;1;1;42180.0000;1;None;None;463980.0000
10805;2023-01-20 19:19:34.033000;9;802020;1;1;12100.0000;1;None;None;133100.0000
10806;2023-01-20 19:43:23.567000;9;802020;1;1;10940.0000;1;None;None;120340.0000
10807;2023-01-20 19:45:43.080000;9;802020;1;1;18600.0000;1;None;None;204600.0000
10811;2023-01-20 20:17:12.093000;9;802020;1;1;18600.0000;1;None;None;204600.0000
10810;2023-01-20 20:02:28.840000;9;802020;1;1;5460.0000;1;None;None;60060.0000
10809;2023-01-20 19:58:33.797000;9;802020;1;1;12500.0000;1;None;None;137500.0000
10808;2023-01-20 19:57:35.900000;9;802020;1;1;21660.0000;1;None;None;238260.0000
10817;2023-01-20 21:17:49.947000;9;802020;1;1;9760.0000;1;None;None;107360.0000
10789;2023-01-20 12:04:49.987000;9;802020;1;1;6760.0000;1;None;None;74360.0000
10791;2023-01-20 12:36:13.440000;9;802020;1;1;91500.0000;1;None;None;1006500.0000
10790;2023-01-20 12:28:44.943000;9;802020;1;1;119920.0000;1;None;None;1319120.0000
