2812;2023-01-06 19:01:15.647000;7;1135;1;1;0.0000;1;None;None;65600.0000
2821;2023-01-06 20:04:05.347000;7;1135;1;1;0.0000;1;None;None;48600.0000
2822;2023-01-06 20:13:42.933000;7;1135;1;1;0.0000;1;34426.0000;None;371800.0000
2812;2023-01-06 19:01:15.647000;7;1135;1;1;0.0000;1;None;None;65600.0000
2807;2023-01-06 17:56:20.790000;7;1135;1;1;0.0000;1;6241.0000;None;67400.0000
2808;2023-01-06 18:05:49.367000;7;1135;1;1;0.0000;1;None;None;292400.0000
2804;2023-01-06 17:12:38.857000;7;1135;1;1;0.0000;1;22204.0000;None;239800.0000
2806;2023-01-06 17:34:43.010000;7;1135;1;1;0.0000;1;None;None;23800.0000
2793;2023-01-06 15:29:14.870000;7;1135;1;1;0.0000;1;None;None;23800.0000
2780;2023-01-06 14:40:57.500000;7;1135;1;1;0.0000;1;16204.0000;None;175000.0000
2779;2023-01-06 14:38:02.837000;7;1135;1;1;0.0000;1;9630.0000;None;104000.0000
2780;2023-01-06 14:40:57.500000;7;1135;1;1;0.0000;1;16204.0000;None;175000.0000
2779;2023-01-06 14:38:02.837000;7;1135;1;1;0.0000;1;9630.0000;None;104000.0000
2779;2023-01-06 14:38:02.837000;7;1135;1;1;0.0000;1;9630.0000;None;104000.0000
2775;2023-01-06 14:09:40.933000;7;1135;1;1;0.0000;1;10556.0000;None;114000.0000
2773;2023-01-06 14:05:33.350000;7;1135;1;1;0.0000;1;None;None;19800.0000
2771;2023-01-06 14:02:00.253000;7;1135;1;1;0.0000;1;None;None;112000.0000
2769;2023-01-06 13:55:41.153000;7;1135;1;1;0.0000;1;None;None;198600.0000
2757;2023-01-06 13:27:14.907000;7;1135;1;1;0.0000;1;10926.0000;None;118000.0000
2759;2023-01-06 13:30:30.803000;7;1135;1;1;0.0000;1;12574.0000;None;135800.0000
2759;2023-01-06 13:30:30.803000;7;1135;1;1;0.0000;1;12574.0000;None;135800.0000
2761;2023-01-06 13:33:05.997000;7;1135;1;1;0.0000;1;8093.0000;None;87400.0000
2752;2023-01-06 13:13:58.777000;7;1135;1;1;0.0000;1;10296.0000;None;111200.0000
2754;2023-01-06 13:21:05.497000;7;1135;1;1;0.0000;1;7593.0000;None;82000.0000
2754;2023-01-06 13:21:05.497000;7;1135;1;1;0.0000;1;7593.0000;None;82000.0000
2751;2023-01-06 13:08:27.737000;7;1135;1;1;0.0000;1;2648.0000;None;28600.0000
2739;2023-01-06 12:21:19.040000;7;1135;1;1;0.0000;1;11778.0000;None;127200.0000
2739;2023-01-06 12:21:19.040000;7;1135;1;1;0.0000;1;11778.0000;None;127200.0000
2743;2023-01-06 12:53:44.147000;7;1135;1;1;0.0000;1;10759.0000;None;116200.0000
2744;2023-01-06 12:56:25.270000;7;1135;1;1;0.0000;1;15833.0000;None;171000.0000
2744;2023-01-06 12:56:25.270000;7;1135;1;1;0.0000;1;15833.0000;None;171000.0000
2737;2023-01-06 12:03:46.527000;7;1135;1;1;0.0000;1;13148.0000;None;142000.0000
2744;2023-01-06 12:56:25.270000;7;1207;1;1;0.0000;1;15833.0000;None;171000.0000
2752;2023-01-06 13:13:58.777000;7;1207;1;1;0.0000;1;10296.0000;None;111200.0000
2767;2023-01-06 13:48:59.003000;7;1207;1;1;0.0000;1;None;None;187800.0000
2796;2023-01-06 15:59:43.707000;3;100596;1;1;5800.0000;1;None;None;18400.0000
2796;2023-01-06 15:59:43.707000;3;100606;1;1;6800.0000;1;None;None;18400.0000
2826;2023-01-06 20:37:21.040000;3;100606;1;1;6800.0000;1;None;None;91000.0000
2828;2023-01-06 21:03:13.047000;3;100613;1;1;5800.0000;1;None;None;11600.0000
2796;2023-01-06 15:59:43.707000;3;100613;1;1;5800.0000;1;None;None;18400.0000
2804;2023-01-06 17:12:38.857000;3;100614;1;3;17400.0000;1;22204.0000;None;239800.0000
2768;2023-01-06 13:50:46.960000;3;100614;1;1;5800.0000;1;None;None;22600.0000
2777;2023-01-06 14:21:50.120000;3;100614;1;1;5800.0000;1;None;None;11600.0000
2777;2023-01-06 14:21:50.120000;3;100614;1;1;5800.0000;1;None;None;11600.0000
2828;2023-01-06 21:03:13.047000;3;100614;1;1;5800.0000;1;None;None;11600.0000
2775;2023-01-06 14:09:40.933000;1;101007;1;1;59800.0000;1;10556.0000;None;114000.0000
2769;2023-01-06 13:55:41.153000;1;101007;1;1;59800.0000;1;None;None;198600.0000
2761;2023-01-06 13:33:05.997000;1;101007;1;1;59800.0000;1;8093.0000;None;87400.0000
2753;2023-01-06 13:15:51.807000;1;101007;1;1;59800.0000;1;10130.0000;None;109400.0000
2748;2023-01-06 13:01:55.133000;1;101007;1;1;59800.0000;1;14352.0000;None;155000.0000
2744;2023-01-06 12:56:25.270000;1;101007;1;1;59800.0000;1;15833.0000;None;171000.0000
2744;2023-01-06 12:56:25.270000;1;101007;1;1;59800.0000;1;15833.0000;None;171000.0000
2739;2023-01-06 12:21:19.040000;1;101007;1;1;59800.0000;1;11778.0000;None;127200.0000
2811;2023-01-06 18:31:43.927000;1;101007;1;1;59800.0000;1;None;3176.0000;68600.0000
2781;2023-01-06 14:47:42.710000;1;101007;1;1;59800.0000;1;19445.0000;None;210000.0000
2780;2023-01-06 14:40:57.500000;1;101270;1;1;0.0000;1;16204.0000;None;175000.0000
2780;2023-01-06 14:40:57.500000;1;101270;1;1;0.0000;1;16204.0000;None;175000.0000
2817;2023-01-06 19:47:12.950000;1;101270;1;1;0.0000;1;10167.0000;None;109800.0000
2817;2023-01-06 19:47:12.950000;1;101270;1;1;0.0000;1;10167.0000;None;109800.0000
2743;2023-01-06 12:53:44.147000;1;101270;1;1;0.0000;1;10759.0000;None;116200.0000
2747;2023-01-06 12:59:44.197000;1;101270;1;1;0.0000;1;10130.0000;None;109400.0000
2756;2023-01-06 13:24:40.850000;1;101270;1;1;0.0000;1;None;None;67400.0000
2775;2023-01-06 14:09:40.933000;1;101270;1;1;0.0000;1;10556.0000;None;114000.0000
2775;2023-01-06 14:09:40.933000;1;101270;1;1;0.0000;1;10556.0000;None;114000.0000
2737;2023-01-06 12:03:46.527000;1;101270;1;1;0.0000;1;13148.0000;None;142000.0000
2754;2023-01-06 13:21:05.497000;1;102141;1;1;1800.0000;1;7593.0000;None;82000.0000
2819;2023-01-06 20:00:15.867000;1;102170;1;1;3800.0000;1;6056.0000;None;65400.0000
2737;2023-01-06 12:03:46.527000;1;102172;1;1;3800.0000;1;13148.0000;None;142000.0000
2808;2023-01-06 18:05:49.367000;2;103225;1;1;45800.0000;1;None;None;292400.0000
2808;2023-01-06 18:05:49.367000;2;103225;1;1;45800.0000;1;None;None;292400.0000
2787;2023-01-06 15:04:53.927000;1;103351;1;1;36800.0000;1;11222.0000;None;121200.0000
2750;2023-01-06 13:05:51.397000;1;103351;1;1;36800.0000;1;8352.0000;None;90200.0000
2772;2023-01-06 14:04:20.713000;1;103351;1;1;36800.0000;1;9648.0000;None;104200.0000
2770;2023-01-06 13:59:36.033000;1;103856;1;1;32800.0000;1;None;None;156800.0000
2771;2023-01-06 14:02:00.253000;1;103856;1;1;32800.0000;1;None;None;112000.0000
2750;2023-01-06 13:05:51.397000;1;103856;1;1;32800.0000;1;8352.0000;None;90200.0000
2813;2023-01-06 19:18:00.660000;1;103856;1;1;32800.0000;1;6982.0000;None;75400.0000
2817;2023-01-06 19:47:12.950000;1;103993;1;1;16800.0000;1;10167.0000;None;109800.0000
2804;2023-01-06 17:12:38.857000;1;103993;1;1;16800.0000;1;22204.0000;None;239800.0000
2805;2023-01-06 17:29:57.297000;1;103993;1;1;16800.0000;1;None;None;16800.0000
2802;2023-01-06 16:53:20.750000;1;103993;1;1;16800.0000;1;None;None;16800.0000
2787;2023-01-06 15:04:53.927000;1;103993;1;1;16800.0000;1;11222.0000;None;121200.0000
2768;2023-01-06 13:50:46.960000;1;103993;1;1;16800.0000;1;None;None;22600.0000
2826;2023-01-06 20:37:21.040000;1;103993;1;1;16800.0000;1;None;None;91000.0000
2759;2023-01-06 13:30:30.803000;1;104337;1;1;46800.0000;1;12574.0000;None;135800.0000
2769;2023-01-06 13:55:41.153000;1;104337;1;1;46800.0000;1;None;None;198600.0000
2752;2023-01-06 13:13:58.777000;1;104337;1;1;46800.0000;1;10296.0000;None;111200.0000
2752;2023-01-06 13:13:58.777000;1;104337;1;1;46800.0000;1;10296.0000;None;111200.0000
2798;2023-01-06 16:27:34.737000;1;104337;1;1;46800.0000;1;10389.0000;None;112200.0000
2791;2023-01-06 15:21:31.653000;1;104337;1;1;46800.0000;1;None;None;72400.0000
2815;2023-01-06 19:23:13.313000;1;104337;1;1;46800.0000;1;14815.0000;None;160000.0000
2818;2023-01-06 19:56:44.953000;1;104337;1;1;46800.0000;1;12315.0000;None;133000.0000
2745;2023-01-06 12:57:54.157000;1;104341;1;1;39800.0000;1;None;None;101400.0000
2740;2023-01-06 12:38:35.357000;1;104341;1;1;39800.0000;1;None;None;112200.0000
2829;2023-01-06 21:11:32.403000;1;104341;1;1;39800.0000;1;10463.0000;None;113000.0000
2827;2023-01-06 20:50:28.817000;1;104347;1;1;43800.0000;1;None;None;43800.0000
2824;2023-01-06 20:23:41.273000;1;104347;1;1;43800.0000;1;8648.0000;None;93400.0000
2824;2023-01-06 20:23:41.273000;1;104347;1;1;43800.0000;1;8648.0000;None;93400.0000
2747;2023-01-06 12:59:44.197000;1;104347;1;1;43800.0000;1;10130.0000;None;109400.0000
2753;2023-01-06 13:15:51.807000;1;104347;1;1;43800.0000;1;10130.0000;None;109400.0000
2759;2023-01-06 13:30:30.803000;1;104347;1;1;43800.0000;1;12574.0000;None;135800.0000
2765;2023-01-06 13:38:58.767000;1;104347;1;1;43800.0000;1;15741.0000;None;170000.0000
2820;2023-01-06 20:02:49.267000;1;104347;1;1;43800.0000;1;5407.0000;None;58400.0000
2816;2023-01-06 19:36:21.717000;1;104347;1;1;43800.0000;1;8815.0000;None;95200.0000
2803;2023-01-06 17:05:36.877000;1;104347;1;1;43800.0000;1;None;None;143800.0000
2803;2023-01-06 17:05:36.877000;1;104347;1;1;43800.0000;1;None;None;143800.0000
2808;2023-01-06 18:05:49.367000;1;104347;1;1;43800.0000;1;None;None;292400.0000
2807;2023-01-06 17:56:20.790000;1;104347;1;1;43800.0000;1;6241.0000;None;67400.0000
2788;2023-01-06 15:05:48.570000;1;104347;1;1;43800.0000;1;None;None;54600.0000
2784;2023-01-06 14:54:25.773000;1;104347;1;1;43800.0000;1;8815.0000;None;95200.0000
2736;2023-01-06 12:02:17.620000;3;104355;1;1;10800.0000;1;11037.0000;None;119200.0000
2782;2023-01-06 14:50:36.157000;3;104355;1;1;10800.0000;1;None;None;10800.0000
2785;2023-01-06 14:55:57.023000;3;104355;1;1;10800.0000;1;None;None;10800.0000
2788;2023-01-06 15:05:48.570000;3;104355;1;1;10800.0000;1;None;None;54600.0000
2787;2023-01-06 15:04:53.927000;3;104355;1;1;10800.0000;1;11222.0000;None;121200.0000
2780;2023-01-06 14:40:57.500000;3;104355;1;1;10800.0000;1;16204.0000;None;175000.0000
2780;2023-01-06 14:40:57.500000;3;104355;1;1;10800.0000;1;16204.0000;None;175000.0000
2778;2023-01-06 14:32:44.627000;3;104355;1;1;10800.0000;1;None;None;71400.0000
2800;2023-01-06 16:33:17.243000;3;104355;1;1;10800.0000;1;11667.0000;None;126000.0000
2815;2023-01-06 19:23:13.313000;3;104355;1;1;10800.0000;1;14815.0000;None;160000.0000
2767;2023-01-06 13:48:59.003000;3;104355;1;1;10800.0000;1;None;None;187800.0000
2759;2023-01-06 13:30:30.803000;3;104355;1;1;10800.0000;1;12574.0000;None;135800.0000
2771;2023-01-06 14:02:00.253000;3;104355;1;1;10800.0000;1;None;None;112000.0000
2776;2023-01-06 14:20:27.790000;3;104355;1;1;10800.0000;1;None;None;97200.0000
2750;2023-01-06 13:05:51.397000;3;104355;1;1;10800.0000;1;8352.0000;None;90200.0000
2748;2023-01-06 13:01:55.143000;3;104355;1;1;10800.0000;1;14352.0000;None;155000.0000
2740;2023-01-06 12:38:35.357000;3;104355;1;1;10800.0000;1;None;None;112200.0000
2798;2023-01-06 16:27:34.737000;1;104357;1;1;44800.0000;1;10389.0000;None;112200.0000
2792;2023-01-06 15:25:54.547000;1;104357;1;1;44800.0000;1;13445.0000;None;145200.0000
2793;2023-01-06 15:29:14.870000;1;104358;1;1;23800.0000;1;None;None;23800.0000
2783;2023-01-06 14:52:17.610000;1;104413;1;1;1800.0000;1;None;None;1800.0000
2736;2023-01-06 12:02:17.620000;1;104447;1;1;56800.0000;1;11037.0000;None;119200.0000
2737;2023-01-06 12:03:46.527000;1;104447;1;1;56800.0000;1;13148.0000;None;142000.0000
2787;2023-01-06 15:04:53.927000;1;104447;1;1;56800.0000;1;11222.0000;None;121200.0000
2786;2023-01-06 15:03:01.673000;1;104447;1;1;56800.0000;1;9093.0000;None;98200.0000
2780;2023-01-06 14:40:57.500000;1;104447;1;1;56800.0000;1;16204.0000;None;175000.0000
2780;2023-01-06 14:40:57.500000;1;104447;1;1;56800.0000;1;16204.0000;None;175000.0000
2781;2023-01-06 14:47:42.710000;1;104447;1;1;56800.0000;1;19445.0000;None;210000.0000
2815;2023-01-06 19:23:13.313000;1;104447;1;1;56800.0000;1;14815.0000;None;160000.0000
2822;2023-01-06 20:13:42.933000;1;104447;1;1;56800.0000;1;34426.0000;None;371800.0000
2741;2023-01-06 12:40:26.517000;1;104447;1;1;56800.0000;1;10389.0000;None;112200.0000
2748;2023-01-06 13:01:55.143000;1;104447;1;1;56800.0000;1;14352.0000;None;155000.0000
2767;2023-01-06 13:48:59.003000;1;104447;1;1;56800.0000;1;None;None;187800.0000
2765;2023-01-06 13:38:58.767000;1;104447;1;1;56800.0000;1;15741.0000;None;170000.0000
2759;2023-01-06 13:30:30.803000;1;104450;1;1;22800.0000;1;12574.0000;None;135800.0000
2771;2023-01-06 14:02:00.253000;1;104450;1;1;22800.0000;1;None;None;112000.0000
2751;2023-01-06 13:08:27.737000;1;104450;1;1;22800.0000;1;2648.0000;None;28600.0000
2754;2023-01-06 13:21:05.497000;1;104450;1;1;22800.0000;1;7593.0000;None;82000.0000
2757;2023-01-06 13:27:14.907000;1;104450;1;1;22800.0000;1;10926.0000;None;118000.0000
2757;2023-01-06 13:27:14.907000;1;104450;1;1;22800.0000;1;10926.0000;None;118000.0000
2776;2023-01-06 14:20:27.790000;1;104974;1;1;45800.0000;1;None;None;97200.0000
2743;2023-01-06 12:53:44.147000;1;105696;1;1;69800.0000;1;10759.0000;None;116200.0000
2737;2023-01-06 12:03:46.527000;1;105696;1;1;69800.0000;1;13148.0000;None;142000.0000
2818;2023-01-06 19:56:44.953000;1;106358;1;1;36800.0000;1;12315.0000;None;133000.0000
2779;2023-01-06 14:38:02.837000;1;106358;1;1;36800.0000;1;9630.0000;None;104000.0000
2786;2023-01-06 15:03:01.673000;1;107823;1;1;23800.0000;1;9093.0000;None;98200.0000
2794;2023-01-06 15:36:39.577000;1;107823;1;1;23800.0000;1;None;None;88200.0000
2806;2023-01-06 17:34:43.010000;1;107823;1;1;23800.0000;1;None;None;23800.0000
2762;2023-01-06 13:34:08.030000;1;107823;1;1;23800.0000;1;None;None;23800.0000
2764;2023-01-06 13:35:48.433000;1;107824;1;1;22800.0000;1;None;None;22800.0000
2763;2023-01-06 13:35:01.197000;1;107824;1;1;22800.0000;1;None;None;22800.0000
2817;2023-01-06 19:47:12.950000;1;107824;1;1;22800.0000;1;10167.0000;None;109800.0000
2826;2023-01-06 20:37:21.040000;1;107827;1;1;49800.0000;1;None;None;91000.0000
2797;2023-01-06 16:04:00.627000;1;107829;1;1;34800.0000;1;3759.0000;None;40600.0000
2799;2023-01-06 16:30:01.287000;1;107829;1;1;34800.0000;1;16722.0000;None;180600.0000
2776;2023-01-06 14:20:27.790000;1;107829;1;1;34800.0000;1;None;None;97200.0000
2743;2023-01-06 12:53:44.147000;1;107829;1;1;34800.0000;1;10759.0000;None;116200.0000
2740;2023-01-06 12:38:35.357000;1;107831;1;1;55800.0000;1;None;None;112200.0000
2745;2023-01-06 12:57:54.157000;1;107831;1;1;55800.0000;1;None;None;101400.0000
2756;2023-01-06 13:24:40.850000;1;107831;1;1;55800.0000;1;None;None;67400.0000
2755;2023-01-06 13:23:36.127000;1;107831;1;1;55800.0000;1;5704.0000;None;61600.0000
2749;2023-01-06 13:03:14.747000;1;107831;1;1;55800.0000;1;None;None;61600.0000
2772;2023-01-06 14:04:20.713000;1;107831;1;1;55800.0000;1;9648.0000;None;104200.0000
2767;2023-01-06 13:48:59.003000;1;107831;1;1;55800.0000;1;None;None;187800.0000
2800;2023-01-06 16:33:17.243000;1;107831;1;1;55800.0000;1;11667.0000;None;126000.0000
2819;2023-01-06 20:00:15.867000;1;107831;1;1;55800.0000;1;6056.0000;None;65400.0000
2822;2023-01-06 20:13:42.933000;1;107831;1;1;55800.0000;1;34426.0000;None;371800.0000
2829;2023-01-06 21:11:32.403000;1;107831;1;1;55800.0000;1;10463.0000;None;113000.0000
2804;2023-01-06 17:12:38.857000;1;107832;1;1;39800.0000;1;22204.0000;None;239800.0000
2804;2023-01-06 17:12:38.857000;1;107832;1;1;39800.0000;1;22204.0000;None;239800.0000
2804;2023-01-06 17:12:38.857000;1;107832;1;1;39800.0000;1;22204.0000;None;239800.0000
2754;2023-01-06 13:21:05.497000;1;107832;1;1;39800.0000;1;7593.0000;None;82000.0000
2794;2023-01-06 15:36:39.577000;1;107833;1;1;49800.0000;1;None;None;88200.0000
2791;2023-01-06 15:21:31.653000;1;107836;1;1;19800.0000;1;None;None;72400.0000
2814;2023-01-06 19:21:42.757000;1;107836;1;1;19800.0000;1;1833.0000;None;19800.0000
2773;2023-01-06 14:05:33.350000;1;107836;1;1;19800.0000;1;None;None;19800.0000
2771;2023-01-06 14:02:00.253000;1;107839;1;1;39800.0000;1;None;None;112000.0000
2758;2023-01-06 13:28:14.840000;1;107839;1;1;39800.0000;1;4222.0000;None;45600.0000
2744;2023-01-06 12:56:25.270000;1;107839;1;1;39800.0000;1;15833.0000;None;171000.0000
2741;2023-01-06 12:40:26.517000;1;107839;1;1;39800.0000;1;10389.0000;None;112200.0000
2815;2023-01-06 19:23:13.313000;1;107839;1;1;39800.0000;1;14815.0000;None;160000.0000
2809;2023-01-06 18:18:16.393000;1;107839;1;1;39800.0000;1;10944.0000;None;118200.0000
2809;2023-01-06 18:18:16.393000;1;107839;1;1;39800.0000;1;10944.0000;None;118200.0000
2792;2023-01-06 15:25:54.547000;1;107839;1;1;39800.0000;1;13445.0000;None;145200.0000
2780;2023-01-06 14:40:57.500000;1;107839;1;1;39800.0000;1;16204.0000;None;175000.0000
2769;2023-01-06 13:55:41.153000;1;107840;1;1;42800.0000;1;None;None;198600.0000
2736;2023-01-06 12:02:17.620000;1;107840;1;1;42800.0000;1;11037.0000;None;119200.0000
2775;2023-01-06 14:09:40.933000;1;107846;1;1;32800.0000;1;10556.0000;None;114000.0000
2809;2023-01-06 18:18:16.393000;1;107846;1;1;32800.0000;1;10944.0000;None;118200.0000
2812;2023-01-06 19:01:15.647000;1;107846;1;1;32800.0000;1;None;None;65600.0000
2812;2023-01-06 19:01:15.647000;1;107846;1;1;32800.0000;1;None;None;65600.0000
2813;2023-01-06 19:18:00.660000;1;107846;1;1;32800.0000;1;6982.0000;None;75400.0000
2810;2023-01-06 18:26:51.977000;1;107871;1;1;14800.0000;1;None;None;14800.0000
2795;2023-01-06 15:49:34.190000;1;107871;1;1;14800.0000;1;None;None;20600.0000
2798;2023-01-06 16:27:34.737000;1;107871;1;1;14800.0000;1;10389.0000;None;112200.0000
2823;2023-01-06 20:17:45.270000;1;107871;1;1;14800.0000;1;None;None;168800.0000
2736;2023-01-06 12:02:17.620000;3;107873;1;1;8800.0000;1;11037.0000;None;119200.0000
2822;2023-01-06 20:13:42.933000;3;107873;1;1;8800.0000;1;34426.0000;None;371800.0000
2826;2023-01-06 20:37:21.040000;3;107873;1;1;8800.0000;1;None;None;91000.0000
2826;2023-01-06 20:37:21.040000;3;107873;1;1;8800.0000;1;None;None;91000.0000
2799;2023-01-06 16:30:01.287000;3;107873;1;1;8800.0000;1;16722.0000;None;180600.0000
2794;2023-01-06 15:36:39.577000;3;107873;1;1;8800.0000;1;None;None;88200.0000
2786;2023-01-06 15:03:01.673000;3;107873;1;1;8800.0000;1;9093.0000;None;98200.0000
2786;2023-01-06 15:03:01.673000;3;107873;1;1;8800.0000;1;9093.0000;None;98200.0000
2811;2023-01-06 18:31:43.927000;3;107873;1;1;8800.0000;1;None;3176.0000;68600.0000
2808;2023-01-06 18:05:49.367000;3;107873;1;1;8800.0000;1;None;None;292400.0000
2808;2023-01-06 18:05:49.367000;3;107873;1;1;8800.0000;1;None;None;292400.0000
2803;2023-01-06 17:05:36.877000;3;107873;1;1;8800.0000;1;None;None;143800.0000
2804;2023-01-06 17:12:38.857000;3;107873;1;3;26400.0000;1;22204.0000;None;239800.0000
2818;2023-01-06 19:56:44.953000;3;107873;1;1;8800.0000;1;12315.0000;None;133000.0000
2818;2023-01-06 19:56:44.953000;3;107873;1;1;8800.0000;1;12315.0000;None;133000.0000
2821;2023-01-06 20:04:05.347000;3;107873;1;1;8800.0000;1;None;None;48600.0000
2820;2023-01-06 20:02:49.267000;3;107873;1;1;8800.0000;1;5407.0000;None;58400.0000
2757;2023-01-06 13:27:14.907000;3;107873;1;1;8800.0000;1;10926.0000;None;118000.0000
2757;2023-01-06 13:27:14.907000;3;107873;1;1;8800.0000;1;10926.0000;None;118000.0000
2767;2023-01-06 13:48:59.003000;3;107873;1;1;8800.0000;1;None;None;187800.0000
2767;2023-01-06 13:48:59.003000;3;107873;1;1;8800.0000;1;None;None;187800.0000
2765;2023-01-06 13:38:58.767000;3;107873;1;1;8800.0000;1;15741.0000;None;170000.0000
2754;2023-01-06 13:21:05.497000;3;107873;1;1;8800.0000;1;7593.0000;None;82000.0000
2754;2023-01-06 13:21:05.497000;3;107873;1;1;8800.0000;1;7593.0000;None;82000.0000
2752;2023-01-06 13:13:58.777000;3;107873;1;1;8800.0000;1;10296.0000;None;111200.0000
2752;2023-01-06 13:13:58.777000;3;107873;1;1;8800.0000;1;10296.0000;None;111200.0000
2765;2023-01-06 13:38:58.767000;1;107893;1;1;54800.0000;1;15741.0000;None;170000.0000
2757;2023-01-06 13:27:14.907000;1;107893;1;1;54800.0000;1;10926.0000;None;118000.0000
2808;2023-01-06 18:05:49.367000;1;107893;1;1;54800.0000;1;None;None;292400.0000
2823;2023-01-06 20:17:45.270000;1;107893;1;1;54800.0000;1;None;None;168800.0000
2779;2023-01-06 14:38:02.837000;1;108054;1;1;28800.0000;1;9630.0000;None;104000.0000
2781;2023-01-06 14:47:42.710000;2;108143;1;1;39800.0000;1;19445.0000;None;210000.0000
2781;2023-01-06 14:47:42.710000;2;108143;1;1;39800.0000;1;19445.0000;None;210000.0000
2803;2023-01-06 17:05:36.877000;4;108191;1;1;0.0000;1;None;None;143800.0000
2813;2023-01-06 19:18:00.660000;4;108191;1;1;0.0000;1;6982.0000;None;75400.0000
2816;2023-01-06 19:36:21.717000;1;108314;1;1;39800.0000;1;8815.0000;None;95200.0000
2821;2023-01-06 20:04:05.347000;1;108314;1;1;39800.0000;1;None;None;48600.0000
2784;2023-01-06 14:54:25.773000;1;108314;1;1;39800.0000;1;8815.0000;None;95200.0000
2822;2023-01-06 20:13:42.933000;1;108319;1;1;79800.0000;1;34426.0000;None;371800.0000
2822;2023-01-06 20:13:42.933000;1;108319;1;1;79800.0000;1;34426.0000;None;371800.0000
2770;2023-01-06 13:59:36.033000;1;108319;1;1;79800.0000;1;None;None;156800.0000
2770;2023-01-06 13:59:36.033000;1;108321;1;1;26800.0000;1;None;None;156800.0000
2779;2023-01-06 14:38:02.837000;1;108321;1;1;26800.0000;1;9630.0000;None;104000.0000
2825;2023-01-06 20:29:17.503000;1;108323;1;1;49800.0000;1;8630.0000;None;93200.0000
2738;2023-01-06 12:15:22.987000;1;108323;1;1;49800.0000;1;5148.0000;None;55600.0000
2800;2023-01-06 16:33:17.243000;2;109053;1;1;21800.0000;1;11667.0000;None;126000.0000
2760;2023-01-06 13:31:39.050000;2;109053;1;1;21800.0000;1;None;None;21800.0000
2748;2023-01-06 13:01:55.143000;2;109053;1;1;21800.0000;1;14352.0000;None;155000.0000
2747;2023-01-06 12:59:44.197000;1;109155;1;1;59800.0000;1;10130.0000;None;109400.0000
2799;2023-01-06 16:30:01.287000;1;109155;1;1;59800.0000;1;16722.0000;None;180600.0000
2799;2023-01-06 16:30:01.287000;1;109155;1;1;59800.0000;1;16722.0000;None;180600.0000
2804;2023-01-06 17:12:38.857000;1;109155;1;1;59800.0000;1;22204.0000;None;239800.0000
2823;2023-01-06 20:17:45.270000;1;109155;1;1;59800.0000;1;None;None;168800.0000
2825;2023-01-06 20:29:17.503000;1;109156;1;1;31800.0000;1;8630.0000;None;93200.0000
2803;2023-01-06 17:05:36.877000;1;109156;1;1;31800.0000;1;None;None;143800.0000
2817;2023-01-06 19:47:12.950000;1;109156;1;1;31800.0000;1;10167.0000;None;109800.0000
2800;2023-01-06 16:33:17.243000;1;109156;1;1;31800.0000;1;11667.0000;None;126000.0000
2808;2023-01-06 18:05:49.367000;1;109157;1;1;57800.0000;1;None;None;292400.0000
2792;2023-01-06 15:25:54.547000;1;109245;1;1;46800.0000;1;13445.0000;None;145200.0000
2766;2023-01-06 13:45:49.703000;1;109245;1;1;46800.0000;1;4333.0000;None;46800.0000
2767;2023-01-06 13:48:59.003000;1;109245;1;1;46800.0000;1;None;None;187800.0000
2769;2023-01-06 13:55:41.153000;1;109450;1;1;31800.0000;1;None;None;198600.0000
2818;2023-01-06 19:56:44.953000;1;109450;1;1;31800.0000;1;12315.0000;None;133000.0000
2817;2023-01-06 19:47:12.950000;1;109451;1;1;26800.0000;1;10167.0000;None;109800.0000
2808;2023-01-06 18:05:49.367000;1;109451;1;1;26800.0000;1;None;None;292400.0000
2778;2023-01-06 14:32:44.627000;1;109452;1;1;54800.0000;1;None;None;71400.0000
2739;2023-01-06 12:21:19.040000;1;109568;1;1;47800.0000;1;11778.0000;None;127200.0000
2823;2023-01-06 20:17:45.270000;None;109591;None;1;16800.0000;1;None;None;168800.0000
2823;2023-01-06 20:17:45.270000;None;109591;None;1;16800.0000;1;None;None;168800.0000
2741;2023-01-06 12:40:26.517000;3;200004;1;1;9800.0000;1;10389.0000;None;112200.0000
2737;2023-01-06 12:03:46.527000;3;200644;1;1;5800.0000;1;13148.0000;None;142000.0000
2741;2023-01-06 12:40:26.517000;3;200644;1;1;5800.0000;1;10389.0000;None;112200.0000
2747;2023-01-06 12:59:44.197000;3;200644;1;1;5800.0000;1;10130.0000;None;109400.0000
2746;2023-01-06 12:58:56.097000;3;200644;1;1;5800.0000;1;None;None;11600.0000
2775;2023-01-06 14:09:40.933000;3;200644;1;1;5800.0000;1;10556.0000;None;114000.0000
2775;2023-01-06 14:09:40.933000;3;200644;1;1;5800.0000;1;10556.0000;None;114000.0000
2809;2023-01-06 18:18:16.393000;3;200644;1;1;5800.0000;1;10944.0000;None;118200.0000
2816;2023-01-06 19:36:21.717000;3;200644;1;1;5800.0000;1;8815.0000;None;95200.0000
2817;2023-01-06 19:47:12.950000;3;200644;1;1;5800.0000;1;10167.0000;None;109800.0000
2784;2023-01-06 14:54:25.773000;3;200644;1;1;5800.0000;1;8815.0000;None;95200.0000
2825;2023-01-06 20:29:17.503000;3;200644;1;1;5800.0000;1;8630.0000;None;93200.0000
2825;2023-01-06 20:29:17.503000;3;200644;1;1;5800.0000;1;8630.0000;None;93200.0000
2823;2023-01-06 20:17:45.270000;3;201146;1;1;5800.0000;1;None;None;168800.0000
2829;2023-01-06 21:11:32.403000;3;201146;1;1;5800.0000;1;10463.0000;None;113000.0000
2784;2023-01-06 14:54:25.773000;3;201146;1;1;5800.0000;1;8815.0000;None;95200.0000
2791;2023-01-06 15:21:31.653000;3;201146;1;1;5800.0000;1;None;None;72400.0000
2817;2023-01-06 19:47:12.950000;3;201146;1;1;5800.0000;1;10167.0000;None;109800.0000
2816;2023-01-06 19:36:21.717000;3;201146;1;1;5800.0000;1;8815.0000;None;95200.0000
2815;2023-01-06 19:23:13.313000;3;201146;1;1;5800.0000;1;14815.0000;None;160000.0000
2803;2023-01-06 17:05:36.877000;3;201146;1;1;5800.0000;1;None;None;143800.0000
2769;2023-01-06 13:55:41.153000;3;201146;1;1;5800.0000;1;None;None;198600.0000
2769;2023-01-06 13:55:41.153000;3;201146;1;1;5800.0000;1;None;None;198600.0000
2769;2023-01-06 13:55:41.153000;3;201146;1;1;5800.0000;1;None;None;198600.0000
2758;2023-01-06 13:28:14.840000;3;201146;1;1;5800.0000;1;4222.0000;None;45600.0000
2744;2023-01-06 12:56:25.270000;3;201146;1;1;5800.0000;1;15833.0000;None;171000.0000
2744;2023-01-06 12:56:25.270000;3;201146;1;1;5800.0000;1;15833.0000;None;171000.0000
2740;2023-01-06 12:38:35.357000;3;201146;1;1;5800.0000;1;None;None;112200.0000
2749;2023-01-06 13:03:14.747000;3;201146;1;1;5800.0000;1;None;None;61600.0000
2750;2023-01-06 13:05:51.397000;2;201184;1;1;9800.0000;1;8352.0000;None;90200.0000
2775;2023-01-06 14:09:40.933000;2;201184;1;1;9800.0000;1;10556.0000;None;114000.0000
2803;2023-01-06 17:05:36.877000;2;201184;1;1;9800.0000;1;None;None;143800.0000
2807;2023-01-06 17:56:20.790000;2;201184;1;1;9800.0000;1;6241.0000;None;67400.0000
2813;2023-01-06 19:18:00.660000;2;201184;1;1;9800.0000;1;6982.0000;None;75400.0000
2789;2023-01-06 15:06:45.590000;2;201187;1;1;9800.0000;1;None;None;19600.0000
2789;2023-01-06 15:06:45.590000;2;201187;1;1;9800.0000;1;None;None;19600.0000
2778;2023-01-06 14:32:44.627000;3;201221;1;1;5800.0000;1;None;None;71400.0000
2799;2023-01-06 16:30:01.287000;3;201221;1;3;17400.0000;1;16722.0000;None;180600.0000
2776;2023-01-06 14:20:27.790000;3;201221;1;1;5800.0000;1;None;None;97200.0000
2756;2023-01-06 13:24:40.850000;3;201221;1;1;5800.0000;1;None;None;67400.0000
2829;2023-01-06 21:11:32.403000;3;201221;1;1;5800.0000;1;10463.0000;None;113000.0000
2756;2023-01-06 13:24:40.850000;3;201237;1;1;5800.0000;1;None;None;67400.0000
2743;2023-01-06 12:53:44.147000;3;201237;1;1;5800.0000;1;10759.0000;None;116200.0000
2765;2023-01-06 13:38:58.767000;3;201237;1;1;5800.0000;1;15741.0000;None;170000.0000
2798;2023-01-06 16:27:34.737000;3;201237;1;1;5800.0000;1;10389.0000;None;112200.0000
2794;2023-01-06 15:36:39.577000;3;201237;1;1;5800.0000;1;None;None;88200.0000
2819;2023-01-06 20:00:15.867000;3;201237;1;1;5800.0000;1;6056.0000;None;65400.0000
2829;2023-01-06 21:11:32.403000;3;201261;1;1;5800.0000;1;10463.0000;None;113000.0000
2824;2023-01-06 20:23:41.273000;3;201269;1;1;5800.0000;1;8648.0000;None;93400.0000
2820;2023-01-06 20:02:49.267000;3;201269;1;1;5800.0000;1;5407.0000;None;58400.0000
2748;2023-01-06 13:01:55.143000;3;201277;1;1;5800.0000;1;14352.0000;None;155000.0000
2751;2023-01-06 13:08:27.737000;3;201304;1;1;5800.0000;1;2648.0000;None;28600.0000
2755;2023-01-06 13:23:36.127000;3;201304;1;1;5800.0000;1;5704.0000;None;61600.0000
2753;2023-01-06 13:15:51.807000;3;201304;1;1;5800.0000;1;10130.0000;None;109400.0000
2743;2023-01-06 12:53:44.147000;3;201304;1;1;5800.0000;1;10759.0000;None;116200.0000
2739;2023-01-06 12:21:19.040000;3;201304;1;1;5800.0000;1;11778.0000;None;127200.0000
2746;2023-01-06 12:58:56.097000;3;201304;1;1;5800.0000;1;None;None;11600.0000
2745;2023-01-06 12:57:54.157000;3;201304;1;1;5800.0000;1;None;None;101400.0000
2759;2023-01-06 13:30:30.803000;3;201304;1;1;5800.0000;1;12574.0000;None;135800.0000
2759;2023-01-06 13:30:30.803000;3;201304;1;1;5800.0000;1;12574.0000;None;135800.0000
2772;2023-01-06 14:04:20.713000;3;201304;1;1;5800.0000;1;9648.0000;None;104200.0000
2772;2023-01-06 14:04:20.713000;3;201304;1;1;5800.0000;1;9648.0000;None;104200.0000
2770;2023-01-06 13:59:36.033000;3;201304;1;1;5800.0000;1;None;None;156800.0000
2770;2023-01-06 13:59:36.033000;3;201304;1;1;5800.0000;1;None;None;156800.0000
2770;2023-01-06 13:59:36.033000;3;201304;1;1;5800.0000;1;None;None;156800.0000
2771;2023-01-06 14:02:00.253000;3;201304;1;1;5800.0000;1;None;None;112000.0000
2801;2023-01-06 16:34:05.450000;3;201304;1;1;5800.0000;1;None;None;5800.0000
2795;2023-01-06 15:49:34.190000;3;201304;1;1;5800.0000;1;None;None;20600.0000
2790;2023-01-06 15:19:22.123000;3;201304;1;1;5800.0000;1;None;None;19600.0000
2797;2023-01-06 16:04:00.627000;3;201304;1;1;5800.0000;1;3759.0000;None;40600.0000
2800;2023-01-06 16:33:17.243000;3;201304;1;1;5800.0000;1;11667.0000;None;126000.0000
2779;2023-01-06 14:38:02.837000;3;201304;1;1;5800.0000;1;9630.0000;None;104000.0000
2779;2023-01-06 14:38:02.837000;3;201304;1;1;5800.0000;1;9630.0000;None;104000.0000
2738;2023-01-06 12:15:22.987000;3;201304;1;1;5800.0000;1;5148.0000;None;55600.0000
2737;2023-01-06 12:03:46.527000;3;201304;1;1;5800.0000;1;13148.0000;None;142000.0000
2781;2023-01-06 14:47:42.710000;2;201615;1;1;13800.0000;1;19445.0000;None;210000.0000
2790;2023-01-06 15:19:22.123000;2;201615;1;1;13800.0000;1;None;None;19600.0000
2792;2023-01-06 15:25:54.547000;2;201615;1;1;13800.0000;1;13445.0000;None;145200.0000
2807;2023-01-06 17:56:20.790000;2;201615;1;1;13800.0000;1;6241.0000;None;67400.0000
2761;2023-01-06 13:33:05.997000;2;201615;1;1;13800.0000;1;8093.0000;None;87400.0000
2761;2023-01-06 13:33:05.997000;2;201615;1;1;13800.0000;1;8093.0000;None;87400.0000
2739;2023-01-06 12:21:19.040000;2;201615;1;1;13800.0000;1;11778.0000;None;127200.0000
2822;2023-01-06 20:13:42.933000;2;202145;1;1;90800.0000;1;34426.0000;None;371800.0000
