3011;2023-01-08 15:52:25.747000;7;1135;1;1;0.0000;1;8537.0000;None;92200.0000
3012;2023-01-08 16:08:14.463000;7;1135;1;1;0.0000;1;None;None;22800.0000
2997;2023-01-08 15:07:54.567000;7;1135;1;1;0.0000;1;8815.0000;None;95200.0000
2997;2023-01-08 15:07:54.567000;7;1135;1;1;0.0000;1;8815.0000;None;95200.0000
2999;2023-01-08 15:11:35.880000;7;1135;1;1;0.0000;1;10296.0000;None;111200.0000
3001;2023-01-08 15:13:18.887000;7;1135;1;1;0.0000;1;8370.0000;None;90400.0000
3002;2023-01-08 15:15:12.847000;7;1135;1;1;0.0000;1;None;None;109000.0000
2997;2023-01-08 15:07:54.567000;7;1135;1;1;0.0000;1;8815.0000;None;95200.0000
2990;2023-01-08 14:46:01.003000;7;1135;1;1;0.0000;1;None;None;59800.0000
2988;2023-01-08 14:41:02.907000;7;1135;1;1;0.0000;1;7444.0000;None;80400.0000
2982;2023-01-08 14:27:58.403000;7;1135;1;1;0.0000;1;9000.0000;None;97200.0000
2972;2023-01-08 14:08:57.427000;7;1135;1;1;0.0000;1;None;None;26800.0000
2970;2023-01-08 14:06:08.987000;7;1135;1;1;0.0000;1;11482.0000;None;124000.0000
2965;2023-01-08 13:56:02.677000;7;1135;1;1;0.0000;1;14333.0000;None;154800.0000
2957;2023-01-08 13:36:45.970000;7;1135;1;1;0.0000;1;None;None;31600.0000
2954;2023-01-08 13:20:53.757000;7;1135;1;1;0.0000;1;18833.0000;None;203400.0000
2954;2023-01-08 13:20:53.757000;7;1135;1;1;0.0000;1;18833.0000;None;203400.0000
2952;2023-01-08 13:00:40.100000;7;1135;1;1;0.0000;1;None;None;68400.0000
2952;2023-01-08 13:00:40.100000;7;1135;1;1;0.0000;1;None;None;68400.0000
2950;2023-01-08 12:48:30.273000;7;1135;1;1;0.0000;1;8741.0000;None;94400.0000
2946;2023-01-08 12:12:48.553000;7;1135;1;1;0.0000;1;None;None;22800.0000
2951;2023-01-08 12:51:14.330000;7;1207;1;1;0.0000;1;14148.0000;None;152800.0000
2959;2023-01-08 13:40:47.343000;7;1207;1;1;0.0000;1;25778.0000;None;278400.0000
2959;2023-01-08 13:40:47.343000;7;1207;1;1;0.0000;1;25778.0000;None;278400.0000
2959;2023-01-08 13:40:47.343000;3;100606;1;1;6800.0000;1;25778.0000;None;278400.0000
2959;2023-01-08 13:40:47.343000;3;100614;1;1;5800.0000;1;25778.0000;None;278400.0000
3010;2023-01-08 15:48:16.523000;3;100614;1;1;5800.0000;1;None;None;11600.0000
3010;2023-01-08 15:48:16.523000;3;100614;1;1;5800.0000;1;None;None;11600.0000
2982;2023-01-08 14:27:58.403000;1;100624;1;1;1000.0000;1;9000.0000;None;97200.0000
2984;2023-01-08 14:31:23.253000;1;101007;1;1;59800.0000;1;13519.0000;None;146000.0000
2974;2023-01-08 14:14:13.043000;1;101007;1;1;59800.0000;1;22463.0000;None;242600.0000
2954;2023-01-08 13:20:53.757000;1;101007;1;1;59800.0000;1;18833.0000;None;203400.0000
2956;2023-01-08 13:24:43.253000;1;101007;1;1;59800.0000;1;10278.0000;None;111000.0000
2951;2023-01-08 12:51:14.330000;1;101007;1;1;59800.0000;1;14148.0000;None;152800.0000
2953;2023-01-08 13:09:00.843000;1;101007;1;1;59800.0000;1;12500.0000;None;135000.0000
3013;2023-01-08 16:26:11.400000;1;101007;1;1;59800.0000;1;None;None;76600.0000
3015;2023-01-08 16:41:54.443000;1;101007;1;1;59800.0000;1;None;None;167000.0000
2988;2023-01-08 14:41:02.907000;1;101007;1;1;59800.0000;1;7444.0000;None;80400.0000
2987;2023-01-08 14:38:12.197000;1;101007;1;1;59800.0000;1;10407.0000;None;112400.0000
2986;2023-01-08 14:36:01.300000;1;101007;1;1;59800.0000;1;None;None;59800.0000
2990;2023-01-08 14:46:01.003000;1;101007;1;1;59800.0000;1;None;None;59800.0000
3003;2023-01-08 15:16:59.850000;1;101007;1;1;59800.0000;1;10037.0000;None;108400.0000
3008;2023-01-08 15:39:49.100000;1;101007;1;1;59800.0000;1;None;None;154800.0000
2997;2023-01-08 15:07:54.567000;1;101007;1;1;59800.0000;1;8815.0000;None;95200.0000
2998;2023-01-08 15:09:52.620000;1;101007;1;1;59800.0000;1;None;None;146000.0000
2960;2023-01-08 13:42:08.440000;1;101270;1;1;0.0000;1;12130.0000;None;131000.0000
3005;2023-01-08 15:20:13.303000;1;102132;1;1;3800.0000;1;5500.0000;None;59400.0000
2979;2023-01-08 14:21:40.147000;1;102170;1;1;3800.0000;1;6056.0000;None;65400.0000
2991;2023-01-08 14:47:20.053000;1;103351;1;1;36800.0000;1;None;None;47600.0000
2975;2023-01-08 14:16:01.807000;1;103856;1;1;32800.0000;1;7148.0000;None;77200.0000
2975;2023-01-08 14:16:01.807000;1;103856;1;1;32800.0000;1;7148.0000;None;77200.0000
2996;2023-01-08 15:02:32.580000;1;103856;1;1;32800.0000;1;13167.0000;None;142200.0000
2989;2023-01-08 14:42:51.217000;1;103993;1;1;16800.0000;1;None;None;31600.0000
3008;2023-01-08 15:39:49.100000;1;103993;1;1;16800.0000;1;None;None;154800.0000
3013;2023-01-08 16:26:11.400000;1;103993;1;1;16800.0000;1;None;None;76600.0000
3022;2023-01-08 18:03:43.103000;1;103993;1;1;16800.0000;1;None;None;16800.0000
2959;2023-01-08 13:40:47.343000;1;103993;1;1;16800.0000;1;25778.0000;None;278400.0000
2985;2023-01-08 14:34:17.873000;1;104337;1;1;46800.0000;1;None;None;110200.0000
2985;2023-01-08 14:34:17.873000;1;104337;1;1;46800.0000;1;None;None;110200.0000
2965;2023-01-08 13:56:02.677000;1;104341;1;1;39800.0000;1;14333.0000;None;154800.0000
2968;2023-01-08 14:00:30.263000;1;104347;1;1;43800.0000;1;None;None;101400.0000
2969;2023-01-08 14:03:17.167000;1;104347;1;1;43800.0000;1;15074.0000;None;162800.0000
2976;2023-01-08 14:16:59.143000;1;104347;1;1;43800.0000;1;11130.0000;None;120200.0000
2960;2023-01-08 13:42:08.440000;1;104347;1;1;43800.0000;1;12130.0000;None;131000.0000
2954;2023-01-08 13:20:53.757000;1;104347;1;1;43800.0000;1;18833.0000;None;203400.0000
2954;2023-01-08 13:20:53.757000;1;104347;1;1;43800.0000;1;18833.0000;None;203400.0000
2987;2023-01-08 14:38:12.197000;1;104347;1;1;43800.0000;1;10407.0000;None;112400.0000
2996;2023-01-08 15:02:32.580000;1;104347;1;1;43800.0000;1;13167.0000;None;142200.0000
2992;2023-01-08 14:52:08.230000;1;104347;1;1;43800.0000;1;None;None;52600.0000
2999;2023-01-08 15:11:35.880000;1;104347;1;1;43800.0000;1;10296.0000;None;111200.0000
3014;2023-01-08 16:39:32.043000;1;104347;1;1;43800.0000;1;None;None;110400.0000
2993;2023-01-08 14:53:39.137000;1;104348;1;1;54800.0000;1;None;None;89600.0000
2991;2023-01-08 14:47:20.053000;3;104355;1;1;10800.0000;1;None;None;47600.0000
2994;2023-01-08 14:59:10.923000;3;104355;1;1;10800.0000;1;6982.0000;None;75400.0000
2985;2023-01-08 14:34:17.873000;3;104355;1;1;10800.0000;1;None;None;110200.0000
2984;2023-01-08 14:31:23.253000;3;104355;1;1;10800.0000;1;13519.0000;None;146000.0000
2998;2023-01-08 15:09:52.620000;3;104355;1;1;10800.0000;1;None;None;146000.0000
2998;2023-01-08 15:09:52.620000;3;104355;1;1;10800.0000;1;None;None;146000.0000
3008;2023-01-08 15:39:49.100000;3;104355;1;1;10800.0000;1;None;None;154800.0000
3007;2023-01-08 15:24:49.017000;3;104355;1;1;10800.0000;1;None;None;10800.0000
3005;2023-01-08 15:20:13.303000;3;104355;1;1;10800.0000;1;5500.0000;None;59400.0000
3014;2023-01-08 16:39:32.043000;3;104355;1;1;10800.0000;1;None;None;110400.0000
3015;2023-01-08 16:41:54.443000;3;104355;1;1;10800.0000;1;None;None;167000.0000
3015;2023-01-08 16:41:54.443000;3;104355;1;1;10800.0000;1;None;None;167000.0000
3016;2023-01-08 16:58:29.790000;3;104355;1;1;10800.0000;1;30445.0000;None;328800.0000
3011;2023-01-08 15:52:25.747000;3;104355;1;1;10800.0000;1;8537.0000;None;92200.0000
3009;2023-01-08 15:42:03.520000;3;104355;1;1;10800.0000;1;None;None;137200.0000
3009;2023-01-08 15:42:03.520000;3;104355;1;1;10800.0000;1;None;None;137200.0000
3024;2023-01-08 18:46:03.700000;3;104355;1;1;10800.0000;1;7722.0000;None;83400.0000
3017;2023-01-08 17:00:24.113000;3;104355;1;1;10800.0000;1;None;None;124000.0000
3017;2023-01-08 17:00:24.113000;3;104355;1;1;10800.0000;1;None;None;124000.0000
3018;2023-01-08 17:14:31.743000;3;104355;1;1;10800.0000;1;9370.0000;None;101200.0000
2953;2023-01-08 13:09:00.843000;3;104355;1;3;32400.0000;1;12500.0000;None;135000.0000
2959;2023-01-08 13:40:47.343000;3;104355;1;3;32400.0000;1;25778.0000;None;278400.0000
2958;2023-01-08 13:37:33.240000;3;104355;1;1;10800.0000;1;None;None;10800.0000
2976;2023-01-08 14:16:59.143000;3;104355;1;1;10800.0000;1;11130.0000;None;120200.0000
2978;2023-01-08 14:20:31.933000;3;104355;1;1;10800.0000;1;None;None;19600.0000
2974;2023-01-08 14:14:13.043000;3;104355;1;1;10800.0000;1;22463.0000;None;242600.0000
2974;2023-01-08 14:14:13.043000;3;104355;1;1;10800.0000;1;22463.0000;None;242600.0000
2974;2023-01-08 14:14:13.043000;3;104355;1;1;10800.0000;1;22463.0000;None;242600.0000
2974;2023-01-08 14:14:13.043000;3;104355;1;1;10800.0000;1;22463.0000;None;242600.0000
2981;2023-01-08 14:25:55.520000;3;104355;1;1;10800.0000;1;None;None;211600.0000
2981;2023-01-08 14:25:55.520000;3;104355;1;1;10800.0000;1;None;None;211600.0000
2983;2023-01-08 14:29:21.177000;3;104355;1;1;10800.0000;1;6167.0000;None;66600.0000
2969;2023-01-08 14:03:17.167000;3;104355;1;1;10800.0000;1;15074.0000;None;162800.0000
2968;2023-01-08 14:00:30.263000;3;104355;1;1;10800.0000;1;None;None;101400.0000
3017;2023-01-08 17:00:24.113000;1;104357;1;1;44800.0000;1;None;None;124000.0000
2997;2023-01-08 15:07:54.567000;1;104358;1;1;23800.0000;1;8815.0000;None;95200.0000
2954;2023-01-08 13:20:53.757000;1;104358;1;1;23800.0000;1;18833.0000;None;203400.0000
2959;2023-01-08 13:40:47.343000;1;104447;1;1;56800.0000;1;25778.0000;None;278400.0000
2966;2023-01-08 13:56:59.043000;1;104447;1;1;56800.0000;1;5796.0000;None;62600.0000
2963;2023-01-08 13:51:50.237000;1;104447;1;1;56800.0000;1;None;None;56800.0000
2969;2023-01-08 14:03:17.167000;1;104447;1;1;56800.0000;1;15074.0000;None;162800.0000
2970;2023-01-08 14:06:08.987000;1;104447;1;1;56800.0000;1;11482.0000;None;124000.0000
2982;2023-01-08 14:27:58.403000;1;104447;1;1;56800.0000;1;9000.0000;None;97200.0000
2996;2023-01-08 15:02:32.580000;1;104447;1;1;56800.0000;1;13167.0000;None;142200.0000
3016;2023-01-08 16:58:29.790000;1;104447;1;1;56800.0000;1;30445.0000;None;328800.0000
3012;2023-01-08 16:08:14.463000;1;104450;1;1;22800.0000;1;None;None;22800.0000
3002;2023-01-08 15:15:12.847000;1;104450;1;1;22800.0000;1;None;None;109000.0000
2970;2023-01-08 14:06:08.987000;1;104450;1;1;22800.0000;1;11482.0000;None;124000.0000
2957;2023-01-08 13:36:45.970000;1;104450;1;1;22800.0000;1;None;None;31600.0000
2952;2023-01-08 13:00:40.100000;1;104450;1;1;22800.0000;1;None;None;68400.0000
2946;2023-01-08 12:12:48.553000;1;104450;1;1;22800.0000;1;None;None;22800.0000
3001;2023-01-08 15:13:18.887000;1;105696;1;1;69800.0000;1;8370.0000;None;90400.0000
3004;2023-01-08 15:18:13.537000;1;106358;1;1;36800.0000;1;None;None;36800.0000
2981;2023-01-08 14:25:55.520000;1;106358;1;1;36800.0000;1;None;None;211600.0000
2982;2023-01-08 14:27:58.403000;1;106866;1;1;27800.0000;1;9000.0000;None;97200.0000
3017;2023-01-08 17:00:24.113000;1;106866;1;1;27800.0000;1;None;None;124000.0000
2952;2023-01-08 13:00:40.100000;1;107824;1;1;22800.0000;1;None;None;68400.0000
2952;2023-01-08 13:00:40.100000;1;107824;1;1;22800.0000;1;None;None;68400.0000
2959;2023-01-08 13:40:47.343000;1;107825;1;1;44800.0000;1;25778.0000;None;278400.0000
3005;2023-01-08 15:20:13.303000;1;107825;1;1;44800.0000;1;5500.0000;None;59400.0000
3006;2023-01-08 15:22:21.303000;1;107826;1;1;43800.0000;1;11944.0000;None;129000.0000
3018;2023-01-08 17:14:31.743000;1;107827;1;1;49800.0000;1;9370.0000;None;101200.0000
3016;2023-01-08 16:58:29.790000;1;107827;1;1;49800.0000;1;30445.0000;None;328800.0000
2951;2023-01-08 12:51:14.330000;1;107827;1;1;49800.0000;1;14148.0000;None;152800.0000
2947;2023-01-08 12:33:38.623000;1;107827;1;1;49800.0000;1;11944.0000;None;129000.0000
3002;2023-01-08 15:15:12.847000;1;107829;1;1;34800.0000;1;None;None;109000.0000
2993;2023-01-08 14:53:39.137000;1;107829;1;1;34800.0000;1;None;None;89600.0000
2995;2023-01-08 15:00:06.437000;1;107831;1;1;55800.0000;1;5704.0000;None;61600.0000
3008;2023-01-08 15:39:49.100000;1;107831;1;1;55800.0000;1;None;None;154800.0000
2999;2023-01-08 15:11:35.880000;1;107831;1;1;55800.0000;1;10296.0000;None;111200.0000
3016;2023-01-08 16:58:29.790000;1;107831;1;1;55800.0000;1;30445.0000;None;328800.0000
3016;2023-01-08 16:58:29.790000;1;107831;1;1;55800.0000;1;30445.0000;None;328800.0000
3014;2023-01-08 16:39:32.043000;1;107831;1;1;55800.0000;1;None;None;110400.0000
3011;2023-01-08 15:52:25.747000;1;107831;1;1;55800.0000;1;8537.0000;None;92200.0000
3009;2023-01-08 15:42:03.520000;1;107831;1;1;55800.0000;1;None;None;137200.0000
2947;2023-01-08 12:33:38.623000;1;107831;1;1;55800.0000;1;11944.0000;None;129000.0000
2948;2023-01-08 12:37:07.080000;1;107831;1;1;55800.0000;1;None;None;55800.0000
2950;2023-01-08 12:48:30.273000;1;107831;1;1;55800.0000;1;8741.0000;None;94400.0000
2961;2023-01-08 13:43:41.283000;1;107831;1;1;55800.0000;1;None;None;95600.0000
2980;2023-01-08 14:23:29.917000;1;107831;1;1;55800.0000;1;10204.0000;None;110200.0000
2983;2023-01-08 14:29:21.177000;1;107831;1;1;55800.0000;1;6167.0000;None;66600.0000
2979;2023-01-08 14:21:40.147000;1;107831;1;1;55800.0000;1;6056.0000;None;65400.0000
2977;2023-01-08 14:18:56.847000;1;107831;1;1;55800.0000;1;None;None;111600.0000
2977;2023-01-08 14:18:56.847000;1;107831;1;1;55800.0000;1;None;None;111600.0000
2965;2023-01-08 13:56:02.677000;1;107831;1;1;55800.0000;1;14333.0000;None;154800.0000
2969;2023-01-08 14:03:17.167000;1;107832;1;1;39800.0000;1;15074.0000;None;162800.0000
2960;2023-01-08 13:42:08.440000;1;107832;1;1;39800.0000;1;12130.0000;None;131000.0000
3011;2023-01-08 15:52:25.747000;1;107836;1;1;19800.0000;1;8537.0000;None;92200.0000
2962;2023-01-08 13:46:28.180000;1;107836;1;1;19800.0000;1;5130.0000;None;55400.0000
2959;2023-01-08 13:40:47.343000;1;107836;1;1;19800.0000;1;25778.0000;None;278400.0000
2956;2023-01-08 13:24:43.253000;1;107836;1;1;19800.0000;1;10278.0000;None;111000.0000
2956;2023-01-08 13:24:43.253000;1;107836;1;1;19800.0000;1;10278.0000;None;111000.0000
2965;2023-01-08 13:56:02.677000;1;107836;1;1;19800.0000;1;14333.0000;None;154800.0000
2965;2023-01-08 13:56:02.677000;1;107836;1;1;19800.0000;1;14333.0000;None;154800.0000
2981;2023-01-08 14:25:55.520000;1;107839;1;1;39800.0000;1;None;None;211600.0000
2981;2023-01-08 14:25:55.520000;1;107839;1;1;39800.0000;1;None;None;211600.0000
2959;2023-01-08 13:40:47.343000;1;107839;1;1;39800.0000;1;25778.0000;None;278400.0000
2961;2023-01-08 13:43:41.283000;1;107839;1;1;39800.0000;1;None;None;95600.0000
3002;2023-01-08 15:15:12.847000;1;107839;1;1;39800.0000;1;None;None;109000.0000
3003;2023-01-08 15:16:59.850000;1;107839;1;1;39800.0000;1;10037.0000;None;108400.0000
2953;2023-01-08 13:09:00.843000;1;107840;1;1;42800.0000;1;12500.0000;None;135000.0000
2998;2023-01-08 15:09:52.620000;1;107846;1;1;32800.0000;1;None;None;146000.0000
3016;2023-01-08 16:58:29.790000;1;107846;1;1;32800.0000;1;30445.0000;None;328800.0000
3016;2023-01-08 16:58:29.790000;1;107846;1;1;32800.0000;1;30445.0000;None;328800.0000
3024;2023-01-08 18:46:03.700000;1;107846;1;1;32800.0000;1;7722.0000;None;83400.0000
3001;2023-01-08 15:13:18.887000;1;107871;1;1;14800.0000;1;8370.0000;None;90400.0000
2989;2023-01-08 14:42:51.217000;1;107871;1;1;14800.0000;1;None;None;31600.0000
2988;2023-01-08 14:41:02.907000;1;107871;1;1;14800.0000;1;7444.0000;None;80400.0000
2959;2023-01-08 13:40:47.343000;1;107871;1;1;14800.0000;1;25778.0000;None;278400.0000
2959;2023-01-08 13:40:47.343000;3;107873;1;1;8800.0000;1;25778.0000;None;278400.0000
2955;2023-01-08 13:21:07.283000;3;107873;1;1;8800.0000;1;None;None;8800.0000
2954;2023-01-08 13:20:53.757000;3;107873;1;1;8800.0000;1;18833.0000;None;203400.0000
2954;2023-01-08 13:20:53.757000;3;107873;1;1;8800.0000;1;18833.0000;None;203400.0000
2954;2023-01-08 13:20:53.757000;3;107873;1;1;8800.0000;1;18833.0000;None;203400.0000
2957;2023-01-08 13:36:45.970000;3;107873;1;1;8800.0000;1;None;None;31600.0000
2951;2023-01-08 12:51:14.330000;3;107873;1;3;26400.0000;1;14148.0000;None;152800.0000
2949;2023-01-08 12:46:04.380000;3;107873;1;1;8800.0000;1;8648.0000;None;93400.0000
2947;2023-01-08 12:33:38.623000;3;107873;1;1;8800.0000;1;11944.0000;None;129000.0000
2947;2023-01-08 12:33:38.623000;3;107873;1;1;8800.0000;1;11944.0000;None;129000.0000
2978;2023-01-08 14:20:31.933000;3;107873;1;1;8800.0000;1;None;None;19600.0000
2965;2023-01-08 13:56:02.677000;3;107873;1;1;8800.0000;1;14333.0000;None;154800.0000
2967;2023-01-08 13:58:20.717000;3;107873;1;1;8800.0000;1;6352.0000;None;68600.0000
2970;2023-01-08 14:06:08.987000;3;107873;1;1;8800.0000;1;11482.0000;None;124000.0000
2973;2023-01-08 14:11:37.217000;3;107873;1;1;8800.0000;1;None;None;140000.0000
2987;2023-01-08 14:38:12.197000;3;107873;1;1;8800.0000;1;10407.0000;None;112400.0000
2984;2023-01-08 14:31:23.253000;3;107873;1;1;8800.0000;1;13519.0000;None;146000.0000
2996;2023-01-08 15:02:32.580000;3;107873;1;1;8800.0000;1;13167.0000;None;142200.0000
2992;2023-01-08 14:52:08.230000;3;107873;1;1;8800.0000;1;None;None;52600.0000
3003;2023-01-08 15:16:59.850000;3;107873;1;1;8800.0000;1;10037.0000;None;108400.0000
3018;2023-01-08 17:14:31.743000;3;107873;1;1;8800.0000;1;9370.0000;None;101200.0000
3019;2023-01-08 17:16:00.637000;3;107873;1;1;8800.0000;1;7167.0000;None;77400.0000
3019;2023-01-08 17:16:00.637000;3;107873;1;1;8800.0000;1;7167.0000;None;77400.0000
3016;2023-01-08 16:58:29.790000;3;107873;1;1;8800.0000;1;30445.0000;None;328800.0000
3021;2023-01-08 17:50:48.773000;1;107893;1;1;54800.0000;1;11222.0000;None;121200.0000
2965;2023-01-08 13:56:02.677000;1;108014;1;1;1000.0000;1;14333.0000;None;154800.0000
3024;2023-01-08 18:46:03.700000;1;108314;1;1;39800.0000;1;7722.0000;None;83400.0000
2984;2023-01-08 14:31:23.253000;1;108314;1;1;39800.0000;1;13519.0000;None;146000.0000
2974;2023-01-08 14:14:13.043000;1;108319;1;1;79800.0000;1;22463.0000;None;242600.0000
3015;2023-01-08 16:41:54.443000;1;108319;1;1;79800.0000;1;None;None;167000.0000
3017;2023-01-08 17:00:24.113000;1;108320;1;1;29800.0000;1;None;None;124000.0000
2970;2023-01-08 14:06:08.987000;1;108320;1;1;29800.0000;1;11482.0000;None;124000.0000
2962;2023-01-08 13:46:28.180000;1;108320;1;1;29800.0000;1;5130.0000;None;55400.0000
2972;2023-01-08 14:08:57.427000;1;108321;1;1;26800.0000;1;None;None;26800.0000
2950;2023-01-08 12:48:30.273000;3;108325;1;1;16800.0000;1;8741.0000;None;94400.0000
2951;2023-01-08 12:51:14.330000;3;108325;1;1;16800.0000;1;14148.0000;None;152800.0000
2950;2023-01-08 12:48:30.273000;2;109053;1;1;21800.0000;1;8741.0000;None;94400.0000
2971;2023-01-08 14:07:44.520000;1;109155;1;1;59800.0000;1;None;None;71400.0000
2973;2023-01-08 14:11:37.217000;1;109155;1;1;59800.0000;1;None;None;140000.0000
2973;2023-01-08 14:11:37.217000;1;109155;1;1;59800.0000;1;None;None;140000.0000
2967;2023-01-08 13:58:20.717000;1;109155;1;1;59800.0000;1;6352.0000;None;68600.0000
2974;2023-01-08 14:14:13.043000;1;109155;1;1;59800.0000;1;22463.0000;None;242600.0000
2976;2023-01-08 14:16:59.143000;1;109155;1;1;59800.0000;1;11130.0000;None;120200.0000
2981;2023-01-08 14:25:55.520000;1;109155;1;1;59800.0000;1;None;None;211600.0000
3009;2023-01-08 15:42:03.520000;1;109155;1;1;59800.0000;1;None;None;137200.0000
3019;2023-01-08 17:16:00.637000;1;109155;1;1;59800.0000;1;7167.0000;None;77400.0000
3006;2023-01-08 15:22:21.303000;1;109155;1;1;59800.0000;1;11944.0000;None;129000.0000
3018;2023-01-08 17:14:31.743000;1;109156;1;1;31800.0000;1;9370.0000;None;101200.0000
2960;2023-01-08 13:42:08.440000;1;109156;1;1;31800.0000;1;12130.0000;None;131000.0000
2959;2023-01-08 13:40:47.343000;1;109156;1;1;31800.0000;1;25778.0000;None;278400.0000
2949;2023-01-08 12:46:04.380000;1;109157;1;1;57800.0000;1;8648.0000;None;93400.0000
2980;2023-01-08 14:23:29.917000;1;109243;1;1;42800.0000;1;10204.0000;None;110200.0000
2968;2023-01-08 14:00:30.263000;1;109245;1;1;46800.0000;1;None;None;101400.0000
2998;2023-01-08 15:09:52.620000;1;109450;1;1;31800.0000;1;None;None;146000.0000
2984;2023-01-08 14:31:23.253000;1;109451;1;1;26800.0000;1;13519.0000;None;146000.0000
2949;2023-01-08 12:46:04.380000;1;109451;1;1;26800.0000;1;8648.0000;None;93400.0000
2994;2023-01-08 14:59:10.923000;1;109454;1;1;54800.0000;1;6982.0000;None;75400.0000
3021;2023-01-08 17:50:48.773000;1;109454;1;1;54800.0000;1;11222.0000;None;121200.0000
2947;2023-01-08 12:33:38.623000;3;200644;1;1;5800.0000;1;11944.0000;None;129000.0000
2980;2023-01-08 14:23:29.917000;3;200644;1;1;5800.0000;1;10204.0000;None;110200.0000
2971;2023-01-08 14:07:44.520000;3;200644;1;1;5800.0000;1;None;None;71400.0000
2969;2023-01-08 14:03:17.167000;3;200644;1;1;5800.0000;1;15074.0000;None;162800.0000
3020;2023-01-08 17:37:05.243000;3;200644;1;1;5800.0000;1;None;None;5800.0000
2995;2023-01-08 15:00:06.437000;3;200644;1;1;5800.0000;1;5704.0000;None;61600.0000
2985;2023-01-08 14:34:17.873000;3;200644;1;1;5800.0000;1;None;None;110200.0000
2997;2023-01-08 15:07:54.567000;3;200644;1;1;5800.0000;1;8815.0000;None;95200.0000
2997;2023-01-08 15:07:54.567000;3;200644;1;1;5800.0000;1;8815.0000;None;95200.0000
2999;2023-01-08 15:11:35.880000;3;201146;1;1;5800.0000;1;10296.0000;None;111200.0000
2999;2023-01-08 15:11:35.880000;3;201146;1;1;5800.0000;1;10296.0000;None;111200.0000
3006;2023-01-08 15:22:21.303000;3;201146;1;1;5800.0000;1;11944.0000;None;129000.0000
3016;2023-01-08 16:58:29.790000;3;201146;1;1;5800.0000;1;30445.0000;None;328800.0000
3015;2023-01-08 16:41:54.443000;3;201146;1;1;5800.0000;1;None;None;167000.0000
2969;2023-01-08 14:03:17.167000;3;201146;1;1;5800.0000;1;15074.0000;None;162800.0000
2971;2023-01-08 14:07:44.520000;3;201146;1;1;5800.0000;1;None;None;71400.0000
2973;2023-01-08 14:11:37.217000;3;201146;1;1;5800.0000;1;None;None;140000.0000
2966;2023-01-08 13:56:59.043000;3;201146;1;1;5800.0000;1;5796.0000;None;62600.0000
2982;2023-01-08 14:27:58.403000;3;201146;1;1;5800.0000;1;9000.0000;None;97200.0000
2976;2023-01-08 14:16:59.143000;3;201146;1;1;5800.0000;1;11130.0000;None;120200.0000
2956;2023-01-08 13:24:43.253000;3;201146;1;1;5800.0000;1;10278.0000;None;111000.0000
2956;2023-01-08 13:24:43.253000;3;201146;1;1;5800.0000;1;10278.0000;None;111000.0000
2954;2023-01-08 13:20:53.757000;3;201146;1;1;5800.0000;1;18833.0000;None;203400.0000
2960;2023-01-08 13:42:08.440000;2;201184;1;1;9800.0000;1;12130.0000;None;131000.0000
2965;2023-01-08 13:56:02.677000;2;201184;1;1;9800.0000;1;14333.0000;None;154800.0000
2964;2023-01-08 13:52:26.753000;2;201184;1;1;9800.0000;1;None;None;9800.0000
3016;2023-01-08 16:58:29.790000;2;201184;1;1;9800.0000;1;30445.0000;None;328800.0000
3016;2023-01-08 16:58:29.790000;2;201184;1;1;9800.0000;1;30445.0000;None;328800.0000
3023;2023-01-08 18:20:10.183000;2;201184;1;1;9800.0000;1;None;None;47200.0000
3023;2023-01-08 18:20:10.183000;2;201184;1;1;9800.0000;1;None;None;47200.0000
3006;2023-01-08 15:22:21.303000;2;201184;1;1;9800.0000;1;11944.0000;None;129000.0000
3006;2023-01-08 15:22:21.303000;2;201184;1;1;9800.0000;1;11944.0000;None;129000.0000
2994;2023-01-08 14:59:10.923000;2;201184;1;1;9800.0000;1;6982.0000;None;75400.0000
3008;2023-01-08 15:39:49.100000;3;201221;1;1;5800.0000;1;None;None;154800.0000
3021;2023-01-08 17:50:48.773000;3;201221;1;1;5800.0000;1;11222.0000;None;121200.0000
3011;2023-01-08 15:52:25.747000;3;201221;1;1;5800.0000;1;8537.0000;None;92200.0000
2973;2023-01-08 14:11:37.217000;3;201221;1;1;5800.0000;1;None;None;140000.0000
2979;2023-01-08 14:21:40.147000;3;201221;1;1;5800.0000;1;6056.0000;None;65400.0000
2962;2023-01-08 13:46:28.180000;3;201221;1;1;5800.0000;1;5130.0000;None;55400.0000
3002;2023-01-08 15:15:12.847000;3;201237;1;1;5800.0000;1;None;None;109000.0000
3021;2023-01-08 17:50:48.773000;3;201261;1;1;5800.0000;1;11222.0000;None;121200.0000
2960;2023-01-08 13:42:08.440000;3;201269;1;1;5800.0000;1;12130.0000;None;131000.0000
3002;2023-01-08 15:15:12.847000;3;201304;1;1;5800.0000;1;None;None;109000.0000
3008;2023-01-08 15:39:49.100000;3;201304;1;1;5800.0000;1;None;None;154800.0000
3001;2023-01-08 15:13:18.887000;3;201304;1;1;5800.0000;1;8370.0000;None;90400.0000
2988;2023-01-08 14:41:02.907000;3;201304;1;1;5800.0000;1;7444.0000;None;80400.0000
2975;2023-01-08 14:16:01.807000;3;201304;1;1;5800.0000;1;7148.0000;None;77200.0000
2975;2023-01-08 14:16:01.807000;3;201304;1;1;5800.0000;1;7148.0000;None;77200.0000
2982;2023-01-08 14:27:58.403000;3;201304;1;1;5800.0000;1;9000.0000;None;97200.0000
2980;2023-01-08 14:23:29.917000;3;201304;1;1;5800.0000;1;10204.0000;None;110200.0000
2970;2023-01-08 14:06:08.987000;3;201304;1;1;5800.0000;1;11482.0000;None;124000.0000
2981;2023-01-08 14:25:55.520000;2;201615;1;1;13800.0000;1;None;None;211600.0000
3023;2023-01-08 18:20:10.183000;2;201615;1;1;13800.0000;1;None;None;47200.0000
3023;2023-01-08 18:20:10.183000;2;201615;1;1;13800.0000;1;None;None;47200.0000
