3063;2023-01-09 14:01:23.620000;7;1135;1;1;0.0000;1;8722.0000;None;94200.0000
3062;2023-01-09 13:58:17.350000;7;1135;1;1;0.0000;1;11185.0000;None;120800.0000
3059;2023-01-09 13:51:39.350000;7;1135;1;1;0.0000;1;None;None;117600.0000
3059;2023-01-09 13:51:39.350000;7;1135;1;1;0.0000;1;None;None;117600.0000
3057;2023-01-09 13:48:53.220000;7;1135;1;1;0.0000;1;None;None;109400.0000
3056;2023-01-09 13:47:38.413000;7;1135;1;1;0.0000;1;None;None;232400.0000
3053;2023-01-09 13:40:40.477000;7;1135;1;1;0.0000;1;None;None;62200.0000
3051;2023-01-09 13:33:50.473000;7;1135;1;1;0.0000;1;24278.0000;None;262200.0000
3044;2023-01-09 13:10:08.123000;7;1135;1;1;0.0000;1;None;None;59800.0000
3045;2023-01-09 13:10:55.170000;7;1135;1;1;0.0000;1;None;None;55800.0000
3040;2023-01-09 13:00:00.927000;7;1135;1;1;0.0000;1;8259.0000;None;89200.0000
3037;2023-01-09 12:53:37.843000;7;1135;1;1;0.0000;1;None;None;59800.0000
3038;2023-01-09 12:56:52.863000;7;1135;1;1;0.0000;1;15111.0000;None;163200.0000
3030;2023-01-09 12:27:44.283000;7;1135;1;1;0.0000;1;25000.0000;None;270000.0000
3028;2023-01-09 12:22:17.703000;7;1135;1;1;0.0000;1;4556.0000;None;49200.0000
3130;2023-01-09 16:57:29.957000;7;1135;1;1;0.0000;1;None;None;114200.0000
3130;2023-01-09 16:57:29.957000;7;1135;1;1;0.0000;1;None;None;114200.0000
3123;2023-01-09 16:19:52.323000;7;1135;1;1;0.0000;1;13704.0000;None;148000.0000
3118;2023-01-09 15:56:24.140000;7;1135;1;1;0.0000;1;12963.0000;None;140000.0000
3119;2023-01-09 15:57:12.330000;7;1135;1;1;0.0000;1;None;None;39800.0000
3103;2023-01-09 15:20:47.493000;7;1135;1;1;0.0000;1;8370.0000;None;90400.0000
3103;2023-01-09 15:20:47.493000;7;1135;1;1;0.0000;1;8370.0000;None;90400.0000
3092;2023-01-09 14:55:23.583000;7;1135;1;1;0.0000;1;None;None;140000.0000
3094;2023-01-09 14:59:33.523000;7;1135;1;1;0.0000;1;19389.0000;None;209400.0000
3085;2023-01-09 14:44:54.743000;7;1135;1;1;0.0000;1;8833.0000;None;95400.0000
3082;2023-01-09 14:38:44.007000;7;1135;1;1;0.0000;1;13685.0000;None;147800.0000
3079;2023-01-09 14:34:07.417000;7;1135;1;1;0.0000;1;10296.0000;None;111200.0000
3079;2023-01-09 14:34:07.417000;7;1135;1;1;0.0000;1;10296.0000;None;111200.0000
3076;2023-01-09 14:28:56.663000;7;1135;1;1;0.0000;1;None;None;146200.0000
3073;2023-01-09 14:23:26.170000;7;1135;1;1;0.0000;1;14426.0000;None;155800.0000
3104;2023-01-09 15:22:30.367000;7;1207;1;1;0.0000;1;15907.0000;None;171800.0000
3059;2023-01-09 13:51:39.350000;1;100624;1;1;1000.0000;1;None;None;117600.0000
3059;2023-01-09 13:51:39.350000;1;100624;1;1;1000.0000;1;None;None;117600.0000
3065;2023-01-09 14:05:31.540000;1;101007;1;1;59800.0000;1;14889.0000;None;160800.0000
3051;2023-01-09 13:33:50.473000;1;101007;1;1;59800.0000;1;24278.0000;None;262200.0000
3057;2023-01-09 13:48:53.220000;1;101007;1;1;59800.0000;1;None;None;109400.0000
3055;2023-01-09 13:44:31.350000;1;101007;1;1;59800.0000;1;None;None;194600.0000
3032;2023-01-09 12:37:39.680000;1;101007;1;1;59800.0000;1;12704.0000;None;137200.0000
3032;2023-01-09 12:37:39.680000;1;101007;1;1;59800.0000;1;12704.0000;None;137200.0000
3039;2023-01-09 12:58:44.320000;1;101007;1;1;59800.0000;1;15352.0000;None;165800.0000
3037;2023-01-09 12:53:37.843000;1;101007;1;1;59800.0000;1;None;None;59800.0000
3034;2023-01-09 12:46:27.743000;1;101007;1;1;59800.0000;1;None;None;121200.0000
3044;2023-01-09 13:10:08.123000;1;101007;1;1;59800.0000;1;None;None;59800.0000
3047;2023-01-09 13:20:04.747000;1;101007;1;1;59800.0000;1;None;None;74400.0000
3086;2023-01-09 14:47:31.700000;1;101007;1;1;59800.0000;1;None;None;213600.0000
3086;2023-01-09 14:47:31.700000;1;101007;1;1;59800.0000;1;None;None;213600.0000
3088;2023-01-09 14:50:08.770000;1;101007;1;1;59800.0000;1;None;None;152200.0000
3094;2023-01-09 14:59:33.523000;1;101007;1;1;59800.0000;1;19389.0000;None;209400.0000
3076;2023-01-09 14:28:56.663000;1;101007;1;1;59800.0000;1;None;None;146200.0000
3079;2023-01-09 14:34:07.417000;1;101007;1;1;59800.0000;1;10296.0000;None;111200.0000
3080;2023-01-09 14:35:18.607000;1;101007;1;1;59800.0000;1;6611.0000;None;71400.0000
3116;2023-01-09 15:52:31.800000;1;101007;1;1;59800.0000;1;18500.0000;None;199800.0000
3124;2023-01-09 16:21:31.557000;1;101007;1;1;59800.0000;1;None;None;128400.0000
3130;2023-01-09 16:57:29.957000;1;101007;1;1;59800.0000;1;None;None;114200.0000
3130;2023-01-09 16:57:29.957000;1;101270;1;1;0.0000;1;None;None;114200.0000
3130;2023-01-09 16:57:29.957000;1;101270;1;1;0.0000;1;None;None;114200.0000
3123;2023-01-09 16:19:52.323000;1;101270;1;1;0.0000;1;13704.0000;None;148000.0000
3123;2023-01-09 16:19:52.323000;1;101270;1;1;0.0000;1;13704.0000;None;148000.0000
3079;2023-01-09 14:34:07.417000;1;101270;1;1;0.0000;1;10296.0000;None;111200.0000
3083;2023-01-09 14:41:36.780000;1;101270;1;1;0.0000;1;22389.0000;None;241800.0000
3042;2023-01-09 13:05:33.273000;1;101270;1;1;0.0000;1;None;None;17400.0000
3042;2023-01-09 13:05:33.273000;1;101270;1;1;0.0000;1;None;None;17400.0000
3042;2023-01-09 13:05:33.273000;1;101270;1;1;0.0000;1;None;None;17400.0000
3053;2023-01-09 13:40:40.477000;1;101270;1;1;0.0000;1;None;None;62200.0000
3030;2023-01-09 12:27:44.283000;1;102172;1;1;3800.0000;1;25000.0000;None;270000.0000
3073;2023-01-09 14:23:26.170000;1;102172;1;1;3800.0000;1;14426.0000;None;155800.0000
3043;2023-01-09 13:06:27.197000;1;103351;1;1;36800.0000;1;None;None;73600.0000
3043;2023-01-09 13:06:27.197000;1;103351;1;1;36800.0000;1;None;None;73600.0000
3051;2023-01-09 13:33:50.473000;1;103351;1;1;36800.0000;1;24278.0000;None;262200.0000
3064;2023-01-09 14:03:19.957000;1;103351;1;1;36800.0000;1;10111.0000;None;109200.0000
3062;2023-01-09 13:58:17.350000;1;103351;1;1;36800.0000;1;11185.0000;None;120800.0000
3083;2023-01-09 14:41:36.780000;1;103351;1;1;36800.0000;1;22389.0000;None;241800.0000
3091;2023-01-09 14:53:25.387000;1;103351;1;1;36800.0000;1;None;None;36800.0000
3108;2023-01-09 15:29:22.487000;1;103351;1;1;36800.0000;1;None;None;47600.0000
3135;2023-01-09 18:11:07.377000;1;103351;1;1;36800.0000;1;18574.0000;None;200600.0000
3048;2023-01-09 13:26:34.757000;1;103856;1;1;32800.0000;1;None;None;32800.0000
3050;2023-01-09 13:29:23.990000;1;103993;1;1;16800.0000;1;16074.0000;None;173600.0000
3036;2023-01-09 12:52:47.477000;1;103993;1;1;16800.0000;1;None;None;16800.0000
3062;2023-01-09 13:58:17.350000;1;103993;1;1;16800.0000;1;11185.0000;None;120800.0000
3134;2023-01-09 18:01:09.580000;1;103993;1;1;16800.0000;1;None;None;16800.0000
3083;2023-01-09 14:41:36.780000;1;103993;1;1;16800.0000;1;22389.0000;None;241800.0000
3083;2023-01-09 14:41:36.780000;1;103993;1;1;16800.0000;1;22389.0000;None;241800.0000
3085;2023-01-09 14:44:54.743000;1;103993;1;1;16800.0000;1;8833.0000;None;95400.0000
3051;2023-01-09 13:33:50.473000;1;104337;1;1;46800.0000;1;24278.0000;None;262200.0000
3051;2023-01-09 13:33:50.473000;1;104341;1;1;39800.0000;1;24278.0000;None;262200.0000
3033;2023-01-09 12:38:44.633000;1;104341;1;1;39800.0000;1;4222.0000;None;45600.0000
3038;2023-01-09 12:56:52.863000;1;104341;1;1;39800.0000;1;15111.0000;None;163200.0000
3079;2023-01-09 14:34:07.417000;1;104341;1;1;39800.0000;1;10296.0000;None;111200.0000
3078;2023-01-09 14:32:03.323000;1;104341;1;1;39800.0000;1;16278.0000;None;175800.0000
3068;2023-01-09 14:09:45.223000;1;104341;1;1;39800.0000;1;9648.0000;None;104200.0000
3075;2023-01-09 14:27:05.860000;1;104341;1;1;39800.0000;1;25945.0000;None;280200.0000
3086;2023-01-09 14:47:31.700000;1;104341;1;1;39800.0000;1;None;None;213600.0000
3119;2023-01-09 15:57:12.330000;1;104341;1;1;39800.0000;1;None;None;39800.0000
3116;2023-01-09 15:52:31.800000;1;104347;1;1;43800.0000;1;18500.0000;None;199800.0000
3114;2023-01-09 15:45:33;1;104347;1;1;43800.0000;1;10667.0000;None;115200.0000
3123;2023-01-09 16:19:52.323000;1;104347;1;1;43800.0000;1;13704.0000;None;148000.0000
3133;2023-01-09 17:52:15.817000;1;104347;1;1;43800.0000;1;9759.0000;None;105400.0000
3104;2023-01-09 15:22:30.367000;1;104347;1;1;43800.0000;1;15907.0000;None;171800.0000
3099;2023-01-09 15:14:06.333000;1;104347;1;1;43800.0000;1;None;None;115200.0000
3101;2023-01-09 15:16:48.970000;1;104347;1;1;43800.0000;1;11593.0000;None;125200.0000
3076;2023-01-09 14:28:56.663000;1;104347;1;1;43800.0000;1;None;None;146200.0000
3074;2023-01-09 14:25:16.333000;1;104347;1;1;43800.0000;1;21611.0000;None;233400.0000
3081;2023-01-09 14:36:38.327000;1;104347;1;1;43800.0000;1;10296.0000;None;111200.0000
3035;2023-01-09 12:51:10.587000;1;104347;1;1;43800.0000;1;5333.0000;None;57600.0000
3034;2023-01-09 12:46:27.743000;1;104347;1;1;43800.0000;1;None;None;121200.0000
3057;2023-01-09 13:48:53.220000;1;104347;1;1;43800.0000;1;None;None;109400.0000
3065;2023-01-09 14:05:31.540000;1;104347;1;1;43800.0000;1;14889.0000;None;160800.0000
3027;2023-01-09 12:21:22.243000;3;104355;1;1;10800.0000;1;None;None;176600.0000
3060;2023-01-09 13:52:26.093000;3;104355;1;1;10800.0000;1;None;None;37600.0000
3052;2023-01-09 13:35:21.353000;3;104355;1;1;10800.0000;1;None;None;43400.0000
3040;2023-01-09 13:00:00.927000;3;104355;1;1;10800.0000;1;8259.0000;None;89200.0000
3050;2023-01-09 13:29:23.990000;3;104355;1;1;10800.0000;1;16074.0000;None;173600.0000
3078;2023-01-09 14:32:03.323000;3;104355;1;1;10800.0000;1;16278.0000;None;175800.0000
3078;2023-01-09 14:32:03.323000;3;104355;1;1;10800.0000;1;16278.0000;None;175800.0000
3084;2023-01-09 14:43:43.507000;3;104355;1;1;10800.0000;1;12593.0000;None;136000.0000
3082;2023-01-09 14:38:44.007000;3;104355;1;1;10800.0000;1;13685.0000;None;147800.0000
3082;2023-01-09 14:38:44.007000;3;104355;1;1;10800.0000;1;13685.0000;None;147800.0000
3074;2023-01-09 14:25:16.333000;3;104355;1;4;43200.0000;1;21611.0000;None;233400.0000
3075;2023-01-09 14:27:05.860000;3;104355;1;1;10800.0000;1;25945.0000;None;280200.0000
3076;2023-01-09 14:28:56.663000;3;104355;1;1;10800.0000;1;None;None;146200.0000
3073;2023-01-09 14:23:26.170000;3;104355;1;1;10800.0000;1;14426.0000;None;155800.0000
3101;2023-01-09 15:16:48.970000;3;104355;1;1;10800.0000;1;11593.0000;None;125200.0000
3101;2023-01-09 15:16:48.970000;3;104355;1;1;10800.0000;1;11593.0000;None;125200.0000
3099;2023-01-09 15:14:06.333000;3;104355;1;1;10800.0000;1;None;None;115200.0000
3100;2023-01-09 15:16:04.593000;3;104355;1;1;10800.0000;1;6519.0000;None;70400.0000
3104;2023-01-09 15:22:30.367000;3;104355;1;1;10800.0000;1;15907.0000;None;171800.0000
3108;2023-01-09 15:29:22.487000;3;104355;1;1;10800.0000;1;None;None;47600.0000
3106;2023-01-09 15:27:04.767000;3;104355;1;1;10800.0000;1;20704.0000;None;223600.0000
3105;2023-01-09 15:24:54.443000;3;104355;1;1;10800.0000;1;None;None;134200.0000
3086;2023-01-09 14:47:31.700000;3;104355;1;1;10800.0000;1;None;None;213600.0000
3097;2023-01-09 15:11:42.440000;3;104355;1;1;10800.0000;1;7074.0000;None;76400.0000
3132;2023-01-09 17:32:22.557000;3;104355;1;1;10800.0000;1;10111.0000;None;109200.0000
3132;2023-01-09 17:32:22.557000;3;104355;1;1;10800.0000;1;10111.0000;None;109200.0000
3131;2023-01-09 17:05:28.040000;3;104355;1;1;10800.0000;1;1000.0000;None;10800.0000
3122;2023-01-09 16:14:53.267000;3;104355;1;1;10800.0000;1;None;None;122200.0000
3129;2023-01-09 16:47:16.080000;3;104355;1;1;10800.0000;1;9833.0000;None;106200.0000
3128;2023-01-09 16:45:20.877000;3;104355;1;1;10800.0000;1;None;None;10800.0000
3113;2023-01-09 15:43:03.363000;3;104355;1;1;10800.0000;1;22556.0000;None;243600.0000
3113;2023-01-09 15:43:03.363000;3;104355;1;1;10800.0000;1;22556.0000;None;243600.0000
3112;2023-01-09 15:40:10.773000;3;104355;1;1;10800.0000;1;18852.0000;None;203600.0000
3112;2023-01-09 15:40:10.773000;3;104355;1;1;10800.0000;1;18852.0000;None;203600.0000
3116;2023-01-09 15:52:31.800000;3;104355;1;1;10800.0000;1;18500.0000;None;199800.0000
3123;2023-01-09 16:19:52.323000;1;104357;1;1;44800.0000;1;13704.0000;None;148000.0000
3082;2023-01-09 14:38:44.007000;1;104357;1;1;44800.0000;1;13685.0000;None;147800.0000
3040;2023-01-09 13:00:00.927000;1;104357;1;1;44800.0000;1;8259.0000;None;89200.0000
3030;2023-01-09 12:27:44.283000;1;104357;1;1;44800.0000;1;25000.0000;None;270000.0000
3027;2023-01-09 12:21:22.243000;1;104357;1;1;44800.0000;1;None;None;176600.0000
3040;2023-01-09 13:00:00.927000;1;104358;1;1;23800.0000;1;8259.0000;None;89200.0000
3063;2023-01-09 14:01:23.620000;1;104358;1;1;23800.0000;1;8722.0000;None;94200.0000
3064;2023-01-09 14:03:19.957000;1;104447;1;1;56800.0000;1;10111.0000;None;109200.0000
3066;2023-01-09 14:07:11.990000;1;104447;1;1;56800.0000;1;11500.0000;None;124200.0000
3054;2023-01-09 13:41:56.027000;1;104447;1;1;56800.0000;1;None;None;62600.0000
3058;2023-01-09 13:49:54.650000;1;104447;1;1;56800.0000;1;5796.0000;None;62600.0000
3055;2023-01-09 13:44:31.350000;1;104447;1;1;56800.0000;1;None;None;194600.0000
3041;2023-01-09 13:01:11.843000;1;104447;1;1;56800.0000;1;5796.0000;None;62600.0000
3030;2023-01-09 12:27:44.283000;1;104447;1;1;56800.0000;1;25000.0000;None;270000.0000
3026;2023-01-09 12:15:24.283000;1;104447;1;1;56800.0000;1;5796.0000;None;62600.0000
3085;2023-01-09 14:44:54.743000;1;104447;1;1;56800.0000;1;8833.0000;None;95400.0000
3083;2023-01-09 14:41:36.780000;1;104447;1;1;56800.0000;1;22389.0000;None;241800.0000
3073;2023-01-09 14:23:26.170000;1;104447;1;1;56800.0000;1;14426.0000;None;155800.0000
3072;2023-01-09 14:18:42.720000;1;104447;1;1;56800.0000;1;11778.0000;None;127200.0000
3074;2023-01-09 14:25:16.333000;1;104447;1;1;56800.0000;1;21611.0000;None;233400.0000
3075;2023-01-09 14:27:05.860000;1;104447;1;1;56800.0000;1;25945.0000;None;280200.0000
3075;2023-01-09 14:27:05.860000;1;104447;1;1;56800.0000;1;25945.0000;None;280200.0000
3097;2023-01-09 15:11:42.440000;1;104447;1;1;56800.0000;1;7074.0000;None;76400.0000
3094;2023-01-09 14:59:33.523000;1;104447;1;1;56800.0000;1;19389.0000;None;209400.0000
3092;2023-01-09 14:55:23.583000;1;104447;1;1;56800.0000;1;None;None;140000.0000
3089;2023-01-09 14:51:01.283000;1;104447;1;1;56800.0000;1;5796.0000;None;62600.0000
3105;2023-01-09 15:24:54.443000;1;104447;1;1;56800.0000;1;None;None;134200.0000
3105;2023-01-09 15:24:54.443000;1;104447;1;1;56800.0000;1;None;None;134200.0000
3106;2023-01-09 15:27:04.767000;1;104447;1;1;56800.0000;1;20704.0000;None;223600.0000
3135;2023-01-09 18:11:07.377000;1;104447;1;1;56800.0000;1;18574.0000;None;200600.0000
3113;2023-01-09 15:43:03.363000;1;104447;1;1;56800.0000;1;22556.0000;None;243600.0000
3113;2023-01-09 15:43:03.363000;1;104447;1;1;56800.0000;1;22556.0000;None;243600.0000
3113;2023-01-09 15:43:03.363000;1;104447;1;1;56800.0000;1;22556.0000;None;243600.0000
3110;2023-01-09 15:32:51.627000;1;104447;1;1;56800.0000;1;12963.0000;None;140000.0000
3110;2023-01-09 15:32:51.627000;1;104447;1;1;56800.0000;1;12963.0000;None;140000.0000
3112;2023-01-09 15:40:10.773000;1;104447;1;1;56800.0000;1;18852.0000;None;203600.0000
3112;2023-01-09 15:40:10.773000;1;104447;1;1;56800.0000;1;18852.0000;None;203600.0000
3112;2023-01-09 15:40:10.773000;1;104447;1;1;56800.0000;1;18852.0000;None;203600.0000
3118;2023-01-09 15:56:24.140000;1;104450;1;1;22800.0000;1;12963.0000;None;140000.0000
3028;2023-01-09 12:22:17.703000;1;104450;1;1;22800.0000;1;4556.0000;None;49200.0000
3038;2023-01-09 12:56:52.863000;1;104450;1;1;22800.0000;1;15111.0000;None;163200.0000
3113;2023-01-09 15:43:03.363000;1;104974;1;1;45800.0000;1;22556.0000;None;243600.0000
3073;2023-01-09 14:23:26.170000;1;105696;1;1;69800.0000;1;14426.0000;None;155800.0000
3075;2023-01-09 14:27:05.860000;1;106358;1;1;36800.0000;1;25945.0000;None;280200.0000
3084;2023-01-09 14:43:43.507000;1;106358;1;1;36800.0000;1;12593.0000;None;136000.0000
3093;2023-01-09 14:56:10.217000;1;106358;1;1;36800.0000;1;None;None;42600.0000
3096;2023-01-09 15:07:09.337000;1;106866;1;1;27800.0000;1;None;None;27800.0000
3100;2023-01-09 15:16:04.593000;1;106866;1;1;27800.0000;1;6519.0000;None;70400.0000
3083;2023-01-09 14:41:36.780000;1;106866;1;1;27800.0000;1;22389.0000;None;241800.0000
3031;2023-01-09 12:30:41.113000;1;106866;1;1;27800.0000;1;None;None;33600.0000
3053;2023-01-09 13:40:40.477000;1;107823;1;1;23800.0000;1;None;None;62200.0000
3067;2023-01-09 14:08:40.500000;1;107824;1;1;22800.0000;1;7148.0000;None;77200.0000
3029;2023-01-09 12:23:45.127000;1;107824;1;1;22800.0000;1;5852.0000;None;63200.0000
3038;2023-01-09 12:56:52.863000;1;107825;1;1;44800.0000;1;15111.0000;None;163200.0000
3095;2023-01-09 15:06:32.023000;1;107825;1;1;44800.0000;1;None;None;44800.0000
3129;2023-01-09 16:47:16.080000;1;107825;1;1;44800.0000;1;9833.0000;None;106200.0000
3129;2023-01-09 16:47:16.080000;1;107825;1;1;44800.0000;1;9833.0000;None;106200.0000
3125;2023-01-09 16:28:34.373000;1;107826;1;1;43800.0000;1;16370.0000;None;176800.0000
3046;2023-01-09 13:16:40.323000;1;107827;1;1;49800.0000;1;None;None;127000.0000
3125;2023-01-09 16:28:34.373000;1;107827;1;1;49800.0000;1;16370.0000;None;176800.0000
3126;2023-01-09 16:41:40.907000;1;107827;1;1;49800.0000;1;10593.0000;None;114400.0000
3118;2023-01-09 15:56:24.140000;1;107827;1;1;49800.0000;1;12963.0000;None;140000.0000
3081;2023-01-09 14:36:38.327000;1;107827;1;1;49800.0000;1;10296.0000;None;111200.0000
3071;2023-01-09 14:15:16.890000;1;107829;1;1;34800.0000;1;4037.0000;None;43600.0000
3030;2023-01-09 12:27:44.283000;1;107829;1;1;34800.0000;1;25000.0000;None;270000.0000
3027;2023-01-09 12:21:22.243000;1;107831;1;1;55800.0000;1;None;None;176600.0000
3025;2023-01-09 12:03:16.037000;1;107831;1;1;55800.0000;1;16185.0000;None;174800.0000
3038;2023-01-09 12:56:52.863000;1;107831;1;1;55800.0000;1;15111.0000;None;163200.0000
3050;2023-01-09 13:29:23.990000;1;107831;1;1;55800.0000;1;16074.0000;None;173600.0000
3050;2023-01-09 13:29:23.990000;1;107831;1;1;55800.0000;1;16074.0000;None;173600.0000
3045;2023-01-09 13:10:55.170000;1;107831;1;1;55800.0000;1;None;None;55800.0000
3066;2023-01-09 14:07:11.990000;1;107831;1;1;55800.0000;1;11500.0000;None;124200.0000
3059;2023-01-09 13:51:39.350000;1;107831;1;1;55800.0000;1;None;None;117600.0000
3056;2023-01-09 13:47:38.413000;1;107831;1;1;55800.0000;1;None;None;232400.0000
3072;2023-01-09 14:18:42.720000;1;107831;1;1;55800.0000;1;11778.0000;None;127200.0000
3070;2023-01-09 14:13:37.910000;1;107831;1;1;55800.0000;1;6796.0000;None;73400.0000
3075;2023-01-09 14:27:05.860000;1;107831;1;1;55800.0000;1;25945.0000;None;280200.0000
3077;2023-01-09 14:30:04.807000;1;107831;1;1;55800.0000;1;13407.0000;None;144800.0000
3082;2023-01-09 14:38:44.007000;1;107831;1;1;55800.0000;1;13685.0000;None;147800.0000
3078;2023-01-09 14:32:03.323000;1;107831;1;1;55800.0000;1;16278.0000;None;175800.0000
3087;2023-01-09 14:48:48.130000;1;107831;1;1;55800.0000;1;5704.0000;None;61600.0000
3104;2023-01-09 15:22:30.367000;1;107831;1;1;55800.0000;1;15907.0000;None;171800.0000
3103;2023-01-09 15:20:47.493000;1;107831;1;1;55800.0000;1;8370.0000;None;90400.0000
3106;2023-01-09 15:27:04.767000;1;107831;1;1;55800.0000;1;20704.0000;None;223600.0000
3107;2023-01-09 15:28:20.860000;1;107831;1;1;55800.0000;1;None;None;55800.0000
3118;2023-01-09 15:56:24.140000;1;107831;1;1;55800.0000;1;12963.0000;None;140000.0000
3126;2023-01-09 16:41:40.907000;1;107831;1;1;55800.0000;1;10593.0000;None;114400.0000
3127;2023-01-09 16:44:09.603000;1;107831;1;1;55800.0000;1;None;None;73400.0000
3125;2023-01-09 16:28:34.373000;1;107831;1;1;55800.0000;1;16370.0000;None;176800.0000
3122;2023-01-09 16:14:53.267000;1;107831;1;1;55800.0000;1;None;None;122200.0000
3133;2023-01-09 17:52:15.817000;1;107831;1;1;55800.0000;1;9759.0000;None;105400.0000
3132;2023-01-09 17:32:22.557000;1;107831;1;1;55800.0000;1;10111.0000;None;109200.0000
3039;2023-01-09 12:58:44.320000;1;107832;1;1;39800.0000;1;15352.0000;None;165800.0000
3090;2023-01-09 14:52:29.047000;1;107833;1;1;49800.0000;1;5426.0000;None;58600.0000
3094;2023-01-09 14:59:33.523000;1;107833;1;1;49800.0000;1;19389.0000;None;209400.0000
3078;2023-01-09 14:32:03.323000;1;107833;1;1;49800.0000;1;16278.0000;None;175800.0000
3082;2023-01-09 14:38:44.007000;1;107836;1;1;19800.0000;1;13685.0000;None;147800.0000
3094;2023-01-09 14:59:33.523000;1;107836;1;1;19800.0000;1;19389.0000;None;209400.0000
3046;2023-01-09 13:16:40.323000;1;107836;1;1;19800.0000;1;None;None;127000.0000
3027;2023-01-09 12:21:22.243000;1;107836;1;1;19800.0000;1;None;None;176600.0000
3027;2023-01-09 12:21:22.243000;1;107836;1;1;19800.0000;1;None;None;176600.0000
3027;2023-01-09 12:21:22.243000;1;107836;1;1;19800.0000;1;None;None;176600.0000
3056;2023-01-09 13:47:38.413000;1;107839;1;1;39800.0000;1;None;None;232400.0000
3056;2023-01-09 13:47:38.413000;1;107839;1;1;39800.0000;1;None;None;232400.0000
3056;2023-01-09 13:47:38.413000;1;107839;1;1;39800.0000;1;None;None;232400.0000
3056;2023-01-09 13:47:38.413000;1;107839;1;1;39800.0000;1;None;None;232400.0000
3077;2023-01-09 14:30:04.807000;1;107839;1;1;39800.0000;1;13407.0000;None;144800.0000
3135;2023-01-09 18:11:07.377000;1;107839;1;1;39800.0000;1;18574.0000;None;200600.0000
3130;2023-01-09 16:57:29.957000;1;107840;1;1;42800.0000;1;None;None;114200.0000
3115;2023-01-09 15:47:39.277000;1;107840;1;1;42800.0000;1;None;None;42800.0000
3067;2023-01-09 14:08:40.500000;1;107840;1;1;42800.0000;1;7148.0000;None;77200.0000
3063;2023-01-09 14:01:23.620000;1;107840;1;1;42800.0000;1;8722.0000;None;94200.0000
3046;2023-01-09 13:16:40.323000;1;107840;1;1;42800.0000;1;None;None;127000.0000
3039;2023-01-09 12:58:44.320000;1;107840;1;1;42800.0000;1;15352.0000;None;165800.0000
3117;2023-01-09 15:53:13.633000;3;107873;1;1;8800.0000;1;None;None;17600.0000
3117;2023-01-09 15:53:13.633000;3;107873;1;1;8800.0000;1;None;None;17600.0000
3111;2023-01-09 15:33:40.867000;3;107873;1;1;8800.0000;1;None;None;49400.0000
3111;2023-01-09 15:33:40.867000;3;107873;1;1;8800.0000;1;None;None;49400.0000
3110;2023-01-09 15:32:51.627000;3;107873;1;1;8800.0000;1;12963.0000;None;140000.0000
3110;2023-01-09 15:32:51.627000;3;107873;1;1;8800.0000;1;12963.0000;None;140000.0000
3110;2023-01-09 15:32:51.627000;3;107873;1;1;8800.0000;1;12963.0000;None;140000.0000
3125;2023-01-09 16:28:34.373000;3;107873;1;1;8800.0000;1;16370.0000;None;176800.0000
3125;2023-01-09 16:28:34.373000;3;107873;1;1;8800.0000;1;16370.0000;None;176800.0000
3127;2023-01-09 16:44:09.603000;3;107873;1;1;8800.0000;1;None;None;73400.0000
3127;2023-01-09 16:44:09.603000;3;107873;1;1;8800.0000;1;None;None;73400.0000
3126;2023-01-09 16:41:40.907000;3;107873;1;1;8800.0000;1;10593.0000;None;114400.0000
3122;2023-01-09 16:14:53.267000;3;107873;1;1;8800.0000;1;None;None;122200.0000
3075;2023-01-09 14:27:05.860000;3;107873;1;1;8800.0000;1;25945.0000;None;280200.0000
3075;2023-01-09 14:27:05.860000;3;107873;1;1;8800.0000;1;25945.0000;None;280200.0000
3070;2023-01-09 14:13:37.910000;3;107873;1;1;8800.0000;1;6796.0000;None;73400.0000
3070;2023-01-09 14:13:37.910000;3;107873;1;1;8800.0000;1;6796.0000;None;73400.0000
3068;2023-01-09 14:09:45.223000;3;107873;1;1;8800.0000;1;9648.0000;None;104200.0000
3068;2023-01-09 14:09:45.223000;3;107873;1;1;8800.0000;1;9648.0000;None;104200.0000
3072;2023-01-09 14:18:42.720000;3;107873;1;1;8800.0000;1;11778.0000;None;127200.0000
3071;2023-01-09 14:15:16.890000;3;107873;1;1;8800.0000;1;4037.0000;None;43600.0000
3073;2023-01-09 14:23:26.170000;3;107873;1;1;8800.0000;1;14426.0000;None;155800.0000
3083;2023-01-09 14:41:36.780000;3;107873;1;1;8800.0000;1;22389.0000;None;241800.0000
3084;2023-01-09 14:43:43.507000;3;107873;1;1;8800.0000;1;12593.0000;None;136000.0000
3078;2023-01-09 14:32:03.323000;3;107873;1;1;8800.0000;1;16278.0000;None;175800.0000
3081;2023-01-09 14:36:38.327000;3;107873;1;1;8800.0000;1;10296.0000;None;111200.0000
3081;2023-01-09 14:36:38.327000;3;107873;1;1;8800.0000;1;10296.0000;None;111200.0000
3097;2023-01-09 15:11:42.440000;3;107873;1;1;8800.0000;1;7074.0000;None;76400.0000
3092;2023-01-09 14:55:23.583000;3;107873;1;1;8800.0000;1;None;None;140000.0000
3092;2023-01-09 14:55:23.583000;3;107873;1;1;8800.0000;1;None;None;140000.0000
3090;2023-01-09 14:52:29.047000;3;107873;1;1;8800.0000;1;5426.0000;None;58600.0000
3106;2023-01-09 15:27:04.767000;3;107873;1;1;8800.0000;1;20704.0000;None;223600.0000
3034;2023-01-09 12:46:27.743000;3;107873;1;1;8800.0000;1;None;None;121200.0000
3034;2023-01-09 12:46:27.743000;3;107873;1;1;8800.0000;1;None;None;121200.0000
3030;2023-01-09 12:27:44.283000;3;107873;1;1;8800.0000;1;25000.0000;None;270000.0000
3030;2023-01-09 12:27:44.283000;3;107873;1;1;8800.0000;1;25000.0000;None;270000.0000
3030;2023-01-09 12:27:44.283000;3;107873;1;1;8800.0000;1;25000.0000;None;270000.0000
3032;2023-01-09 12:37:39.680000;3;107873;1;1;8800.0000;1;12704.0000;None;137200.0000
3032;2023-01-09 12:37:39.680000;3;107873;1;1;8800.0000;1;12704.0000;None;137200.0000
3028;2023-01-09 12:22:17.703000;3;107873;1;1;8800.0000;1;4556.0000;None;49200.0000
3028;2023-01-09 12:22:17.703000;3;107873;1;1;8800.0000;1;4556.0000;None;49200.0000
3028;2023-01-09 12:22:17.703000;3;107873;1;1;8800.0000;1;4556.0000;None;49200.0000
3046;2023-01-09 13:16:40.323000;3;107873;1;1;8800.0000;1;None;None;127000.0000
3047;2023-01-09 13:20:04.747000;3;107873;1;1;8800.0000;1;None;None;74400.0000
3050;2023-01-09 13:29:23.990000;3;107873;1;1;8800.0000;1;16074.0000;None;173600.0000
3050;2023-01-09 13:29:23.990000;3;107873;1;1;8800.0000;1;16074.0000;None;173600.0000
3039;2023-01-09 12:58:44.320000;3;107873;1;1;8800.0000;1;15352.0000;None;165800.0000
3039;2023-01-09 12:58:44.320000;3;107873;1;1;8800.0000;1;15352.0000;None;165800.0000
3062;2023-01-09 13:58:17.350000;3;107873;1;1;8800.0000;1;11185.0000;None;120800.0000
3025;2023-01-09 12:03:16.037000;1;107893;1;1;54800.0000;1;16185.0000;None;174800.0000
3029;2023-01-09 12:23:45.127000;1;108054;1;1;28800.0000;1;5852.0000;None;63200.0000
3103;2023-01-09 15:20:47.493000;1;108054;1;1;28800.0000;1;8370.0000;None;90400.0000
3065;2023-01-09 14:05:31.540000;1;108314;1;1;39800.0000;1;14889.0000;None;160800.0000
3051;2023-01-09 13:33:50.473000;1;108314;1;1;39800.0000;1;24278.0000;None;262200.0000
3106;2023-01-09 15:27:04.767000;1;108319;1;1;79800.0000;1;20704.0000;None;223600.0000
3084;2023-01-09 14:43:43.507000;1;108320;1;1;29800.0000;1;12593.0000;None;136000.0000
3052;2023-01-09 13:35:21.353000;1;108321;1;1;26800.0000;1;None;None;43400.0000
3053;2023-01-09 13:40:40.477000;1;108321;1;1;26800.0000;1;None;None;62200.0000
3060;2023-01-09 13:52:26.093000;1;108321;1;1;26800.0000;1;None;None;37600.0000
3030;2023-01-09 12:27:44.283000;1;108323;1;1;49800.0000;1;25000.0000;None;270000.0000
3084;2023-01-09 14:43:43.507000;1;108323;1;1;49800.0000;1;12593.0000;None;136000.0000
3104;2023-01-09 15:22:30.367000;1;108323;1;1;49800.0000;1;15907.0000;None;171800.0000
3135;2023-01-09 18:11:07.377000;1;108323;1;1;49800.0000;1;18574.0000;None;200600.0000
3116;2023-01-09 15:52:31.800000;1;108323;1;1;49800.0000;1;18500.0000;None;199800.0000
3050;2023-01-09 13:29:23.990000;3;108325;1;1;16800.0000;1;16074.0000;None;173600.0000
3061;2023-01-09 13:54:33.533000;3;108325;1;1;16800.0000;1;8907.0000;None;96200.0000
3116;2023-01-09 15:52:31.800000;2;108752;1;1;18800.0000;1;18500.0000;None;199800.0000
3085;2023-01-09 14:44:54.743000;2;109053;1;1;21800.0000;1;8833.0000;None;95400.0000
3063;2023-01-09 14:01:23.620000;2;109053;1;1;21800.0000;1;8722.0000;None;94200.0000
3061;2023-01-09 13:54:33.533000;1;109155;1;1;59800.0000;1;8907.0000;None;96200.0000
3059;2023-01-09 13:51:39.350000;1;109155;1;1;59800.0000;1;None;None;117600.0000
3109;2023-01-09 15:31:12.150000;1;109155;1;1;59800.0000;1;None;None;59800.0000
3101;2023-01-09 15:16:48.970000;1;109155;1;1;59800.0000;1;11593.0000;None;125200.0000
3092;2023-01-09 14:55:23.583000;1;109155;1;1;59800.0000;1;None;None;140000.0000
3114;2023-01-09 15:45:33;1;109155;1;1;59800.0000;1;10667.0000;None;115200.0000
3111;2023-01-09 15:33:40.867000;1;109156;1;1;31800.0000;1;None;None;49400.0000
3088;2023-01-09 14:50:08.770000;1;109156;1;1;31800.0000;1;None;None;152200.0000
3086;2023-01-09 14:47:31.700000;1;109156;1;1;31800.0000;1;None;None;213600.0000
3100;2023-01-09 15:16:04.593000;1;109156;1;1;31800.0000;1;6519.0000;None;70400.0000
3076;2023-01-09 14:28:56.663000;1;109156;1;1;31800.0000;1;None;None;146200.0000
3077;2023-01-09 14:30:04.807000;1;109156;1;1;31800.0000;1;13407.0000;None;144800.0000
3074;2023-01-09 14:25:16.333000;1;109243;1;1;42800.0000;1;21611.0000;None;233400.0000
3069;2023-01-09 14:12:33.790000;1;109243;1;1;42800.0000;1;None;None;42800.0000
3074;2023-01-09 14:25:16.333000;1;109245;1;1;46800.0000;1;21611.0000;None;233400.0000
3122;2023-01-09 16:14:53.267000;1;109245;1;1;46800.0000;1;None;None;122200.0000
3025;2023-01-09 12:03:16.037000;1;109245;1;1;46800.0000;1;16185.0000;None;174800.0000
3062;2023-01-09 13:58:17.350000;1;109245;1;1;46800.0000;1;11185.0000;None;120800.0000
3068;2023-01-09 14:09:45.223000;1;109245;1;1;46800.0000;1;9648.0000;None;104200.0000
3132;2023-01-09 17:32:22.557000;1;109450;1;1;31800.0000;1;10111.0000;None;109200.0000
3102;2023-01-09 15:17:39.533000;1;109450;1;1;31800.0000;1;3852.0000;None;41600.0000
3055;2023-01-09 13:44:31.350000;1;109452;1;1;54800.0000;1;None;None;194600.0000
3136;2023-01-09 18:18:46.940000;1;109452;1;1;54800.0000;1;None;None;54800.0000
3124;2023-01-09 16:21:31.557000;1;109452;1;1;54800.0000;1;None;None;128400.0000
3088;2023-01-09 14:50:08.770000;1;109452;1;1;54800.0000;1;None;None;152200.0000
3083;2023-01-09 14:41:36.780000;1;109452;1;1;54800.0000;1;22389.0000;None;241800.0000
3099;2023-01-09 15:14:06.333000;1;109454;1;1;54800.0000;1;None;None;115200.0000
3049;2023-01-09 13:27:29.793000;1;109454;1;1;54800.0000;1;None;None;54800.0000
3030;2023-01-09 12:27:44.283000;1;109568;1;1;47800.0000;1;25000.0000;None;270000.0000
3123;2023-01-09 16:19:52.323000;1;109568;1;1;47800.0000;1;13704.0000;None;148000.0000
3116;2023-01-09 15:52:31.800000;None;109591;None;1;16800.0000;1;18500.0000;None;199800.0000
3042;2023-01-09 13:05:33.273000;3;200644;1;1;5800.0000;1;None;None;17400.0000
3042;2023-01-09 13:05:33.273000;3;200644;1;1;5800.0000;1;None;None;17400.0000
3042;2023-01-09 13:05:33.273000;3;200644;1;1;5800.0000;1;None;None;17400.0000
3057;2023-01-09 13:48:53.220000;3;200644;1;1;5800.0000;1;None;None;109400.0000
3114;2023-01-09 15:45:33;3;200644;1;1;5800.0000;1;10667.0000;None;115200.0000
3123;2023-01-09 16:19:52.323000;3;200644;1;1;5800.0000;1;13704.0000;None;148000.0000
3104;2023-01-09 15:22:30.367000;3;200644;1;1;5800.0000;1;15907.0000;None;171800.0000
3106;2023-01-09 15:27:04.767000;3;200644;1;1;5800.0000;1;20704.0000;None;223600.0000
3083;2023-01-09 14:41:36.780000;3;200644;1;1;5800.0000;1;22389.0000;None;241800.0000
3083;2023-01-09 14:41:36.780000;3;200644;1;1;5800.0000;1;22389.0000;None;241800.0000
3080;2023-01-09 14:35:18.607000;3;200644;1;1;5800.0000;1;6611.0000;None;71400.0000
3075;2023-01-09 14:27:05.860000;3;200644;1;1;5800.0000;1;25945.0000;None;280200.0000
3077;2023-01-09 14:30:04.807000;3;201146;1;1;5800.0000;1;13407.0000;None;144800.0000
3077;2023-01-09 14:30:04.807000;3;201146;1;1;5800.0000;1;13407.0000;None;144800.0000
3077;2023-01-09 14:30:04.807000;3;201146;1;1;5800.0000;1;13407.0000;None;144800.0000
3073;2023-01-09 14:23:26.170000;3;201146;1;1;5800.0000;1;14426.0000;None;155800.0000
3072;2023-01-09 14:18:42.720000;3;201146;1;1;5800.0000;1;11778.0000;None;127200.0000
3083;2023-01-09 14:41:36.780000;3;201146;1;1;5800.0000;1;22389.0000;None;241800.0000
3082;2023-01-09 14:38:44.007000;3;201146;1;1;5800.0000;1;13685.0000;None;147800.0000
3106;2023-01-09 15:27:04.767000;3;201146;1;1;5800.0000;1;20704.0000;None;223600.0000
3099;2023-01-09 15:14:06.333000;3;201146;1;1;5800.0000;1;None;None;115200.0000
3094;2023-01-09 14:59:33.523000;3;201146;1;1;5800.0000;1;19389.0000;None;209400.0000
3094;2023-01-09 14:59:33.523000;3;201146;1;1;5800.0000;1;19389.0000;None;209400.0000
3135;2023-01-09 18:11:07.377000;3;201146;1;1;5800.0000;1;18574.0000;None;200600.0000
3135;2023-01-09 18:11:07.377000;3;201146;1;1;5800.0000;1;18574.0000;None;200600.0000
3123;2023-01-09 16:19:52.323000;3;201146;1;1;5800.0000;1;13704.0000;None;148000.0000
3026;2023-01-09 12:15:24.283000;3;201146;1;1;5800.0000;1;5796.0000;None;62600.0000
3027;2023-01-09 12:21:22.243000;3;201146;1;1;5800.0000;1;None;None;176600.0000
3056;2023-01-09 13:47:38.413000;3;201146;1;1;5800.0000;1;None;None;232400.0000
3053;2023-01-09 13:40:40.477000;3;201146;1;1;5800.0000;1;None;None;62200.0000
3052;2023-01-09 13:35:21.353000;3;201146;1;1;5800.0000;1;None;None;43400.0000
3065;2023-01-09 14:05:31.540000;3;201146;1;1;5800.0000;1;14889.0000;None;160800.0000
3065;2023-01-09 14:05:31.540000;3;201146;1;1;5800.0000;1;14889.0000;None;160800.0000
3064;2023-01-09 14:03:19.957000;3;201146;1;1;5800.0000;1;10111.0000;None;109200.0000
3062;2023-01-09 13:58:17.350000;3;201146;1;1;5800.0000;1;11185.0000;None;120800.0000
3047;2023-01-09 13:20:04.747000;3;201146;1;1;5800.0000;1;None;None;74400.0000
3040;2023-01-09 13:00:00.927000;2;201184;1;1;9800.0000;1;8259.0000;None;89200.0000
3064;2023-01-09 14:03:19.957000;2;201184;1;1;9800.0000;1;10111.0000;None;109200.0000
3125;2023-01-09 16:28:34.373000;2;201184;1;1;9800.0000;1;16370.0000;None;176800.0000
3102;2023-01-09 15:17:39.533000;2;201184;1;1;9800.0000;1;3852.0000;None;41600.0000
3105;2023-01-09 15:24:54.443000;2;201184;1;1;9800.0000;1;None;None;134200.0000
3063;2023-01-09 14:01:23.620000;3;201221;1;1;5800.0000;1;8722.0000;None;94200.0000
3066;2023-01-09 14:07:11.990000;3;201221;1;1;5800.0000;1;11500.0000;None;124200.0000
3066;2023-01-09 14:07:11.990000;3;201221;1;1;5800.0000;1;11500.0000;None;124200.0000
3067;2023-01-09 14:08:40.500000;3;201221;1;1;5800.0000;1;7148.0000;None;77200.0000
3062;2023-01-09 13:58:17.350000;3;201221;1;1;5800.0000;1;11185.0000;None;120800.0000
3061;2023-01-09 13:54:33.533000;3;201221;1;1;5800.0000;1;8907.0000;None;96200.0000
3054;2023-01-09 13:41:56.027000;3;201221;1;1;5800.0000;1;None;None;62600.0000
3051;2023-01-09 13:33:50.473000;3;201221;1;1;5800.0000;1;24278.0000;None;262200.0000
3051;2023-01-09 13:33:50.473000;3;201221;1;1;5800.0000;1;24278.0000;None;262200.0000
3058;2023-01-09 13:49:54.650000;3;201221;1;1;5800.0000;1;5796.0000;None;62600.0000
3055;2023-01-09 13:44:31.350000;3;201221;1;1;5800.0000;1;None;None;194600.0000
3046;2023-01-09 13:16:40.323000;3;201221;1;1;5800.0000;1;None;None;127000.0000
3029;2023-01-09 12:23:45.127000;3;201221;1;1;5800.0000;1;5852.0000;None;63200.0000
3029;2023-01-09 12:23:45.127000;3;201221;1;1;5800.0000;1;5852.0000;None;63200.0000
3039;2023-01-09 12:58:44.320000;3;201221;1;1;5800.0000;1;15352.0000;None;165800.0000
3103;2023-01-09 15:20:47.493000;3;201221;1;1;5800.0000;1;8370.0000;None;90400.0000
3093;2023-01-09 14:56:10.217000;3;201221;1;1;5800.0000;1;None;None;42600.0000
3086;2023-01-09 14:47:31.700000;3;201221;1;1;5800.0000;1;None;None;213600.0000
3086;2023-01-09 14:47:31.700000;3;201221;1;1;5800.0000;1;None;None;213600.0000
3088;2023-01-09 14:50:08.770000;3;201221;1;1;5800.0000;1;None;None;152200.0000
3079;2023-01-09 14:34:07.417000;3;201221;1;1;5800.0000;1;10296.0000;None;111200.0000
3120;2023-01-09 16:01:08.590000;3;201221;1;1;5800.0000;1;None;None;5800.0000
3121;2023-01-09 16:02:13.020000;3;201221;1;1;5800.0000;1;None;None;5800.0000
3112;2023-01-09 15:40:10.773000;3;201221;1;1;5800.0000;1;18852.0000;None;203600.0000
3112;2023-01-09 15:40:10.773000;3;201221;1;1;5800.0000;1;18852.0000;None;203600.0000
3118;2023-01-09 15:56:24.140000;3;201221;1;1;5800.0000;1;12963.0000;None;140000.0000
3135;2023-01-09 18:11:07.377000;3;201221;1;1;5800.0000;1;18574.0000;None;200600.0000
3130;2023-01-09 16:57:29.957000;3;201237;1;1;5800.0000;1;None;None;114200.0000
3130;2023-01-09 16:57:29.957000;3;201237;1;1;5800.0000;1;None;None;114200.0000
3129;2023-01-09 16:47:16.080000;3;201237;1;1;5800.0000;1;9833.0000;None;106200.0000
3087;2023-01-09 14:48:48.130000;3;201237;1;1;5800.0000;1;5704.0000;None;61600.0000
3067;2023-01-09 14:08:40.500000;3;201237;1;1;5800.0000;1;7148.0000;None;77200.0000
3089;2023-01-09 14:51:01.283000;3;201261;1;1;5800.0000;1;5796.0000;None;62600.0000
3092;2023-01-09 14:55:23.583000;3;201261;1;1;5800.0000;1;None;None;140000.0000
3080;2023-01-09 14:35:18.607000;3;201261;1;1;5800.0000;1;6611.0000;None;71400.0000
3079;2023-01-09 14:34:07.417000;3;201269;1;1;5800.0000;1;10296.0000;None;111200.0000
3133;2023-01-09 17:52:15.817000;3;201269;1;1;5800.0000;1;9759.0000;None;105400.0000
3056;2023-01-09 13:47:38.413000;3;201277;1;1;5800.0000;1;None;None;232400.0000
3055;2023-01-09 13:44:31.350000;3;201304;1;1;5800.0000;1;None;None;194600.0000
3055;2023-01-09 13:44:31.350000;3;201304;1;1;5800.0000;1;None;None;194600.0000
3055;2023-01-09 13:44:31.350000;3;201304;1;1;5800.0000;1;None;None;194600.0000
3056;2023-01-09 13:47:38.413000;3;201304;1;1;5800.0000;1;None;None;232400.0000
3053;2023-01-09 13:40:40.477000;3;201304;1;1;5800.0000;1;None;None;62200.0000
3065;2023-01-09 14:05:31.540000;3;201304;1;1;5800.0000;1;14889.0000;None;160800.0000
3033;2023-01-09 12:38:44.633000;3;201304;1;1;5800.0000;1;4222.0000;None;45600.0000
3030;2023-01-09 12:27:44.283000;3;201304;1;1;5800.0000;1;25000.0000;None;270000.0000
3031;2023-01-09 12:30:41.113000;3;201304;1;1;5800.0000;1;None;None;33600.0000
3041;2023-01-09 13:01:11.843000;3;201304;1;1;5800.0000;1;5796.0000;None;62600.0000
3025;2023-01-09 12:03:16.037000;3;201304;1;1;5800.0000;1;16185.0000;None;174800.0000
3025;2023-01-09 12:03:16.037000;3;201304;1;1;5800.0000;1;16185.0000;None;174800.0000
3025;2023-01-09 12:03:16.037000;3;201304;1;1;5800.0000;1;16185.0000;None;174800.0000
3118;2023-01-09 15:56:24.140000;3;201304;1;1;5800.0000;1;12963.0000;None;140000.0000
3114;2023-01-09 15:45:33;3;201304;1;1;5800.0000;1;10667.0000;None;115200.0000
3113;2023-01-09 15:43:03.363000;3;201304;1;1;5800.0000;1;22556.0000;None;243600.0000
3083;2023-01-09 14:41:36.780000;3;201304;1;1;5800.0000;1;22389.0000;None;241800.0000
3094;2023-01-09 14:59:33.523000;3;201304;1;1;5800.0000;1;19389.0000;None;209400.0000
3094;2023-01-09 14:59:33.523000;3;201304;1;1;5800.0000;1;19389.0000;None;209400.0000
3104;2023-01-09 15:22:30.367000;3;201304;1;1;5800.0000;1;15907.0000;None;171800.0000
3124;2023-01-09 16:21:31.557000;2;201615;1;1;13800.0000;1;None;None;128400.0000
3035;2023-01-09 12:51:10.587000;2;201615;1;1;13800.0000;1;5333.0000;None;57600.0000
3061;2023-01-09 13:54:33.533000;2;201615;1;1;13800.0000;1;8907.0000;None;96200.0000
3051;2023-01-09 13:33:50.473000;2;201615;1;1;13800.0000;1;24278.0000;None;262200.0000
3051;2023-01-09 13:33:50.473000;2;201615;1;1;13800.0000;1;24278.0000;None;262200.0000
