3159;2023-01-10 15:06:34.007000;7;1135;1;1;0.0000;1;None;None;112200.0000
3157;2023-01-10 14:46:31.160000;7;1135;1;1;0.0000;1;11037.0000;None;119200.0000
3153;2023-01-10 14:03:45.357000;7;1135;1;1;0.0000;1;9204.0000;None;99400.0000
3141;2023-01-10 13:05:38.267000;7;1135;1;1;0.0000;1;11593.0000;None;125200.0000
3141;2023-01-10 13:05:38.267000;7;1135;1;1;0.0000;1;11593.0000;None;125200.0000
3142;2023-01-10 13:12:30.587000;7;1135;1;1;0.0000;1;9389.0000;None;101400.0000
3142;2023-01-10 13:12:30.587000;7;1135;1;1;0.0000;1;9389.0000;None;101400.0000
3142;2023-01-10 13:12:30.587000;7;1135;1;1;0.0000;1;9389.0000;None;101400.0000
3137;2023-01-10 12:09:07.377000;7;1135;1;1;0.0000;1;None;None;129400.0000
3140;2023-01-10 13:01:50.653000;7;1135;1;1;0.0000;1;9389.0000;None;101400.0000
3139;2023-01-10 12:50:43.843000;7;1135;1;1;0.0000;1;None;None;43800.0000
3140;2023-01-10 13:01:50.653000;7;1135;1;1;0.0000;1;9389.0000;None;101400.0000
3144;2023-01-10 13:18:20.847000;1;101007;1;1;59800.0000;1;13315.0000;None;143800.0000
3164;2023-01-10 18:38:43.407000;1;101270;1;1;0.0000;1;8815.0000;None;95200.0000
3144;2023-01-10 13:18:20.847000;1;101270;1;1;0.0000;1;13315.0000;None;143800.0000
3160;2023-01-10 15:12:01.997000;1;101270;1;1;0.0000;1;None;6222.0000;121200.0000
3157;2023-01-10 14:46:31.160000;1;102132;1;1;3800.0000;1;11037.0000;None;119200.0000
3150;2023-01-10 13:52:32.767000;1;102132;1;1;3800.0000;1;15593.0000;None;168400.0000
3150;2023-01-10 13:52:32.767000;1;102132;1;1;3800.0000;1;15593.0000;None;168400.0000
3138;2023-01-10 12:41:43.693000;1;103351;1;1;36800.0000;1;8815.0000;None;95200.0000
3138;2023-01-10 12:41:43.693000;1;103351;1;1;36800.0000;1;8815.0000;None;95200.0000
3163;2023-01-10 17:13:44.830000;1;103993;1;1;16800.0000;1;None;None;16800.0000
3157;2023-01-10 14:46:31.160000;1;104341;1;1;39800.0000;1;11037.0000;None;119200.0000
3167;2023-01-10 19:30:52.360000;1;104347;1;1;43800.0000;1;10296.0000;None;111200.0000
3158;2023-01-10 14:55:13.347000;1;104347;1;1;43800.0000;1;4870.0000;None;52600.0000
3159;2023-01-10 15:06:34.007000;1;104347;1;1;43800.0000;1;None;None;112200.0000
3153;2023-01-10 14:03:45.357000;1;104347;1;1;43800.0000;1;9204.0000;None;99400.0000
3143;2023-01-10 13:16:45.293000;1;104347;1;1;43800.0000;1;11222.0000;None;121200.0000
3139;2023-01-10 12:50:43.843000;1;104347;1;1;43800.0000;1;None;None;43800.0000
3137;2023-01-10 12:09:07.377000;1;104347;1;1;43800.0000;1;None;None;129400.0000
3138;2023-01-10 12:41:43.693000;3;104355;1;1;10800.0000;1;8815.0000;None;95200.0000
3138;2023-01-10 12:41:43.693000;3;104355;1;1;10800.0000;1;8815.0000;None;95200.0000
3143;2023-01-10 13:16:45.293000;3;104355;1;1;10800.0000;1;11222.0000;None;121200.0000
3143;2023-01-10 13:16:45.293000;3;104355;1;1;10800.0000;1;11222.0000;None;121200.0000
3152;2023-01-10 14:02:13.147000;3;104355;1;1;10800.0000;1;12222.0000;None;132000.0000
3154;2023-01-10 14:06:01.813000;3;104355;1;1;10800.0000;1;21445.0000;None;231600.0000
3155;2023-01-10 14:08:30.907000;3;104355;1;1;10800.0000;1;6537.0000;None;70600.0000
3156;2023-01-10 14:32:28.357000;3;104355;1;1;10800.0000;1;None;None;21600.0000
3156;2023-01-10 14:32:28.357000;3;104355;1;1;10800.0000;1;None;None;21600.0000
3148;2023-01-10 13:34:59.523000;1;104357;1;1;44800.0000;1;None;None;114000.0000
3165;2023-01-10 19:11:16.820000;1;104357;1;1;44800.0000;1;11130.0000;None;120200.0000
3160;2023-01-10 15:12:01.997000;1;104413;1;1;1800.0000;1;None;6222.0000;121200.0000
3160;2023-01-10 15:12:01.997000;1;104447;1;1;56800.0000;1;None;6222.0000;121200.0000
3160;2023-01-10 15:12:01.997000;1;104447;1;1;56800.0000;1;None;6222.0000;121200.0000
3159;2023-01-10 15:06:34.007000;1;104447;1;1;56800.0000;1;None;None;112200.0000
3141;2023-01-10 13:05:38.267000;1;104447;1;1;56800.0000;1;11593.0000;None;125200.0000
3141;2023-01-10 13:05:38.267000;1;104447;1;1;56800.0000;1;11593.0000;None;125200.0000
3165;2023-01-10 19:11:16.820000;1;104447;1;1;56800.0000;1;11130.0000;None;120200.0000
3137;2023-01-10 12:09:07.377000;1;104974;1;1;45800.0000;1;None;None;129400.0000
3166;2023-01-10 19:16:13.687000;1;104974;1;1;45800.0000;1;8741.0000;None;94400.0000
3168;2023-01-10 19:34:05.957000;1;104974;1;1;45800.0000;1;None;None;138400.0000
3157;2023-01-10 14:46:31.160000;1;105696;1;1;69800.0000;1;11037.0000;None;119200.0000
3154;2023-01-10 14:06:01.813000;1;107825;1;1;44800.0000;1;21445.0000;None;231600.0000
3154;2023-01-10 14:06:01.813000;1;107825;1;1;44800.0000;1;21445.0000;None;231600.0000
3150;2023-01-10 13:52:32.767000;1;107825;1;1;44800.0000;1;15593.0000;None;168400.0000
3150;2023-01-10 13:52:32.767000;1;107825;1;1;44800.0000;1;15593.0000;None;168400.0000
3150;2023-01-10 13:52:32.767000;1;107825;1;1;44800.0000;1;15593.0000;None;168400.0000
3152;2023-01-10 14:02:13.147000;1;107827;1;1;49800.0000;1;12222.0000;None;132000.0000
3153;2023-01-10 14:03:45.357000;1;107827;1;1;49800.0000;1;9204.0000;None;99400.0000
3152;2023-01-10 14:02:13.147000;1;107831;1;1;55800.0000;1;12222.0000;None;132000.0000
3154;2023-01-10 14:06:01.813000;1;107831;1;1;55800.0000;1;21445.0000;None;231600.0000
3149;2023-01-10 13:46:24.797000;1;107831;1;1;55800.0000;1;6241.0000;None;67400.0000
3147;2023-01-10 13:33:07.250000;1;107831;1;1;55800.0000;1;6241.0000;None;67400.0000
3146;2023-01-10 13:25:15.737000;1;107831;1;1;55800.0000;1;10482.0000;None;113200.0000
3143;2023-01-10 13:16:45.293000;1;107831;1;1;55800.0000;1;11222.0000;None;121200.0000
3144;2023-01-10 13:18:20.847000;1;107839;1;1;39800.0000;1;13315.0000;None;143800.0000
3146;2023-01-10 13:25:15.737000;1;107839;1;1;39800.0000;1;10482.0000;None;113200.0000
3167;2023-01-10 19:30:52.360000;1;107839;1;1;39800.0000;1;10296.0000;None;111200.0000
3164;2023-01-10 18:38:43.407000;1;107839;1;1;39800.0000;1;8815.0000;None;95200.0000
3164;2023-01-10 18:38:43.407000;1;107839;1;1;39800.0000;1;8815.0000;None;95200.0000
3166;2023-01-10 19:16:13.687000;1;107840;1;1;42800.0000;1;8741.0000;None;94400.0000
3148;2023-01-10 13:34:59.523000;1;107840;1;1;42800.0000;1;None;None;114000.0000
3148;2023-01-10 13:34:59.523000;1;107871;1;1;14800.0000;1;None;None;114000.0000
3145;2023-01-10 13:21:26.200000;1;107871;1;1;14800.0000;1;None;None;14800.0000
3151;2023-01-10 13:53:33.270000;1;107871;1;1;14800.0000;1;None;None;14800.0000
3158;2023-01-10 14:55:13.347000;3;107873;1;1;8800.0000;1;4870.0000;None;52600.0000
3146;2023-01-10 13:25:15.737000;3;107873;1;1;8800.0000;1;10482.0000;None;113200.0000
3146;2023-01-10 13:25:15.737000;3;107873;1;1;8800.0000;1;10482.0000;None;113200.0000
3150;2023-01-10 13:52:32.767000;3;107873;1;1;8800.0000;1;15593.0000;None;168400.0000
3150;2023-01-10 13:52:32.767000;3;107873;1;1;8800.0000;1;15593.0000;None;168400.0000
3150;2023-01-10 13:52:32.767000;3;107873;1;1;8800.0000;1;15593.0000;None;168400.0000
3165;2023-01-10 19:11:16.820000;3;107873;1;1;8800.0000;1;11130.0000;None;120200.0000
3137;2023-01-10 12:09:07.377000;1;108314;1;1;39800.0000;1;None;None;129400.0000
3168;2023-01-10 19:34:05.957000;1;108323;1;1;49800.0000;1;None;None;138400.0000
3155;2023-01-10 14:08:30.907000;1;109155;1;1;59800.0000;1;6537.0000;None;70600.0000
3168;2023-01-10 19:34:05.957000;1;109243;1;1;42800.0000;1;None;None;138400.0000
3154;2023-01-10 14:06:01.813000;1;109243;1;1;42800.0000;1;21445.0000;None;231600.0000
3154;2023-01-10 14:06:01.813000;1;109451;1;1;26800.0000;1;21445.0000;None;231600.0000
3144;2023-01-10 13:18:20.847000;1;109451;1;1;26800.0000;1;13315.0000;None;143800.0000
3140;2023-01-10 13:01:50.653000;1;109568;1;1;47800.0000;1;9389.0000;None;101400.0000
3140;2023-01-10 13:01:50.653000;1;109568;1;1;47800.0000;1;9389.0000;None;101400.0000
3142;2023-01-10 13:12:30.587000;1;109568;1;1;47800.0000;1;9389.0000;None;101400.0000
3142;2023-01-10 13:12:30.587000;1;109568;1;1;47800.0000;1;9389.0000;None;101400.0000
3161;2023-01-10 15:30:06.367000;1;109568;1;-1;-47800.0000;1;-9389.0000;None;-101400.0000
3161;2023-01-10 15:30:06.367000;1;109568;1;-1;-47800.0000;1;-9389.0000;None;-101400.0000
3161;2023-01-10 15:30:06.367000;3;200644;1;-1;-5800.0000;1;-9389.0000;None;-101400.0000
3141;2023-01-10 13:05:38.267000;3;200644;1;1;5800.0000;1;11593.0000;None;125200.0000
3142;2023-01-10 13:12:30.587000;3;200644;1;1;5800.0000;1;9389.0000;None;101400.0000
3144;2023-01-10 13:18:20.847000;3;200644;1;1;5800.0000;1;13315.0000;None;143800.0000
3144;2023-01-10 13:18:20.847000;3;200644;1;1;5800.0000;1;13315.0000;None;143800.0000
3149;2023-01-10 13:46:24.797000;3;200644;1;1;5800.0000;1;6241.0000;None;67400.0000
3140;2023-01-10 13:01:50.653000;3;200644;1;1;5800.0000;1;9389.0000;None;101400.0000
3164;2023-01-10 18:38:43.407000;3;200644;1;1;5800.0000;1;8815.0000;None;95200.0000
3166;2023-01-10 19:16:13.687000;3;201146;1;1;5800.0000;1;8741.0000;None;94400.0000
3149;2023-01-10 13:46:24.797000;3;201146;1;1;5800.0000;1;6241.0000;None;67400.0000
3147;2023-01-10 13:33:07.250000;3;201146;1;1;5800.0000;1;6241.0000;None;67400.0000
3148;2023-01-10 13:34:59.523000;3;201146;1;1;5800.0000;1;None;None;114000.0000
3148;2023-01-10 13:34:59.523000;3;201146;1;1;5800.0000;1;None;None;114000.0000
3144;2023-01-10 13:18:20.847000;3;201146;1;1;5800.0000;1;13315.0000;None;143800.0000
3159;2023-01-10 15:06:34.007000;3;201146;1;1;5800.0000;1;None;None;112200.0000
3159;2023-01-10 15:06:34.007000;3;201146;1;1;5800.0000;1;None;None;112200.0000
3157;2023-01-10 14:46:31.160000;3;201146;1;1;5800.0000;1;11037.0000;None;119200.0000
3152;2023-01-10 14:02:13.147000;2;201184;1;1;9800.0000;1;12222.0000;None;132000.0000
3165;2023-01-10 19:11:16.820000;2;201184;1;1;9800.0000;1;11130.0000;None;120200.0000
3164;2023-01-10 18:38:43.407000;2;201184;1;1;9800.0000;1;8815.0000;None;95200.0000
3154;2023-01-10 14:06:01.813000;3;201221;1;1;5800.0000;1;21445.0000;None;231600.0000
3147;2023-01-10 13:33:07.250000;3;201221;1;1;5800.0000;1;6241.0000;None;67400.0000
3160;2023-01-10 15:12:01.997000;3;201237;1;1;5800.0000;1;None;6222.0000;121200.0000
3152;2023-01-10 14:02:13.147000;3;201304;1;1;5800.0000;1;12222.0000;None;132000.0000
3153;2023-01-10 14:03:45.357000;3;201304;1;1;5800.0000;1;9204.0000;None;99400.0000
3141;2023-01-10 13:05:38.267000;3;201304;1;1;5800.0000;1;11593.0000;None;125200.0000
3162;2023-01-10 15:32:04.187000;13;201604;1;76;281200.0000;1;None;None;281200.0000
3167;2023-01-10 19:30:52.360000;2;201615;1;1;13800.0000;1;10296.0000;None;111200.0000
3167;2023-01-10 19:30:52.360000;2;201615;1;1;13800.0000;1;10296.0000;None;111200.0000
