3293;2023-01-12 20:28:16.560000;7;1135;1;1;0.0000;1;17519.0000;None;189200.0000
3288;2023-01-12 19:57:09.537000;7;1135;1;1;0.0000;1;None;None;22800.0000
3284;2023-01-12 19:40:33.860000;7;1135;1;1;0.0000;1;None;None;22800.0000
3282;2023-01-12 19:24:50.247000;7;1135;1;1;0.0000;1;None;None;244000.0000
3278;2023-01-12 19:09:04.023000;7;1135;1;1;0.0000;1;None;None;177800.0000
3272;2023-01-12 15:45:27.317000;7;1135;1;1;0.0000;1;None;None;55800.0000
3267;2023-01-12 14:49:51.180000;7;1135;1;1;0.0000;1;14907.0000;None;161000.0000
3255;2023-01-12 13:53:13.177000;7;1135;1;1;0.0000;1;16426.0000;None;177400.0000
3257;2023-01-12 14:04:14.787000;7;1135;1;1;0.0000;1;11870.0000;None;128200.0000
3250;2023-01-12 13:34:22.257000;7;1135;1;1;0.0000;1;16556.0000;None;178800.0000
3235;2023-01-12 12:38:26.427000;7;1135;1;1;0.0000;1;None;None;171400.0000
3240;2023-01-12 13:16:36.027000;7;1135;1;1;0.0000;1;18185.0000;None;196400.0000
3241;2023-01-12 13:18:47.533000;7;1135;1;1;0.0000;1;None;None;67400.0000
3242;2023-01-12 13:20:08.747000;7;1135;1;1;0.0000;1;None;None;92400.0000
3232;2023-01-12 12:12:43.490000;7;1135;1;1;0.0000;1;None;None;141000.0000
3265;2023-01-12 14:35:15.973000;3;100614;1;1;5800.0000;1;None;None;34200.0000
3265;2023-01-12 14:35:15.973000;3;100614;1;1;5800.0000;1;None;None;34200.0000
3265;2023-01-12 14:35:15.973000;3;100614;1;1;5800.0000;1;None;None;34200.0000
3259;2023-01-12 14:21:08.100000;1;101007;1;1;59800.0000;1;13519.0000;None;146000.0000
3259;2023-01-12 14:21:08.100000;1;101007;1;1;59800.0000;1;13519.0000;None;146000.0000
3256;2023-01-12 14:00:41.457000;1;101007;1;1;59800.0000;1;16704.0000;None;180400.0000
3242;2023-01-12 13:20:08.747000;1;101007;1;1;59800.0000;1;None;None;92400.0000
3233;2023-01-12 12:16:30.103000;1;101007;1;1;59800.0000;1;27963.0000;None;302000.0000
3278;2023-01-12 19:09:04.023000;1;101007;1;1;59800.0000;1;None;None;177800.0000
3276;2023-01-12 18:30:55.997000;1;101007;1;1;59800.0000;1;None;None;79400.0000
3278;2023-01-12 19:09:04.023000;1;101270;1;1;0.0000;1;None;None;177800.0000
3278;2023-01-12 19:09:04.023000;1;101270;1;1;0.0000;1;None;None;177800.0000
3291;2023-01-12 20:05:37.643000;1;101270;1;1;0.0000;1;13759.0000;None;148600.0000
3291;2023-01-12 20:05:37.643000;1;101270;1;1;0.0000;1;13759.0000;None;148600.0000
3250;2023-01-12 13:34:22.257000;1;101270;1;1;0.0000;1;16556.0000;None;178800.0000
3254;2023-01-12 13:47:06.307000;1;101270;1;1;0.0000;1;6241.0000;None;67400.0000
3247;2023-01-12 13:30:45.170000;1;101270;1;1;0.0000;1;30796.0000;None;332600.0000
3248;2023-01-12 13:31:38.430000;1;102159;1;1;7500.0000;1;None;None;58100.0000
3240;2023-01-12 13:16:36.027000;1;102172;1;1;3800.0000;1;18185.0000;None;196400.0000
3253;2023-01-12 13:42:26.587000;2;103225;1;1;45800.0000;1;11241.0000;None;121400.0000
3246;2023-01-12 13:29:42.627000;1;103351;1;1;36800.0000;1;12889.0000;None;139200.0000
3269;2023-01-12 15:00:11.643000;1;103351;1;1;36800.0000;1;None;None;48400.0000
3279;2023-01-12 19:11:13.183000;1;103993;1;1;16800.0000;1;None;None;33600.0000
3279;2023-01-12 19:11:13.183000;1;103993;1;1;16800.0000;1;None;None;33600.0000
3232;2023-01-12 12:12:43.490000;1;103993;1;1;16800.0000;1;None;None;141000.0000
3265;2023-01-12 14:35:15.973000;1;103993;1;1;16800.0000;1;None;None;34200.0000
3266;2023-01-12 14:40:02.703000;1;103993;1;1;16800.0000;1;None;None;16800.0000
3263;2023-01-12 14:30:35.407000;1;103993;1;1;16800.0000;1;32352.0000;None;349400.0000
3270;2023-01-12 15:11:10.503000;1;103993;1;1;16800.0000;1;None;None;148800.0000
3251;2023-01-12 13:35:59.207000;1;103993;1;1;16800.0000;1;11944.0000;None;129000.0000
3250;2023-01-12 13:34:22.257000;1;104337;1;1;46800.0000;1;16556.0000;None;178800.0000
3294;2023-01-12 20:36:11.387000;1;104337;1;1;46800.0000;1;None;None;124200.0000
3278;2023-01-12 19:09:04.023000;1;104341;1;1;39800.0000;1;None;None;177800.0000
3246;2023-01-12 13:29:42.627000;1;104341;1;1;39800.0000;1;12889.0000;None;139200.0000
3247;2023-01-12 13:30:45.170000;1;104341;1;1;39800.0000;1;30796.0000;None;332600.0000
3263;2023-01-12 14:30:35.407000;1;104341;1;1;39800.0000;1;32352.0000;None;349400.0000
3261;2023-01-12 14:26:04.607000;1;104341;1;-1;-39800.0000;1;-30796.0000;None;-332600.0000
3249;2023-01-12 13:32:33.270000;1;104347;1;1;43800.0000;1;13889.0000;None;150000.0000
3251;2023-01-12 13:35:59.207000;1;104347;1;1;43800.0000;1;11944.0000;None;129000.0000
3233;2023-01-12 12:16:30.103000;1;104347;1;1;43800.0000;1;27963.0000;None;302000.0000
3231;2023-01-12 12:10:02.927000;1;104347;1;1;43800.0000;1;None;None;56600.0000
3283;2023-01-12 19:29:27.603000;1;104347;1;1;43800.0000;1;None;None;49600.0000
3291;2023-01-12 20:05:37.643000;1;104347;1;1;43800.0000;1;13759.0000;None;148600.0000
3248;2023-01-12 13:31:38.430000;3;104355;1;1;10800.0000;1;None;None;58100.0000
3247;2023-01-12 13:49:02.660000;3;104355;1;1;10800.0000;1;30796.0000;None;332600.0000
3247;2023-01-12 13:30:45.170000;3;104355;1;1;10800.0000;1;30796.0000;None;332600.0000
3247;2023-01-12 13:30:45.170000;3;104355;1;1;10800.0000;1;30796.0000;None;332600.0000
3247;2023-01-12 13:30:45.170000;3;104355;1;1;10800.0000;1;30796.0000;None;332600.0000
3247;2023-01-12 13:30:45.170000;3;104355;1;1;10800.0000;1;30796.0000;None;332600.0000
3261;2023-01-12 14:26:04.607000;3;104355;1;-5;-54000.0000;1;-30796.0000;None;-332600.0000
3271;2023-01-12 15:32:58.737000;3;104355;1;1;10800.0000;1;8926.0000;None;96400.0000
3263;2023-01-12 14:30:35.407000;3;104355;1;5;54000.0000;1;32352.0000;None;349400.0000
3293;2023-01-12 20:28:16.560000;3;104355;1;1;10800.0000;1;17519.0000;None;189200.0000
3293;2023-01-12 20:28:16.560000;3;104355;1;1;10800.0000;1;17519.0000;None;189200.0000
3278;2023-01-12 19:09:04.023000;3;104355;1;1;10800.0000;1;None;None;177800.0000
3291;2023-01-12 20:05:37.643000;1;104357;1;1;44800.0000;1;13759.0000;None;148600.0000
3233;2023-01-12 12:16:30.103000;1;104357;1;1;44800.0000;1;27963.0000;None;302000.0000
3233;2023-01-12 12:16:30.103000;1;104357;1;1;44800.0000;1;27963.0000;None;302000.0000
3250;2023-01-12 13:34:22.257000;1;104358;1;1;23800.0000;1;16556.0000;None;178800.0000
3277;2023-01-12 18:58:49.327000;1;104447;1;1;56800.0000;1;None;None;123200.0000
3285;2023-01-12 19:44:04.040000;1;104447;1;1;56800.0000;1;9556.0000;None;103200.0000
3251;2023-01-12 13:35:59.207000;1;104447;1;1;56800.0000;1;11944.0000;None;129000.0000
3246;2023-01-12 13:29:42.627000;1;104447;1;1;56800.0000;1;12889.0000;None;139200.0000
3250;2023-01-12 13:34:22.257000;1;104447;1;1;56800.0000;1;16556.0000;None;178800.0000
3239;2023-01-12 13:11:36.703000;1;104447;1;1;56800.0000;1;12963.0000;None;140000.0000
3243;2023-01-12 13:22:15.233000;1;104447;1;1;56800.0000;1;9482.0000;None;102400.0000
3245;2023-01-12 13:28:12.337000;1;104447;1;1;56800.0000;1;12407.0000;None;134000.0000
3264;2023-01-12 14:32:02.890000;1;104447;1;1;56800.0000;1;9482.0000;None;102400.0000
3268;2023-01-12 14:53:35.260000;1;104447;1;1;56800.0000;1;None;5000.0000;117000.0000
3255;2023-01-12 13:53:13.177000;1;104447;1;1;56800.0000;1;16426.0000;None;177400.0000
3257;2023-01-12 14:04:14.787000;1;104447;1;1;56800.0000;1;11870.0000;None;128200.0000
3232;2023-01-12 12:12:43.490000;1;104447;1;1;56800.0000;1;None;None;141000.0000
3255;2023-01-12 13:53:13.177000;1;104450;1;1;22800.0000;1;16426.0000;None;177400.0000
3284;2023-01-12 19:40:33.860000;1;104450;1;1;22800.0000;1;None;None;22800.0000
3288;2023-01-12 19:57:09.537000;1;104450;1;1;22800.0000;1;None;None;22800.0000
3293;2023-01-12 20:28:16.560000;1;104450;1;1;22800.0000;1;17519.0000;None;189200.0000
3271;2023-01-12 15:32:58.737000;1;104974;1;1;45800.0000;1;8926.0000;None;96400.0000
3240;2023-01-12 13:16:36.027000;1;104974;1;1;45800.0000;1;18185.0000;None;196400.0000
3239;2023-01-12 13:11:36.703000;1;106358;1;1;36800.0000;1;12963.0000;None;140000.0000
3274;2023-01-12 15:55:01.577000;1;106866;1;1;27800.0000;1;None;None;73400.0000
3293;2023-01-12 20:28:16.560000;1;107823;1;1;23800.0000;1;17519.0000;None;189200.0000
3244;2023-01-12 13:23:33.413000;1;107824;1;1;22800.0000;1;9093.0000;None;98200.0000
3247;2023-01-12 13:34:28.257000;1;107826;1;1;43800.0000;1;30796.0000;None;332600.0000
3247;2023-01-12 13:30:45.170000;1;107826;1;1;43800.0000;1;30796.0000;None;332600.0000
3263;2023-01-12 14:30:35.407000;1;107826;1;1;43800.0000;1;32352.0000;None;349400.0000
3263;2023-01-12 14:30:35.407000;1;107826;1;1;43800.0000;1;32352.0000;None;349400.0000
3261;2023-01-12 14:26:04.607000;1;107826;1;-1;-43800.0000;1;-30796.0000;None;-332600.0000
3261;2023-01-12 14:26:04.607000;1;107826;1;-1;-43800.0000;1;-30796.0000;None;-332600.0000
3275;2023-01-12 16:33:07.057000;1;107827;1;1;49800.0000;1;None;None;57800.0000
3285;2023-01-12 19:44:04.040000;1;107829;1;1;34800.0000;1;9556.0000;None;103200.0000
3255;2023-01-12 13:53:13.177000;1;107829;1;1;34800.0000;1;16426.0000;None;177400.0000
3257;2023-01-12 14:04:14.787000;1;107831;1;1;55800.0000;1;11870.0000;None;128200.0000
3258;2023-01-12 14:05:25.687000;1;107831;1;1;55800.0000;1;None;None;67400.0000
3263;2023-01-12 14:30:35.407000;1;107831;1;1;55800.0000;1;32352.0000;None;349400.0000
3261;2023-01-12 14:26:04.607000;1;107831;1;-1;-55800.0000;1;-30796.0000;None;-332600.0000
3262;2023-01-12 14:27:12.663000;1;107831;1;1;55800.0000;1;13611.0000;None;147000.0000
3272;2023-01-12 15:45:27.317000;1;107831;1;1;55800.0000;1;None;None;55800.0000
3270;2023-01-12 15:11:10.503000;1;107831;1;1;55800.0000;1;None;None;148800.0000
3247;2023-01-12 13:30:45.170000;1;107831;1;1;55800.0000;1;30796.0000;None;332600.0000
3253;2023-01-12 13:42:26.587000;1;107831;1;1;55800.0000;1;11241.0000;None;121400.0000
3254;2023-01-12 13:47:06.307000;1;107831;1;1;55800.0000;1;6241.0000;None;67400.0000
3244;2023-01-12 13:23:33.413000;1;107831;1;1;55800.0000;1;9093.0000;None;98200.0000
3241;2023-01-12 13:18:47.533000;1;107831;1;1;55800.0000;1;None;None;67400.0000
3232;2023-01-12 12:12:43.490000;1;107831;1;1;55800.0000;1;None;None;141000.0000
3235;2023-01-12 12:38:26.427000;1;107831;1;1;55800.0000;1;None;None;171400.0000
3235;2023-01-12 12:38:26.427000;1;107831;1;1;55800.0000;1;None;None;171400.0000
3234;2023-01-12 12:33:58.317000;1;107831;1;1;55800.0000;1;None;None;64600.0000
3278;2023-01-12 19:09:04.023000;1;107831;1;1;55800.0000;1;None;None;177800.0000
3293;2023-01-12 20:28:16.560000;1;107831;1;1;55800.0000;1;17519.0000;None;189200.0000
3290;2023-01-12 20:03:13.420000;1;107831;1;1;55800.0000;1;6982.0000;None;75400.0000
3255;2023-01-12 13:53:13.177000;1;107832;1;1;39800.0000;1;16426.0000;None;177400.0000
3263;2023-01-12 14:30:35.407000;1;107833;1;1;49800.0000;1;32352.0000;None;349400.0000
3261;2023-01-12 14:26:04.607000;1;107833;1;-1;-49800.0000;1;-30796.0000;None;-332600.0000
3247;2023-01-12 13:30:45.170000;1;107833;1;1;49800.0000;1;30796.0000;None;332600.0000
3294;2023-01-12 20:36:11.387000;1;107833;1;1;49800.0000;1;None;None;124200.0000
3295;2023-01-12 20:36:58.340000;1;107836;1;1;19800.0000;1;None;None;59600.0000
3287;2023-01-12 19:56:24.390000;1;107836;1;1;19800.0000;1;None;None;131200.0000
3253;2023-01-12 13:42:26.587000;1;107836;1;1;19800.0000;1;11241.0000;None;121400.0000
3268;2023-01-12 14:53:35.260000;1;107836;1;1;19800.0000;1;None;5000.0000;117000.0000
3271;2023-01-12 15:32:58.737000;1;107839;1;1;39800.0000;1;8926.0000;None;96400.0000
3274;2023-01-12 15:55:01.577000;1;107839;1;1;39800.0000;1;None;None;73400.0000
3261;2023-01-12 14:26:04.607000;1;107839;1;-1;-39800.0000;1;-30796.0000;None;-332600.0000
3263;2023-01-12 14:30:35.407000;1;107839;1;1;39800.0000;1;32352.0000;None;349400.0000
3262;2023-01-12 14:27:12.663000;1;107839;1;1;39800.0000;1;13611.0000;None;147000.0000
3262;2023-01-12 14:27:12.663000;1;107839;1;1;39800.0000;1;13611.0000;None;147000.0000
3250;2023-01-12 13:34:22.257000;1;107839;1;1;39800.0000;1;16556.0000;None;178800.0000
3247;2023-01-12 13:30:45.170000;1;107839;1;1;39800.0000;1;30796.0000;None;332600.0000
3248;2023-01-12 13:31:38.430000;1;107839;1;1;39800.0000;1;None;None;58100.0000
3243;2023-01-12 13:22:15.233000;1;107839;1;1;39800.0000;1;9482.0000;None;102400.0000
3282;2023-01-12 19:24:50.247000;1;107839;1;1;39800.0000;1;None;None;244000.0000
3282;2023-01-12 19:24:50.247000;1;107839;1;1;39800.0000;1;None;None;244000.0000
3273;2023-01-12 15:50:57.237000;1;107871;1;1;14800.0000;1;None;None;14800.0000
3270;2023-01-12 15:11:10.503000;1;107871;1;1;14800.0000;1;None;None;148800.0000
3270;2023-01-12 15:11:10.503000;3;107873;1;1;8800.0000;1;None;None;148800.0000
3259;2023-01-12 14:21:08.100000;3;107873;1;1;8800.0000;1;13519.0000;None;146000.0000
3259;2023-01-12 14:21:08.100000;3;107873;1;1;8800.0000;1;13519.0000;None;146000.0000
3259;2023-01-12 14:21:08.100000;3;107873;1;1;8800.0000;1;13519.0000;None;146000.0000
3256;2023-01-12 14:00:41.457000;3;107873;1;1;8800.0000;1;16704.0000;None;180400.0000
3239;2023-01-12 13:11:36.703000;3;107873;1;1;8800.0000;1;12963.0000;None;140000.0000
3240;2023-01-12 13:16:36.027000;3;107873;1;1;8800.0000;1;18185.0000;None;196400.0000
3240;2023-01-12 13:16:36.027000;3;107873;1;1;8800.0000;1;18185.0000;None;196400.0000
3240;2023-01-12 13:16:36.027000;3;107873;1;1;8800.0000;1;18185.0000;None;196400.0000
3234;2023-01-12 12:33:58.317000;3;107873;1;1;8800.0000;1;None;None;64600.0000
3233;2023-01-12 12:16:30.103000;3;107873;1;1;8800.0000;1;27963.0000;None;302000.0000
3233;2023-01-12 12:16:30.103000;3;107873;1;1;8800.0000;1;27963.0000;None;302000.0000
3233;2023-01-12 12:16:30.103000;3;107873;1;1;8800.0000;1;27963.0000;None;302000.0000
3233;2023-01-12 12:16:30.103000;3;107873;1;1;8800.0000;1;27963.0000;None;302000.0000
3277;2023-01-12 18:58:49.327000;1;107893;1;1;54800.0000;1;None;None;123200.0000
3275;2023-01-12 16:33:07.057000;1;108015;1;1;2200.0000;1;None;None;57800.0000
3268;2023-01-12 14:53:35.260000;1;108054;1;1;28800.0000;1;None;5000.0000;117000.0000
3256;2023-01-12 14:00:41.457000;1;108054;1;1;28800.0000;1;16704.0000;None;180400.0000
3287;2023-01-12 19:56:24.390000;1;108054;1;1;28800.0000;1;None;None;131200.0000
3291;2023-01-12 20:05:37.643000;1;108054;1;1;28800.0000;1;13759.0000;None;148600.0000
3231;2023-01-12 12:10:02.957000;4;108191;1;1;0.0000;1;None;None;56600.0000
3264;2023-01-12 14:32:02.890000;1;108314;1;1;39800.0000;1;9482.0000;None;102400.0000
3249;2023-01-12 13:32:33.270000;1;108314;1;1;39800.0000;1;13889.0000;None;150000.0000
3287;2023-01-12 19:56:24.390000;1;108314;1;1;39800.0000;1;None;None;131200.0000
3295;2023-01-12 20:36:58.340000;1;108314;1;1;39800.0000;1;None;None;59600.0000
3240;2023-01-12 13:16:36.027000;1;108320;1;1;29800.0000;1;18185.0000;None;196400.0000
3293;2023-01-12 20:28:16.560000;1;108321;1;1;26800.0000;1;17519.0000;None;189200.0000
3293;2023-01-12 20:28:16.560000;1;108321;1;1;26800.0000;1;17519.0000;None;189200.0000
3233;2023-01-12 12:16:30.103000;2;108752;1;1;18800.0000;1;27963.0000;None;302000.0000
3235;2023-01-12 12:38:26.427000;1;109155;1;1;59800.0000;1;None;None;171400.0000
3245;2023-01-12 13:28:12.337000;1;109155;1;1;59800.0000;1;12407.0000;None;134000.0000
3256;2023-01-12 14:00:41.457000;1;109155;1;1;59800.0000;1;16704.0000;None;180400.0000
3239;2023-01-12 13:11:36.703000;1;109156;1;1;31800.0000;1;12963.0000;None;140000.0000
3236;2023-01-12 12:48:36.240000;1;109157;1;1;57800.0000;1;None;None;63600.0000
3240;2023-01-12 13:16:36.027000;1;109243;1;1;42800.0000;1;18185.0000;None;196400.0000
3287;2023-01-12 19:56:24.390000;1;109243;1;1;42800.0000;1;None;None;131200.0000
3249;2023-01-12 13:32:33.270000;1;109245;1;1;46800.0000;1;13889.0000;None;150000.0000
3267;2023-01-12 14:49:51.180000;1;109245;1;1;46800.0000;1;14907.0000;None;161000.0000
3270;2023-01-12 15:11:10.503000;1;109245;1;1;46800.0000;1;None;None;148800.0000
3237;2023-01-12 12:51:25.587000;1;109247;1;1;63800.0000;1;None;None;63800.0000
3242;2023-01-12 13:20:08.747000;1;109451;1;1;26800.0000;1;None;None;92400.0000
3267;2023-01-12 14:49:51.180000;1;109452;1;1;54800.0000;1;14907.0000;None;161000.0000
3233;2023-01-12 12:16:30.103000;1;109452;1;1;54800.0000;1;27963.0000;None;302000.0000
3282;2023-01-12 19:24:50.247000;1;109452;1;1;54800.0000;1;None;None;244000.0000
3282;2023-01-12 19:24:50.247000;1;109452;1;1;54800.0000;1;None;None;244000.0000
3282;2023-01-12 19:24:50.247000;1;109454;1;1;54800.0000;1;None;None;244000.0000
3267;2023-01-12 14:49:51.180000;1;109568;1;1;47800.0000;1;14907.0000;None;161000.0000
3240;2023-01-12 13:16:36.027000;1;109568;1;1;47800.0000;1;18185.0000;None;196400.0000
3231;2023-01-12 12:10:02.957000;2;200480;1;1;12800.0000;1;None;None;56600.0000
3283;2023-01-12 19:29:27.603000;3;200644;1;1;5800.0000;1;None;None;49600.0000
3285;2023-01-12 19:44:04.040000;3;200644;1;1;5800.0000;1;9556.0000;None;103200.0000
3291;2023-01-12 20:05:37.643000;3;200644;1;1;5800.0000;1;13759.0000;None;148600.0000
3291;2023-01-12 20:05:37.643000;3;200644;1;1;5800.0000;1;13759.0000;None;148600.0000
3247;2023-01-12 13:30:45.170000;3;200644;1;1;5800.0000;1;30796.0000;None;332600.0000
3250;2023-01-12 13:34:22.257000;3;200644;1;1;5800.0000;1;16556.0000;None;178800.0000
3254;2023-01-12 13:47:06.307000;3;200644;1;1;5800.0000;1;6241.0000;None;67400.0000
3261;2023-01-12 14:26:04.607000;3;200644;1;-1;-5800.0000;1;-30796.0000;None;-332600.0000
3263;2023-01-12 14:30:35.407000;3;200644;1;1;5800.0000;1;32352.0000;None;349400.0000
3255;2023-01-12 13:53:13.177000;3;201146;1;1;5800.0000;1;16426.0000;None;177400.0000
3267;2023-01-12 14:49:51.180000;3;201146;1;1;5800.0000;1;14907.0000;None;161000.0000
3267;2023-01-12 14:49:51.180000;3;201146;1;1;5800.0000;1;14907.0000;None;161000.0000
3268;2023-01-12 14:53:35.260000;3;201146;1;1;5800.0000;1;None;5000.0000;117000.0000
3269;2023-01-12 15:00:11.643000;3;201146;1;1;5800.0000;1;None;None;48400.0000
3269;2023-01-12 15:00:11.643000;3;201146;1;1;5800.0000;1;None;None;48400.0000
3270;2023-01-12 15:11:10.503000;3;201146;1;1;5800.0000;1;None;None;148800.0000
3275;2023-01-12 16:33:07.057000;3;201146;1;1;5800.0000;1;None;None;57800.0000
3250;2023-01-12 13:34:22.257000;3;201146;1;1;5800.0000;1;16556.0000;None;178800.0000
3246;2023-01-12 13:29:42.627000;3;201146;1;1;5800.0000;1;12889.0000;None;139200.0000
3292;2023-01-12 20:06:51.167000;2;201184;1;1;9800.0000;1;None;None;19600.0000
3292;2023-01-12 20:06:51.167000;2;201184;1;1;9800.0000;1;None;None;19600.0000
3291;2023-01-12 20:05:37.643000;2;201184;1;1;9800.0000;1;13759.0000;None;148600.0000
3291;2023-01-12 20:05:37.643000;2;201184;1;1;9800.0000;1;13759.0000;None;148600.0000
3290;2023-01-12 20:03:13.420000;2;201184;1;1;9800.0000;1;6982.0000;None;75400.0000
3290;2023-01-12 20:03:13.420000;2;201184;1;1;9800.0000;1;6982.0000;None;75400.0000
3289;2023-01-12 20:00:03.747000;2;201184;1;1;9800.0000;1;None;None;19600.0000
3289;2023-01-12 20:00:03.747000;2;201184;1;1;9800.0000;1;None;None;19600.0000
3286;2023-01-12 19:49:50.440000;2;201184;1;1;9800.0000;1;None;None;19600.0000
3286;2023-01-12 19:49:50.440000;2;201184;1;1;9800.0000;1;None;None;19600.0000
3276;2023-01-12 18:30:55.997000;2;201184;1;1;9800.0000;1;None;None;79400.0000
3276;2023-01-12 18:30:55.997000;2;201184;1;1;9800.0000;1;None;None;79400.0000
3280;2023-01-12 19:12:25.100000;2;201184;1;1;9800.0000;1;None;None;19600.0000
3280;2023-01-12 19:12:25.100000;2;201184;1;1;9800.0000;1;None;None;19600.0000
3249;2023-01-12 13:32:33.270000;2;201184;1;1;9800.0000;1;13889.0000;None;150000.0000
3249;2023-01-12 13:32:33.270000;2;201184;1;1;9800.0000;1;13889.0000;None;150000.0000
3244;2023-01-12 13:23:33.413000;2;201184;1;1;9800.0000;1;9093.0000;None;98200.0000
3244;2023-01-12 13:23:33.413000;2;201184;1;1;9800.0000;1;9093.0000;None;98200.0000
3257;2023-01-12 14:04:14.787000;2;201184;1;1;9800.0000;1;11870.0000;None;128200.0000
3256;2023-01-12 14:00:41.457000;3;201221;1;4;23200.0000;1;16704.0000;None;180400.0000
3257;2023-01-12 14:04:14.787000;3;201221;1;1;5800.0000;1;11870.0000;None;128200.0000
3258;2023-01-12 14:05:25.687000;3;201221;1;1;5800.0000;1;None;None;67400.0000
3241;2023-01-12 13:18:47.533000;3;201221;1;1;5800.0000;1;None;None;67400.0000
3241;2023-01-12 13:18:47.533000;3;201221;1;1;5800.0000;1;None;None;67400.0000
3277;2023-01-12 18:58:49.327000;3;201221;1;1;5800.0000;1;None;None;123200.0000
3281;2023-01-12 19:23:19.387000;3;201221;1;1;5800.0000;1;None;None;5800.0000
3293;2023-01-12 20:28:16.560000;3;201221;1;1;5800.0000;1;17519.0000;None;189200.0000
3242;2023-01-12 13:20:08.747000;3;201237;1;1;5800.0000;1;None;None;92400.0000
3243;2023-01-12 13:22:15.233000;3;201237;1;1;5800.0000;1;9482.0000;None;102400.0000
3245;2023-01-12 13:28:12.337000;3;201237;1;1;5800.0000;1;12407.0000;None;134000.0000
3239;2023-01-12 13:11:36.703000;3;201237;1;1;5800.0000;1;12963.0000;None;140000.0000
3277;2023-01-12 18:58:49.327000;3;201261;1;1;5800.0000;1;None;None;123200.0000
3278;2023-01-12 19:09:04.023000;3;201269;1;1;5800.0000;1;None;None;177800.0000
3278;2023-01-12 19:09:04.023000;3;201269;1;1;5800.0000;1;None;None;177800.0000
3258;2023-01-12 14:05:25.687000;3;201277;1;1;5800.0000;1;None;None;67400.0000
3255;2023-01-12 13:53:13.177000;3;201304;1;1;5800.0000;1;16426.0000;None;177400.0000
3255;2023-01-12 13:53:13.177000;3;201304;1;1;5800.0000;1;16426.0000;None;177400.0000
3255;2023-01-12 13:53:13.177000;3;201304;1;1;5800.0000;1;16426.0000;None;177400.0000
3262;2023-01-12 14:27:12.663000;3;201304;1;1;5800.0000;1;13611.0000;None;147000.0000
3262;2023-01-12 14:27:12.663000;3;201304;1;1;5800.0000;1;13611.0000;None;147000.0000
3274;2023-01-12 15:55:01.577000;3;201304;1;1;5800.0000;1;None;None;73400.0000
3268;2023-01-12 14:53:35.260000;3;201304;1;1;5800.0000;1;None;5000.0000;117000.0000
3264;2023-01-12 14:32:02.890000;3;201304;1;1;5800.0000;1;9482.0000;None;102400.0000
3236;2023-01-12 12:48:36.240000;3;201304;1;1;5800.0000;1;None;None;63600.0000
3245;2023-01-12 13:28:12.337000;3;201304;1;1;5800.0000;1;12407.0000;None;134000.0000
3245;2023-01-12 13:28:12.337000;3;201304;1;1;5800.0000;1;12407.0000;None;134000.0000
3251;2023-01-12 13:35:59.207000;3;201304;1;1;5800.0000;1;11944.0000;None;129000.0000
3251;2023-01-12 13:35:59.207000;3;201304;1;1;5800.0000;1;11944.0000;None;129000.0000
3254;2023-01-12 13:47:06.307000;3;201304;1;1;5800.0000;1;6241.0000;None;67400.0000
3232;2023-01-12 12:12:43.490000;3;201304;1;1;5800.0000;1;None;None;141000.0000
3232;2023-01-12 12:12:43.490000;3;201304;1;1;5800.0000;1;None;None;141000.0000
3285;2023-01-12 19:44:04.040000;3;201304;1;1;5800.0000;1;9556.0000;None;103200.0000
3293;2023-01-12 20:28:16.560000;3;201304;1;1;5800.0000;1;17519.0000;None;189200.0000
3294;2023-01-12 20:36:11.387000;2;201615;1;1;13800.0000;1;None;None;124200.0000
3294;2023-01-12 20:36:11.387000;2;201615;1;1;13800.0000;1;None;None;124200.0000
