3838;2023-01-19 12:46:34.543000;7;1135;1;1;0.0000;1;8185.0000;None;88400.0000
3839;2023-01-19 12:48:46.717000;7;1135;1;1;0.0000;1;None;None;128400.0000
3840;2023-01-19 12:53:53.203000;7;1135;1;1;0.0000;1;11222.0000;None;121200.0000
3842;2023-01-19 12:59:59.760000;7;1135;1;1;0.0000;1;15630.0000;None;168800.0000
3846;2023-01-19 13:16:59.667000;7;1135;1;1;0.0000;1;None;None;180000.0000
3836;2023-01-19 12:35:10.923000;7;1135;1;1;0.0000;1;11204.0000;None;121000.0000
3877;2023-01-19 14:47:57.860000;7;1135;1;1;0.0000;1;15556.0000;None;168000.0000
3879;2023-01-19 14:54:44.540000;7;1135;1;1;0.0000;1;None;None;23800.0000
3874;2023-01-19 14:38:18.550000;7;1135;1;1;0.0000;1;6130.0000;None;66200.0000
3870;2023-01-19 14:25:35.137000;7;1135;1;1;0.0000;1;23000.0000;None;248400.0000
3869;2023-01-19 14:24:18.910000;7;1135;1;1;0.0000;1;13167.0000;None;142200.0000
3865;2023-01-19 14:08:18.340000;7;1135;1;1;0.0000;1;None;None;58800.0000
3868;2023-01-19 14:21:55.607000;7;1135;1;1;0.0000;1;None;None;51600.0000
3849;2023-01-19 13:28:56.690000;7;1135;1;1;0.0000;1;25778.0000;None;278400.0000
3849;2023-01-19 13:28:56.690000;7;1135;1;1;0.0000;1;25778.0000;None;278400.0000
3850;2023-01-19 13:32:34.927000;7;1135;1;1;0.0000;1;16111.0000;None;174000.0000
3903;2023-01-19 18:25:18.393000;7;1135;1;1;0.0000;1;None;None;106600.0000
3882;2023-01-19 15:28:53.803000;7;1135;1;1;0.0000;1;None;None;27800.0000
3909;2023-01-19 20:21:19.730000;7;1207;1;1;0.0000;1;16796.0000;None;181400.0000
3863;2023-01-19 14:04:38.167000;7;1207;1;1;0.0000;1;18037.0000;None;194800.0000
3842;2023-01-19 12:59:59.760000;3;100614;1;1;5800.0000;1;15630.0000;None;168800.0000
3842;2023-01-19 12:59:59.760000;3;100614;1;1;5800.0000;1;15630.0000;None;168800.0000
3909;2023-01-19 20:21:19.730000;3;100614;1;1;5800.0000;1;16796.0000;None;181400.0000
3842;2023-01-19 12:59:59.760000;1;101007;1;1;63800.0000;1;15630.0000;None;168800.0000
3835;2023-01-19 12:33:28.063000;1;101007;1;1;63800.0000;1;7537.0000;None;81400.0000
3885;2023-01-19 16:12:38.240000;1;101007;1;1;63800.0000;1;None;None;132000.0000
3866;2023-01-19 14:10:51.530000;1;101007;1;1;63800.0000;1;23945.0000;None;258600.0000
3849;2023-01-19 13:28:56.690000;1;101007;1;1;63800.0000;1;25778.0000;None;278400.0000
3858;2023-01-19 13:53:05.820000;1;101007;1;1;63800.0000;1;15741.0000;None;170000.0000
3849;2023-01-19 13:28:56.690000;1;101270;1;1;0.0000;1;25778.0000;None;278400.0000
3854;2023-01-19 13:41:22.257000;1;102132;1;1;3800.0000;1;10074.0000;None;108800.0000
3869;2023-01-19 14:24:18.910000;1;102170;1;1;3800.0000;1;13167.0000;None;142200.0000
3905;2023-01-19 19:06:17.107000;1;102170;1;1;3800.0000;1;None;None;83400.0000
3836;2023-01-19 12:35:10.923000;1;102172;1;1;3800.0000;1;11204.0000;None;121000.0000
3904;2023-01-19 18:29:13.347000;2;103225;1;1;45800.0000;1;None;None;47600.0000
3847;2023-01-19 13:17:55.830000;1;103351;1;1;36800.0000;1;9926.0000;None;107200.0000
3871;2023-01-19 14:26:53.743000;1;103351;1;1;36800.0000;1;8630.0000;None;93200.0000
3856;2023-01-19 13:43:44.533000;1;103351;1;1;36800.0000;1;None;None;43600.0000
3855;2023-01-19 13:42:54.203000;1;103856;1;1;34800.0000;1;None;None;46600.0000
3864;2023-01-19 14:07:17.680000;1;103993;1;1;16800.0000;1;15982.0000;None;172600.0000
3860;2023-01-19 13:58:02.253000;1;103993;1;1;16800.0000;1;None;None;33600.0000
3860;2023-01-19 13:58:02.253000;1;103993;1;1;16800.0000;1;None;None;33600.0000
3887;2023-01-19 16:26:35.490000;1;103993;1;1;16800.0000;1;None;None;16800.0000
3886;2023-01-19 16:13:34.707000;1;103993;1;1;16800.0000;1;None;None;16800.0000
3889;2023-01-19 16:43:54.267000;1;104337;1;1;48800.0000;1;None;None;86400.0000
3905;2023-01-19 19:06:17.107000;1;104341;1;1;39800.0000;1;None;None;83400.0000
3905;2023-01-19 19:06:17.107000;1;104341;1;1;39800.0000;1;None;None;83400.0000
3909;2023-01-19 20:21:19.730000;1;104341;1;1;39800.0000;1;16796.0000;None;181400.0000
3908;2023-01-19 20:08:33.350000;1;104341;1;1;39800.0000;1;None;None;123200.0000
3868;2023-01-19 14:21:55.607000;1;104341;1;1;39800.0000;1;None;None;51600.0000
3850;2023-01-19 13:32:34.927000;1;104341;1;1;39800.0000;1;16111.0000;None;174000.0000
3849;2023-01-19 13:28:56.690000;1;104347;1;1;46800.0000;1;25778.0000;None;278400.0000
3849;2023-01-19 13:28:56.690000;1;104347;1;1;46800.0000;1;25778.0000;None;278400.0000
3849;2023-01-19 13:28:56.690000;1;104347;1;1;46800.0000;1;25778.0000;None;278400.0000
3846;2023-01-19 13:16:59.667000;1;104347;1;1;46800.0000;1;None;None;180000.0000
3839;2023-01-19 12:48:46.717000;1;104347;1;1;46800.0000;1;None;None;128400.0000
3866;2023-01-19 14:10:51.530000;1;104347;1;1;46800.0000;1;23945.0000;None;258600.0000
3870;2023-01-19 14:25:35.137000;1;104347;1;1;46800.0000;1;23000.0000;None;248400.0000
3900;2023-01-19 17:01:10.933000;1;104347;1;1;46800.0000;1;9759.0000;None;105400.0000
3843;2023-01-19 13:01:51.593000;3;104355;1;1;11800.0000;1;12241.0000;None;132200.0000
3833;2023-01-19 12:21:08.217000;3;104355;1;1;11800.0000;1;None;7000.0000;148000.0000
3833;2023-01-19 12:21:08.217000;3;104355;1;1;11800.0000;1;None;7000.0000;148000.0000
3900;2023-01-19 17:01:10.933000;3;104355;1;1;11800.0000;1;9759.0000;None;105400.0000
3906;2023-01-19 19:44:13.257000;3;104355;1;1;11800.0000;1;11130.0000;None;120200.0000
3870;2023-01-19 14:25:35.137000;3;104355;1;1;11800.0000;1;23000.0000;None;248400.0000
3874;2023-01-19 14:38:18.550000;3;104355;1;1;11800.0000;1;6130.0000;None;66200.0000
3866;2023-01-19 14:10:51.530000;3;104355;1;1;11800.0000;1;23945.0000;None;258600.0000
3864;2023-01-19 14:07:17.680000;3;104355;1;1;11800.0000;1;15982.0000;None;172600.0000
3864;2023-01-19 14:07:17.680000;3;104355;1;1;11800.0000;1;15982.0000;None;172600.0000
3864;2023-01-19 14:07:17.680000;3;104355;1;1;11800.0000;1;15982.0000;None;172600.0000
3868;2023-01-19 14:21:55.607000;3;104355;1;1;11800.0000;1;None;None;51600.0000
3848;2023-01-19 13:24:37.607000;3;104355;1;1;11800.0000;1;14056.0000;None;151800.0000
3848;2023-01-19 13:24:37.607000;3;104355;1;1;11800.0000;1;14056.0000;None;151800.0000
3850;2023-01-19 13:32:34.927000;3;104355;1;1;11800.0000;1;16111.0000;None;174000.0000
3851;2023-01-19 13:33:55.230000;3;104355;1;1;11800.0000;1;12704.0000;None;137200.0000
3851;2023-01-19 13:33:55.230000;3;104355;1;1;11800.0000;1;12704.0000;None;137200.0000
3855;2023-01-19 13:42:54.203000;3;104355;1;1;11800.0000;1;None;None;46600.0000
3852;2023-01-19 13:36:46.137000;3;104355;1;1;11800.0000;1;12222.0000;None;132000.0000
3852;2023-01-19 13:36:46.137000;1;104357;1;1;45800.0000;1;12222.0000;None;132000.0000
3849;2023-01-19 13:28:56.690000;1;104357;1;1;45800.0000;1;25778.0000;None;278400.0000
3901;2023-01-19 17:12:47.413000;1;104413;1;1;1800.0000;1;None;None;20600.0000
3904;2023-01-19 18:29:13.347000;1;104413;1;1;1800.0000;1;None;None;47600.0000
3902;2023-01-19 17:13:50.127000;1;104413;1;1;1800.0000;1;None;None;1800.0000
3854;2023-01-19 13:41:22.257000;1;104413;1;1;1800.0000;1;10074.0000;None;108800.0000
3858;2023-01-19 13:53:05.820000;1;104447;1;1;56800.0000;1;15741.0000;None;170000.0000
3851;2023-01-19 13:33:55.230000;1;104447;1;1;56800.0000;1;12704.0000;None;137200.0000
3863;2023-01-19 14:04:38.167000;1;104447;1;1;56800.0000;1;18037.0000;None;194800.0000
3863;2023-01-19 14:04:38.167000;1;104447;1;1;56800.0000;1;18037.0000;None;194800.0000
3870;2023-01-19 14:25:35.137000;1;104447;1;1;56800.0000;1;23000.0000;None;248400.0000
3870;2023-01-19 14:25:35.137000;1;104447;1;1;56800.0000;1;23000.0000;None;248400.0000
3873;2023-01-19 14:30:17.227000;1;104447;1;1;56800.0000;1;None;None;63600.0000
3830;2023-01-19 12:07:34.850000;1;104447;1;1;56800.0000;1;11500.0000;None;124200.0000
3846;2023-01-19 13:16:59.667000;1;104447;1;1;56800.0000;1;None;None;180000.0000
3847;2023-01-19 13:17:55.830000;1;104447;1;1;56800.0000;1;9926.0000;None;107200.0000
3843;2023-01-19 13:01:51.593000;1;104447;1;1;56800.0000;1;12241.0000;None;132200.0000
3843;2023-01-19 13:01:51.593000;1;104447;1;1;56800.0000;1;12241.0000;None;132200.0000
3874;2023-01-19 14:38:18.550000;1;104450;1;1;23800.0000;1;6130.0000;None;66200.0000
3874;2023-01-19 14:38:18.550000;1;104450;1;1;23800.0000;1;6130.0000;None;66200.0000
3879;2023-01-19 14:54:44.540000;1;104450;1;1;23800.0000;1;None;None;23800.0000
3875;2023-01-19 14:39:00.623000;1;104777;1;1;1800.0000;1;None;None;1800.0000
3900;2023-01-19 17:01:10.933000;1;104974;1;1;46800.0000;1;9759.0000;None;105400.0000
3842;2023-01-19 12:59:59.760000;1;105696;1;1;69800.0000;1;15630.0000;None;168800.0000
3885;2023-01-19 16:12:38.240000;1;106866;1;1;27800.0000;1;None;None;132000.0000
3882;2023-01-19 15:28:53.803000;1;106866;1;1;27800.0000;1;None;None;27800.0000
3848;2023-01-19 13:24:37.607000;1;107824;1;1;23800.0000;1;14056.0000;None;151800.0000
3862;2023-01-19 14:03:21.267000;1;107824;1;1;23800.0000;1;None;None;23800.0000
3866;2023-01-19 14:10:51.530000;1;107825;1;1;46800.0000;1;23945.0000;None;258600.0000
3854;2023-01-19 13:41:22.257000;1;107825;1;1;46800.0000;1;10074.0000;None;108800.0000
3906;2023-01-19 19:44:13.257000;1;107825;1;1;46800.0000;1;11130.0000;None;120200.0000
3870;2023-01-19 14:25:35.137000;1;107827;1;1;53800.0000;1;23000.0000;None;248400.0000
3848;2023-01-19 13:24:37.607000;1;107829;1;1;38800.0000;1;14056.0000;None;151800.0000
3854;2023-01-19 13:41:22.257000;1;107829;1;1;38800.0000;1;10074.0000;None;108800.0000
3910;2023-01-19 20:38:40.723000;1;107829;1;1;38800.0000;1;8982.0000;None;97000.0000
3909;2023-01-19 20:21:19.730000;1;107831;1;1;58800.0000;1;16796.0000;None;181400.0000
3903;2023-01-19 18:25:18.393000;1;107831;1;1;58800.0000;1;None;None;106600.0000
3853;2023-01-19 13:38:09.290000;1;107831;1;1;58800.0000;1;12056.0000;None;130200.0000
3865;2023-01-19 14:08:18.340000;1;107831;1;1;58800.0000;1;None;None;58800.0000
3863;2023-01-19 14:04:38.167000;1;107831;1;1;58800.0000;1;18037.0000;None;194800.0000
3864;2023-01-19 14:07:17.680000;1;107831;1;1;58800.0000;1;15982.0000;None;172600.0000
3872;2023-01-19 14:29:38.307000;1;107831;1;1;58800.0000;1;7889.0000;None;85200.0000
3848;2023-01-19 13:24:37.607000;1;107831;1;1;58800.0000;1;14056.0000;None;151800.0000
3832;2023-01-19 12:17:25.017000;1;107831;1;1;58800.0000;1;8093.0000;None;87400.0000
3833;2023-01-19 12:21:08.217000;1;107831;1;1;58800.0000;1;None;7000.0000;148000.0000
3833;2023-01-19 12:21:08.217000;1;107831;1;1;58800.0000;1;None;7000.0000;148000.0000
3834;2023-01-19 12:31:27.263000;1;107831;1;1;58800.0000;1;15278.0000;None;165000.0000
3908;2023-01-19 20:08:33.350000;1;107833;1;1;53800.0000;1;None;None;123200.0000
3830;2023-01-19 12:07:34.850000;1;107833;1;1;53800.0000;1;11500.0000;None;124200.0000
3832;2023-01-19 12:17:25.017000;1;107836;1;1;19800.0000;1;8093.0000;None;87400.0000
3880;2023-01-19 14:58:47.477000;1;107836;1;1;19800.0000;1;None;None;19800.0000
3878;2023-01-19 14:53:12.070000;1;107836;1;1;19800.0000;1;None;None;19800.0000
3864;2023-01-19 14:07:17.680000;1;107836;1;1;19800.0000;1;15982.0000;None;172600.0000
3858;2023-01-19 13:53:05.820000;1;107836;1;1;19800.0000;1;15741.0000;None;170000.0000
3853;2023-01-19 13:38:09.290000;1;107839;1;1;41800.0000;1;12056.0000;None;130200.0000
3864;2023-01-19 14:07:17.680000;1;107839;1;1;41800.0000;1;15982.0000;None;172600.0000
3869;2023-01-19 14:24:18.910000;1;107839;1;1;41800.0000;1;13167.0000;None;142200.0000
3907;2023-01-19 19:46:52.650000;1;107839;1;1;41800.0000;1;None;None;41800.0000
3909;2023-01-19 20:21:19.730000;1;107839;1;1;41800.0000;1;16796.0000;None;181400.0000
3839;2023-01-19 12:48:46.717000;1;107839;1;1;41800.0000;1;None;None;128400.0000
3877;2023-01-19 14:47:57.860000;1;107846;1;1;33800.0000;1;15556.0000;None;168000.0000
3850;2023-01-19 13:32:34.927000;1;107847;1;1;41800.0000;1;16111.0000;None;174000.0000
3842;2023-01-19 12:59:59.760000;1;107871;1;1;14800.0000;1;15630.0000;None;168800.0000
3842;2023-01-19 12:59:59.760000;3;107873;1;1;8800.0000;1;15630.0000;None;168800.0000
3844;2023-01-19 13:05:33.630000;3;107873;1;1;8800.0000;1;None;None;17600.0000
3844;2023-01-19 13:05:33.630000;3;107873;1;1;8800.0000;1;None;None;17600.0000
3832;2023-01-19 12:17:25.017000;3;107873;1;1;8800.0000;1;8093.0000;None;87400.0000
3835;2023-01-19 12:33:28.063000;3;107873;1;1;8800.0000;1;7537.0000;None;81400.0000
3835;2023-01-19 12:33:28.063000;3;107873;1;1;8800.0000;1;7537.0000;None;81400.0000
3906;2023-01-19 19:44:13.257000;3;107873;1;1;8800.0000;1;11130.0000;None;120200.0000
3884;2023-01-19 15:56:57.387000;3;107873;1;1;8800.0000;1;None;None;8800.0000
3852;2023-01-19 13:36:46.137000;3;107873;1;1;8800.0000;1;12222.0000;None;132000.0000
3852;2023-01-19 13:36:46.137000;3;107873;1;1;8800.0000;1;12222.0000;None;132000.0000
3854;2023-01-19 13:41:22.257000;3;107873;1;1;8800.0000;1;10074.0000;None;108800.0000
3854;2023-01-19 13:41:22.257000;3;107873;1;1;8800.0000;1;10074.0000;None;108800.0000
3863;2023-01-19 14:04:38.167000;3;107873;1;1;8800.0000;1;18037.0000;None;194800.0000
3861;2023-01-19 14:02:39.087000;3;107873;1;1;8800.0000;1;4500.0000;None;48600.0000
3872;2023-01-19 14:29:38.307000;3;107873;1;1;8800.0000;1;7889.0000;None;85200.0000
3872;2023-01-19 14:29:38.307000;3;107873;1;1;8800.0000;1;7889.0000;None;85200.0000
3872;2023-01-19 14:29:38.307000;3;107873;1;1;8800.0000;1;7889.0000;None;85200.0000
3870;2023-01-19 14:25:35.137000;3;107873;1;1;8800.0000;1;23000.0000;None;248400.0000
3851;2023-01-19 13:33:55.230000;1;107893;1;1;56800.0000;1;12704.0000;None;137200.0000
3910;2023-01-19 20:38:40.723000;1;108054;1;1;29800.0000;1;8982.0000;None;97000.0000
3871;2023-01-19 14:26:53.743000;1;108054;1;1;29800.0000;1;8630.0000;None;93200.0000
3840;2023-01-19 12:53:53.203000;4;108191;1;1;0.0000;1;11222.0000;None;121200.0000
3839;2023-01-19 12:48:46.717000;1;108314;1;1;39800.0000;1;None;None;128400.0000
3841;2023-01-19 12:56:43.180000;1;108314;1;1;39800.0000;1;None;None;39800.0000
3861;2023-01-19 14:02:39.087000;1;108314;1;1;39800.0000;1;4500.0000;None;48600.0000
3834;2023-01-19 12:31:27.263000;1;108319;1;1;85800.0000;1;15278.0000;None;165000.0000
3906;2023-01-19 19:44:13.257000;1;108323;1;1;52800.0000;1;11130.0000;None;120200.0000
3901;2023-01-19 17:12:47.413000;2;108752;1;1;18800.0000;1;None;None;20600.0000
3889;2023-01-19 16:43:54.267000;2;108752;1;1;18800.0000;1;None;None;86400.0000
3889;2023-01-19 16:43:54.267000;2;108752;1;1;18800.0000;1;None;None;86400.0000
3867;2023-01-19 14:12:17.897000;1;109155;1;1;63800.0000;1;None;None;111600.0000
3866;2023-01-19 14:10:51.530000;1;109155;1;1;63800.0000;1;23945.0000;None;258600.0000
3838;2023-01-19 12:46:34.543000;1;109155;1;1;63800.0000;1;8185.0000;None;88400.0000
3846;2023-01-19 13:16:59.667000;1;109157;1;1;62800.0000;1;None;None;180000.0000
3877;2023-01-19 14:47:57.860000;1;109157;1;1;62800.0000;1;15556.0000;None;168000.0000
3903;2023-01-19 18:25:18.393000;1;109245;1;1;47800.0000;1;None;None;106600.0000
3867;2023-01-19 14:12:17.897000;1;109245;1;1;47800.0000;1;None;None;111600.0000
3885;2023-01-19 16:12:38.240000;1;109451;1;1;26800.0000;1;None;None;132000.0000
3881;2023-01-19 14:59:32.310000;1;109452;1;1;56800.0000;1;None;None;70400.0000
3859;2023-01-19 13:56:32.430000;1;109452;1;1;56800.0000;1;None;None;56800.0000
3852;2023-01-19 13:36:46.137000;1;109452;1;1;56800.0000;1;12222.0000;None;132000.0000
3877;2023-01-19 14:47:57.860000;1;109454;1;1;57800.0000;1;15556.0000;None;168000.0000
3836;2023-01-19 12:35:10.923000;1;109568;1;1;47800.0000;1;11204.0000;None;121000.0000
3836;2023-01-19 12:35:10.923000;1;109568;1;1;47800.0000;1;11204.0000;None;121000.0000
3840;2023-01-19 12:53:53.187000;1;109568;1;1;47800.0000;1;11222.0000;None;121200.0000
3840;2023-01-19 12:53:53.203000;1;109568;1;1;47800.0000;1;11222.0000;None;121200.0000
3850;2023-01-19 13:32:34.927000;1;109569;1;1;69800.0000;1;16111.0000;None;174000.0000
3869;2023-01-19 14:24:18.910000;1;109571;1;1;89800.0000;1;13167.0000;None;142200.0000
3866;2023-01-19 14:10:51.530000;2;200480;1;1;12800.0000;1;23945.0000;None;258600.0000
3866;2023-01-19 14:10:51.530000;2;200480;1;1;12800.0000;1;23945.0000;None;258600.0000
3871;2023-01-19 14:26:53.743000;2;200480;1;1;12800.0000;1;8630.0000;None;93200.0000
3840;2023-01-19 12:53:53.203000;2;200480;1;1;12800.0000;1;11222.0000;None;121200.0000
3840;2023-01-19 12:53:53.203000;2;200480;1;1;12800.0000;1;11222.0000;None;121200.0000
3846;2023-01-19 13:16:59.667000;3;200644;1;1;6800.0000;1;None;None;180000.0000
3847;2023-01-19 13:17:55.830000;3;200644;1;1;6800.0000;1;9926.0000;None;107200.0000
3834;2023-01-19 12:31:27.263000;3;200644;1;1;6800.0000;1;15278.0000;None;165000.0000
3834;2023-01-19 12:31:27.263000;3;200644;1;1;6800.0000;1;15278.0000;None;165000.0000
3834;2023-01-19 12:31:27.263000;3;200644;1;1;6800.0000;1;15278.0000;None;165000.0000
3863;2023-01-19 14:04:38.167000;3;200644;1;1;6800.0000;1;18037.0000;None;194800.0000
3849;2023-01-19 13:28:56.690000;3;200644;1;1;6800.0000;1;25778.0000;None;278400.0000
3849;2023-01-19 13:28:56.690000;3;201146;1;1;6800.0000;1;25778.0000;None;278400.0000
3863;2023-01-19 14:04:38.167000;3;201146;1;1;6800.0000;1;18037.0000;None;194800.0000
3909;2023-01-19 20:21:19.730000;3;201146;1;1;6800.0000;1;16796.0000;None;181400.0000
3909;2023-01-19 20:21:19.730000;3;201146;1;1;6800.0000;1;16796.0000;None;181400.0000
3909;2023-01-19 20:21:19.730000;3;201146;1;1;6800.0000;1;16796.0000;None;181400.0000
3830;2023-01-19 12:07:34.850000;3;201146;1;1;6800.0000;1;11500.0000;None;124200.0000
3830;2023-01-19 12:07:34.850000;3;201146;1;1;6800.0000;1;11500.0000;None;124200.0000
3833;2023-01-19 12:21:08.217000;3;201146;1;1;6800.0000;1;None;7000.0000;148000.0000
3847;2023-01-19 13:17:55.830000;3;201146;1;1;6800.0000;1;9926.0000;None;107200.0000
3846;2023-01-19 13:16:59.667000;3;201146;1;1;6800.0000;1;None;None;180000.0000
3838;2023-01-19 12:46:34.543000;2;201184;1;1;10800.0000;1;8185.0000;None;88400.0000
3850;2023-01-19 13:32:34.927000;2;201184;1;1;10800.0000;1;16111.0000;None;174000.0000
3876;2023-01-19 14:45:55.387000;2;201184;1;1;10800.0000;1;None;None;10800.0000
3870;2023-01-19 14:25:35.137000;3;201221;1;1;6800.0000;1;23000.0000;None;248400.0000
3870;2023-01-19 14:25:35.137000;3;201221;1;1;6800.0000;1;23000.0000;None;248400.0000
3856;2023-01-19 13:43:44.533000;3;201221;1;1;6800.0000;1;None;None;43600.0000
3910;2023-01-19 20:38:40.723000;3;201221;1;1;6800.0000;1;8982.0000;None;97000.0000
3910;2023-01-19 20:38:40.723000;3;201221;1;1;6800.0000;1;8982.0000;None;97000.0000
3881;2023-01-19 14:59:32.310000;3;201221;1;1;6800.0000;1;None;None;70400.0000
3881;2023-01-19 14:59:32.310000;3;201221;1;1;6800.0000;1;None;None;70400.0000
3885;2023-01-19 16:12:38.240000;3;201221;1;1;6800.0000;1;None;None;132000.0000
3885;2023-01-19 16:12:38.240000;3;201221;1;1;6800.0000;1;None;None;132000.0000
3843;2023-01-19 13:01:51.593000;3;201221;1;1;6800.0000;1;12241.0000;None;132200.0000
3869;2023-01-19 14:24:18.910000;3;201304;1;1;6800.0000;1;13167.0000;None;142200.0000
3873;2023-01-19 14:30:17.227000;3;201304;1;1;6800.0000;1;None;None;63600.0000
3874;2023-01-19 14:38:18.550000;3;201304;1;1;6800.0000;1;6130.0000;None;66200.0000
3877;2023-01-19 14:47:57.860000;3;201304;1;1;6800.0000;1;15556.0000;None;168000.0000
3877;2023-01-19 14:47:57.860000;3;201304;1;1;6800.0000;1;15556.0000;None;168000.0000
3848;2023-01-19 13:24:37.607000;3;201304;1;1;6800.0000;1;14056.0000;None;151800.0000
3836;2023-01-19 12:35:10.923000;3;201304;1;1;6800.0000;1;11204.0000;None;121000.0000
3831;2023-01-19 12:08:31.047000;2;201615;1;1;14800.0000;1;None;None;14800.0000
3836;2023-01-19 12:35:10.923000;2;201615;1;1;14800.0000;1;11204.0000;None;121000.0000
3858;2023-01-19 13:53:05.820000;2;201615;1;1;14800.0000;1;15741.0000;None;170000.0000
3858;2023-01-19 13:53:05.820000;2;201615;1;1;14800.0000;1;15741.0000;None;170000.0000
3853;2023-01-19 13:38:09.290000;2;201615;1;1;14800.0000;1;12056.0000;None;130200.0000
3853;2023-01-19 13:38:09.290000;2;201615;1;1;14800.0000;1;12056.0000;None;130200.0000
3849;2023-01-19 13:28:56.690000;2;201615;1;1;14800.0000;1;25778.0000;None;278400.0000
3910;2023-01-19 20:38:40.723000;2;201615;1;1;14800.0000;1;8982.0000;None;97000.0000
3909;2023-01-19 20:21:19.730000;2;201615;1;1;14800.0000;1;16796.0000;None;181400.0000
3908;2023-01-19 20:08:33.350000;2;201615;1;1;14800.0000;1;None;None;123200.0000
3908;2023-01-19 20:08:33.350000;2;201615;1;1;14800.0000;1;None;None;123200.0000
3838;2023-01-19 12:46:34.543000;2;201959;1;1;13800.0000;1;8185.0000;None;88400.0000
3845;2023-01-19 13:08:27.577000;2;201959;1;1;13800.0000;1;None;None;13800.0000
3871;2023-01-19 14:26:53.743000;2;201960;1;1;13800.0000;1;8630.0000;None;93200.0000
3883;2023-01-19 15:43:43.750000;1;202274;1;21;40824.0000;1;None;None;40824.0000
