3979;2023-01-20 20:37:49.213000;7;1135;1;1;0.0000;1;8630.0000;None;93200.0000
3970;2023-01-20 20:10:36.650000;7;1135;1;1;0.0000;1;None;None;116200.0000
3957;2023-01-20 18:39:09.027000;7;1135;1;1;0.0000;1;None;None;46800.0000
3949;2023-01-20 16:16:59.600000;7;1135;1;1;0.0000;1;7907.0000;None;85400.0000
3942;2023-01-20 14:33:57.627000;7;1135;1;1;0.0000;1;6593.0000;None;71200.0000
3935;2023-01-20 13:39:13.057000;7;1135;1;1;0.0000;1;22370.0000;None;241600.0000
3927;2023-01-20 13:17:00.253000;7;1135;1;1;0.0000;1;17389.0000;None;187800.0000
3926;2023-01-20 13:13:36.220000;7;1135;1;1;0.0000;1;6537.0000;None;70600.0000
3924;2023-01-20 13:09:17.603000;7;1135;1;1;0.0000;1;11778.0000;None;127200.0000
3922;2023-01-20 13:04:38.333000;7;1135;1;1;0.0000;1;24833.0000;None;268200.0000
3922;2023-01-20 13:04:38.333000;7;1135;1;1;0.0000;1;24833.0000;None;268200.0000
3922;2023-01-20 13:04:38.333000;7;1135;1;1;0.0000;1;24833.0000;None;268200.0000
3916;2023-01-20 12:29:08.857000;7;1135;1;1;0.0000;1;None;None;65600.0000
3918;2023-01-20 12:56:51.110000;7;1207;1;1;0.0000;1;12426.0000;None;134200.0000
3983;2023-01-20 21:01:06.170000;7;1207;1;1;0.0000;1;13611.0000;None;147000.0000
3970;2023-01-20 20:10:36.650000;3;100596;1;1;5800.0000;1;None;None;116200.0000
3969;2023-01-20 20:07:43.147000;3;100606;1;1;6800.0000;1;9519.0000;None;102800.0000
3956;2023-01-20 18:33:02.270000;3;100607;1;1;6800.0000;1;None;None;60400.0000
3946;2023-01-20 15:27:59.127000;3;100613;1;1;5800.0000;1;None;None;5800.0000
3914;2023-01-20 12:26:00.727000;1;101007;1;1;63800.0000;1;15926.0000;None;172000.0000
3926;2023-01-20 13:13:36.220000;1;101007;1;1;63800.0000;1;6537.0000;None;70600.0000
3949;2023-01-20 16:16:59.600000;1;101007;1;1;63800.0000;1;7907.0000;None;85400.0000
3937;2023-01-20 14:00:40.067000;1;101270;1;1;0.0000;1;None;4778.0000;73200.0000
3915;2023-01-20 12:27:24.153000;1;101270;1;1;0.0000;1;4037.0000;None;43600.0000
3966;2023-01-20 20:00:21.840000;1;101270;1;1;0.0000;1;9926.0000;None;107200.0000
3967;2023-01-20 20:04:41.163000;1;101270;1;1;0.0000;1;9926.0000;None;107200.0000
3967;2023-01-20 20:04:41.163000;1;101270;1;1;0.0000;1;9926.0000;None;107200.0000
3983;2023-01-20 21:01:06.170000;1;101270;1;1;0.0000;1;13611.0000;None;147000.0000
3962;2023-01-20 19:41:27.780000;2;101327;1;1;29800.0000;1;12333.0000;None;133200.0000
3970;2023-01-20 20:10:36.650000;1;102172;1;1;3800.0000;1;None;None;116200.0000
3940;2023-01-20 14:12:19.317000;1;102172;1;1;3800.0000;1;12778.0000;None;138000.0000
3963;2023-01-20 19:42:17.970000;2;103225;1;1;48800.0000;1;7093.0000;None;76600.0000
3984;2023-01-20 21:30:00.230000;1;103351;1;1;36800.0000;1;None;None;43600.0000
3945;2023-01-20 15:14:42.303000;1;103351;1;1;36800.0000;1;9648.0000;None;104200.0000
3915;2023-01-20 12:27:24.153000;1;103351;1;1;36800.0000;1;4037.0000;None;43600.0000
3924;2023-01-20 13:09:17.603000;1;103351;1;1;36800.0000;1;11778.0000;None;127200.0000
3948;2023-01-20 16:08:47.290000;1;103993;1;1;16800.0000;1;None;None;16800.0000
3950;2023-01-20 16:24:53.337000;1;103993;1;1;16800.0000;1;None;None;16800.0000
3934;2023-01-20 13:36:40.063000;1;103993;1;1;16800.0000;1;13426.0000;None;145000.0000
3970;2023-01-20 20:10:36.650000;1;103993;1;1;16800.0000;1;None;None;116200.0000
3969;2023-01-20 20:07:43.147000;1;103993;1;1;16800.0000;1;9519.0000;None;102800.0000
3945;2023-01-20 15:14:42.303000;1;104337;1;1;48800.0000;1;9648.0000;None;104200.0000
3943;2023-01-20 14:41:56.423000;1;104341;1;1;39800.0000;1;None;None;48600.0000
3971;2023-01-20 20:12:12.617000;1;104341;1;1;39800.0000;1;10111.0000;None;109200.0000
3971;2023-01-20 20:12:12.617000;1;104341;1;1;39800.0000;1;10111.0000;None;109200.0000
3966;2023-01-20 20:00:21.840000;1;104341;1;1;39800.0000;1;9926.0000;None;107200.0000
3958;2023-01-20 19:12:28.130000;1;104341;1;1;39800.0000;1;None;None;120200.0000
3959;2023-01-20 19:25:25.677000;1;104347;1;1;46800.0000;1;None;None;125200.0000
3961;2023-01-20 19:38:08.893000;1;104347;1;1;46800.0000;1;11500.0000;None;124200.0000
3956;2023-01-20 18:33:02.270000;1;104347;1;1;46800.0000;1;None;None;60400.0000
3958;2023-01-20 19:12:28.130000;1;104347;1;1;46800.0000;1;None;None;120200.0000
3966;2023-01-20 20:00:21.840000;1;104347;1;1;46800.0000;1;9926.0000;None;107200.0000
3967;2023-01-20 20:04:41.163000;1;104347;1;1;46800.0000;1;9926.0000;None;107200.0000
3967;2023-01-20 20:04:41.163000;1;104347;1;1;46800.0000;1;9926.0000;None;107200.0000
3983;2023-01-20 21:01:06.170000;1;104347;1;1;46800.0000;1;13611.0000;None;147000.0000
3981;2023-01-20 20:52:15.737000;1;104347;1;1;46800.0000;1;9204.0000;None;99400.0000
3939;2023-01-20 14:07:55.770000;1;104347;1;1;46800.0000;1;10574.0000;None;114200.0000
3939;2023-01-20 14:07:55.770000;1;104347;1;1;46800.0000;1;10574.0000;None;114200.0000
3959;2023-01-20 19:25:25.677000;1;104348;1;1;59800.0000;1;None;None;125200.0000
3959;2023-01-20 19:25:25.677000;3;104355;1;1;11800.0000;1;None;None;125200.0000
3961;2023-01-20 19:38:08.893000;3;104355;1;1;11800.0000;1;11500.0000;None;124200.0000
3969;2023-01-20 20:07:43.147000;3;104355;1;1;11800.0000;1;9519.0000;None;102800.0000
3969;2023-01-20 20:07:43.147000;3;104355;1;1;11800.0000;1;9519.0000;None;102800.0000
3979;2023-01-20 20:37:49.213000;3;104355;1;1;11800.0000;1;8630.0000;None;93200.0000
3939;2023-01-20 14:07:55.770000;3;104355;1;1;11800.0000;1;10574.0000;None;114200.0000
3945;2023-01-20 15:14:42.303000;3;104355;1;1;11800.0000;1;9648.0000;None;104200.0000
3947;2023-01-20 15:42:56.217000;3;104355;1;1;11800.0000;1;None;None;59600.0000
3953;2023-01-20 17:03:29.473000;3;104355;1;1;11800.0000;1;None;None;68600.0000
3914;2023-01-20 12:26:00.727000;3;104355;1;1;11800.0000;1;15926.0000;None;172000.0000
3913;2023-01-20 12:24:03.973000;3;104355;1;1;11800.0000;1;17296.0000;None;186800.0000
3924;2023-01-20 13:09:17.603000;3;104355;1;1;11800.0000;1;11778.0000;None;127200.0000
3922;2023-01-20 13:04:38.333000;3;104355;1;1;11800.0000;1;24833.0000;None;268200.0000
3923;2023-01-20 13:06:01.267000;3;104355;1;1;11800.0000;1;None;None;11800.0000
3927;2023-01-20 13:17:00.253000;3;104355;1;1;11800.0000;1;17389.0000;None;187800.0000
3929;2023-01-20 13:23:09.327000;3;104355;1;1;11800.0000;1;16926.0000;None;182800.0000
3929;2023-01-20 13:23:09.327000;3;104355;1;1;11800.0000;1;16926.0000;None;182800.0000
3921;2023-01-20 13:02:05.897000;1;104357;1;1;45800.0000;1;10852.0000;None;117200.0000
3919;2023-01-20 12:58:56.167000;1;104357;1;1;45800.0000;1;10685.0000;None;115400.0000
3981;2023-01-20 20:52:15.737000;1;104357;1;1;45800.0000;1;9204.0000;None;99400.0000
3960;2023-01-20 19:32:39.673000;1;104413;1;1;1800.0000;1;None;None;3600.0000
3960;2023-01-20 19:32:39.673000;1;104413;1;1;1800.0000;1;None;None;3600.0000
3982;2023-01-20 20:57:55.350000;1;104447;1;1;56800.0000;1;None;None;131200.0000
3918;2023-01-20 12:56:51.110000;1;104447;1;1;56800.0000;1;12426.0000;None;134200.0000
3922;2023-01-20 13:04:38.333000;1;104447;1;1;56800.0000;1;24833.0000;None;268200.0000
3922;2023-01-20 13:04:38.333000;1;104447;1;1;56800.0000;1;24833.0000;None;268200.0000
3927;2023-01-20 13:17:00.253000;1;104447;1;1;56800.0000;1;17389.0000;None;187800.0000
3953;2023-01-20 17:03:29.473000;1;104447;1;1;56800.0000;1;None;None;68600.0000
3940;2023-01-20 14:12:19.317000;1;104447;1;1;56800.0000;1;12778.0000;None;138000.0000
3933;2023-01-20 13:33:58.047000;1;104447;1;1;56800.0000;1;None;None;134200.0000
3934;2023-01-20 13:36:40.063000;1;104447;1;1;56800.0000;1;13426.0000;None;145000.0000
3931;2023-01-20 13:28:01.183000;1;104447;1;1;56800.0000;1;6444.0000;None;69600.0000
3941;2023-01-20 14:28:48.360000;1;104974;1;1;46800.0000;1;10204.0000;None;110200.0000
3977;2023-01-20 20:24:02.647000;1;106358;1;1;38800.0000;1;9463.0000;None;102200.0000
3972;2023-01-20 20:13:49.197000;1;107823;1;1;24800.0000;1;8074.0000;None;87200.0000
3957;2023-01-20 18:39:09.027000;1;107825;1;1;46800.0000;1;None;None;46800.0000
3962;2023-01-20 19:41:27.780000;1;107825;1;1;46800.0000;1;12333.0000;None;133200.0000
3929;2023-01-20 13:23:09.327000;1;107825;1;1;46800.0000;1;16926.0000;None;182800.0000
3929;2023-01-20 13:23:09.327000;1;107826;1;1;46800.0000;1;16926.0000;None;182800.0000
3972;2023-01-20 20:13:49.197000;1;107829;1;1;38800.0000;1;8074.0000;None;87200.0000
3961;2023-01-20 19:38:08.893000;1;107831;1;1;58800.0000;1;11500.0000;None;124200.0000
3982;2023-01-20 20:57:55.350000;1;107831;1;1;58800.0000;1;None;None;131200.0000
3919;2023-01-20 12:58:56.167000;1;107831;1;1;58800.0000;1;10685.0000;None;115400.0000
3920;2023-01-20 13:00:22.403000;1;107831;1;1;58800.0000;1;6074.0000;None;65600.0000
3929;2023-01-20 13:23:09.327000;1;107831;1;1;58800.0000;1;16926.0000;None;182800.0000
3922;2023-01-20 13:04:38.333000;1;107831;1;1;58800.0000;1;24833.0000;None;268200.0000
3938;2023-01-20 14:04:23.583000;1;107832;1;1;41800.0000;1;10482.0000;None;113200.0000
3938;2023-01-20 14:04:23.583000;1;107839;1;1;41800.0000;1;10482.0000;None;113200.0000
3935;2023-01-20 13:39:13.057000;1;107839;1;1;41800.0000;1;22370.0000;None;241600.0000
3927;2023-01-20 13:17:00.253000;1;107839;1;1;41800.0000;1;17389.0000;None;187800.0000
3914;2023-01-20 12:26:00.727000;1;107839;1;1;41800.0000;1;15926.0000;None;172000.0000
3979;2023-01-20 20:37:49.213000;1;107839;1;1;41800.0000;1;8630.0000;None;93200.0000
3962;2023-01-20 19:41:27.780000;1;107839;1;1;41800.0000;1;12333.0000;None;133200.0000
3965;2023-01-20 19:49:05.490000;1;107839;1;1;41800.0000;1;None;None;127200.0000
3978;2023-01-20 20:26:00.447000;1;107839;1;1;41800.0000;1;None;None;41800.0000
3976;2023-01-20 20:21:03.503000;1;107839;1;1;41800.0000;1;None;None;48600.0000
3968;2023-01-20 20:05:48.117000;1;107839;1;1;41800.0000;1;9000.0000;None;97200.0000
3977;2023-01-20 20:24:02.647000;1;107840;1;1;45800.0000;1;9463.0000;None;102200.0000
3935;2023-01-20 13:39:13.057000;1;107840;1;1;45800.0000;1;22370.0000;None;241600.0000
3936;2023-01-20 13:52:00.580000;1;107871;1;1;14800.0000;1;None;None;14800.0000
3939;2023-01-20 14:07:55.770000;3;107873;1;1;8800.0000;1;10574.0000;None;114200.0000
3943;2023-01-20 14:41:56.423000;3;107873;1;1;8800.0000;1;None;None;48600.0000
3925;2023-01-20 13:11:29.507000;3;107873;1;1;8800.0000;1;7537.0000;None;81400.0000
3925;2023-01-20 13:11:29.507000;3;107873;1;1;8800.0000;1;7537.0000;None;81400.0000
3924;2023-01-20 13:09:17.603000;3;107873;1;1;8800.0000;1;11778.0000;None;127200.0000
3977;2023-01-20 20:24:02.647000;3;107873;1;1;8800.0000;1;9463.0000;None;102200.0000
3977;2023-01-20 20:24:02.647000;3;107873;1;1;8800.0000;1;9463.0000;None;102200.0000
3972;2023-01-20 20:13:49.197000;3;107873;1;1;8800.0000;1;8074.0000;None;87200.0000
3982;2023-01-20 20:57:55.367000;3;107873;1;1;8800.0000;1;None;None;131200.0000
3983;2023-01-20 21:01:06.170000;1;107893;1;1;56800.0000;1;13611.0000;None;147000.0000
3973;2023-01-20 20:14:42.977000;1;107893;1;1;56800.0000;1;6444.0000;None;69600.0000
3922;2023-01-20 13:04:38.333000;1;107893;1;1;56800.0000;1;24833.0000;None;268200.0000
3942;2023-01-20 14:33:57.627000;1;108054;1;1;29800.0000;1;6593.0000;None;71200.0000
3937;2023-01-20 14:00:40.067000;1;108054;1;1;29800.0000;1;None;4778.0000;73200.0000
3937;2023-01-20 14:00:40.067000;1;108054;1;1;29800.0000;1;None;4778.0000;73200.0000
3968;2023-01-20 20:05:48.117000;1;108054;1;1;29800.0000;1;9000.0000;None;97200.0000
3983;2023-01-20 21:01:06.170000;1;108054;1;1;29800.0000;1;13611.0000;None;147000.0000
3941;2023-01-20 14:28:48.360000;1;108314;1;1;39800.0000;1;10204.0000;None;110200.0000
3944;2023-01-20 14:59:35.333000;1;108314;1;1;39800.0000;1;7444.0000;None;80400.0000
3913;2023-01-20 12:24:03.973000;1;108314;1;1;39800.0000;1;17296.0000;None;186800.0000
3964;2023-01-20 19:43:13.247000;1;108319;1;1;85800.0000;1;10130.0000;None;109400.0000
3916;2023-01-20 12:29:08.857000;1;108320;1;1;32800.0000;1;None;None;65600.0000
3916;2023-01-20 12:29:08.857000;1;108320;1;1;32800.0000;1;None;None;65600.0000
3942;2023-01-20 14:33:57.627000;1;108321;1;1;27800.0000;1;6593.0000;None;71200.0000
3963;2023-01-20 19:42:17.970000;1;108321;1;1;27800.0000;1;7093.0000;None;76600.0000
3969;2023-01-20 20:07:43.147000;1;108321;1;1;27800.0000;1;9519.0000;None;102800.0000
3969;2023-01-20 20:07:43.147000;1;108321;1;1;27800.0000;1;9519.0000;None;102800.0000
3975;2023-01-20 20:19:24.647000;1;109155;1;1;63800.0000;1;None;None;141200.0000
3975;2023-01-20 20:19:24.647000;1;109155;1;1;63800.0000;1;None;None;141200.0000
3965;2023-01-20 19:49:05.490000;1;109155;1;1;63800.0000;1;None;None;127200.0000
3980;2023-01-20 20:39:16.717000;1;109155;1;1;63800.0000;1;None;None;63800.0000
3935;2023-01-20 13:39:13.057000;1;109155;1;1;63800.0000;1;22370.0000;None;241600.0000
3940;2023-01-20 14:12:19.317000;1;109155;1;1;63800.0000;1;12778.0000;None;138000.0000
3933;2023-01-20 13:33:58.047000;1;109155;1;1;63800.0000;1;None;None;134200.0000
3932;2023-01-20 13:29:14.207000;1;109155;1;1;63800.0000;1;6537.0000;None;70600.0000
3917;2023-01-20 12:47:07.753000;1;109155;1;1;63800.0000;1;7167.0000;None;77400.0000
3918;2023-01-20 12:56:51.110000;1;109155;1;1;63800.0000;1;12426.0000;None;134200.0000
3913;2023-01-20 12:24:03.973000;1;109155;1;1;63800.0000;1;17296.0000;None;186800.0000
3925;2023-01-20 13:11:29.507000;1;109155;1;1;63800.0000;1;7537.0000;None;81400.0000
3927;2023-01-20 13:17:00.253000;1;109155;1;1;63800.0000;1;17389.0000;None;187800.0000
3951;2023-01-20 16:47:49.197000;1;109156;1;1;32800.0000;1;None;None;66400.0000
3913;2023-01-20 12:24:03.973000;1;109243;1;1;45800.0000;1;17296.0000;None;186800.0000
3914;2023-01-20 12:26:00.727000;1;109245;1;1;47800.0000;1;15926.0000;None;172000.0000
3947;2023-01-20 15:42:56.217000;1;109245;1;1;47800.0000;1;None;None;59600.0000
3944;2023-01-20 14:59:35.333000;1;109450;1;1;33800.0000;1;7444.0000;None;80400.0000
3951;2023-01-20 16:47:49.197000;1;109451;1;1;26800.0000;1;None;None;66400.0000
3979;2023-01-20 20:37:49.213000;1;109451;1;1;26800.0000;1;8630.0000;None;93200.0000
3930;2023-01-20 13:26:14.640000;1;109454;1;1;57800.0000;1;6611.0000;None;71400.0000
3934;2023-01-20 13:36:40.063000;1;109454;1;1;57800.0000;1;13426.0000;None;145000.0000
3921;2023-01-20 13:02:05.897000;1;109454;1;1;57800.0000;1;10852.0000;None;117200.0000
3924;2023-01-20 13:09:17.603000;1;109569;1;1;69800.0000;1;11778.0000;None;127200.0000
3935;2023-01-20 13:39:13.057000;1;109569;1;1;69800.0000;1;22370.0000;None;241600.0000
3970;2023-01-20 20:10:36.650000;1;109571;1;1;89800.0000;1;None;None;116200.0000
3964;2023-01-20 19:43:13.247000;None;109591;None;1;16800.0000;1;10130.0000;None;109400.0000
3958;2023-01-20 19:12:28.130000;None;109591;None;1;16800.0000;1;None;None;120200.0000
3958;2023-01-20 19:12:28.130000;None;109591;None;1;16800.0000;1;None;None;120200.0000
3955;2023-01-20 18:03:37.050000;None;109591;None;1;16800.0000;1;None;None;33600.0000
3955;2023-01-20 18:03:37.050000;None;109591;None;1;16800.0000;1;None;None;33600.0000
3941;2023-01-20 14:28:48.360000;None;109591;None;1;16800.0000;1;10204.0000;None;110200.0000
3931;2023-01-20 13:28:01.183000;2;200480;1;1;12800.0000;1;6444.0000;None;69600.0000
3973;2023-01-20 20:14:42.977000;2;200480;1;1;12800.0000;1;6444.0000;None;69600.0000
3979;2023-01-20 20:37:49.213000;2;200480;1;1;12800.0000;1;8630.0000;None;93200.0000
3983;2023-01-20 21:01:06.170000;3;200644;1;1;6800.0000;1;13611.0000;None;147000.0000
3967;2023-01-20 20:04:41.163000;3;200644;1;1;6800.0000;1;9926.0000;None;107200.0000
3967;2023-01-20 20:04:41.163000;3;200644;1;1;6800.0000;1;9926.0000;None;107200.0000
3959;2023-01-20 19:25:25.677000;3;200644;1;1;6800.0000;1;None;None;125200.0000
3956;2023-01-20 18:33:02.270000;3;200644;1;1;6800.0000;1;None;None;60400.0000
3966;2023-01-20 20:00:21.840000;3;200644;1;1;6800.0000;1;9926.0000;None;107200.0000
3930;2023-01-20 13:26:14.640000;3;200644;1;1;6800.0000;1;6611.0000;None;71400.0000
3935;2023-01-20 13:39:13.057000;3;200644;1;3;20400.0000;1;22370.0000;None;241600.0000
3934;2023-01-20 13:36:40.063000;3;200644;1;1;6800.0000;1;13426.0000;None;145000.0000
3945;2023-01-20 15:14:42.303000;3;200644;1;1;6800.0000;1;9648.0000;None;104200.0000
3952;2023-01-20 16:55:00.433000;3;200644;1;1;6800.0000;1;None;None;6800.0000
3927;2023-01-20 13:17:00.253000;3;200644;1;1;6800.0000;1;17389.0000;None;187800.0000
3929;2023-01-20 13:23:09.327000;3;200644;1;1;6800.0000;1;16926.0000;None;182800.0000
3914;2023-01-20 12:26:00.727000;3;200644;1;1;6800.0000;1;15926.0000;None;172000.0000
3915;2023-01-20 12:27:24.153000;3;200644;1;1;6800.0000;1;4037.0000;None;43600.0000
3917;2023-01-20 12:47:07.753000;3;201146;1;1;6800.0000;1;7167.0000;None;77400.0000
3918;2023-01-20 12:56:51.110000;3;201146;1;1;6800.0000;1;12426.0000;None;134200.0000
3927;2023-01-20 13:17:00.253000;3;201146;1;1;6800.0000;1;17389.0000;None;187800.0000
3926;2023-01-20 13:13:36.220000;3;201146;1;1;6800.0000;1;6537.0000;None;70600.0000
3922;2023-01-20 13:04:38.333000;3;201146;1;3;20400.0000;1;24833.0000;None;268200.0000
3921;2023-01-20 13:02:05.897000;3;201146;1;1;6800.0000;1;10852.0000;None;117200.0000
3921;2023-01-20 13:02:05.897000;3;201146;1;1;6800.0000;1;10852.0000;None;117200.0000
3951;2023-01-20 16:47:49.197000;3;201146;1;1;6800.0000;1;None;None;66400.0000
3933;2023-01-20 13:33:58.047000;3;201146;1;1;6800.0000;1;None;None;134200.0000
3933;2023-01-20 13:33:58.047000;3;201146;1;1;6800.0000;1;None;None;134200.0000
3930;2023-01-20 13:26:14.640000;3;201146;1;1;6800.0000;1;6611.0000;None;71400.0000
3932;2023-01-20 13:29:14.207000;3;201146;1;1;6800.0000;1;6537.0000;None;70600.0000
3965;2023-01-20 19:49:05.490000;3;201146;1;1;6800.0000;1;None;None;127200.0000
3983;2023-01-20 21:01:06.170000;3;201146;1;1;6800.0000;1;13611.0000;None;147000.0000
3984;2023-01-20 21:30:00.230000;3;201146;1;1;6800.0000;1;None;None;43600.0000
3968;2023-01-20 20:05:48.117000;2;201184;1;1;10800.0000;1;9000.0000;None;97200.0000
3974;2023-01-20 20:15:53.333000;2;201184;1;1;10800.0000;1;None;None;21600.0000
3974;2023-01-20 20:15:53.333000;2;201184;1;1;10800.0000;1;None;None;21600.0000
3949;2023-01-20 16:16:59.600000;2;201184;1;1;10800.0000;1;7907.0000;None;85400.0000
3949;2023-01-20 16:16:59.600000;2;201184;1;1;10800.0000;1;7907.0000;None;85400.0000
3913;2023-01-20 12:24:03.973000;2;201184;1;1;10800.0000;1;17296.0000;None;186800.0000
3919;2023-01-20 12:58:56.167000;2;201184;1;1;10800.0000;1;10685.0000;None;115400.0000
3942;2023-01-20 14:33:57.627000;3;201221;1;1;6800.0000;1;6593.0000;None;71200.0000
3940;2023-01-20 14:12:19.317000;3;201221;1;1;6800.0000;1;12778.0000;None;138000.0000
3975;2023-01-20 20:19:24.647000;3;201221;1;1;6800.0000;1;None;None;141200.0000
3982;2023-01-20 20:57:55.350000;3;201221;1;1;6800.0000;1;None;None;131200.0000
3942;2023-01-20 14:33:57.627000;3;201237;1;1;6800.0000;1;6593.0000;None;71200.0000
3920;2023-01-20 13:00:22.403000;3;201237;1;1;6800.0000;1;6074.0000;None;65600.0000
3922;2023-01-20 13:04:38.333000;3;201237;1;1;6800.0000;1;24833.0000;None;268200.0000
3941;2023-01-20 14:28:48.360000;3;201269;1;1;6800.0000;1;10204.0000;None;110200.0000
3937;2023-01-20 14:00:40.067000;3;201269;1;1;6800.0000;1;None;4778.0000;73200.0000
3940;2023-01-20 14:12:19.317000;3;201277;1;1;6800.0000;1;12778.0000;None;138000.0000
3937;2023-01-20 14:00:40.067000;3;201304;1;1;6800.0000;1;None;4778.0000;73200.0000
3934;2023-01-20 13:36:40.063000;3;201304;1;1;6800.0000;1;13426.0000;None;145000.0000
3944;2023-01-20 14:59:35.333000;3;201304;1;1;6800.0000;1;7444.0000;None;80400.0000
3928;2023-01-20 13:18:05.187000;3;201304;1;1;6800.0000;1;None;None;6800.0000
3918;2023-01-20 12:56:51.110000;3;201304;1;1;6800.0000;1;12426.0000;None;134200.0000
3917;2023-01-20 12:47:07.753000;3;201304;1;1;6800.0000;1;7167.0000;None;77400.0000
3981;2023-01-20 20:52:15.737000;3;201304;1;1;6800.0000;1;9204.0000;None;99400.0000
3976;2023-01-20 20:21:03.503000;3;201304;1;1;6800.0000;1;None;None;48600.0000
3975;2023-01-20 20:19:24.647000;3;201304;1;1;6800.0000;1;None;None;141200.0000
3964;2023-01-20 19:43:13.247000;3;201304;1;1;6800.0000;1;10130.0000;None;109400.0000
3961;2023-01-20 19:38:08.893000;3;201304;1;1;6800.0000;1;11500.0000;None;124200.0000
3962;2023-01-20 19:41:27.780000;2;201615;1;1;14800.0000;1;12333.0000;None;133200.0000
3965;2023-01-20 19:49:05.490000;2;201615;1;1;14800.0000;1;None;None;127200.0000
3972;2023-01-20 20:13:49.197000;2;201615;1;1;14800.0000;1;8074.0000;None;87200.0000
3968;2023-01-20 20:05:48.117000;2;201615;1;1;14800.0000;1;9000.0000;None;97200.0000
3971;2023-01-20 20:12:12.617000;2;201615;1;1;14800.0000;1;10111.0000;None;109200.0000
3971;2023-01-20 20:12:12.617000;2;201615;1;1;14800.0000;1;10111.0000;None;109200.0000
3913;2023-01-20 12:24:03.973000;2;201615;1;1;14800.0000;1;17296.0000;None;186800.0000
3938;2023-01-20 14:04:23.583000;2;201615;1;1;14800.0000;1;10482.0000;None;113200.0000
3938;2023-01-20 14:04:23.583000;2;201615;1;1;14800.0000;1;10482.0000;None;113200.0000
3966;2023-01-20 20:00:21.840000;2;201959;1;1;13800.0000;1;9926.0000;None;107200.0000
