4137;2023-01-21 20:46:49.017000;7;1135;1;1;0.0000;1;None;None;219800.0000
4121;2023-01-21 18:40:09.003000;7;1135;1;1;0.0000;1;None;None;71400.0000
4090;2023-01-21 15:55:32.123000;7;1135;1;1;0.0000;1;10296.0000;None;111200.0000
4095;2023-01-21 16:06:25.227000;7;1135;1;1;0.0000;1;None;None;93600.0000
4088;2023-01-21 15:48:38.143000;7;1135;1;1;0.0000;1;11500.0000;None;124200.0000
4074;2023-01-21 15:22:19.447000;7;1135;1;1;0.0000;1;10759.0000;None;116200.0000
4070;2023-01-21 15:14:43.437000;7;1135;1;1;0.0000;1;None;None;277800.0000
4069;2023-01-21 15:11:28.390000;7;1135;1;1;0.0000;1;11370.0000;None;122800.0000
4067;2023-01-21 15:08:36.553000;7;1135;1;1;0.0000;1;22352.0000;None;241400.0000
4068;2023-01-21 15:10:04.263000;7;1135;1;1;0.0000;1;None;None;96200.0000
4066;2023-01-21 15:06:22.103000;7;1135;1;1;0.0000;1;None;None;33600.0000
4056;2023-01-21 14:51:38.970000;7;1135;1;1;0.0000;1;15167.0000;None;163800.0000
4057;2023-01-21 14:53:37.930000;7;1135;1;1;0.0000;1;11315.0000;None;122200.0000
4050;2023-01-21 14:38:46.507000;7;1135;1;1;0.0000;1;9278.0000;None;100200.0000
4046;2023-01-21 14:27:51.390000;7;1135;1;1;0.0000;1;None;None;99400.0000
4038;2023-01-21 14:11:25.137000;7;1135;1;1;0.0000;1;10963.0000;None;118400.0000
4040;2023-01-21 14:16:18.340000;7;1135;1;1;0.0000;1;23630.0000;None;255200.0000
4045;2023-01-21 14:26:30.090000;7;1135;1;1;0.0000;1;17000.0000;None;183600.0000
4037;2023-01-21 14:09:05.230000;7;1135;1;1;0.0000;1;13056.0000;None;141000.0000
4034;2023-01-21 13:58:04.787000;7;1135;1;1;0.0000;1;None;None;23800.0000
4033;2023-01-21 13:57:24.210000;7;1135;1;1;0.0000;1;18778.0000;None;202800.0000
4018;2023-01-21 13:28:49.167000;7;1135;1;1;0.0000;1;10074.0000;None;108800.0000
4021;2023-01-21 13:35:11.820000;7;1135;1;1;0.0000;1;12870.0000;None;139000.0000
4016;2023-01-21 13:25:46.790000;7;1135;1;1;0.0000;1;None;None;74200.0000
4010;2023-01-21 13:13:36.877000;7;1135;1;1;0.0000;1;None;None;218000.0000
4004;2023-01-21 12:57:06.567000;7;1135;1;1;0.0000;1;None;None;66600.0000
4002;2023-01-21 12:52:26.370000;7;1135;1;1;0.0000;1;11037.0000;None;119200.0000
3995;2023-01-21 12:34:06.213000;7;1135;1;1;0.0000;1;14130.0000;None;152600.0000
3997;2023-01-21 12:39:52.503000;7;1135;1;1;0.0000;1;None;None;124000.0000
3990;2023-01-21 12:18:30.103000;7;1135;1;1;0.0000;1;None;None;27800.0000
3987;2023-01-21 12:07:34.663000;7;1135;1;1;0.0000;1;9463.0000;None;102200.0000
3988;2023-01-21 12:09:34.737000;7;1135;1;1;0.0000;1;7630.0000;None;82400.0000
3985;2023-01-21 12:04:14.933000;7;1135;1;1;0.0000;1;21074.0000;None;227600.0000
3985;2023-01-21 12:04:14.933000;7;1135;1;1;0.0000;1;21074.0000;None;227600.0000
4017;2023-01-21 13:27:20.780000;7;1207;1;1;0.0000;1;11222.0000;None;121200.0000
4106;2023-01-21 16:48:39.617000;3;100596;1;1;5800.0000;1;None;None;11600.0000
4129;2023-01-21 19:43:26.250000;3;100607;1;1;6800.0000;1;None;None;6800.0000
4106;2023-01-21 16:48:39.617000;3;100613;1;1;5800.0000;1;None;None;11600.0000
4114;2023-01-21 17:42:38.387000;3;100614;1;1;5800.0000;1;None;None;18600.0000
4102;2023-01-21 16:37:25.677000;3;100614;1;1;5800.0000;1;None;None;11600.0000
4102;2023-01-21 16:37:25.677000;3;100614;1;1;5800.0000;1;None;None;11600.0000
4097;2023-01-21 16:12:26.757000;3;100614;1;1;5800.0000;1;None;None;43200.0000
4097;2023-01-21 16:12:26.770000;3;100614;1;1;5800.0000;1;None;None;43200.0000
4025;2023-01-21 13:42:09.793000;3;100614;1;1;5800.0000;1;9148.0000;None;98800.0000
4025;2023-01-21 13:42:09.793000;3;100614;1;1;5800.0000;1;9148.0000;None;98800.0000
4042;2023-01-21 14:18:57.750000;3;100614;1;1;5800.0000;1;None;None;5800.0000
4076;2023-01-21 15:24:58.103000;3;100614;1;1;5800.0000;1;None;None;17400.0000
4076;2023-01-21 15:24:58.103000;3;100614;1;1;5800.0000;1;None;None;17400.0000
4076;2023-01-21 15:24:58.103000;3;100614;1;1;5800.0000;1;None;None;17400.0000
4067;2023-01-21 15:08:36.553000;1;101007;1;1;63800.0000;1;22352.0000;None;241400.0000
4046;2023-01-21 14:27:51.390000;1;101007;1;1;63800.0000;1;None;None;99400.0000
4047;2023-01-21 14:33:10.357000;1;101007;1;1;63800.0000;1;15111.0000;None;163200.0000
4052;2023-01-21 14:41:48.580000;1;101007;1;1;63800.0000;1;16870.0000;None;182200.0000
4059;2023-01-21 14:56:16.270000;1;101007;1;1;63800.0000;1;11222.0000;None;121200.0000
4044;2023-01-21 14:23:18.677000;1;101007;1;1;63800.0000;1;25037.0000;None;270400.0000
4038;2023-01-21 14:11:25.137000;1;101007;1;1;63800.0000;1;10963.0000;None;118400.0000
4033;2023-01-21 13:57:24.210000;1;101007;1;1;63800.0000;1;18778.0000;None;202800.0000
4037;2023-01-21 14:09:05.230000;1;101007;1;1;63800.0000;1;13056.0000;None;141000.0000
4022;2023-01-21 13:36:13.127000;1;101007;1;1;63800.0000;1;None;None;142200.0000
4013;2023-01-21 13:20:42.600000;1;101007;1;1;63800.0000;1;20333.0000;None;219600.0000
4014;2023-01-21 13:23:07.907000;1;101007;1;1;63800.0000;1;10019.0000;None;108200.0000
4010;2023-01-21 13:13:36.877000;1;101007;1;1;63800.0000;1;None;None;218000.0000
4012;2023-01-21 13:19:23.983000;1;101007;1;1;63800.0000;1;13778.0000;None;148800.0000
4133;2023-01-21 20:14:15.730000;1;101007;1;1;63800.0000;1;11407.0000;None;123200.0000
4090;2023-01-21 15:55:32.123000;1;101007;1;1;63800.0000;1;10296.0000;None;111200.0000
4084;2023-01-21 15:42:39.437000;1;101007;1;1;63800.0000;1;15815.0000;None;170800.0000
4116;2023-01-21 17:49:59.767000;1;101007;1;1;63800.0000;1;13722.0000;None;148200.0000
4120;2023-01-21 18:31:27.047000;1;101007;1;1;63800.0000;1;None;None;76400.0000
3986;2023-01-21 12:05:44.617000;1;101007;1;1;63800.0000;1;13056.0000;None;141000.0000
3987;2023-01-21 12:07:34.663000;1;101007;1;1;63800.0000;1;9463.0000;None;102200.0000
3996;2023-01-21 12:36:14.130000;1;101270;1;1;0.0000;1;21982.0000;None;237400.0000
4123;2023-01-21 18:58:55.367000;1;101270;1;1;0.0000;1;10944.0000;None;118200.0000
4130;2023-01-21 19:46:10.740000;1;101270;1;1;0.0000;1;None;None;53600.0000
4101;2023-01-21 16:35:36.387000;1;101270;1;1;0.0000;1;None;None;105000.0000
4031;2023-01-21 13:52:22.213000;1;101270;1;1;0.0000;1;7333.0000;None;79200.0000
4028;2023-01-21 13:46:46.180000;1;101270;1;1;0.0000;1;10315.0000;None;111400.0000
4068;2023-01-21 15:10:04.263000;1;101270;1;1;0.0000;1;None;None;96200.0000
4068;2023-01-21 15:10:04.263000;1;101270;1;1;0.0000;1;None;None;96200.0000
4080;2023-01-21 15:32:08.707000;1;101270;1;1;0.0000;1;None;None;77400.0000
3999;2023-01-21 12:47:52.750000;2;101327;1;1;29800.0000;1;7815.0000;None;84400.0000
4120;2023-01-21 18:31:27.047000;1;102170;1;1;3800.0000;1;None;None;76400.0000
4067;2023-01-21 15:08:36.553000;1;103351;1;1;36800.0000;1;22352.0000;None;241400.0000
4131;2023-01-21 19:51:59.843000;1;103856;1;1;34800.0000;1;None;None;34800.0000
3985;2023-01-21 12:04:14.933000;1;103856;1;1;34800.0000;1;21074.0000;None;227600.0000
3987;2023-01-21 12:07:34.663000;1;103993;1;1;16800.0000;1;9463.0000;None;102200.0000
4128;2023-01-21 19:41:30.543000;1;103993;1;1;16800.0000;1;None;None;16800.0000
4124;2023-01-21 19:16:42.640000;1;103993;1;1;16800.0000;1;None;None;23600.0000
4119;2023-01-21 18:24:49.010000;1;103993;1;1;16800.0000;1;None;None;16800.0000
4118;2023-01-21 18:18:49.720000;1;103993;1;1;16800.0000;1;None;None;16800.0000
4109;2023-01-21 17:10:10.643000;1;103993;1;1;16800.0000;1;None;None;70200.0000
4097;2023-01-21 16:12:26.757000;1;103993;1;1;16800.0000;1;None;None;43200.0000
4091;2023-01-21 15:55:53.250000;1;103993;1;1;16800.0000;1;None;None;33600.0000
4091;2023-01-21 15:55:53.250000;1;103993;1;1;16800.0000;1;None;None;33600.0000
4041;2023-01-21 14:18:10.263000;1;103993;1;1;16800.0000;1;10722.0000;None;115800.0000
4012;2023-01-21 13:19:23.983000;1;103993;1;1;16800.0000;1;13778.0000;None;148800.0000
4011;2023-01-21 13:15:27.630000;1;103993;1;1;16800.0000;1;None;None;201400.0000
4017;2023-01-21 13:27:20.780000;1;104337;1;1;48800.0000;1;11222.0000;None;121200.0000
4005;2023-01-21 12:58:25.283000;1;104337;1;1;48800.0000;1;12889.0000;None;139200.0000
4005;2023-01-21 12:58:25.283000;1;104341;1;1;39800.0000;1;12889.0000;None;139200.0000
3997;2023-01-21 12:39:52.503000;1;104341;1;1;39800.0000;1;None;None;124000.0000
4037;2023-01-21 14:09:05.230000;1;104341;1;1;39800.0000;1;13056.0000;None;141000.0000
4077;2023-01-21 15:27:41.080000;1;104341;1;1;39800.0000;1;None;None;85400.0000
4062;2023-01-21 15:01:59.397000;1;104341;1;1;39800.0000;1;None;None;39800.0000
4049;2023-01-21 14:36:13.870000;1;104341;1;1;39800.0000;1;10389.0000;None;112200.0000
4098;2023-01-21 16:16:30.217000;1;104341;1;1;39800.0000;1;14556.0000;None;157200.0000
4109;2023-01-21 17:10:10.643000;1;104341;1;1;39800.0000;1;None;None;70200.0000
4126;2023-01-21 19:36:41.850000;1;104341;1;1;39800.0000;1;9463.0000;None;102200.0000
4132;2023-01-21 19:59:48.270000;1;104347;1;1;46800.0000;1;10482.0000;None;113200.0000
4127;2023-01-21 19:38:53.423000;1;104347;1;1;46800.0000;1;None;None;119200.0000
4126;2023-01-21 19:36:41.850000;1;104347;1;1;46800.0000;1;9463.0000;None;102200.0000
4130;2023-01-21 19:46:10.740000;1;104347;1;1;46800.0000;1;None;None;53600.0000
4105;2023-01-21 16:42:50.917000;1;104347;1;1;46800.0000;1;14500.0000;None;156600.0000
4101;2023-01-21 16:35:36.387000;1;104347;1;1;46800.0000;1;None;None;105000.0000
4095;2023-01-21 16:06:25.227000;1;104347;1;1;46800.0000;1;None;None;93600.0000
4095;2023-01-21 16:06:25.227000;1;104347;1;1;46800.0000;1;None;None;93600.0000
4085;2023-01-21 15:43:22.577000;1;104347;1;1;46800.0000;1;None;None;103200.0000
4054;2023-01-21 14:47:40.287000;1;104347;1;1;46800.0000;1;19056.0000;None;205800.0000
4057;2023-01-21 14:53:37.930000;1;104347;1;1;46800.0000;1;11315.0000;None;122200.0000
4058;2023-01-21 14:54:50.940000;1;104347;1;1;46800.0000;1;15278.0000;None;165000.0000
4070;2023-01-21 15:14:43.437000;1;104347;1;1;46800.0000;1;None;None;277800.0000
4071;2023-01-21 15:15:42.353000;1;104347;1;1;46800.0000;1;11241.0000;None;121400.0000
4044;2023-01-21 14:23:18.677000;1;104347;1;1;46800.0000;1;25037.0000;None;270400.0000
4011;2023-01-21 13:15:27.630000;1;104347;1;1;46800.0000;1;None;None;201400.0000
4021;2023-01-21 13:35:11.820000;1;104347;1;1;46800.0000;1;12870.0000;None;139000.0000
3991;2023-01-21 12:25:01.097000;1;104347;1;1;46800.0000;1;None;None;110600.0000
4004;2023-01-21 12:57:06.567000;1;104347;1;1;46800.0000;1;None;None;66600.0000
4006;2023-01-21 12:59:29.693000;1;104347;1;1;46800.0000;1;8667.0000;None;93600.0000
4006;2023-01-21 12:59:29.693000;1;104347;1;1;46800.0000;1;8667.0000;None;93600.0000
3998;2023-01-21 12:45:45.243000;1;104347;1;1;46800.0000;1;4963.0000;None;53600.0000
4081;2023-01-21 15:35:24.457000;1;104348;1;1;59800.0000;1;None;None;228200.0000
4078;2023-01-21 15:29:19.967000;3;104355;1;1;11800.0000;1;None;None;48000.0000
4075;2023-01-21 15:23:44.347000;3;104355;1;4;47200.0000;1;24463.0000;None;264200.0000
4072;2023-01-21 15:18:20.057000;3;104355;1;1;11800.0000;1;21445.0000;None;231600.0000
4072;2023-01-21 15:18:20.057000;3;104355;1;1;11800.0000;1;21445.0000;None;231600.0000
4074;2023-01-21 15:22:19.447000;3;104355;1;1;11800.0000;1;10759.0000;None;116200.0000
4074;2023-01-21 15:22:19.447000;3;104355;1;1;11800.0000;1;10759.0000;None;116200.0000
4071;2023-01-21 15:15:42.353000;3;104355;1;1;11800.0000;1;11241.0000;None;121400.0000
4057;2023-01-21 14:53:37.930000;3;104355;1;1;11800.0000;1;11315.0000;None;122200.0000
4056;2023-01-21 14:51:38.970000;3;104355;1;1;11800.0000;1;15167.0000;None;163800.0000
4064;2023-01-21 15:04:21.423000;3;104355;1;1;11800.0000;1;4778.0000;None;51600.0000
4060;2023-01-21 14:58:54.593000;3;104355;1;1;11800.0000;1;15000.0000;None;162000.0000
4060;2023-01-21 14:58:54.593000;3;104355;1;1;11800.0000;1;15000.0000;None;162000.0000
4054;2023-01-21 14:47:40.287000;3;104355;1;1;11800.0000;1;19056.0000;None;205800.0000
4018;2023-01-21 13:28:49.167000;3;104355;1;1;11800.0000;1;10074.0000;None;108800.0000
4015;2023-01-21 13:23:57.263000;3;104355;1;1;11800.0000;1;None;None;57600.0000
4016;2023-01-21 13:25:46.790000;3;104355;1;1;11800.0000;1;None;None;74200.0000
4044;2023-01-21 14:23:18.677000;3;104355;1;1;11800.0000;1;25037.0000;None;270400.0000
4044;2023-01-21 14:23:18.677000;3;104355;1;1;11800.0000;1;25037.0000;None;270400.0000
4044;2023-01-21 14:23:18.677000;3;104355;1;1;11800.0000;1;25037.0000;None;270400.0000
4045;2023-01-21 14:26:30.090000;3;104355;1;1;11800.0000;1;17000.0000;None;183600.0000
4045;2023-01-21 14:26:30.090000;3;104355;1;1;11800.0000;1;17000.0000;None;183600.0000
4045;2023-01-21 14:26:30.090000;3;104355;1;1;11800.0000;1;17000.0000;None;183600.0000
4041;2023-01-21 14:18:10.263000;3;104355;1;1;11800.0000;1;10722.0000;None;115800.0000
4036;2023-01-21 14:06:57.720000;3;104355;1;1;11800.0000;1;None;None;205800.0000
4035;2023-01-21 14:00:32.123000;3;104355;1;1;11800.0000;1;7630.0000;None;82400.0000
4035;2023-01-21 14:00:32.123000;3;104355;1;1;11800.0000;1;7630.0000;None;82400.0000
4085;2023-01-21 15:43:22.577000;3;104355;1;1;11800.0000;1;None;None;103200.0000
4085;2023-01-21 15:43:22.577000;3;104355;1;1;11800.0000;1;None;None;103200.0000
4083;2023-01-21 15:38:43.397000;3;104355;1;1;11800.0000;1;27519.0000;None;297200.0000
4089;2023-01-21 15:50:42.293000;3;104355;1;1;11800.0000;1;22426.0000;None;242200.0000
4089;2023-01-21 15:50:42.293000;3;104355;1;1;11800.0000;1;22426.0000;None;242200.0000
4088;2023-01-21 15:48:38.143000;3;104355;1;1;11800.0000;1;11500.0000;None;124200.0000
4000;2023-01-21 12:49:31.780000;3;104355;1;1;11800.0000;1;5778.0000;None;62400.0000
4005;2023-01-21 12:58:25.283000;3;104355;1;1;11800.0000;1;12889.0000;None;139200.0000
3988;2023-01-21 12:09:34.737000;3;104355;1;1;11800.0000;1;7630.0000;None;82400.0000
3997;2023-01-21 12:39:52.503000;3;104355;1;1;11800.0000;1;None;None;124000.0000
3995;2023-01-21 12:34:06.213000;3;104355;1;1;11800.0000;1;14130.0000;None;152600.0000
3995;2023-01-21 12:34:06.213000;3;104355;1;1;11800.0000;1;14130.0000;None;152600.0000
4133;2023-01-21 20:14:15.730000;1;104357;1;1;45800.0000;1;11407.0000;None;123200.0000
4105;2023-01-21 16:42:50.917000;1;104357;1;1;45800.0000;1;14500.0000;None;156600.0000
4039;2023-01-21 14:13:11.620000;1;104357;1;1;45800.0000;1;None;None;179000.0000
4013;2023-01-21 13:20:42.600000;1;104357;1;1;45800.0000;1;20333.0000;None;219600.0000
4011;2023-01-21 13:15:27.630000;1;104357;1;1;45800.0000;1;None;None;201400.0000
4052;2023-01-21 14:41:48.580000;1;104357;1;1;45800.0000;1;16870.0000;None;182200.0000
4060;2023-01-21 14:58:54.593000;1;104357;1;1;45800.0000;1;15000.0000;None;162000.0000
4070;2023-01-21 15:14:43.437000;1;104358;1;1;23800.0000;1;None;None;277800.0000
4069;2023-01-21 15:11:28.390000;1;104358;1;1;23800.0000;1;11370.0000;None;122800.0000
4137;2023-01-21 20:46:49.017000;1;104358;1;1;23800.0000;1;None;None;219800.0000
3995;2023-01-21 12:34:06.213000;1;104358;1;1;23800.0000;1;14130.0000;None;152600.0000
4087;2023-01-21 15:45:36.980000;1;104413;1;1;1800.0000;1;None;None;195200.0000
4087;2023-01-21 15:45:36.980000;1;104413;1;1;1800.0000;1;None;None;195200.0000
4061;2023-01-21 15:00:59.777000;1;104413;1;1;1800.0000;1;30259.0000;None;326800.0000
4061;2023-01-21 15:00:59.777000;1;104447;1;4;227200.0000;1;30259.0000;None;326800.0000
4063;2023-01-21 15:03:17.140000;1;104447;1;1;56800.0000;1;10482.0000;None;113200.0000
4056;2023-01-21 14:51:38.970000;1;104447;1;1;56800.0000;1;15167.0000;None;163800.0000
4058;2023-01-21 14:54:50.940000;1;104447;1;1;56800.0000;1;15278.0000;None;165000.0000
4053;2023-01-21 14:43:42.587000;1;104447;1;1;56800.0000;1;11130.0000;None;120200.0000
4049;2023-01-21 14:36:13.870000;1;104447;1;1;56800.0000;1;10389.0000;None;112200.0000
4047;2023-01-21 14:33:10.357000;1;104447;1;1;56800.0000;1;15111.0000;None;163200.0000
4070;2023-01-21 15:14:43.437000;1;104447;1;1;56800.0000;1;None;None;277800.0000
4070;2023-01-21 15:14:43.437000;1;104447;1;1;56800.0000;1;None;None;277800.0000
4072;2023-01-21 15:18:20.057000;1;104447;1;1;56800.0000;1;21445.0000;None;231600.0000
4072;2023-01-21 15:18:20.057000;1;104447;1;1;56800.0000;1;21445.0000;None;231600.0000
4067;2023-01-21 15:08:36.553000;1;104447;1;1;56800.0000;1;22352.0000;None;241400.0000
4067;2023-01-21 15:08:36.553000;1;104447;1;1;56800.0000;1;22352.0000;None;241400.0000
4075;2023-01-21 15:23:44.347000;1;104447;1;1;56800.0000;1;24463.0000;None;264200.0000
4081;2023-01-21 15:35:24.457000;1;104447;1;1;56800.0000;1;None;None;228200.0000
4023;2023-01-21 13:38:00.527000;1;104447;1;1;56800.0000;1;5889.0000;None;63600.0000
4024;2023-01-21 13:40:14.913000;1;104447;1;1;56800.0000;1;None;None;120400.0000
4024;2023-01-21 13:40:14.913000;1;104447;1;1;56800.0000;1;None;None;120400.0000
4039;2023-01-21 14:13:11.620000;1;104447;1;1;56800.0000;1;None;None;179000.0000
4040;2023-01-21 14:16:18.340000;1;104447;1;1;56800.0000;1;23630.0000;None;255200.0000
4040;2023-01-21 14:16:18.340000;1;104447;1;1;56800.0000;1;23630.0000;None;255200.0000
4045;2023-01-21 14:26:30.090000;1;104447;1;1;56800.0000;1;17000.0000;None;183600.0000
4036;2023-01-21 14:06:57.720000;1;104447;1;1;56800.0000;1;None;None;205800.0000
4036;2023-01-21 14:06:57.720000;1;104447;1;1;56800.0000;1;None;None;205800.0000
4028;2023-01-21 13:46:46.180000;1;104447;1;1;56800.0000;1;10315.0000;None;111400.0000
4033;2023-01-21 13:57:24.210000;1;104447;1;1;56800.0000;1;18778.0000;None;202800.0000
4088;2023-01-21 15:48:38.143000;1;104447;1;1;56800.0000;1;11500.0000;None;124200.0000
4111;2023-01-21 17:21:49.827000;1;104447;1;1;56800.0000;1;9759.0000;None;105400.0000
4122;2023-01-21 18:56:24.070000;1;104447;1;1;56800.0000;1;23852.0000;None;257600.0000
3996;2023-01-21 12:36:14.130000;1;104447;1;1;56800.0000;1;21982.0000;None;237400.0000
3996;2023-01-21 12:36:14.130000;1;104447;1;1;56800.0000;1;21982.0000;None;237400.0000
3985;2023-01-21 12:04:14.933000;1;104447;1;1;56800.0000;1;21074.0000;None;227600.0000
3986;2023-01-21 12:05:44.617000;1;104447;1;1;56800.0000;1;13056.0000;None;141000.0000
3988;2023-01-21 12:09:34.737000;1;104450;1;1;23800.0000;1;7630.0000;None;82400.0000
4037;2023-01-21 14:09:05.230000;1;104450;1;1;23800.0000;1;13056.0000;None;141000.0000
4034;2023-01-21 13:58:04.787000;1;104450;1;1;23800.0000;1;None;None;23800.0000
4045;2023-01-21 14:26:30.090000;1;104450;1;1;23800.0000;1;17000.0000;None;183600.0000
4040;2023-01-21 14:16:18.340000;1;104450;1;1;23800.0000;1;23630.0000;None;255200.0000
4018;2023-01-21 13:28:49.167000;1;104450;1;1;23800.0000;1;10074.0000;None;108800.0000
4068;2023-01-21 15:10:04.263000;1;104450;1;1;23800.0000;1;None;None;96200.0000
4056;2023-01-21 14:51:38.970000;1;104450;1;1;23800.0000;1;15167.0000;None;163800.0000
4046;2023-01-21 14:27:51.390000;1;104777;1;1;1800.0000;1;None;None;99400.0000
4060;2023-01-21 14:58:54.593000;1;104974;1;1;46800.0000;1;15000.0000;None;162000.0000
4137;2023-01-21 20:46:49.017000;1;104974;1;1;46800.0000;1;None;None;219800.0000
4005;2023-01-21 12:58:25.283000;1;106358;1;1;38800.0000;1;12889.0000;None;139200.0000
4117;2023-01-21 18:07:46.940000;1;106358;1;1;38800.0000;1;None;None;45600.0000
4054;2023-01-21 14:47:40.287000;1;106358;1;1;38800.0000;1;19056.0000;None;205800.0000
4077;2023-01-21 15:27:41.080000;1;106358;1;1;38800.0000;1;None;None;85400.0000
4050;2023-01-21 14:38:46.507000;1;106866;1;1;27800.0000;1;9278.0000;None;100200.0000
3990;2023-01-21 12:18:30.103000;1;106866;1;1;27800.0000;1;None;None;27800.0000
4007;2023-01-21 13:00:34.317000;1;107824;1;1;23800.0000;1;None;None;30600.0000
4008;2023-01-21 13:01:42.500000;1;107824;1;1;23800.0000;1;None;None;36600.0000
4000;2023-01-21 12:49:31.780000;1;107824;1;1;23800.0000;1;5778.0000;None;62400.0000
4010;2023-01-21 13:13:36.877000;1;107824;1;1;23800.0000;1;None;None;218000.0000
4031;2023-01-21 13:52:22.213000;1;107824;1;1;23800.0000;1;7333.0000;None;79200.0000
4054;2023-01-21 14:47:40.287000;1;107825;1;1;46800.0000;1;19056.0000;None;205800.0000
4054;2023-01-21 14:47:40.287000;1;107825;1;1;46800.0000;1;19056.0000;None;205800.0000
3988;2023-01-21 12:09:34.737000;1;107826;1;1;46800.0000;1;7630.0000;None;82400.0000
3996;2023-01-21 12:36:14.130000;1;107826;1;1;46800.0000;1;21982.0000;None;237400.0000
4088;2023-01-21 15:48:38.143000;1;107826;1;1;46800.0000;1;11500.0000;None;124200.0000
4093;2023-01-21 15:58:20.777000;1;107826;1;1;46800.0000;1;None;None;46800.0000
4089;2023-01-21 15:50:42.293000;1;107827;1;1;53800.0000;1;22426.0000;None;242200.0000
4061;2023-01-21 15:00:59.777000;1;107827;1;1;53800.0000;1;30259.0000;None;326800.0000
4075;2023-01-21 15:23:44.347000;1;107827;1;1;53800.0000;1;24463.0000;None;264200.0000
4063;2023-01-21 15:03:17.140000;1;107829;1;1;38800.0000;1;10482.0000;None;113200.0000
4122;2023-01-21 18:56:24.070000;1;107829;1;1;38800.0000;1;23852.0000;None;257600.0000
4122;2023-01-21 18:56:24.070000;1;107831;1;1;58800.0000;1;23852.0000;None;257600.0000
4123;2023-01-21 18:58:55.367000;1;107831;1;1;58800.0000;1;10944.0000;None;118200.0000
4125;2023-01-21 19:17:28.423000;1;107831;1;1;58800.0000;1;None;None;58800.0000
4127;2023-01-21 19:38:53.423000;1;107831;1;1;58800.0000;1;None;None;119200.0000
4089;2023-01-21 15:50:42.293000;1;107831;1;1;58800.0000;1;22426.0000;None;242200.0000
4087;2023-01-21 15:45:36.980000;1;107831;1;1;58800.0000;1;None;None;195200.0000
4083;2023-01-21 15:38:43.397000;1;107831;1;1;58800.0000;1;27519.0000;None;297200.0000
4094;2023-01-21 16:00:27.577000;1;107831;1;1;58800.0000;1;None;None;58800.0000
4096;2023-01-21 16:11:21.823000;1;107831;1;1;58800.0000;1;13611.0000;None;147000.0000
4099;2023-01-21 16:23:33.837000;1;107831;1;1;58800.0000;1;None;None;122200.0000
4134;2023-01-21 20:21:35.963000;1;107831;1;1;58800.0000;1;None;None;58800.0000
4074;2023-01-21 15:22:19.447000;1;107831;1;1;58800.0000;1;10759.0000;None;116200.0000
4082;2023-01-21 15:36:02.630000;1;107831;1;1;58800.0000;1;None;None;65600.0000
4068;2023-01-21 15:10:04.263000;1;107831;1;1;58800.0000;1;None;None;96200.0000
4073;2023-01-21 15:21:03.193000;1;107831;1;1;58800.0000;1;15074.0000;None;162800.0000
4035;2023-01-21 14:00:32.123000;1;107831;1;1;58800.0000;1;7630.0000;None;82400.0000
4036;2023-01-21 14:06:57.720000;1;107831;1;1;58800.0000;1;None;None;205800.0000
4039;2023-01-21 14:13:11.620000;1;107831;1;1;58800.0000;1;None;None;179000.0000
4045;2023-01-21 14:26:30.090000;1;107831;1;1;58800.0000;1;17000.0000;None;183600.0000
4044;2023-01-21 14:23:18.677000;1;107831;1;1;58800.0000;1;25037.0000;None;270400.0000
4011;2023-01-21 13:15:27.630000;1;107831;1;1;58800.0000;1;None;None;201400.0000
4013;2023-01-21 13:20:42.600000;1;107831;1;1;58800.0000;1;20333.0000;None;219600.0000
4017;2023-01-21 13:27:20.780000;1;107831;1;1;58800.0000;1;11222.0000;None;121200.0000
4025;2023-01-21 13:42:09.793000;1;107831;1;1;58800.0000;1;9148.0000;None;98800.0000
4022;2023-01-21 13:36:13.127000;1;107831;1;1;58800.0000;1;None;None;142200.0000
4027;2023-01-21 13:45:16.003000;1;107831;1;1;58800.0000;1;9926.0000;None;107200.0000
3997;2023-01-21 12:39:52.503000;1;107831;1;1;58800.0000;1;None;None;124000.0000
3989;2023-01-21 12:11:16.757000;1;107831;1;1;58800.0000;1;10574.0000;None;114200.0000
4003;2023-01-21 12:55:20.127000;1;107831;1;1;58800.0000;1;None;None;115600.0000
4009;2023-01-21 13:04:48.060000;1;107831;1;1;58800.0000;1;9741.0000;None;105200.0000
3995;2023-01-21 12:34:06.213000;1;107832;1;1;41800.0000;1;14130.0000;None;152600.0000
3995;2023-01-21 12:34:06.213000;1;107832;1;1;41800.0000;1;14130.0000;None;152600.0000
4021;2023-01-21 13:35:11.820000;1;107832;1;1;41800.0000;1;12870.0000;None;139000.0000
4004;2023-01-21 12:57:06.567000;1;107836;1;1;19800.0000;1;None;None;66600.0000
4002;2023-01-21 12:52:26.370000;1;107839;1;1;41800.0000;1;11037.0000;None;119200.0000
4001;2023-01-21 12:50:19.130000;1;107839;1;1;41800.0000;1;None;None;48600.0000
3993;2023-01-21 12:28:16.663000;1;107839;1;1;41800.0000;1;None;None;119200.0000
4137;2023-01-21 20:46:49.017000;1;107839;1;1;41800.0000;1;None;None;219800.0000
4099;2023-01-21 16:23:33.837000;1;107839;1;1;41800.0000;1;None;None;122200.0000
4019;2023-01-21 13:30:03.550000;1;107839;1;1;41800.0000;1;None;None;48600.0000
4031;2023-01-21 13:52:22.213000;1;107839;1;1;41800.0000;1;7333.0000;None;79200.0000
4032;2023-01-21 13:53:50.630000;1;107839;1;1;41800.0000;1;10389.0000;None;112200.0000
4073;2023-01-21 15:21:03.193000;1;107839;1;1;41800.0000;1;15074.0000;None;162800.0000
4073;2023-01-21 15:21:03.193000;1;107839;1;1;41800.0000;1;15074.0000;None;162800.0000
4072;2023-01-21 15:18:20.057000;1;107839;1;1;41800.0000;1;21445.0000;None;231600.0000
4075;2023-01-21 15:23:44.347000;1;107839;1;1;41800.0000;1;24463.0000;None;264200.0000
4059;2023-01-21 14:56:16.270000;1;107839;1;1;41800.0000;1;11222.0000;None;121200.0000
4060;2023-01-21 14:58:54.593000;1;107840;1;1;45800.0000;1;15000.0000;None;162000.0000
4053;2023-01-21 14:43:42.587000;1;107840;1;1;45800.0000;1;11130.0000;None;120200.0000
4072;2023-01-21 15:18:20.057000;1;107840;1;1;45800.0000;1;21445.0000;None;231600.0000
4070;2023-01-21 15:14:43.437000;1;107840;1;1;45800.0000;1;None;None;277800.0000
4033;2023-01-21 13:57:24.210000;1;107840;1;1;45800.0000;1;18778.0000;None;202800.0000
4123;2023-01-21 18:58:55.367000;1;107840;1;1;45800.0000;1;10944.0000;None;118200.0000
4112;2023-01-21 17:24:21.767000;1;107840;1;1;45800.0000;1;None;None;60600.0000
4111;2023-01-21 17:21:49.827000;1;107846;1;1;33800.0000;1;9759.0000;None;105400.0000
4101;2023-01-21 16:35:36.387000;1;107846;1;1;33800.0000;1;None;None;105000.0000
4029;2023-01-21 13:48:12.067000;1;107846;1;1;33800.0000;1;None;None;75200.0000
3987;2023-01-21 12:07:34.663000;1;107871;1;1;14800.0000;1;9463.0000;None;102200.0000
3995;2023-01-21 12:34:06.213000;1;107871;1;1;14800.0000;1;14130.0000;None;152600.0000
4041;2023-01-21 14:18:10.263000;1;107871;1;1;14800.0000;1;10722.0000;None;115800.0000
4025;2023-01-21 13:42:09.793000;1;107871;1;1;14800.0000;1;9148.0000;None;98800.0000
4069;2023-01-21 15:11:28.390000;1;107871;1;1;14800.0000;1;11370.0000;None;122800.0000
4079;2023-01-21 15:30:25.817000;1;107871;1;1;14800.0000;1;None;None;47600.0000
4097;2023-01-21 16:12:26.757000;1;107871;1;1;14800.0000;1;None;None;43200.0000
4092;2023-01-21 15:57:38.467000;1;107871;1;1;14800.0000;1;None;None;14800.0000
4104;2023-01-21 16:40:32.790000;1;107871;1;1;14800.0000;1;None;None;29600.0000
4104;2023-01-21 16:40:32.790000;1;107871;1;1;14800.0000;1;None;None;29600.0000
4113;2023-01-21 17:41:49.153000;3;107873;1;1;8800.0000;1;None;None;8800.0000
4120;2023-01-21 18:31:27.047000;3;107873;1;1;8800.0000;1;None;None;76400.0000
4126;2023-01-21 19:36:41.850000;3;107873;1;1;8800.0000;1;9463.0000;None;102200.0000
4083;2023-01-21 15:38:43.397000;3;107873;1;1;8800.0000;1;27519.0000;None;297200.0000
4083;2023-01-21 15:38:43.397000;3;107873;1;1;8800.0000;1;27519.0000;None;297200.0000
4087;2023-01-21 15:45:36.980000;3;107873;1;4;35200.0000;1;None;None;195200.0000
4089;2023-01-21 15:50:42.293000;3;107873;1;1;8800.0000;1;22426.0000;None;242200.0000
4089;2023-01-21 15:50:42.293000;3;107873;1;1;8800.0000;1;22426.0000;None;242200.0000
4078;2023-01-21 15:29:19.967000;3;107873;1;1;8800.0000;1;None;None;48000.0000
4053;2023-01-21 14:43:42.587000;3;107873;1;1;8800.0000;1;11130.0000;None;120200.0000
4053;2023-01-21 14:43:42.587000;3;107873;1;1;8800.0000;1;11130.0000;None;120200.0000
4050;2023-01-21 14:38:46.507000;3;107873;1;1;8800.0000;1;9278.0000;None;100200.0000
4052;2023-01-21 14:41:48.580000;3;107873;1;1;8800.0000;1;16870.0000;None;182200.0000
4047;2023-01-21 14:33:10.357000;3;107873;1;1;8800.0000;1;15111.0000;None;163200.0000
4059;2023-01-21 14:56:16.270000;3;107873;1;1;8800.0000;1;11222.0000;None;121200.0000
4018;2023-01-21 13:28:49.167000;3;107873;1;1;8800.0000;1;10074.0000;None;108800.0000
4018;2023-01-21 13:28:49.167000;3;107873;1;1;8800.0000;1;10074.0000;None;108800.0000
4021;2023-01-21 13:35:11.820000;3;107873;1;1;8800.0000;1;12870.0000;None;139000.0000
4021;2023-01-21 13:35:11.820000;3;107873;1;1;8800.0000;1;12870.0000;None;139000.0000
4014;2023-01-21 13:23:07.907000;3;107873;1;1;8800.0000;1;10019.0000;None;108200.0000
4014;2023-01-21 13:23:07.907000;3;107873;1;1;8800.0000;1;10019.0000;None;108200.0000
4011;2023-01-21 13:15:27.630000;3;107873;1;1;8800.0000;1;None;None;201400.0000
4011;2023-01-21 13:15:27.630000;3;107873;1;1;8800.0000;1;None;None;201400.0000
4011;2023-01-21 13:15:27.630000;3;107873;1;1;8800.0000;1;None;None;201400.0000
4010;2023-01-21 13:13:36.877000;3;107873;1;1;8800.0000;1;None;None;218000.0000
4044;2023-01-21 14:23:18.677000;3;107873;1;1;8800.0000;1;25037.0000;None;270400.0000
4045;2023-01-21 14:26:30.090000;3;107873;1;1;8800.0000;1;17000.0000;None;183600.0000
4039;2023-01-21 14:13:11.620000;3;107873;1;1;8800.0000;1;None;None;179000.0000
4039;2023-01-21 14:13:11.620000;3;107873;1;1;8800.0000;1;None;None;179000.0000
4041;2023-01-21 14:18:10.263000;3;107873;1;1;8800.0000;1;10722.0000;None;115800.0000
4036;2023-01-21 14:06:57.720000;3;107873;1;1;8800.0000;1;None;None;205800.0000
3994;2023-01-21 12:31:45.387000;3;107873;1;1;8800.0000;1;7352.0000;None;79400.0000
4032;2023-01-21 13:53:50.630000;1;107893;1;1;56800.0000;1;10389.0000;None;112200.0000
4050;2023-01-21 14:38:46.507000;1;107893;1;1;56800.0000;1;9278.0000;None;100200.0000
4049;2023-01-21 14:36:13.870000;1;108014;1;1;1000.0000;1;10389.0000;None;112200.0000
4049;2023-01-21 14:36:13.870000;1;108014;1;1;1000.0000;1;10389.0000;None;112200.0000
4088;2023-01-21 15:48:38.143000;1;108014;1;1;1000.0000;1;11500.0000;None;124200.0000
4088;2023-01-21 15:48:38.143000;1;108014;1;1;1000.0000;1;11500.0000;None;124200.0000
3996;2023-01-21 12:36:14.130000;1;108054;1;1;29800.0000;1;21982.0000;None;237400.0000
4137;2023-01-21 20:46:49.017000;4;108191;1;1;0.0000;1;None;None;219800.0000
4103;2023-01-21 16:39:53.413000;4;108191;1;1;0.0000;1;None;None;25600.0000
4103;2023-01-21 16:39:53.413000;4;108191;1;1;0.0000;1;None;None;25600.0000
4105;2023-01-21 16:42:50.917000;4;108191;1;1;0.0000;1;14500.0000;None;156600.0000
4055;2023-01-21 14:49:03.317000;1;108314;1;1;39800.0000;1;9667.0000;None;104400.0000
4064;2023-01-21 15:04:21.423000;1;108314;1;1;39800.0000;1;4778.0000;None;51600.0000
4083;2023-01-21 15:38:43.397000;1;108314;1;1;39800.0000;1;27519.0000;None;297200.0000
4083;2023-01-21 15:38:43.397000;1;108314;1;1;39800.0000;1;27519.0000;None;297200.0000
4009;2023-01-21 13:04:48.060000;1;108320;1;1;32800.0000;1;9741.0000;None;105200.0000
4010;2023-01-21 13:13:36.877000;1;108320;1;1;32800.0000;1;None;None;218000.0000
4021;2023-01-21 13:35:11.820000;1;108320;1;1;32800.0000;1;12870.0000;None;139000.0000
4020;2023-01-21 13:31:40.313000;1;108320;1;1;32800.0000;1;None;None;66600.0000
4136;2023-01-21 20:40:35.543000;1;108320;1;1;32800.0000;1;None;None;39600.0000
4085;2023-01-21 15:43:22.577000;1;108320;1;1;32800.0000;1;None;None;103200.0000
4018;2023-01-21 13:28:49.167000;1;108321;1;1;27800.0000;1;10074.0000;None;108800.0000
4018;2023-01-21 13:28:49.167000;1;108321;1;1;27800.0000;1;10074.0000;None;108800.0000
4010;2023-01-21 13:13:36.877000;1;108321;1;1;27800.0000;1;None;None;218000.0000
4016;2023-01-21 13:25:46.790000;1;108321;1;1;27800.0000;1;None;None;74200.0000
4016;2023-01-21 13:25:46.790000;1;108321;1;1;27800.0000;1;None;None;74200.0000
4029;2023-01-21 13:48:12.067000;1;108321;1;1;27800.0000;1;None;None;75200.0000
3999;2023-01-21 12:47:52.750000;1;108321;1;1;27800.0000;1;7815.0000;None;84400.0000
4122;2023-01-21 18:56:24.070000;1;108323;1;1;52800.0000;1;23852.0000;None;257600.0000
4135;2023-01-21 20:36:37.160000;1;108323;1;1;52800.0000;1;10241.0000;None;110600.0000
4122;2023-01-21 18:56:24.070000;2;108752;1;1;18800.0000;1;23852.0000;None;257600.0000
4122;2023-01-21 18:56:24.070000;2;108752;1;1;18800.0000;1;23852.0000;None;257600.0000
4002;2023-01-21 12:52:26.370000;1;109155;1;1;63800.0000;1;11037.0000;None;119200.0000
3994;2023-01-21 12:31:45.387000;1;109155;1;1;63800.0000;1;7352.0000;None;79400.0000
3993;2023-01-21 12:28:16.663000;1;109155;1;1;63800.0000;1;None;None;119200.0000
3991;2023-01-21 12:25:01.097000;1;109155;1;1;63800.0000;1;None;None;110600.0000
4116;2023-01-21 17:49:59.767000;1;109155;1;1;63800.0000;1;13722.0000;None;148200.0000
4087;2023-01-21 15:45:36.980000;1;109155;1;1;63800.0000;1;None;None;195200.0000
4043;2023-01-21 14:20:11.407000;1;109155;1;1;63800.0000;1;11889.0000;None;128400.0000
4026;2023-01-21 13:43:54.497000;1;109155;1;1;63800.0000;1;11130.0000;None;120200.0000
4081;2023-01-21 15:35:24.457000;1;109155;1;1;63800.0000;1;None;None;228200.0000
4080;2023-01-21 15:32:08.707000;1;109155;1;1;63800.0000;1;None;None;77400.0000
4069;2023-01-21 15:11:28.390000;1;109155;1;1;63800.0000;1;11370.0000;None;122800.0000
4052;2023-01-21 14:41:48.580000;1;109155;1;1;63800.0000;1;16870.0000;None;182200.0000
4079;2023-01-21 15:30:25.817000;1;109156;1;1;32800.0000;1;None;None;47600.0000
4040;2023-01-21 14:16:18.340000;1;109156;1;1;32800.0000;1;23630.0000;None;255200.0000
4137;2023-01-21 20:46:49.017000;1;109156;1;1;32800.0000;1;None;None;219800.0000
4105;2023-01-21 16:42:50.917000;1;109156;1;1;32800.0000;1;14500.0000;None;156600.0000
4098;2023-01-21 16:16:30.217000;1;109157;1;1;62800.0000;1;14556.0000;None;157200.0000
4071;2023-01-21 15:15:42.353000;1;109157;1;1;62800.0000;1;11241.0000;None;121400.0000
4015;2023-01-21 13:23:57.263000;1;109243;1;1;45800.0000;1;None;None;57600.0000
4132;2023-01-21 19:59:48.270000;1;109243;1;1;45800.0000;1;10482.0000;None;113200.0000
4098;2023-01-21 16:16:30.217000;1;109245;1;1;47800.0000;1;14556.0000;None;157200.0000
4096;2023-01-21 16:11:21.823000;1;109245;1;1;47800.0000;1;13611.0000;None;147000.0000
4089;2023-01-21 15:50:42.293000;1;109245;1;1;47800.0000;1;22426.0000;None;242200.0000
4084;2023-01-21 15:42:39.437000;1;109245;1;1;47800.0000;1;15815.0000;None;170800.0000
4012;2023-01-21 13:19:23.983000;1;109245;1;1;47800.0000;1;13778.0000;None;148800.0000
4028;2023-01-21 13:46:46.180000;1;109245;1;1;47800.0000;1;10315.0000;None;111400.0000
4070;2023-01-21 15:14:43.437000;1;109245;1;1;47800.0000;1;None;None;277800.0000
4081;2023-01-21 15:35:24.457000;1;109245;1;1;47800.0000;1;None;None;228200.0000
4058;2023-01-21 14:54:50.940000;1;109245;1;1;47800.0000;1;15278.0000;None;165000.0000
4047;2023-01-21 14:33:10.357000;1;109450;1;1;33800.0000;1;15111.0000;None;163200.0000
4074;2023-01-21 15:22:19.447000;1;109450;1;1;33800.0000;1;10759.0000;None;116200.0000
4020;2023-01-21 13:31:40.313000;1;109450;1;1;33800.0000;1;None;None;66600.0000
4046;2023-01-21 14:27:51.390000;1;109450;1;1;33800.0000;1;None;None;99400.0000
4087;2023-01-21 15:45:36.980000;1;109450;1;1;33800.0000;1;None;None;195200.0000
4090;2023-01-21 15:55:32.123000;1;109450;1;1;33800.0000;1;10296.0000;None;111200.0000
4089;2023-01-21 15:50:42.293000;1;109450;1;1;33800.0000;1;22426.0000;None;242200.0000
4100;2023-01-21 16:25:16.703000;1;109450;1;1;33800.0000;1;4500.0000;None;48600.0000
4137;2023-01-21 20:46:49.017000;1;109450;1;1;33800.0000;1;None;None;219800.0000
3989;2023-01-21 12:11:16.757000;1;109450;1;1;33800.0000;1;10574.0000;None;114200.0000
4010;2023-01-21 13:13:36.877000;1;109450;1;1;33800.0000;1;None;None;218000.0000
3999;2023-01-21 12:47:52.750000;1;109451;1;1;26800.0000;1;7815.0000;None;84400.0000
4000;2023-01-21 12:49:31.780000;1;109451;1;1;26800.0000;1;5778.0000;None;62400.0000
3996;2023-01-21 12:36:14.130000;1;109451;1;1;26800.0000;1;21982.0000;None;237400.0000
3985;2023-01-21 12:04:14.933000;1;109451;1;1;26800.0000;1;21074.0000;None;227600.0000
4096;2023-01-21 16:11:21.823000;1;109451;1;1;26800.0000;1;13611.0000;None;147000.0000
4027;2023-01-21 13:45:16.003000;1;109451;1;1;26800.0000;1;9926.0000;None;107200.0000
4026;2023-01-21 13:43:54.497000;1;109451;1;1;26800.0000;1;11130.0000;None;120200.0000
4014;2023-01-21 13:23:07.907000;1;109451;1;1;26800.0000;1;10019.0000;None;108200.0000
4066;2023-01-21 15:06:22.103000;1;109451;1;1;26800.0000;1;None;None;33600.0000
4057;2023-01-21 14:53:37.930000;1;109452;1;1;56800.0000;1;11315.0000;None;122200.0000
4065;2023-01-21 15:05:05.387000;1;109452;1;1;56800.0000;1;None;None;56800.0000
4044;2023-01-21 14:23:18.677000;1;109452;1;1;56800.0000;1;25037.0000;None;270400.0000
4041;2023-01-21 14:18:10.263000;1;109452;1;1;56800.0000;1;10722.0000;None;115800.0000
4083;2023-01-21 15:38:43.397000;1;109452;1;1;56800.0000;1;27519.0000;None;297200.0000
4003;2023-01-21 12:55:20.127000;1;109452;1;1;56800.0000;1;None;None;115600.0000
4135;2023-01-21 20:36:37.160000;1;109454;1;1;57800.0000;1;10241.0000;None;110600.0000
4083;2023-01-21 15:38:43.397000;1;109454;1;1;57800.0000;1;27519.0000;None;297200.0000
4121;2023-01-21 18:40:09.003000;1;109454;1;1;57800.0000;1;None;None;71400.0000
4040;2023-01-21 14:16:18.340000;1;109454;1;1;57800.0000;1;23630.0000;None;255200.0000
4043;2023-01-21 14:20:11.407000;1;109454;1;1;57800.0000;1;11889.0000;None;128400.0000
4055;2023-01-21 14:49:03.317000;1;109454;1;1;57800.0000;1;9667.0000;None;104400.0000
4056;2023-01-21 14:51:38.970000;1;109454;1;1;57800.0000;1;15167.0000;None;163800.0000
4075;2023-01-21 15:23:44.347000;1;109454;1;1;57800.0000;1;24463.0000;None;264200.0000
4038;2023-01-21 14:11:25.137000;1;109568;1;1;47800.0000;1;10963.0000;None;118400.0000
3985;2023-01-21 12:04:14.933000;1;109568;1;1;47800.0000;1;21074.0000;None;227600.0000
3985;2023-01-21 12:04:14.933000;1;109568;1;1;47800.0000;1;21074.0000;None;227600.0000
4061;2023-01-21 15:00:59.777000;None;109591;None;1;16800.0000;1;30259.0000;None;326800.0000
4036;2023-01-21 14:06:57.720000;2;200480;1;1;12800.0000;1;None;None;205800.0000
4022;2023-01-21 13:36:13.127000;2;200480;1;1;12800.0000;1;None;None;142200.0000
4122;2023-01-21 18:56:24.070000;2;200480;1;1;12800.0000;1;23852.0000;None;257600.0000
4114;2023-01-21 17:42:38.387000;2;200480;1;1;12800.0000;1;None;None;18600.0000
4115;2023-01-21 17:48:16.493000;2;200480;1;1;12800.0000;1;None;None;27600.0000
4103;2023-01-21 16:39:53.413000;2;200480;1;1;12800.0000;1;None;None;25600.0000
4103;2023-01-21 16:39:53.413000;2;200480;1;1;12800.0000;1;None;None;25600.0000
4008;2023-01-21 13:01:42.500000;2;200480;1;1;12800.0000;1;None;None;36600.0000
4007;2023-01-21 13:00:34.317000;3;200644;1;1;6800.0000;1;None;None;30600.0000
4009;2023-01-21 13:04:48.060000;3;200644;1;1;6800.0000;1;9741.0000;None;105200.0000
3998;2023-01-21 12:45:45.243000;3;200644;1;1;6800.0000;1;4963.0000;None;53600.0000
3996;2023-01-21 12:36:14.130000;3;200644;1;1;6800.0000;1;21982.0000;None;237400.0000
3994;2023-01-21 12:31:45.387000;3;200644;1;1;6800.0000;1;7352.0000;None;79400.0000
4101;2023-01-21 16:35:36.387000;3;200644;1;1;6800.0000;1;None;None;105000.0000
4098;2023-01-21 16:16:30.217000;3;200644;1;1;6800.0000;1;14556.0000;None;157200.0000
4086;2023-01-21 15:44:17.320000;3;200644;1;1;6800.0000;1;None;None;6800.0000
4109;2023-01-21 17:10:10.643000;3;200644;1;1;6800.0000;1;None;None;70200.0000
4123;2023-01-21 18:58:55.367000;3;200644;1;1;6800.0000;1;10944.0000;None;118200.0000
4130;2023-01-21 19:46:10.740000;3;200644;1;1;6800.0000;1;None;None;53600.0000
4137;2023-01-21 20:46:49.017000;3;200644;1;1;6800.0000;1;None;None;219800.0000
4137;2023-01-21 20:46:49.017000;3;200644;1;1;6800.0000;1;None;None;219800.0000
4012;2023-01-21 13:19:23.983000;3;200644;1;1;6800.0000;1;13778.0000;None;148800.0000
4037;2023-01-21 14:09:05.230000;3;200644;1;1;6800.0000;1;13056.0000;None;141000.0000
4031;2023-01-21 13:52:22.213000;3;200644;1;1;6800.0000;1;7333.0000;None;79200.0000
4038;2023-01-21 14:11:25.137000;3;200644;1;1;6800.0000;1;10963.0000;None;118400.0000
4055;2023-01-21 14:49:03.317000;3;200644;1;1;6800.0000;1;9667.0000;None;104400.0000
4057;2023-01-21 14:53:37.930000;3;200644;1;1;6800.0000;1;11315.0000;None;122200.0000
4072;2023-01-21 15:18:20.057000;3;200644;1;1;6800.0000;1;21445.0000;None;231600.0000
4080;2023-01-21 15:32:08.707000;3;200644;1;1;6800.0000;1;None;None;77400.0000
4066;2023-01-21 15:06:22.103000;3;200644;1;1;6800.0000;1;None;None;33600.0000
4067;2023-01-21 15:08:36.553000;3;200644;1;1;6800.0000;1;22352.0000;None;241400.0000
4068;2023-01-21 15:10:04.263000;3;200644;1;1;6800.0000;1;None;None;96200.0000
4068;2023-01-21 15:10:04.263000;3;201146;1;1;6800.0000;1;None;None;96200.0000
4082;2023-01-21 15:36:02.630000;3;201146;1;1;6800.0000;1;None;None;65600.0000
4077;2023-01-21 15:27:41.080000;3;201146;1;1;6800.0000;1;None;None;85400.0000
4063;2023-01-21 15:03:17.140000;3;201146;1;1;6800.0000;1;10482.0000;None;113200.0000
4050;2023-01-21 14:38:46.507000;3;201146;1;1;6800.0000;1;9278.0000;None;100200.0000
4040;2023-01-21 14:16:18.340000;3;201146;1;1;6800.0000;1;23630.0000;None;255200.0000
4041;2023-01-21 14:18:10.263000;3;201146;1;1;6800.0000;1;10722.0000;None;115800.0000
4028;2023-01-21 13:46:46.180000;3;201146;1;1;6800.0000;1;10315.0000;None;111400.0000
4030;2023-01-21 13:48:59.103000;3;201146;1;1;6800.0000;1;None;None;6800.0000
4012;2023-01-21 13:19:23.983000;3;201146;1;1;6800.0000;1;13778.0000;None;148800.0000
4012;2023-01-21 13:19:23.983000;3;201146;1;1;6800.0000;1;13778.0000;None;148800.0000
4011;2023-01-21 13:15:27.630000;3;201146;1;1;6800.0000;1;None;None;201400.0000
4016;2023-01-21 13:25:46.790000;3;201146;1;1;6800.0000;1;None;None;74200.0000
4017;2023-01-21 13:27:20.780000;3;201146;1;1;6800.0000;1;11222.0000;None;121200.0000
4017;2023-01-21 13:27:20.780000;3;201146;1;1;6800.0000;1;11222.0000;None;121200.0000
4027;2023-01-21 13:45:16.003000;3;201146;1;1;6800.0000;1;9926.0000;None;107200.0000
4025;2023-01-21 13:42:09.793000;3;201146;1;1;6800.0000;1;9148.0000;None;98800.0000
4025;2023-01-21 13:42:09.793000;3;201146;1;1;6800.0000;1;9148.0000;None;98800.0000
4126;2023-01-21 19:36:41.850000;3;201146;1;1;6800.0000;1;9463.0000;None;102200.0000
4127;2023-01-21 19:38:53.423000;3;201146;1;1;6800.0000;1;None;None;119200.0000
4127;2023-01-21 19:38:53.423000;3;201146;1;1;6800.0000;1;None;None;119200.0000
4124;2023-01-21 19:16:42.640000;3;201146;1;1;6800.0000;1;None;None;23600.0000
4109;2023-01-21 17:10:10.643000;3;201146;1;1;6800.0000;1;None;None;70200.0000
4107;2023-01-21 16:49:15.900000;3;201146;1;1;6800.0000;1;None;None;13600.0000
4107;2023-01-21 16:49:15.900000;3;201146;1;1;6800.0000;1;None;None;13600.0000
4105;2023-01-21 16:42:50.917000;3;201146;1;1;6800.0000;1;14500.0000;None;156600.0000
4116;2023-01-21 17:49:59.767000;3;201146;1;1;6800.0000;1;13722.0000;None;148200.0000
4117;2023-01-21 18:07:46.940000;3;201146;1;1;6800.0000;1;None;None;45600.0000
4089;2023-01-21 15:50:42.293000;3;201146;1;1;6800.0000;1;22426.0000;None;242200.0000
4088;2023-01-21 15:48:38.143000;3;201146;1;1;6800.0000;1;11500.0000;None;124200.0000
4096;2023-01-21 16:11:21.823000;3;201146;1;1;6800.0000;1;13611.0000;None;147000.0000
4096;2023-01-21 16:11:21.823000;3;201146;1;1;6800.0000;1;13611.0000;None;147000.0000
3987;2023-01-21 12:07:34.663000;3;201146;1;1;6800.0000;1;9463.0000;None;102200.0000
3996;2023-01-21 12:36:14.130000;3;201146;1;1;6800.0000;1;21982.0000;None;237400.0000
3997;2023-01-21 12:39:52.503000;3;201146;1;1;6800.0000;1;None;None;124000.0000
4099;2023-01-21 16:23:33.837000;2;201184;1;1;10800.0000;1;None;None;122200.0000
4099;2023-01-21 16:23:33.837000;2;201184;1;1;10800.0000;1;None;None;122200.0000
4101;2023-01-21 16:35:36.387000;2;201184;1;1;10800.0000;1;None;None;105000.0000
4110;2023-01-21 17:12:09.360000;2;201184;1;1;10800.0000;1;None;None;21600.0000
4110;2023-01-21 17:12:09.360000;2;201184;1;1;10800.0000;1;None;None;21600.0000
4105;2023-01-21 16:42:50.917000;2;201184;1;1;10800.0000;1;14500.0000;None;156600.0000
4051;2023-01-21 14:39:36.173000;2;201184;1;1;10800.0000;1;None;None;28400.0000
4051;2023-01-21 14:39:36.173000;2;201184;1;1;10800.0000;1;None;None;28400.0000
4063;2023-01-21 15:03:17.140000;2;201184;1;1;10800.0000;1;10482.0000;None;113200.0000
4061;2023-01-21 15:00:59.777000;3;201221;1;1;6800.0000;1;30259.0000;None;326800.0000
4059;2023-01-21 14:56:16.270000;3;201221;1;1;6800.0000;1;11222.0000;None;121200.0000
4049;2023-01-21 14:36:13.870000;3;201221;1;1;6800.0000;1;10389.0000;None;112200.0000
4049;2023-01-21 14:36:13.870000;3;201221;1;1;6800.0000;1;10389.0000;None;112200.0000
4078;2023-01-21 15:29:19.967000;3;201221;1;1;6800.0000;1;None;None;48000.0000
4073;2023-01-21 15:21:03.193000;3;201221;1;1;6800.0000;1;15074.0000;None;162800.0000
4073;2023-01-21 15:21:03.193000;3;201221;1;1;6800.0000;1;15074.0000;None;162800.0000
4073;2023-01-21 15:21:03.193000;3;201221;1;1;6800.0000;1;15074.0000;None;162800.0000
4022;2023-01-21 13:36:13.127000;3;201221;1;1;6800.0000;1;None;None;142200.0000
4013;2023-01-21 13:20:42.600000;3;201221;1;1;6800.0000;1;20333.0000;None;219600.0000
4032;2023-01-21 13:53:50.630000;3;201221;1;1;6800.0000;1;10389.0000;None;112200.0000
4032;2023-01-21 13:53:50.630000;3;201221;1;1;6800.0000;1;10389.0000;None;112200.0000
4033;2023-01-21 13:57:24.210000;3;201221;1;1;6800.0000;1;18778.0000;None;202800.0000
4040;2023-01-21 14:16:18.340000;3;201221;1;1;6800.0000;1;23630.0000;None;255200.0000
4040;2023-01-21 14:16:18.340000;3;201221;1;1;6800.0000;1;23630.0000;None;255200.0000
4043;2023-01-21 14:20:11.407000;3;201221;1;1;6800.0000;1;11889.0000;None;128400.0000
4101;2023-01-21 16:35:36.387000;3;201221;1;1;6800.0000;1;None;None;105000.0000
4090;2023-01-21 15:55:32.123000;3;201221;1;1;6800.0000;1;10296.0000;None;111200.0000
3985;2023-01-21 12:04:14.933000;3;201221;1;1;6800.0000;1;21074.0000;None;227600.0000
3985;2023-01-21 12:04:14.933000;3;201221;1;1;6800.0000;1;21074.0000;None;227600.0000
4009;2023-01-21 13:04:48.060000;3;201221;1;1;6800.0000;1;9741.0000;None;105200.0000
4105;2023-01-21 16:42:50.917000;3;201237;1;1;6800.0000;1;14500.0000;None;156600.0000
4037;2023-01-21 14:09:05.230000;3;201237;1;1;6800.0000;1;13056.0000;None;141000.0000
4069;2023-01-21 15:11:28.390000;3;201237;1;1;6800.0000;1;11370.0000;None;122800.0000
4061;2023-01-21 15:00:59.777000;3;201237;1;1;6800.0000;1;30259.0000;None;326800.0000
4056;2023-01-21 14:51:38.970000;3;201261;1;1;6800.0000;1;15167.0000;None;163800.0000
4069;2023-01-21 15:11:28.390000;3;201261;1;1;6800.0000;1;11370.0000;None;122800.0000
4069;2023-01-21 15:11:28.390000;3;201261;1;1;6800.0000;1;11370.0000;None;122800.0000
4121;2023-01-21 18:40:09.003000;3;201261;1;1;6800.0000;1;None;None;71400.0000
4121;2023-01-21 18:40:09.003000;3;201261;1;1;6800.0000;1;None;None;71400.0000
4137;2023-01-21 20:46:49.017000;3;201269;1;1;6800.0000;1;None;None;219800.0000
4056;2023-01-21 14:51:38.970000;3;201277;1;1;6800.0000;1;15167.0000;None;163800.0000
4058;2023-01-21 14:54:50.957000;3;201304;1;1;6800.0000;1;15278.0000;None;165000.0000
4058;2023-01-21 14:54:50.957000;3;201304;1;1;6800.0000;1;15278.0000;None;165000.0000
4061;2023-01-21 15:00:59.777000;3;201304;1;1;6800.0000;1;30259.0000;None;326800.0000
4061;2023-01-21 15:00:59.777000;3;201304;1;1;6800.0000;1;30259.0000;None;326800.0000
4051;2023-01-21 14:39:36.173000;3;201304;1;1;6800.0000;1;None;None;28400.0000
4067;2023-01-21 15:08:36.553000;3;201304;1;1;6800.0000;1;22352.0000;None;241400.0000
4067;2023-01-21 15:08:36.553000;3;201304;1;1;6800.0000;1;22352.0000;None;241400.0000
4067;2023-01-21 15:08:36.553000;3;201304;1;1;6800.0000;1;22352.0000;None;241400.0000
4078;2023-01-21 15:29:19.967000;3;201304;1;1;6800.0000;1;None;None;48000.0000
4075;2023-01-21 15:23:44.347000;3;201304;1;1;6800.0000;1;24463.0000;None;264200.0000
4080;2023-01-21 15:32:08.707000;3;201304;1;1;6800.0000;1;None;None;77400.0000
4031;2023-01-21 13:52:22.213000;3;201304;1;1;6800.0000;1;7333.0000;None;79200.0000
4029;2023-01-21 13:48:12.067000;3;201304;1;1;6800.0000;1;None;None;75200.0000
4029;2023-01-21 13:48:12.067000;3;201304;1;1;6800.0000;1;None;None;75200.0000
4040;2023-01-21 14:16:18.340000;3;201304;1;1;6800.0000;1;23630.0000;None;255200.0000
4010;2023-01-21 13:13:36.877000;3;201304;1;1;6800.0000;1;None;None;218000.0000
4010;2023-01-21 13:13:36.877000;3;201304;1;1;6800.0000;1;None;None;218000.0000
4010;2023-01-21 13:13:36.877000;3;201304;1;1;6800.0000;1;None;None;218000.0000
4010;2023-01-21 13:13:36.877000;3;201304;1;1;6800.0000;1;None;None;218000.0000
4023;2023-01-21 13:38:00.527000;3;201304;1;1;6800.0000;1;5889.0000;None;63600.0000
4024;2023-01-21 13:40:14.913000;3;201304;1;1;6800.0000;1;None;None;120400.0000
4019;2023-01-21 13:30:03.550000;3;201304;1;1;6800.0000;1;None;None;48600.0000
4137;2023-01-21 20:46:49.017000;3;201304;1;1;6800.0000;1;None;None;219800.0000
4137;2023-01-21 20:46:49.017000;3;201304;1;1;6800.0000;1;None;None;219800.0000
4136;2023-01-21 20:40:35.543000;3;201304;1;1;6800.0000;1;None;None;39600.0000
4137;2023-01-21 20:46:49.017000;3;201304;1;1;6800.0000;1;None;None;219800.0000
4133;2023-01-21 20:14:15.730000;3;201304;1;1;6800.0000;1;11407.0000;None;123200.0000
4133;2023-01-21 20:14:15.730000;3;201304;1;1;6800.0000;1;11407.0000;None;123200.0000
4132;2023-01-21 19:59:48.270000;3;201304;1;1;6800.0000;1;10482.0000;None;113200.0000
4123;2023-01-21 18:58:55.367000;3;201304;1;1;6800.0000;1;10944.0000;None;118200.0000
4105;2023-01-21 16:42:50.917000;3;201304;1;1;6800.0000;1;14500.0000;None;156600.0000
4090;2023-01-21 15:55:32.123000;3;201304;1;1;6800.0000;1;10296.0000;None;111200.0000
4002;2023-01-21 12:52:26.370000;3;201304;1;1;6800.0000;1;11037.0000;None;119200.0000
4002;2023-01-21 12:52:26.370000;3;201304;1;1;6800.0000;1;11037.0000;None;119200.0000
4001;2023-01-21 12:50:19.130000;3;201304;1;1;6800.0000;1;None;None;48600.0000
3996;2023-01-21 12:36:14.130000;3;201304;1;1;6800.0000;1;21982.0000;None;237400.0000
3997;2023-01-21 12:39:52.503000;3;201304;1;1;6800.0000;1;None;None;124000.0000
3995;2023-01-21 12:34:06.213000;3;201304;1;1;6800.0000;1;14130.0000;None;152600.0000
3989;2023-01-21 12:11:16.757000;3;201304;1;1;6800.0000;1;10574.0000;None;114200.0000
3993;2023-01-21 12:28:16.663000;3;201304;1;1;6800.0000;1;None;None;119200.0000
3993;2023-01-21 12:28:16.663000;3;201304;1;1;6800.0000;1;None;None;119200.0000
3992;2023-01-21 12:25:48.233000;3;201304;1;1;6800.0000;1;None;None;13600.0000
3992;2023-01-21 12:25:48.233000;3;201304;1;1;6800.0000;1;None;None;13600.0000
3986;2023-01-21 12:05:44.617000;3;201304;1;3;20400.0000;1;13056.0000;None;141000.0000
3989;2023-01-21 12:11:16.757000;2;201615;1;1;14800.0000;1;10574.0000;None;114200.0000
4084;2023-01-21 15:42:39.437000;2;201615;1;1;14800.0000;1;15815.0000;None;170800.0000
4084;2023-01-21 15:42:39.437000;2;201615;1;1;14800.0000;1;15815.0000;None;170800.0000
4084;2023-01-21 15:42:39.437000;2;201615;1;1;14800.0000;1;15815.0000;None;170800.0000
4084;2023-01-21 15:42:39.437000;2;201615;1;1;14800.0000;1;15815.0000;None;170800.0000
4083;2023-01-21 15:38:43.397000;2;201615;1;1;14800.0000;1;27519.0000;None;297200.0000
4100;2023-01-21 16:25:16.703000;2;201615;1;1;14800.0000;1;4500.0000;None;48600.0000
4112;2023-01-21 17:24:21.767000;2;201615;1;1;14800.0000;1;None;None;60600.0000
4111;2023-01-21 17:21:49.827000;2;201615;1;1;14800.0000;1;9759.0000;None;105400.0000
4115;2023-01-21 17:48:16.493000;2;201615;1;1;14800.0000;1;None;None;27600.0000
4027;2023-01-21 13:45:16.003000;2;201615;1;1;14800.0000;1;9926.0000;None;107200.0000
4026;2023-01-21 13:43:54.497000;2;201615;1;1;14800.0000;1;11130.0000;None;120200.0000
4026;2023-01-21 13:43:54.497000;2;201615;1;1;14800.0000;1;11130.0000;None;120200.0000
4013;2023-01-21 13:20:42.600000;2;201615;1;1;14800.0000;1;20333.0000;None;219600.0000
4013;2023-01-21 13:20:42.600000;2;201615;1;1;14800.0000;1;20333.0000;None;219600.0000
4013;2023-01-21 13:20:42.600000;2;201615;1;1;14800.0000;1;20333.0000;None;219600.0000
4033;2023-01-21 13:57:24.210000;2;201615;1;1;14800.0000;1;18778.0000;None;202800.0000
4033;2023-01-21 13:57:24.210000;2;201615;1;1;14800.0000;1;18778.0000;None;202800.0000
4054;2023-01-21 14:47:40.287000;2;201615;1;1;14800.0000;1;19056.0000;None;205800.0000
4116;2023-01-21 17:49:59.767000;2;201959;1;1;13800.0000;1;13722.0000;None;148200.0000
4132;2023-01-21 19:59:48.270000;2;201960;1;1;13800.0000;1;10482.0000;None;113200.0000
4078;2023-01-21 15:29:19.967000;2;201960;1;1;13800.0000;1;None;None;48000.0000
