3733;27112022 19:19;7;1002;1;1;0.0000;1;None;None
3733;27112022 19:19;7;1002;1;1;0.0000;1;None;None
3707;27112022 18:10;7;1002;1;1;0.0000;1;None;None
2107;27112022 14:43;7;1002;1;1;0.0000;1;None;None
2107;27112022 14:43;7;1002;1;1;0.0000;1;None;None
3643;27112022 13:52;7;1002;1;1;0.0000;1;None;None
3640;27112022 13:33;7;1002;1;1;0.0000;1;None;None
3640;27112022 13:33;7;1002;1;1;0.0000;1;None;None
3649;27112022 14:17;7;1004;1;1;0.0000;1;None;None
2097;27112022 13:41;7;1006;1;1;0.0000;1;None;None
2097;27112022 13:41;7;1006;1;1;0.0000;1;None;None
3638;27112022 13:10;7;1006;1;1;0.0000;1;None;None
3637;27112022 12:43;7;1006;1;1;0.0000;1;None;None
3637;27112022 12:43;7;1006;1;1;0.0000;1;None;None
2119;27112022 16:29;7;1006;1;1;0.0000;1;None;None
2054;27112022 12:26;7;1007;2;1;0.0000;1;None;None
2054;27112022 12:26;7;1007;2;1;0.0000;1;None;None
3688;27112022 17:07;7;1007;2;1;0.0000;1;None;None
3666;27112022 15:47;7;1007;2;1;0.0000;1;None;None
2081;27112022 13:05;7;1007;2;1;0.0000;1;None;None
2081;27112022 13:05;7;1007;2;1;0.0000;1;None;None
3638;27112022 13:10;7;1135;1;1;0.0000;1;None;None
2084;27112022 13:11;7;1135;1;1;0.0000;1;None;None
2088;27112022 13:14;7;1135;1;1;0.0000;1;None;None
2073;27112022 12:46;7;1135;1;1;0.0000;1;None;None
2097;27112022 13:41;7;1135;1;1;0.0000;1;None;None
2098;27112022 13:44;7;1135;1;1;0.0000;1;None;None
3640;27112022 13:33;7;1135;1;1;0.0000;1;None;None
2097;27112022 13:41;7;1135;1;1;0.0000;1;None;None
2091;27112022 13:22;7;1135;1;1;0.0000;1;None;None
3651;27112022 14:32;7;1135;1;1;0.0000;1;None;None
3644;27112022 13:53;7;1135;1;1;0.0000;1;None;None
2119;27112022 16:29;7;1135;1;1;0.0000;1;None;None
3683;27112022 16:35;7;1135;1;1;0.0000;1;None;None
3730;27112022 19:05;7;1135;1;1;0.0000;1;None;None
2061;27112022 12:34;7;1135;1;1;0.0000;1;None;None
2061;27112022 12:34;7;1135;1;1;0.0000;1;None;None
2045;27112022 12:14;7;1135;1;1;0.0000;1;None;None
3598;27112022 08:32;7;1135;1;1;0.0000;1;None;None
3603;27112022 09:48;7;1135;1;1;0.0000;1;None;None
2072;27112022 12:45;7;1207;1;1;0.0000;1;None;None
2078;27112022 12:54;7;1207;1;1;0.0000;1;None;None
2070;27112022 12:44;7;1343;1;1;0.0000;1;None;None
2091;27112022 13:22;7;1343;1;1;0.0000;1;None;None
2096;27112022 13:33;7;1343;1;1;0.0000;1;None;None
3747;27112022 19:44;7;1343;1;1;0.0000;1;None;None
3731;27112022 19:08;7;1343;1;1;0.0000;1;None;None
3739;27112022 19:25;7;1343;1;1;0.0000;1;None;None
3740;27112022 19:27;7;1343;1;1;0.0000;1;None;None
3707;27112022 18:10;7;1343;1;1;0.0000;1;None;None
2132;27112022 18:09;7;1343;1;1;0.0000;1;None;None
3629;27112022 11:39;7;1343;1;1;0.0000;1;None;None
3627;27112022 11:29;7;1343;1;1;0.0000;1;None;None
2068;27112022 12:43;7;1343;1;1;0.0000;1;None;None
2056;27112022 12:28;7;1343;1;1;0.0000;1;None;None
2050;27112022 12:21;7;1343;1;1;0.0000;1;None;None
2050;27112022 12:21;7;1343;1;1;0.0000;1;None;None
2051;27112022 12:22;7;1343;1;1;0.0000;1;None;None
3619;27112022 11:08;7;1344;1;1;0.0000;1;None;None
3603;27112022 09:48;7;1344;1;1;0.0000;1;None;None
3602;27112022 09:47;7;1344;1;1;0.0000;1;None;None
3596;27112022 08:20;7;1345;1;1;0.0000;1;None;None
3622;27112022 11:19;7;1345;1;1;0.0000;1;None;None
2043;27112022 12:03;7;1345;1;2;0.0000;1;None;None
3705;27112022 18:07;7;1345;1;2;0.0000;1;None;None
3726;27112022 18:59;7;1345;1;3;0.0000;1;None;None
3727;27112022 19:01;7;1345;1;3;0.0000;1;None;None
3754;27112022 19:55;7;1345;1;3;0.0000;1;None;None
3773;27112022 20:28;7;1345;1;4;0.0000;1;None;None
3680;27112022 16:30;7;1345;1;2;0.0000;1;None;None
3681;27112022 16:30;7;1345;1;1;0.0000;1;None;None
3681;27112022 16:30;7;1345;1;1;0.0000;1;None;None
3689;27112022 17:07;7;1345;1;2;0.0000;1;None;None
3692;27112022 17:12;7;1345;1;1;0.0000;1;None;None
2129;27112022 17:59;7;1345;1;3;0.0000;1;None;None
2126;27112022 17:51;7;1345;1;1;0.0000;1;None;None
2123;27112022 17:46;7;1345;1;3;0.0000;1;None;None
3699;27112022 17:34;7;1345;1;2;0.0000;1;None;None
3700;27112022 17:35;7;1345;1;2;0.0000;1;None;None
3702;27112022 17:38;7;1345;1;1;0.0000;1;None;None
2123;27112022 17:46;7;1345;1;6;0.0000;1;None;None
3668;27112022 15:55;7;1345;1;1;0.0000;1;None;None
3672;27112022 15:59;7;1345;1;1;0.0000;1;None;None
3676;27112022 16:11;7;1345;1;1;0.0000;1;None;None
3660;27112022 15:26;7;1345;1;2;0.0000;1;None;None
2113;27112022 14:54;7;1346;1;3;0.0000;1;None;None
2111;27112022 14:50;7;1346;1;2;0.0000;1;None;None
3676;27112022 16:11;7;1346;1;4;0.0000;1;None;None
3672;27112022 15:59;7;1346;1;1;0.0000;1;None;None
3678;27112022 16:20;7;1346;1;1;0.0000;1;None;None
2116;27112022 16:27;7;1346;1;2;0.0000;1;None;None
3668;27112022 15:55;7;1346;1;2;0.0000;1;None;None
3660;27112022 15:26;7;1346;1;2;0.0000;1;None;None
2123;27112022 17:46;7;1346;1;6;0.0000;1;None;None
3700;27112022 17:35;7;1346;1;4;0.0000;1;None;None
3699;27112022 17:34;7;1346;1;1;0.0000;1;None;None
3696;27112022 17:24;7;1346;1;1;0.0000;1;None;None
2123;27112022 17:46;7;1346;1;3;0.0000;1;None;None
2124;27112022 17:47;7;1346;1;2;0.0000;1;None;None
2126;27112022 17:51;7;1346;1;1;0.0000;1;None;None
2129;27112022 17:59;7;1346;1;1;0.0000;1;None;None
3692;27112022 17:12;7;1346;1;1;0.0000;1;None;None
3686;27112022 17:03;7;1346;1;2;0.0000;1;None;None
3681;27112022 16:30;7;1346;1;1;0.0000;1;None;None
3681;27112022 16:30;7;1346;1;1;0.0000;1;None;None
2083;27112022 13:10;7;1346;1;2;0.0000;1;None;None
2081;27112022 13:05;7;1346;1;2;0.0000;1;None;None
3708;27112022 18:10;7;1346;1;7;0.0000;1;None;None
2043;27112022 12:03;7;1346;1;2;0.0000;1;None;None
3631;27112022 11:59;7;1346;1;1;0.0000;1;None;None
3631;27112022 11:59;7;1346;1;1;0.0000;1;None;None
3631;27112022 11:59;7;1346;1;2;0.0000;1;None;None
3622;27112022 11:19;7;1346;1;1;0.0000;1;None;None
3622;27112022 11:19;7;1346;1;1;0.0000;1;None;None
3622;27112022 11:19;7;1346;1;1;0.0000;1;None;None
3596;27112022 08:20;7;1346;1;1;0.0000;1;None;None
3622;27112022 11:19;7;1347;1;1;0.0000;1;None;None
3622;27112022 11:19;7;1347;1;1;0.0000;1;None;None
3622;27112022 11:19;7;1347;1;1;0.0000;1;None;None
3618;27112022 11:08;7;1347;1;12;0.0000;1;None;None
2043;27112022 12:03;7;1347;1;3;0.0000;1;None;None
2044;27112022 12:12;7;1347;1;8;0.0000;1;None;None
3726;27112022 18:59;7;1347;1;3;0.0000;1;None;None
3773;27112022 20:28;7;1347;1;2;0.0000;1;None;None
3754;27112022 19:55;7;1347;1;2;0.0000;1;None;None
2081;27112022 13:05;7;1347;1;2;0.0000;1;None;None
2083;27112022 13:10;7;1347;1;2;0.0000;1;None;None
3681;27112022 16:30;7;1347;1;1;0.0000;1;None;None
3681;27112022 16:30;7;1347;1;1;0.0000;1;None;None
3680;27112022 16:30;7;1347;1;2;0.0000;1;None;None
3692;27112022 17:12;7;1347;1;1;0.0000;1;None;None
3689;27112022 17:07;7;1347;1;2;0.0000;1;None;None
3691;27112022 17:12;7;1347;1;6;0.0000;1;None;None
2129;27112022 17:59;7;1347;1;1;0.0000;1;None;None
2126;27112022 17:51;7;1347;1;1;0.0000;1;None;None
2124;27112022 17:47;7;1347;1;2;0.0000;1;None;None
3696;27112022 17:24;7;1347;1;1;0.0000;1;None;None
2116;27112022 16:27;7;1347;1;4;0.0000;1;None;None
3676;27112022 16:11;7;1347;1;1;0.0000;1;None;None
2113;27112022 14:54;7;1347;1;3;0.0000;1;None;None
3672;27112022 15:59;7;1348;1;3;0.0000;1;None;None
3676;27112022 16:11;7;1348;1;2;0.0000;1;None;None
3678;27112022 16:20;7;1348;1;2;0.0000;1;None;None
3668;27112022 15:55;7;1348;1;1;0.0000;1;None;None
3671;27112022 15:59;7;1348;1;2;0.0000;1;None;None
3699;27112022 17:34;7;1348;1;1;0.0000;1;None;None
3700;27112022 17:35;7;1348;1;3;0.0000;1;None;None
3702;27112022 17:38;7;1348;1;2;0.0000;1;None;None
2124;27112022 17:47;7;1348;1;2;0.0000;1;None;None
2126;27112022 17:51;7;1348;1;2;0.0000;1;None;None
2129;27112022 17:59;7;1348;1;1;0.0000;1;None;None
3703;27112022 18:06;7;1348;1;7;0.0000;1;None;None
3689;27112022 17:07;7;1348;1;2;0.0000;1;None;None
3692;27112022 17:12;7;1348;1;1;0.0000;1;None;None
3681;27112022 16:30;7;1348;1;1;0.0000;1;None;None
3681;27112022 16:30;7;1348;1;1;0.0000;1;None;None
3680;27112022 16:30;7;1348;1;3;0.0000;1;None;None
2083;27112022 13:10;7;1348;1;2;0.0000;1;None;None
3643;27112022 13:52;7;1348;1;3;0.0000;1;None;None
3708;27112022 18:10;7;1348;1;4;0.0000;1;None;None
3705;27112022 18:07;7;1348;1;1;0.0000;1;None;None
2044;27112022 12:12;7;1348;1;4;0.0000;1;None;None
3631;27112022 11:59;7;1348;1;4;0.0000;1;None;None
2043;27112022 12:03;7;1348;1;3;0.0000;1;None;None
3631;27112022 11:59;7;1348;1;4;0.0000;1;None;None
3622;27112022 11:19;7;1348;1;1;0.0000;1;None;None
3622;27112022 11:19;7;1348;1;1;0.0000;1;None;None
3622;27112022 11:19;7;1349;1;1;0.0000;1;None;None
3622;27112022 11:19;7;1349;1;1;0.0000;1;None;None
3622;27112022 11:19;7;1349;1;1;0.0000;1;None;None
2043;27112022 12:03;7;1349;1;1;0.0000;1;None;None
3596;27112022 08:20;7;1349;1;1;0.0000;1;None;None
3705;27112022 18:07;7;1349;1;2;0.0000;1;None;None
3708;27112022 18:10;7;1349;1;1;0.0000;1;None;None
3722;27112022 18:47;7;1349;1;6;0.0000;1;None;None
3773;27112022 20:28;7;1349;1;2;0.0000;1;None;None
3643;27112022 13:52;7;1349;1;3;0.0000;1;None;None
2081;27112022 13:05;7;1349;1;2;0.0000;1;None;None
3681;27112022 16:30;7;1349;1;1;0.0000;1;None;None
3681;27112022 16:30;7;1349;1;1;0.0000;1;None;None
3680;27112022 16:30;7;1349;1;3;0.0000;1;None;None
3692;27112022 17:12;7;1349;1;1;0.0000;1;None;None
3686;27112022 17:03;7;1349;1;4;0.0000;1;None;None
3703;27112022 18:06;7;1349;1;4;0.0000;1;None;None
3702;27112022 17:38;7;1349;1;1;0.0000;1;None;None
3700;27112022 17:35;7;1349;1;2;0.0000;1;None;None
3699;27112022 17:34;7;1349;1;1;0.0000;1;None;None
3696;27112022 17:24;7;1349;1;1;0.0000;1;None;None
3671;27112022 15:59;7;1349;1;2;0.0000;1;None;None
3668;27112022 15:55;7;1349;1;1;0.0000;1;None;None
3677;27112022 16:16;7;1349;1;6;0.0000;1;None;None
3678;27112022 16:20;7;1349;1;1;0.0000;1;None;None
3672;27112022 15:59;7;1349;1;1;0.0000;1;None;None
3676;27112022 16:11;7;1349;1;4;0.0000;1;None;None
2111;27112022 14:50;7;1349;1;6;0.0000;1;None;None
3660;27112022 15:26;7;1349;1;1;0.0000;1;None;None
3660;27112022 15:26;7;1350;1;1;0.0000;1;None;None
2111;27112022 14:50;7;1350;1;4;0.0000;1;None;None
3678;27112022 16:20;7;1350;1;1;0.0000;1;None;None
3678;27112022 16:20;7;1350;1;1;0.0000;1;None;None
3668;27112022 15:55;7;1350;1;1;0.0000;1;None;None
3671;27112022 15:59;7;1350;1;2;0.0000;1;None;None
3699;27112022 17:34;7;1350;1;1;0.0000;1;None;None
3700;27112022 17:35;7;1350;1;1;0.0000;1;None;None
3702;27112022 17:38;7;1350;1;2;0.0000;1;None;None
3703;27112022 18:06;7;1350;1;1;0.0000;1;None;None
2126;27112022 17:51;7;1350;1;1;0.0000;1;None;None
3692;27112022 17:12;7;1350;1;1;0.0000;1;None;None
3680;27112022 16:30;7;1350;1;2;0.0000;1;None;None
3681;27112022 16:30;7;1350;1;1;0.0000;1;None;None
3681;27112022 16:30;7;1350;1;1;0.0000;1;None;None
3773;27112022 20:28;7;1350;1;4;0.0000;1;None;None
3754;27112022 19:55;7;1350;1;1;0.0000;1;None;None
3727;27112022 19:01;7;1350;1;3;0.0000;1;None;None
3705;27112022 18:07;7;1350;1;1;0.0000;1;None;None
2043;27112022 12:03;7;1350;1;1;0.0000;1;None;None
3596;27112022 08:20;1;100581;1;1;10500.0000;1;None;None
3696;27112022 17:24;1;100581;1;1;10500.0000;1;None;None
2081;27112022 13:05;1;100582;1;1;18000.0000;1;None;None
3643;27112022 13:52;1;100582;1;1;18000.0000;1;None;None
3726;27112022 18:59;1;100582;1;1;18900.0000;1;None;None
2043;27112022 12:03;1;100583;1;1;33600.0000;1;None;None
2044;27112022 12:12;1;100583;1;1;33600.0000;1;None;None
3618;27112022 11:08;1;100583;1;1;33600.0000;1;None;None
3708;27112022 18:10;1;100583;1;1;33600.0000;1;None;None
3773;27112022 20:28;1;100583;1;1;33600.0000;1;None;None
2123;27112022 17:46;1;100583;1;1;33600.0000;1;None;None
3680;27112022 16:30;1;100583;1;1;33600.0000;1;None;None
3681;27112022 16:30;1;100583;1;1;33600.0000;1;None;None
2111;27112022 14:50;1;100583;1;1;33600.0000;1;None;None
3638;27112022 13:10;1;100624;1;1;1000.0000;1;None;None
3657;27112022 15:04;1;100843;1;1;25800.0000;1;None;None
2127;27112022 17:51;1;100844;1;1;29300.0000;1;None;None
3613;27112022 10:46;1;100845;1;1;29300.0000;1;None;None
2067;27112022 12:42;1;100845;1;1;29300.0000;1;None;None
3685;27112022 16:59;1;100845;1;1;29300.0000;1;None;None
2099;27112022 13:44;1;100845;1;1;29300.0000;1;None;None
2099;27112022 13:44;1;100845;1;1;29300.0000;1;None;None
2099;27112022 13:44;1;100845;1;1;29300.0000;1;None;None
2131;27112022 18:02;1;100845;1;1;29300.0000;1;None;None
3715;27112022 18:28;1;100845;1;1;29300.0000;1;None;None
2132;27112022 18:09;1;100846;1;1;29800.0000;1;None;None
2127;27112022 17:51;1;100846;1;1;31400.0000;1;None;None
2041;27112022 10:49;1;100846;1;1;29800.0000;1;None;None
3600;27112022 09:27;1;100846;1;1;31400.0000;1;None;None
3602;27112022 09:47;1;100847;1;1;27200.0000;1;None;None
2099;27112022 13:44;1;100847;1;1;27200.0000;1;None;None
2045;27112022 12:14;1;100850;1;1;23000.0000;1;None;None
2045;27112022 12:14;1;100850;1;1;23000.0000;1;None;None
2099;27112022 13:44;1;100850;1;1;23000.0000;1;None;None
2073;27112022 12:46;1;100850;1;1;23000.0000;1;None;None
2072;27112022 12:45;1;100850;1;1;23000.0000;1;None;None
2120;27112022 16:42;1;100850;1;1;23000.0000;1;None;None
3652;27112022 14:34;1;100851;1;1;24000.0000;1;None;None
2093;27112022 13:28;1;100851;1;1;24000.0000;1;None;None
3633;27112022 12:05;1;100851;1;1;24000.0000;1;None;None
3623;27112022 11:22;1;100851;1;1;24000.0000;1;None;None
3625;27112022 11:24;1;100851;1;1;24000.0000;1;None;None
2063;27112022 12:38;1;100851;1;1;24000.0000;1;None;None
3610;27112022 10:19;1;100852;1;1;27200.0000;1;None;None
2074;27112022 12:47;1;100853;1;1;29300.0000;1;None;None
3614;27112022 10:53;1;100853;1;2;58600.0000;1;None;None
3616;27112022 11:03;1;100853;1;2;58600.0000;1;None;None
2055;27112022 12:27;1;100855;1;1;29300.0000;1;None;None
3661;27112022 15:28;1;100855;1;1;29300.0000;1;None;None
3761;27112022 20:03;1;100856;1;1;15600.0000;1;None;None
3761;27112022 20:03;1;100857;1;1;15600.0000;1;None;None
3663;27112022 15:33;1;100857;1;1;15600.0000;1;None;None
2072;27112022 12:45;1;100858;1;1;14600.0000;1;None;None
3610;27112022 10:19;1;100858;1;1;14600.0000;1;None;None
3713;27112022 18:26;1;100860;1;1;14600.0000;1;None;None
2077;27112022 12:54;1;100861;1;1;15600.0000;1;None;None
3617;27112022 11:07;1;100861;1;1;15600.0000;1;None;None
3620;27112022 11:10;1;100862;1;1;28300.0000;1;None;None
3663;27112022 15:33;1;100862;1;1;28300.0000;1;None;None
2117;27112022 16:27;8;100953;1;1;43900.0000;1;None;None
3712;27112022 18:21;8;100953;1;1;43900.0000;1;None;None
2048;27112022 12:18;8;100954;1;1;39700.0000;1;None;None
2068;27112022 12:43;8;100954;1;1;39700.0000;1;None;None
3716;27112022 18:29;8;100954;1;1;39700.0000;1;None;None
3732;27112022 19:11;8;100954;1;1;39700.0000;1;None;None
2138;27112022 20:12;8;100954;1;-1;-39700.0000;1;None;None
2069;27112022 12:44;8;100954;1;1;39700.0000;1;None;None
3621;27112022 11:16;1;100963;1;1;0.0000;1;None;None
2097;27112022 13:41;1;100974;1;1;17800.0000;1;None;None
2107;27112022 14:43;1;100974;1;1;17800.0000;1;None;None
3651;27112022 14:32;1;100974;1;2;35600.0000;1;None;None
2098;27112022 13:44;1;100995;1;1;11400.0000;1;None;None
3627;27112022 11:29;1;100995;1;1;11400.0000;1;None;None
3603;27112022 09:48;1;100995;1;1;11400.0000;1;None;None
2049;27112022 12:20;8;101026;1;1;31300.0000;1;None;None
3638;27112022 13:10;8;101026;1;1;31800.0000;1;None;None
2081;27112022 13:05;8;101026;1;1;31800.0000;1;None;None
2115;27112022 15:56;8;101026;1;1;31800.0000;1;None;None
2128;27112022 17:56;8;101026;1;1;31300.0000;1;None;None
3723;27112022 18:50;8;101026;1;1;31300.0000;1;None;None
3736;27112022 19:21;8;101026;1;1;31300.0000;1;None;None
3642;27112022 13:42;1;101051;1;1;49800.0000;1;None;None
3600;27112022 09:27;1;101181;1;2;57000.0000;1;None;None
3602;27112022 09:47;1;101181;1;1;28500.0000;1;None;None
3599;27112022 09:00;1;101181;1;3;85500.0000;1;None;None
3595;27112022 08:05;1;101181;1;1;28500.0000;1;None;None
3657;27112022 15:04;1;101181;1;1;26800.0000;1;None;None
2064;27112022 12:40;1;101212;1;1;26200.0000;1;None;None
3735;27112022 19:20;1;101244;1;1;30400.0000;1;None;None
3720;27112022 18:41;1;101244;1;1;30400.0000;1;None;None
2118;27112022 16:28;1;101244;1;1;30400.0000;1;None;None
3682;27112022 16:31;1;101244;1;1;30400.0000;1;None;None
3638;27112022 13:10;1;101244;1;1;28800.0000;1;None;None
3638;27112022 13:10;1;101244;1;1;28800.0000;1;None;None
3627;27112022 11:29;1;101295;1;1;14600.0000;1;None;None
2080;27112022 12:55;1;101323;1;1;30400.0000;1;None;None
2097;27112022 13:41;1;101323;1;1;28800.0000;1;None;None
3670;27112022 15:58;1;101323;1;1;30400.0000;1;None;None
2069;27112022 12:44;6;101438;1;1;0.0000;1;None;None
2068;27112022 12:43;6;101438;1;1;0.0000;1;None;None
3711;27112022 18:18;6;101438;1;1;0.0000;1;None;None
3714;27112022 18:26;6;101438;1;1;0.0000;1;None;None
3736;27112022 19:21;6;101438;1;1;0.0000;1;None;None
3747;27112022 19:44;6;101442;1;1;0.0000;1;None;None
2047;27112022 12:17;6;101442;1;1;0.0000;1;None;None
2064;27112022 12:40;1;101520;1;1;0.0000;1;None;None
3707;27112022 18:10;1;101522;1;1;0.0000;1;None;None
2076;27112022 12:49;1;101522;1;1;0.0000;1;None;None
2081;27112022 13:05;1;101522;1;1;0.0000;1;None;None
3688;27112022 17:07;1;101522;1;1;0.0000;1;None;None
2060;27112022 12:33;6;101525;1;1;0.0000;1;None;None
2052;27112022 12:24;6;101525;1;1;0.0000;1;None;None
3683;27112022 16:35;6;101525;1;1;0.0000;1;None;None
2130;27112022 18:01;6;101525;1;1;0.0000;1;None;None
3655;27112022 14:49;6;101525;1;1;0.0000;1;None;None
2096;27112022 13:33;6;101525;1;1;0.0000;1;None;None
3748;27112022 19:48;6;101525;1;1;0.0000;1;None;None
2138;27112022 20:12;6;101535;1;-1;0.0000;1;None;None
3704;27112022 18:06;6;101535;1;1;0.0000;1;None;None
3721;27112022 18:46;6;101535;1;1;0.0000;1;None;None
2049;27112022 12:20;6;101535;1;1;0.0000;1;None;None
2060;27112022 12:33;6;101535;1;1;0.0000;1;None;None
2064;27112022 12:40;6;101535;1;1;0.0000;1;None;None
3643;27112022 13:52;1;101552;1;1;0.0000;1;None;None
2081;27112022 13:05;1;101552;1;1;0.0000;1;None;None
2076;27112022 12:49;1;101552;1;1;0.0000;1;None;None
3666;27112022 15:47;1;101552;1;1;0.0000;1;None;None
3731;27112022 19:08;1;101573;1;1;0.0000;1;None;None
2057;27112022 12:29;6;101624;1;1;0.0000;1;None;None
2049;27112022 12:20;6;101624;1;1;0.0000;1;None;None
2057;27112022 12:29;6;101624;1;1;0.0000;1;None;None
3621;27112022 11:16;6;101624;1;1;0.0000;1;None;None
3683;27112022 16:35;6;101624;1;1;0.0000;1;None;None
3638;27112022 13:10;6;101624;1;1;0.0000;1;None;None
2062;27112022 12:36;8;101635;1;1;0.0000;1;None;None
2058;27112022 12:30;1;101929;1;1;17700.0000;1;None;None
2082;27112022 13:09;1;101929;1;1;16800.0000;1;None;None
2080;27112022 12:55;1;101929;1;1;17700.0000;1;None;None
2094;27112022 13:29;1;101929;1;1;17700.0000;1;None;None
3664;27112022 15:36;1;101929;1;1;16800.0000;1;None;None
2114;27112022 15:32;1;101929;1;1;16800.0000;1;None;None
2114;27112022 15:32;1;101929;1;1;16800.0000;1;None;None
3670;27112022 15:58;1;101929;1;1;17700.0000;1;None;None
3659;27112022 15:25;1;101929;1;2;33600.0000;1;None;None
3724;27112022 18:50;1;101929;1;1;17700.0000;1;None;None
2143;27112022 20:19;1;101929;1;-2;-33600.0000;1;None;None
3749;27112022 19:50;1;101929;1;1;17700.0000;1;None;None
3745;27112022 19:43;1;101929;1;1;17700.0000;1;None;None
3760;27112022 20:03;1;101929;1;1;17700.0000;1;None;None
3763;27112022 20:05;1;101929;1;1;17700.0000;1;None;None
2135;27112022 19:32;1;101954;1;1;17800.0000;1;None;None
2132;27112022 18:09;1;101954;1;1;17800.0000;1;None;None
2092;27112022 13:27;1;101954;1;1;17800.0000;1;None;None
2092;27112022 13:27;1;101954;1;1;17800.0000;1;None;None
2075;27112022 12:49;1;101954;1;1;18800.0000;1;None;None
2073;27112022 12:46;1;101954;1;1;18800.0000;1;None;None
3767;27112022 20:16;8;101992;1;1;33400.0000;1;None;None
3757;27112022 20:00;8;101996;1;1;16600.0000;1;None;None
3745;27112022 19:43;8;101996;1;1;16600.0000;1;None;None
3737;27112022 19:21;8;101996;1;1;16600.0000;1;None;None
3644;27112022 13:53;8;101996;1;1;15800.0000;1;None;None
2062;27112022 12:36;8;101996;1;1;16600.0000;1;None;None
3723;27112022 18:50;1;102037;1;1;45100.0000;1;None;None
3738;27112022 19:22;1;102041;1;1;30400.0000;1;None;None
3768;27112022 20:17;8;102052;1;1;62800.0000;1;None;None
2107;27112022 14:43;8;102052;1;1;59800.0000;1;None;None
2064;27112022 12:40;1;102069;1;1;37700.0000;1;None;None
2064;27112022 12:40;1;102069;1;1;37700.0000;1;None;None
2068;27112022 12:43;1;102082;1;1;28200.0000;1;None;None
2068;27112022 12:43;1;102082;1;1;28200.0000;1;None;None
3611;27112022 10:29;1;102082;1;1;28200.0000;1;None;None
3611;27112022 10:29;1;102082;1;1;28200.0000;1;None;None
3611;27112022 10:29;1;102082;1;1;28200.0000;1;None;None
2120;27112022 16:42;1;102082;1;1;28200.0000;1;None;None
2069;27112022 12:44;1;102082;1;1;28200.0000;1;None;None
2069;27112022 12:44;1;102082;1;1;28200.0000;1;None;None
2138;27112022 20:12;1;102082;1;-1;-28200.0000;1;None;None
2138;27112022 20:12;1;102082;1;-1;-28200.0000;1;None;None
3739;27112022 19:25;1;102133;1;1;1000.0000;1;None;None
3739;27112022 19:25;1;102133;1;1;1000.0000;1;None;None
3739;27112022 19:25;1;102133;1;1;1000.0000;1;None;None
3610;27112022 10:19;1;102133;1;1;1000.0000;1;None;None
3607;27112022 10:15;1;102133;1;1;1000.0000;1;None;None
2045;27112022 12:14;1;102133;1;1;1000.0000;1;None;None
2045;27112022 12:14;1;102133;1;1;1000.0000;1;None;None
3720;27112022 18:41;1;102163;1;1;5100.0000;1;None;None
3635;27112022 12:30;1;102187;1;1;2800.0000;1;None;None
3709;27112022 18:11;1;102187;1;1;2800.0000;1;None;None
3604;27112022 09:55;1;102197;1;1;5800.0000;1;None;None
2077;27112022 12:54;1;102197;1;1;5800.0000;1;None;None
2098;27112022 13:44;1;102197;1;1;5800.0000;1;None;None
3713;27112022 18:26;1;102204;1;1;2800.0000;1;None;None
3713;27112022 18:26;1;102204;1;1;2800.0000;1;None;None
2045;27112022 12:14;1;102204;1;1;2800.0000;1;None;None
3728;27112022 19:04;8;102205;1;1;1500.0000;1;None;None
2077;27112022 12:54;1;102227;1;1;1200.0000;1;None;None
2085;27112022 13:12;1;102227;1;1;1200.0000;1;None;None
3657;27112022 15:04;1;102227;1;1;1200.0000;1;None;None
3600;27112022 09:27;1;102227;1;1;1200.0000;1;None;None
2061;27112022 12:34;1;102227;1;1;1200.0000;1;None;None
2061;27112022 12:34;1;102227;1;1;1200.0000;1;None;None
2061;27112022 12:34;1;102227;1;1;1200.0000;1;None;None
2119;27112022 16:29;1;102228;1;1;11400.0000;1;None;None
2136;27112022 20:07;1;102231;1;1;5800.0000;1;None;None
3683;27112022 16:35;1;102235;1;1;1900.0000;1;None;None
2085;27112022 13:12;1;102238;1;1;2500.0000;1;None;None
3638;27112022 13:10;1;102238;1;1;2500.0000;1;None;None
2074;27112022 12:47;1;102238;1;1;2500.0000;1;None;None
2071;27112022 12:45;1;102238;1;1;2500.0000;1;None;None
3739;27112022 19:25;1;102238;1;1;2500.0000;1;None;None
3729;27112022 19:05;1;102238;1;1;2500.0000;1;None;None
3715;27112022 18:28;1;102238;1;1;2500.0000;1;None;None
2132;27112022 18:09;1;102238;1;1;2500.0000;1;None;None
2061;27112022 12:34;1;102238;1;1;2500.0000;1;None;None
3604;27112022 09:55;1;102238;1;1;2500.0000;1;None;None
2045;27112022 12:14;1;102238;1;1;2500.0000;1;None;None
2045;27112022 12:14;1;102238;1;1;2500.0000;1;None;None
3604;27112022 09:55;1;102239;1;1;5800.0000;1;None;None
3721;27112022 18:46;1;102239;1;1;5800.0000;1;None;None
3738;27112022 19:22;1;102239;1;1;5800.0000;1;None;None
3638;27112022 13:10;1;102249;1;1;5800.0000;1;None;None
3638;27112022 13:10;1;102249;1;1;5800.0000;1;None;None
3695;27112022 17:15;1;102249;1;1;6200.0000;1;None;None
2081;27112022 13:05;1;102256;1;1;5800.0000;1;None;None
3610;27112022 10:19;1;102286;1;1;1500.0000;1;None;None
3612;27112022 10:45;1;102286;1;1;1500.0000;1;None;None
3603;27112022 09:48;1;102286;1;1;1500.0000;1;None;None
2045;27112022 12:14;1;102286;1;1;1500.0000;1;None;None
2045;27112022 12:14;1;102286;1;1;1500.0000;1;None;None
2045;27112022 12:14;1;102286;1;1;1500.0000;1;None;None
2045;27112022 12:14;1;102286;1;1;1500.0000;1;None;None
3620;27112022 11:10;1;102286;1;1;1500.0000;1;None;None
3620;27112022 11:10;1;102286;1;1;1500.0000;1;None;None
3625;27112022 11:24;1;102286;1;1;1500.0000;1;None;None
3623;27112022 11:22;1;102286;1;1;1500.0000;1;None;None
2059;27112022 12:31;1;102286;1;1;1500.0000;1;None;None
2063;27112022 12:38;1;102286;1;1;1500.0000;1;None;None
2055;27112022 12:27;1;102286;1;1;1500.0000;1;None;None
2051;27112022 12:22;1;102286;1;1;1500.0000;1;None;None
2078;27112022 12:54;1;102286;1;1;1500.0000;1;None;None
2078;27112022 12:54;1;102286;1;1;1500.0000;1;None;None
2120;27112022 16:42;1;102286;1;1;1500.0000;1;None;None
3657;27112022 15:04;1;102286;1;1;1500.0000;1;None;None
3661;27112022 15:28;1;102286;1;1;1500.0000;1;None;None
3734;27112022 19:20;1;102286;1;1;1500.0000;1;None;None
3733;27112022 19:19;1;102286;1;1;1500.0000;1;None;None
3733;27112022 19:19;1;102286;1;1;1500.0000;1;None;None
2132;27112022 18:09;1;102286;1;1;1500.0000;1;None;None
3709;27112022 18:11;1;102286;1;1;1500.0000;1;None;None
2132;27112022 18:09;1;102296;1;1;2800.0000;1;None;None
3733;27112022 19:19;1;102296;1;1;2800.0000;1;None;None
3733;27112022 19:19;1;102296;1;1;2800.0000;1;None;None
2081;27112022 13:05;1;102296;1;1;2800.0000;1;None;None
2066;27112022 12:41;1;102314;1;1;9300.0000;1;None;None
3637;27112022 12:43;1;102314;1;1;8800.0000;1;None;None
3637;27112022 12:43;1;102314;1;1;8800.0000;1;None;None
3713;27112022 18:26;1;102315;1;1;1500.0000;1;None;None
3746;27112022 19:43;1;102315;1;1;1500.0000;1;None;None
3635;27112022 12:30;1;102349;1;1;16800.0000;1;None;None
3621;27112022 11:16;1;102349;1;1;17700.0000;1;None;None
3683;27112022 16:35;1;102349;1;2;35400.0000;1;None;None
2130;27112022 18:01;1;102361;1;1;17700.0000;1;None;None
3747;27112022 19:44;1;102361;1;1;17700.0000;1;None;None
2052;27112022 12:24;1;102361;1;1;17700.0000;1;None;None
3626;27112022 11:27;1;102456;1;1;17700.0000;1;None;None
3737;27112022 19:21;1;102456;1;1;17700.0000;1;None;None
2080;27112022 12:55;1;102456;1;1;17700.0000;1;None;None
2069;27112022 12:44;1;102457;1;1;17700.0000;1;None;None
2069;27112022 12:44;1;102457;1;1;17700.0000;1;None;None
2089;27112022 13:15;1;102457;1;1;17700.0000;1;None;None
3720;27112022 18:41;1;102457;1;1;17700.0000;1;None;None
2138;27112022 20:12;1;102457;1;-1;-17700.0000;1;None;None
2138;27112022 20:12;1;102457;1;-1;-17700.0000;1;None;None
3757;27112022 20:00;1;102457;1;1;17700.0000;1;None;None
2068;27112022 12:43;1;102457;1;1;17700.0000;1;None;None
2068;27112022 12:43;1;102457;1;1;17700.0000;1;None;None
2048;27112022 12:18;1;102458;1;1;19800.0000;1;None;None
3765;27112022 20:10;1;102458;1;1;19800.0000;1;None;None
3745;27112022 19:43;1;102458;1;1;19800.0000;1;None;None
3749;27112022 19:50;1;102458;1;1;19800.0000;1;None;None
2143;27112022 20:19;1;102458;1;-1;-18800.0000;1;None;None
2143;27112022 20:19;1;102458;1;-1;-18800.0000;1;None;None
3640;27112022 13:33;1;102458;1;1;18800.0000;1;None;None
3659;27112022 15:25;1;102458;1;2;37600.0000;1;None;None
2114;27112022 15:32;1;102458;1;1;18800.0000;1;None;None
2114;27112022 15:32;1;102458;1;1;18800.0000;1;None;None
3640;27112022 13:33;1;102459;1;1;16800.0000;1;None;None
2054;27112022 12:26;1;102495;1;1;33500.0000;1;None;None
3637;27112022 12:43;1;102498;1;1;32800.0000;1;None;None
3637;27112022 12:43;1;102498;1;1;32800.0000;1;None;None
2054;27112022 12:26;1;102501;1;1;40900.0000;1;None;None
2119;27112022 16:29;1;102502;1;1;48300.0000;1;None;None
2110;27112022 14:49;1;102522;1;1;10400.0000;1;None;None
3604;27112022 09:55;1;102522;1;2;20800.0000;1;None;None
3595;27112022 08:05;1;102522;1;1;10400.0000;1;None;None
3611;27112022 10:29;1;102522;1;3;31200.0000;1;None;None
3609;27112022 10:18;1;102522;1;1;10400.0000;1;None;None
2102;27112022 13:50;1;102534;1;1;34600.0000;1;None;None
3745;27112022 19:43;8;102540;1;1;35500.0000;1;None;None
3598;27112022 08:32;1;102554;1;2;19600.0000;1;None;None
3603;27112022 09:48;1;102554;1;1;10400.0000;1;None;None
2072;27112022 12:45;3;102619;1;1;6100.0000;1;None;None
2118;27112022 16:28;3;102619;1;1;6100.0000;1;None;None
3657;27112022 15:04;3;102630;1;1;8800.0000;1;None;None
3688;27112022 17:07;3;102630;1;1;9300.0000;1;None;None
3603;27112022 09:48;3;102635;1;1;8200.0000;1;None;None
3600;27112022 09:27;3;102635;1;3;24600.0000;1;None;None
3613;27112022 10:46;3;102635;1;1;8200.0000;1;None;None
2096;27112022 13:33;3;102635;1;1;7800.0000;1;None;None
2096;27112022 13:33;3;102635;1;1;7800.0000;1;None;None
2050;27112022 12:21;3;102644;1;1;6100.0000;1;None;None
3643;27112022 13:52;3;102644;1;5;29000.0000;1;None;None
3704;27112022 18:06;3;102644;1;1;6100.0000;1;None;None
3715;27112022 18:28;3;102651;1;1;9300.0000;1;None;None
2109;27112022 14:47;1;102666;1;1;33500.0000;1;None;None
3595;27112022 08:05;1;102666;1;1;33500.0000;1;None;None
3603;27112022 09:48;1;102670;1;1;36700.0000;1;None;None
3607;27112022 10:15;1;102670;1;1;34800.0000;1;None;None
3613;27112022 10:46;1;102670;1;1;36700.0000;1;None;None
2050;27112022 12:21;1;102670;1;1;36700.0000;1;None;None
2046;27112022 12:17;1;102670;1;1;36700.0000;1;None;None
3651;27112022 14:32;1;102670;1;4;139200.0000;1;None;None
2091;27112022 13:22;1;102670;1;1;34800.0000;1;None;None
2071;27112022 12:45;1;102670;1;1;36700.0000;1;None;None
2079;27112022 12:55;1;102670;1;1;36700.0000;1;None;None
2078;27112022 12:54;1;102670;1;1;36700.0000;1;None;None
2075;27112022 12:49;1;102670;1;1;36700.0000;1;None;None
3729;27112022 19:05;1;102670;1;1;36700.0000;1;None;None
3743;27112022 19:33;1;102670;1;1;36700.0000;1;None;None
3693;27112022 17:13;1;102671;1;1;39800.0000;1;None;None
3620;27112022 11:10;1;102671;1;1;39800.0000;1;None;None
2041;27112022 10:49;1;102671;1;1;37800.0000;1;None;None
2078;27112022 12:54;1;102672;1;1;34600.0000;1;None;None
3643;27112022 13:52;1;102672;1;1;32800.0000;1;None;None
3643;27112022 13:52;1;102672;1;1;32800.0000;1;None;None
3643;27112022 13:52;1;102672;1;1;32800.0000;1;None;None
3688;27112022 17:07;1;102673;1;1;37700.0000;1;None;None
2110;27112022 14:49;1;102673;1;1;37700.0000;1;None;None
3615;27112022 11:03;1;102675;1;2;58600.0000;1;None;None
3612;27112022 10:45;1;102675;1;1;29300.0000;1;None;None
3609;27112022 10:18;1;102675;1;1;29300.0000;1;None;None
3595;27112022 08:05;1;102675;1;1;29300.0000;1;None;None
2065;27112022 12:40;1;102675;1;1;29300.0000;1;None;None
2065;27112022 12:40;1;102675;1;1;29300.0000;1;None;None
3734;27112022 19:20;1;102675;1;1;29300.0000;1;None;None
2108;27112022 14:46;1;102675;1;1;29300.0000;1;None;None
3673;27112022 16:01;1;102675;1;3;83400.0000;1;None;None
2125;27112022 17:47;1;102675;1;1;29300.0000;1;None;None
3651;27112022 14:32;1;102675;1;1;27800.0000;1;None;None
3651;27112022 14:32;1;102675;1;1;27800.0000;1;None;None
2081;27112022 13:05;1;102675;1;1;27800.0000;1;None;None
2088;27112022 13:14;1;102675;1;1;29300.0000;1;None;None
2098;27112022 13:44;1;102676;1;1;31400.0000;1;None;None
3664;27112022 15:36;1;102676;1;1;29800.0000;1;None;None
2063;27112022 12:38;1;102676;1;1;31400.0000;1;None;None
2059;27112022 12:31;1;102676;1;1;31400.0000;1;None;None
3601;27112022 09:36;1;102676;1;1;31400.0000;1;None;None
3605;27112022 10:00;1;102676;1;2;62800.0000;1;None;None
3619;27112022 11:08;1;102676;1;1;31400.0000;1;None;None
2061;27112022 12:34;1;102677;1;1;34600.0000;1;None;None
2061;27112022 12:34;1;102677;1;1;34600.0000;1;None;None
2051;27112022 12:22;1;102677;1;1;34600.0000;1;None;None
3669;27112022 15:56;1;102677;1;1;34600.0000;1;None;None
2096;27112022 13:33;1;102677;1;1;32800.0000;1;None;None
2085;27112022 13:12;1;102677;1;1;34600.0000;1;None;None
3709;27112022 18:11;1;102678;1;1;37700.0000;1;None;None
2141;27112022 20:14;1;102678;1;-1;-35800.0000;1;None;None
2084;27112022 13:11;1;102678;1;1;37700.0000;1;None;None
3638;27112022 13:10;1;102678;1;1;35800.0000;1;None;None
3650;27112022 14:23;1;102678;1;1;35800.0000;1;None;None
2045;27112022 12:14;1;102678;1;1;37700.0000;1;None;None
3606;27112022 10:11;1;102678;1;1;35800.0000;1;None;None
3604;27112022 09:55;1;102678;1;1;37700.0000;1;None;None
2065;27112022 12:40;1;102679;1;1;34600.0000;1;None;None
3606;27112022 10:11;1;102680;1;1;35800.0000;1;None;None
2098;27112022 13:44;1;102680;1;1;37700.0000;1;None;None
2075;27112022 12:49;1;102680;1;1;37700.0000;1;None;None
2075;27112022 12:49;1;102680;1;1;37700.0000;1;None;None
3675;27112022 16:07;1;102680;1;1;37700.0000;1;None;None
3744;27112022 19:41;1;102680;1;1;37700.0000;1;None;None
2070;27112022 12:44;1;102684;1;1;17700.0000;1;None;None
2134;27112022 19:31;1;102687;1;1;33800.0000;1;None;None
3665;27112022 15:37;1;102687;1;1;33800.0000;1;None;None
3644;27112022 13:53;8;102692;1;1;31800.0000;1;None;None
3644;27112022 13:53;8;102692;1;1;31800.0000;1;None;None
3749;27112022 19:50;8;102692;1;1;33400.0000;1;None;None
3764;27112022 20:06;8;102692;1;1;33400.0000;1;None;None
3767;27112022 20:16;8;102696;1;1;14500.0000;1;None;None
3670;27112022 15:58;8;102696;1;4;58000.0000;1;None;None
2095;27112022 13:29;1;102701;1;1;34600.0000;1;None;None
3739;27112022 19:25;1;102701;1;1;32800.0000;1;None;None
2050;27112022 12:21;1;102701;1;1;34600.0000;1;None;None
2064;27112022 12:40;1;102726;1;1;47200.0000;1;None;None
2052;27112022 12:24;3;102747;1;1;5100.0000;1;None;None
2053;27112022 12:24;3;102747;1;1;5100.0000;1;None;None
2053;27112022 12:24;3;102747;1;1;5100.0000;1;None;None
3612;27112022 10:45;3;102747;1;1;5100.0000;1;None;None
3704;27112022 18:06;3;102747;1;1;5100.0000;1;None;None
2074;27112022 12:47;3;102747;1;1;5100.0000;1;None;None
2078;27112022 12:54;3;102747;1;1;5100.0000;1;None;None
2078;27112022 12:54;3;102747;1;1;5100.0000;1;None;None
3675;27112022 16:07;3;102747;1;1;5100.0000;1;None;None
2049;27112022 12:20;8;102790;1;1;37600.0000;1;None;None
2132;27112022 18:09;8;102790;1;1;35800.0000;1;None;None
3745;27112022 19:43;8;102790;1;1;37600.0000;1;None;None
3757;27112022 20:00;8;102797;1;1;57600.0000;1;None;None
3721;27112022 18:46;8;102797;1;1;54800.0000;1;None;None
3731;27112022 19:08;1;102814;1;1;45100.0000;1;None;None
3613;27112022 10:46;3;102886;1;1;6100.0000;1;None;None
3609;27112022 10:18;3;102886;1;1;6100.0000;1;None;None
3611;27112022 10:29;3;102886;1;2;12200.0000;1;None;None
3612;27112022 10:45;3;102887;1;1;11400.0000;1;None;None
3595;27112022 08:05;3;102887;1;2;22800.0000;1;None;None
3733;27112022 19:19;1;102902;1;1;28800.0000;1;None;None
3638;27112022 13:10;1;102902;1;2;57600.0000;1;None;None
3649;27112022 14:17;1;102902;1;2;57600.0000;1;None;None
2097;27112022 13:41;1;102903;1;1;29800.0000;1;None;None
2097;27112022 13:41;1;102903;1;1;29800.0000;1;None;None
2107;27112022 14:43;1;102903;1;1;29800.0000;1;None;None
3733;27112022 19:19;1;102903;1;1;29800.0000;1;None;None
3751;27112022 19:52;8;102997;1;1;10300.0000;1;None;None
3772;27112022 20:27;8;103023;1;1;45800.0000;1;None;None
3737;27112022 19:21;8;103023;1;1;48100.0000;1;None;None
3701;27112022 17:37;8;103023;1;1;48100.0000;1;None;None
3638;27112022 13:10;8;103023;1;1;45800.0000;1;None;None
3641;27112022 13:36;8;103028;1;1;49800.0000;1;None;None
3609;27112022 10:18;1;103041;1;1;10400.0000;1;None;None
2064;27112022 12:40;1;103083;1;1;31400.0000;1;None;None
3643;27112022 13:52;1;103083;1;1;29800.0000;1;None;None
2104;27112022 14:04;1;103090;1;3;23400.0000;1;None;None
2104;27112022 14:04;1;103092;1;4;35200.0000;1;None;None
2104;27112022 14:04;1;103100;1;4;35200.0000;1;None;None
3648;27112022 14:08;1;103104;1;1;29800.0000;1;None;None
2081;27112022 13:05;1;103104;1;1;29800.0000;1;None;None
2053;27112022 12:24;1;103104;1;1;31300.0000;1;None;None
2053;27112022 12:24;1;103104;1;1;31300.0000;1;None;None
2056;27112022 12:28;1;103104;1;1;31300.0000;1;None;None
2056;27112022 12:28;1;103104;1;1;31300.0000;1;None;None
3621;27112022 11:16;1;103104;1;1;31300.0000;1;None;None
2052;27112022 12:24;1;103134;1;1;31400.0000;1;None;None
3736;27112022 19:21;1;103134;1;1;31400.0000;1;None;None
3721;27112022 18:46;1;103134;1;1;29800.0000;1;None;None
3748;27112022 19:48;1;103134;1;1;31400.0000;1;None;None
2096;27112022 13:33;1;103134;1;1;29800.0000;1;None;None
2130;27112022 18:01;1;103134;1;1;31400.0000;1;None;None
3683;27112022 16:35;1;103134;1;1;31400.0000;1;None;None
3655;27112022 14:49;1;103134;1;1;29800.0000;1;None;None
3634;27112022 12:20;1;103400;1;1;7800.0000;1;None;None
3746;27112022 19:43;1;103419;1;1;52300.0000;1;None;None
2106;27112022 14:20;1;103429;1;1;47800.0000;1;None;None
2106;27112022 14:20;1;103434;1;2;67600.0000;1;None;None
3636;27112022 12:40;1;103449;1;1;29800.0000;1;None;None
2081;27112022 13:05;1;103449;1;1;29800.0000;1;None;None
2072;27112022 12:45;1;103449;1;1;31300.0000;1;None;None
3683;27112022 16:35;1;103449;1;1;31300.0000;1;None;None
2125;27112022 17:47;1;103449;1;1;31300.0000;1;None;None
3730;27112022 19:05;1;103449;1;1;31300.0000;1;None;None
2107;27112022 14:43;1;103450;1;1;39800.0000;1;None;None
3648;27112022 14:08;1;103450;1;1;39800.0000;1;None;None
3711;27112022 18:18;1;103452;1;1;33400.0000;1;None;None
3756;27112022 20:00;1;103471;1;1;34500.0000;1;None;None
2087;27112022 13:13;1;103472;1;1;43900.0000;1;None;None
2064;27112022 12:40;1;103472;1;1;43900.0000;1;None;None
2045;27112022 12:14;6;103488;1;1;0.0000;1;None;None
2045;27112022 12:14;6;103488;1;1;0.0000;1;None;None
2054;27112022 12:26;6;103488;1;1;0.0000;1;None;None
2088;27112022 13:14;6;103488;1;1;0.0000;1;None;None
2073;27112022 12:46;6;103488;1;1;0.0000;1;None;None
2097;27112022 13:41;6;103488;1;1;0.0000;1;None;None
2097;27112022 13:41;6;103488;1;1;0.0000;1;None;None
2107;27112022 14:43;6;103488;1;1;0.0000;1;None;None
2119;27112022 16:29;6;103488;1;1;0.0000;1;None;None
3695;27112022 17:15;6;103488;1;1;0.0000;1;None;None
3688;27112022 17:07;6;103488;1;1;0.0000;1;None;None
3733;27112022 19:19;6;103488;1;1;0.0000;1;None;None
3637;27112022 12:43;6;103494;1;1;0.0000;1;None;None
3637;27112022 12:43;6;103494;1;1;0.0000;1;None;None
3644;27112022 13:53;8;103539;1;1;29800.0000;1;None;None
3737;27112022 19:21;8;103539;1;1;30300.0000;1;None;None
3732;27112022 19:11;8;103539;1;1;30300.0000;1;None;None
2097;27112022 13:41;8;103547;1;1;66800.0000;1;None;None
3731;27112022 19:08;1;103567;1;1;33500.0000;1;None;None
3710;27112022 18:16;1;103567;1;1;33500.0000;1;None;None
2049;27112022 12:20;8;103615;1;1;36600.0000;1;None;None
2068;27112022 12:43;8;103615;1;1;36600.0000;1;None;None
3732;27112022 19:11;8;103615;1;1;36600.0000;1;None;None
3724;27112022 18:50;8;103615;1;1;36600.0000;1;None;None
3758;27112022 20:01;8;103615;1;1;36600.0000;1;None;None
3760;27112022 20:03;8;103615;1;1;36600.0000;1;None;None
2138;27112022 20:12;8;103615;1;-1;-36600.0000;1;None;None
3778;27112022 21:01;8;103615;1;-1;-36600.0000;1;None;None
2144;27112022 20:31;8;103615;1;1;36600.0000;1;None;None
3770;27112022 20:25;8;103615;1;1;36600.0000;1;None;None
3774;27112022 20:28;8;103615;1;1;36600.0000;1;None;None
3644;27112022 13:53;8;103615;1;1;34800.0000;1;None;None
2069;27112022 12:44;8;103615;1;1;36600.0000;1;None;None
3690;27112022 17:08;8;103615;1;1;36600.0000;1;None;None
3682;27112022 16:31;8;103615;1;1;36600.0000;1;None;None
2128;27112022 17:56;8;103615;1;1;36600.0000;1;None;None
3768;27112022 20:17;8;103690;1;1;41800.0000;1;None;None
3626;27112022 11:27;8;103746;1;1;36800.0000;1;None;None
3774;27112022 20:28;8;103746;1;1;36800.0000;1;None;None
2144;27112022 20:31;8;103746;1;1;36800.0000;1;None;None
3778;27112022 21:01;8;103746;1;-1;-36800.0000;1;None;None
3745;27112022 19:43;8;103746;1;1;36800.0000;1;None;None
3701;27112022 17:37;8;103746;1;1;36800.0000;1;None;None
2121;27112022 16:49;8;103746;1;1;36800.0000;1;None;None
2099;27112022 13:44;1;103750;1;1;14600.0000;1;None;None
3634;27112022 12:20;1;103750;1;1;13800.0000;1;None;None
2134;27112022 19:31;1;103759;1;1;10800.0000;1;None;None
3740;27112022 19:27;1;103763;1;1;15600.0000;1;None;None
3642;27112022 13:42;1;103763;1;1;14800.0000;1;None;None
3713;27112022 18:26;1;103773;1;1;10400.0000;1;None;None
2049;27112022 12:20;1;103782;1;1;27200.0000;1;None;None
3704;27112022 18:06;1;103784;1;1;31400.0000;1;None;None
3714;27112022 18:26;1;103786;1;1;36700.0000;1;None;None
3683;27112022 16:35;1;103788;1;1;37700.0000;1;None;None
3638;27112022 13:10;1;103788;1;1;35800.0000;1;None;None
2069;27112022 12:44;1;103791;1;1;39800.0000;1;None;None
2068;27112022 12:43;1;103791;1;1;39800.0000;1;None;None
3711;27112022 18:18;1;103791;1;1;39800.0000;1;None;None
2138;27112022 20:12;1;103791;1;-1;-39800.0000;1;None;None
2047;27112022 12:17;1;103791;1;1;39800.0000;1;None;None
2045;27112022 12:14;1;103831;1;1;39800.0000;1;None;None
2060;27112022 12:33;1;103846;1;1;44000.0000;1;None;None
2143;27112022 20:19;8;103867;1;-1;-26800.0000;1;None;None
3770;27112022 20:25;8;103867;1;1;28200.0000;1;None;None
3745;27112022 19:43;8;103867;1;1;28200.0000;1;None;None
3759;27112022 20:02;8;103867;1;1;28200.0000;1;None;None
3716;27112022 18:29;8;103867;1;1;28200.0000;1;None;None
3724;27112022 18:50;8;103867;1;1;28200.0000;1;None;None
2082;27112022 13:09;8;103867;1;1;26800.0000;1;None;None
2094;27112022 13:29;8;103867;1;1;28200.0000;1;None;None
3690;27112022 17:08;8;103867;1;1;28200.0000;1;None;None
2128;27112022 17:56;8;103867;1;1;28200.0000;1;None;None
3701;27112022 17:37;8;103867;1;1;28200.0000;1;None;None
2115;27112022 15:56;8;103867;1;1;26800.0000;1;None;None
2114;27112022 15:32;8;103867;1;1;26800.0000;1;None;None
3658;27112022 15:05;8;103867;1;1;28200.0000;1;None;None
3659;27112022 15:25;8;103867;1;1;26800.0000;1;None;None
2058;27112022 12:30;1;104004;1;1;16700.0000;1;None;None
3655;27112022 14:49;1;104004;1;1;15800.0000;1;None;None
3709;27112022 18:11;1;104004;1;1;16700.0000;1;None;None
2050;27112022 12:21;1;104221;1;1;15600.0000;1;None;None
2108;27112022 14:46;8;104259;1;1;14500.0000;1;None;None
3644;27112022 13:53;8;104259;1;1;13800.0000;1;None;None
2101;27112022 13:46;1;104261;1;1;19800.0000;1;None;None
2089;27112022 13:15;1;104261;1;1;19800.0000;1;None;None
3764;27112022 20:06;1;104261;1;1;19800.0000;1;None;None
3596;27112022 08:17;1;104272;1;1;4000.0000;1;None;None
3596;27112022 08:20;1;104272;1;-1;-4000.0000;1;None;None
3762;27112022 20:05;1;104272;1;7;28000.0000;1;None;None
3705;27112022 18:07;1;104272;1;1;4000.0000;1;None;None
3722;27112022 18:47;1;104272;1;1;4000.0000;1;None;None
3727;27112022 19:01;1;104272;1;1;4000.0000;1;None;None
2083;27112022 13:10;1;104272;1;1;4000.0000;1;None;None
3671;27112022 15:59;1;104272;1;1;4000.0000;1;None;None
3678;27112022 16:20;1;104272;1;1;4000.0000;1;None;None
2124;27112022 17:47;1;104272;1;1;4000.0000;1;None;None
3692;27112022 17:12;1;104272;1;1;4000.0000;1;None;None
3684;27112022 16:38;1;104272;1;1;4000.0000;1;None;None
3666;27112022 15:47;1;104293;1;1;46200.0000;1;None;None
2081;27112022 13:05;1;104294;1;1;59800.0000;1;None;None
3707;27112022 18:10;1;104294;1;1;63000.0000;1;None;None
3640;27112022 13:33;1;104429;1;2;5600.0000;1;None;None
2092;27112022 13:27;1;104431;1;1;17800.0000;1;None;None
2092;27112022 13:27;1;104431;1;1;17800.0000;1;None;None
3658;27112022 15:05;1;104431;1;1;18800.0000;1;None;None
3688;27112022 17:07;1;104431;1;1;18800.0000;1;None;None
3624;27112022 11:24;1;104551;1;4;37200.0000;1;None;None
2104;27112022 14:04;1;104551;1;3;26400.0000;1;None;None
3640;27112022 13:33;1;104619;1;1;0.0000;1;None;None
3640;27112022 13:33;1;104619;1;1;0.0000;1;None;None
2076;27112022 12:49;1;104619;1;1;0.0000;1;None;None
2053;27112022 12:24;1;104619;1;1;0.0000;1;None;None
2053;27112022 12:24;1;104619;1;1;0.0000;1;None;None
2056;27112022 12:28;1;104619;1;1;0.0000;1;None;None
2056;27112022 12:28;1;104619;1;1;0.0000;1;None;None
2049;27112022 12:20;8;104655;1;1;37600.0000;1;None;None
2068;27112022 12:43;8;104655;1;1;37600.0000;1;None;None
2080;27112022 12:55;8;104655;1;1;37600.0000;1;None;None
2069;27112022 12:44;8;104655;1;1;37600.0000;1;None;None
2094;27112022 13:29;8;104655;1;1;37600.0000;1;None;None
3717;27112022 18:32;8;104655;1;1;37600.0000;1;None;None
3763;27112022 20:05;8;104655;1;1;37600.0000;1;None;None
3764;27112022 20:06;8;104655;1;1;37600.0000;1;None;None
2138;27112022 20:12;8;104655;1;-1;-37600.0000;1;None;None
3757;27112022 20:00;8;104655;1;1;37600.0000;1;None;None
3752;27112022 19:53;8;104655;1;3;112800.0000;1;None;None
3753;27112022 19:54;8;104655;1;1;37600.0000;1;None;None
3774;27112022 20:28;8;104655;1;1;37600.0000;1;None;None
3776;27112022 20:53;8;104655;1;1;37600.0000;1;None;None
3778;27112022 21:01;8;104655;1;-1;-37600.0000;1;None;None
2144;27112022 20:31;8;104655;1;1;37600.0000;1;None;None
2119;27112022 16:29;6;104683;1;1;0.0000;1;None;None
3626;27112022 11:27;8;104728;1;1;7200.0000;1;None;None
2049;27112022 12:20;1;104730;1;1;16700.0000;1;None;None
2057;27112022 12:29;1;104742;1;1;23000.0000;1;None;None
2057;27112022 12:29;1;104742;1;1;23000.0000;1;None;None
3621;27112022 11:16;1;104742;1;1;23000.0000;1;None;None
3644;27112022 13:53;8;104785;1;1;3800.0000;1;None;None
3644;27112022 13:53;8;104785;1;1;3800.0000;1;None;None
3644;27112022 13:53;8;104785;1;1;3800.0000;1;None;None
3644;27112022 13:53;8;104785;1;1;3800.0000;1;None;None
2144;27112022 20:31;8;104791;1;2;4800.0000;1;None;None
3774;27112022 20:28;8;104791;1;3;7200.0000;1;None;None
2144;27112022 20:31;8;104791;1;1;2400.0000;1;None;None
3778;27112022 21:01;8;104791;1;-3;-7200.0000;1;None;None
3772;27112022 20:27;8;104791;1;1;2200.0000;1;None;None
3770;27112022 20:25;8;104791;1;1;2400.0000;1;None;None
3770;27112022 20:25;8;104791;1;1;2400.0000;1;None;None
3767;27112022 20:16;8;104791;1;1;2400.0000;1;None;None
3749;27112022 19:50;8;104791;1;1;2400.0000;1;None;None
3749;27112022 19:50;8;104791;1;1;2400.0000;1;None;None
3717;27112022 18:32;8;104791;1;1;2400.0000;1;None;None
2048;27112022 12:18;8;104791;1;1;2400.0000;1;None;None
3719;27112022 18:40;1;104810;1;1;17800.0000;1;None;None
3719;27112022 18:40;1;104814;1;1;15700.0000;1;None;None
3654;27112022 14:44;1;104878;1;1;41800.0000;1;None;None
2081;27112022 13:05;1;104916;1;1;41800.0000;1;None;None
3638;27112022 13:10;1;105023;1;1;55800.0000;1;None;None
2107;27112022 14:43;1;105065;1;1;0.0000;1;None;None
2119;27112022 16:29;1;105204;1;1;2800.0000;1;None;None
2119;27112022 16:29;1;105204;1;1;2800.0000;1;None;None
3733;27112022 19:19;1;105204;1;1;2800.0000;1;None;None
3733;27112022 19:19;1;105204;1;1;2800.0000;1;None;None
2081;27112022 13:05;1;105406;1;1;22800.0000;1;None;None
3640;27112022 13:33;1;105421;1;2;33600.0000;1;None;None
2115;27112022 15:56;8;105424;1;1;56800.0000;1;None;None
3688;27112022 17:07;1;105647;1;1;65100.0000;1;None;None
3640;27112022 13:33;1;105647;1;1;61800.0000;1;None;None
3640;27112022 13:33;1;105647;1;1;61800.0000;1;None;None
3725;27112022 18:55;1;105686;1;1;54400.0000;1;None;None
3768;27112022 20:17;8;105731;1;1;0.0000;1;None;None
3629;27112022 11:39;1;106023;1;1;17700.0000;1;None;None
2086;27112022 13:12;1;106043;1;1;6900.0000;1;None;None
2086;27112022 13:12;1;106043;1;1;6900.0000;1;None;None
2086;27112022 13:12;1;106043;1;1;6900.0000;1;None;None
2086;27112022 13:12;1;106043;1;1;6900.0000;1;None;None
3638;27112022 13:10;8;106077;1;1;32800.0000;1;None;None
3641;27112022 13:36;8;106077;1;1;32800.0000;1;None;None
3758;27112022 20:01;8;106077;1;1;34500.0000;1;None;None
2091;27112022 13:22;1;106352;1;1;73500.0000;1;None;None
2107;27112022 14:43;1;106353;1;1;69800.0000;1;None;None
3648;27112022 14:08;1;106356;1;1;0.0000;1;None;None
3706;27112022 18:09;1;106416;1;1;20900.0000;1;None;None
3687;27112022 17:05;1;106416;1;1;20900.0000;1;None;None
3706;27112022 18:09;1;106419;1;1;29900.0000;1;None;None
2066;27112022 12:41;1;106424;1;1;27200.0000;1;None;None
2066;27112022 12:41;1;106438;1;1;23000.0000;1;None;None
3687;27112022 17:05;1;106438;1;1;23000.0000;1;None;None
3649;27112022 14:17;1;106611;1;1;16800.0000;1;None;None
2079;27112022 12:55;1;106611;1;1;16800.0000;1;None;None
2075;27112022 12:49;1;106611;1;1;16800.0000;1;None;None
3744;27112022 19:41;1;106611;1;1;16800.0000;1;None;None
3728;27112022 19:04;8;106653;1;1;12400.0000;1;None;None
2049;27112022 12:20;1;106881;1;1;24800.0000;1;None;None
2062;27112022 12:36;6;106923;1;1;0.0000;1;None;None
2062;27112022 12:36;8;107226;1;1;35500.0000;1;None;None
2062;27112022 12:36;8;107228;1;1;0.0000;1;None;None
2058;27112022 12:30;8;107228;1;1;0.0000;1;None;None
3728;27112022 19:04;8;107228;1;1;0.0000;1;None;None
3638;27112022 13:10;8;107228;1;1;0.0000;1;None;None
2089;27112022 13:15;8;107228;1;1;0.0000;1;None;None
3682;27112022 16:31;8;107228;1;1;0.0000;1;None;None
2107;27112022 14:43;8;107228;1;1;0.0000;1;None;None
2062;27112022 12:36;8;107229;1;1;0.0000;1;None;None
2062;27112022 12:36;8;107236;1;1;0.0000;1;None;None
2062;27112022 12:36;8;107242;1;1;0.0000;1;None;None
3638;27112022 13:10;8;107254;1;1;2800.0000;1;None;None
3644;27112022 13:53;8;107259;1;1;2500.0000;1;None;None
3644;27112022 13:53;8;107259;1;1;2500.0000;1;None;None
3682;27112022 16:31;8;107266;1;1;2100.0000;1;None;None
3638;27112022 13:10;8;107298;1;1;39800.0000;1;None;None
2058;27112022 12:30;8;107926;1;1;39700.0000;1;None;None
3682;27112022 16:31;8;107926;1;1;39700.0000;1;None;None
2107;27112022 14:43;8;107928;1;1;49800.0000;1;None;None
3657;27112022 15:04;1;108219;1;1;1200.0000;1;None;None
3638;27112022 13:10;1;108219;1;1;1200.0000;1;None;None
2132;27112022 18:09;1;108219;1;1;1200.0000;1;None;None
3602;27112022 09:47;1;108351;1;1;19800.0000;1;None;None
3600;27112022 09:27;1;108353;1;1;19800.0000;1;None;None
3631;27112022 11:59;1;108449;1;1;13700.0000;1;None;None
3631;27112022 11:59;1;108449;1;1;13700.0000;1;None;None
3705;27112022 18:07;1;108449;1;1;13700.0000;1;None;None
3722;27112022 18:47;1;108449;1;1;13700.0000;1;None;None
3727;27112022 19:01;1;108449;1;1;13700.0000;1;None;None
3754;27112022 19:55;1;108449;1;1;13700.0000;1;None;None
2083;27112022 13:10;1;108449;1;1;13700.0000;1;None;None
3660;27112022 15:26;1;108449;1;1;13700.0000;1;None;None
2113;27112022 14:54;1;108449;1;1;13700.0000;1;None;None
3671;27112022 15:59;1;108449;1;1;13700.0000;1;None;None
3668;27112022 15:55;1;108449;1;1;13700.0000;1;None;None
2116;27112022 16:27;1;108449;1;1;13700.0000;1;None;None
3678;27112022 16:20;1;108449;1;1;13700.0000;1;None;None
3677;27112022 16:16;1;108449;1;1;13700.0000;1;None;None
3672;27112022 15:59;1;108449;1;1;13700.0000;1;None;None
3686;27112022 17:03;1;108449;1;1;13700.0000;1;None;None
3692;27112022 17:12;1;108449;1;1;13700.0000;1;None;None
3691;27112022 17:12;1;108449;1;1;13700.0000;1;None;None
3689;27112022 17:07;1;108449;1;1;13700.0000;1;None;None
2124;27112022 17:47;1;108449;1;1;13700.0000;1;None;None
2126;27112022 17:51;1;108449;1;1;13700.0000;1;None;None
2129;27112022 17:59;1;108449;1;1;13700.0000;1;None;None
3702;27112022 17:38;1;108449;1;1;13700.0000;1;None;None
2123;27112022 17:46;1;108449;1;1;13700.0000;1;None;None
3699;27112022 17:34;1;108449;1;2;27400.0000;1;None;None
3617;27112022 11:07;1;108568;1;1;1800.0000;1;None;None
3765;27112022 20:10;8;108648;1;1;15600.0000;1;None;None
3765;27112022 20:10;8;108648;1;1;15600.0000;1;None;None
3751;27112022 19:52;8;108651;1;1;14500.0000;1;None;None
2117;27112022 16:27;8;108651;1;1;14500.0000;1;None;None
3751;27112022 19:52;8;108652;1;2;31200.0000;1;None;None
3751;27112022 19:52;8;108653;1;1;15600.0000;1;None;None
3765;27112022 20:10;8;108653;1;1;15600.0000;1;None;None
3759;27112022 20:02;8;108653;1;1;15600.0000;1;None;None
3755;27112022 19:59;8;108653;1;1;15600.0000;1;None;None
3662;27112022 15:30;8;108653;1;1;15600.0000;1;None;None
2089;27112022 13:15;8;108653;1;1;15600.0000;1;None;None
2089;27112022 13:15;8;108660;1;1;20800.0000;1;None;None
3728;27112022 19:04;8;108660;1;1;20800.0000;1;None;None
3622;27112022 11:19;1;108698;1;1;24700.0000;1;None;None
3676;27112022 16:11;1;108698;1;1;24700.0000;1;None;None
3700;27112022 17:35;1;108698;1;1;24700.0000;1;None;None
3703;27112022 18:06;1;108698;1;1;24700.0000;1;None;None
3688;27112022 17:07;1;108824;1;1;13800.0000;1;None;None
3643;27112022 13:52;1;108824;1;1;13800.0000;1;None;None
3643;27112022 13:52;1;108824;1;1;13800.0000;1;None;None
3649;27112022 14:17;1;108824;1;1;13800.0000;1;None;None
3709;27112022 18:11;1;108824;1;1;13800.0000;1;None;None
3599;27112022 09:00;1;108829;1;1;9300.0000;1;None;None
2092;27112022 13:27;1;108883;1;1;48800.0000;1;None;None
2076;27112022 12:49;1;109270;1;1;26606.0000;1;None;None
2076;27112022 12:49;1;109270;1;1;26606.0000;1;None;None
2076;27112022 12:49;1;109270;1;1;26606.0000;1;None;None
2094;27112022 13:29;8;109295;1;1;37600.0000;1;None;None
3670;27112022 15:58;8;109295;1;2;75200.0000;1;None;None
3741;27112022 19:28;8;109295;1;1;37600.0000;1;None;None
3741;27112022 19:28;8;109295;1;1;37600.0000;1;None;None
3758;27112022 20:01;8;109295;1;1;37600.0000;1;None;None
3768;27112022 20:17;8;109295;1;1;37600.0000;1;None;None
3769;27112022 20:17;8;109295;1;1;37600.0000;1;None;None
2060;27112022 12:33;1;109433;1;1;31960.0000;1;None;None
2064;27112022 12:40;1;109433;1;1;31960.0000;1;None;None
3747;27112022 19:44;1;109433;1;1;31960.0000;1;None;None
3643;27112022 13:52;1;109547;1;1;31800.0000;1;None;None
2101;27112022 13:46;1;109563;1;1;74200.0000;1;None;None
3662;27112022 15:30;1;109563;1;1;74200.0000;1;None;None
3694;27112022 17:13;1;109563;1;1;74200.0000;1;None;None
3755;27112022 19:59;1;109563;1;1;74200.0000;1;None;None
3717;27112022 18:32;1;109563;1;1;74200.0000;1;None;None
3635;27112022 12:30;1;109574;1;1;29800.0000;1;None;None
3635;27112022 12:30;1;109574;1;1;29800.0000;1;None;None
2045;27112022 12:14;1;109580;1;1;35350.0000;1;None;None
3695;27112022 17:15;1;109580;1;1;35350.0000;1;None;None
3688;27112022 17:07;1;109580;1;1;35350.0000;1;None;None
2119;27112022 16:29;1;109580;1;1;35350.0000;1;None;None
2073;27112022 12:46;1;109580;1;1;35350.0000;1;None;None
2088;27112022 13:14;1;109580;1;1;35350.0000;1;None;None
3656;27112022 14:58;1;109593;1;1;31800.0000;1;None;None
3659;27112022 15:25;1;109594;1;1;41800.0000;1;None;None
2114;27112022 15:32;1;109594;1;1;41800.0000;1;None;None
2143;27112022 20:19;1;109594;1;-1;-41800.0000;1;None;None
2125;27112022 17:47;3;200009;1;1;6800.0000;1;None;None
3744;27112022 19:41;3;200644;1;1;5800.0000;1;None;None
3740;27112022 19:27;3;201146;1;1;5800.0000;1;None;None
2055;27112022 12:27;3;201210;10;1;6800.0000;1;None;None
2106;27112022 14:20;3;201210;10;2;11600.0000;1;None;None
2106;27112022 14:20;3;201237;1;2;11600.0000;1;None;None
2068;27112022 12:43;3;201420;10;1;6800.0000;1;None;None
2068;27112022 12:43;3;201420;10;1;6800.0000;1;None;None
3619;27112022 11:08;3;201420;10;1;6800.0000;1;None;None
2093;27112022 13:28;3;201420;10;1;6800.0000;1;None;None
2081;27112022 13:05;3;201420;10;1;5800.0000;1;None;None
2081;27112022 13:05;3;201420;10;1;5800.0000;1;None;None
2081;27112022 13:05;3;201420;10;1;5800.0000;1;None;None
2081;27112022 13:05;3;201420;10;1;5800.0000;1;None;None
2069;27112022 12:44;3;201420;10;1;6800.0000;1;None;None
2069;27112022 12:44;3;201420;10;1;6800.0000;1;None;None
2110;27112022 14:49;3;201420;10;1;6800.0000;1;None;None
2117;27112022 16:27;3;201420;10;1;6800.0000;1;None;None
3743;27112022 19:33;3;201420;10;1;6800.0000;1;None;None
3716;27112022 18:29;3;201420;10;1;6800.0000;1;None;None
3715;27112022 18:28;3;201420;10;1;6800.0000;1;None;None
2132;27112022 18:09;3;201420;10;1;5800.0000;1;None;None
3748;27112022 19:48;3;201420;10;1;6800.0000;1;None;None
3763;27112022 20:05;3;201420;10;1;6800.0000;1;None;None
2138;27112022 20:12;3;201420;10;-2;-13600.0000;1;None;None
2107;27112022 14:43;3;201422;1;1;5800.0000;1;None;None
2107;27112022 14:43;2;201615;1;1;9800.0000;1;None;None
2107;27112022 14:43;2;201615;1;1;9800.0000;1;None;None
2107;27112022 14:43;2;201615;1;1;9800.0000;1;None;None
2107;27112022 14:43;2;201615;1;1;9800.0000;1;None;None
2107;27112022 14:43;2;201615;1;1;9800.0000;1;None;None
2107;27112022 14:43;2;201615;1;1;9800.0000;1;None;None
2097;27112022 13:41;2;201615;1;1;9800.0000;1;None;None
2097;27112022 13:41;2;201615;1;1;9800.0000;1;None;None
3729;27112022 19:05;3;202112;1;1;6800.0000;1;None;None
3642;27112022 13:42;3;202133;1;2;13600.0000;1;None;None
3655;27112022 14:49;3;202133;1;1;6800.0000;1;None;None
3655;27112022 14:49;3;202133;1;1;6800.0000;1;None;None
3598;27112022 08:32;9;802020;1;1;3500.0000;1;None;None
2041;27112022 10:49;9;802020;1;1;6760.0000;1;None;None
3606;27112022 10:11;9;802020;1;1;7160.0000;1;None;None
3636;27112022 12:40;9;802020;1;1;3500.0000;1;None;None
3635;27112022 12:30;9;802020;1;1;7920.0000;1;None;None
3634;27112022 12:20;9;802020;1;1;3500.0000;1;None;None
3655;27112022 14:49;9;802020;1;1;5920.0000;1;None;None
3654;27112022 14:44;9;802020;1;1;4180.0000;1;None;None
2107;27112022 14:43;9;802020;1;1;10000.0000;1;None;None
3659;27112022 15:25;9;802020;1;1;10000.0000;1;None;None
3657;27112022 15:04;9;802020;1;1;6530.0000;1;None;None
3656;27112022 14:58;9;802020;1;1;3500.0000;1;None;None
3673;27112022 16:01;9;802020;1;1;8340.0000;1;None;None
2115;27112022 15:56;9;802020;1;1;10000.0000;1;None;None
3665;27112022 15:37;9;802020;1;1;3500.0000;1;None;None
3664;27112022 15:36;9;802020;1;1;4660.0000;1;None;None
3642;27112022 13:42;9;802020;1;1;7820.0000;1;None;None
3641;27112022 13:36;9;802020;1;1;8260.0000;1;None;None
3640;27112022 13:33;9;802020;1;1;10000.0000;1;None;None
2096;27112022 13:33;9;802020;1;1;7820.0000;1;None;None
2092;27112022 13:27;9;802020;1;1;10000.0000;1;None;None
2091;27112022 13:22;9;802020;1;1;10000.0000;1;None;None
2106;27112022 14:20;9;802020;1;1;10000.0000;1;None;None
3650;27112022 14:23;9;802020;1;1;3580.0000;1;None;None
3651;27112022 14:32;9;802020;1;1;10000.0000;1;None;None
3649;27112022 14:17;9;802020;1;1;8820.0000;1;None;None
3648;27112022 14:08;9;802020;1;1;6960.0000;1;None;None
2104;27112022 14:04;9;802020;1;1;10000.0000;1;None;None
3643;27112022 13:52;9;802020;1;1;10000.0000;1;None;None
3644;27112022 13:53;9;802020;1;1;10000.0000;1;None;None
3637;27112022 12:43;9;802020;1;1;8320.0000;1;None;None
2081;27112022 13:05;9;802020;1;1;10000.0000;1;None;None
2082;27112022 13:09;9;802020;1;1;4360.0000;1;None;None
3638;27112022 13:10;9;802020;1;1;10000.0000;1;None;None
2134;27112022 19:31;9;802020;1;1;4460.0000;1;None;None
3739;27112022 19:25;9;802020;1;1;3830.0000;1;None;None
3733;27112022 19:19;9;802020;1;1;7280.0000;1;None;None
2132;27112022 18:09;9;802020;1;1;9720.0000;1;None;None
3721;27112022 18:46;9;802020;1;1;9040.0000;1;None;None
2141;27112022 20:14;9;802020;1;1;-3580.0000;1;None;None
2143;27112022 20:19;9;802020;1;1;-10000.0000;1;None;None
