24892;2023-01-04 19:30:14.990000;7;1001;1;1;0.0000;1;17185.0000;None;185600.0000
24885;2023-01-04 15:47:47.220000;7;1001;1;1;0.0000;1;14778.0000;None;159600.0000
24881;2023-01-04 13:14:35.033000;7;1001;1;1;0.0000;1;16685.0000;None;180200.0000
24876;2023-01-04 12:21:48.550000;7;1001;1;1;0.0000;1;10482.0000;None;113200.0000
24875;2023-01-04 12:14:09.827000;7;1001;1;1;0.0000;1;10296.0000;None;111200.0000
24888;2023-01-04 17:38:22.953000;7;1135;1;1;0.0000;1;21926.0000;None;236800.0000
24875;2023-01-04 12:14:09.827000;7;1135;1;1;0.0000;1;10296.0000;None;111200.0000
24875;2023-01-04 12:17:13.137000;7;1135;1;1;0.0000;1;10296.0000;None;111200.0000
24876;2023-01-04 12:21:48.550000;7;1135;1;1;0.0000;1;10482.0000;None;113200.0000
12065;2023-01-04 12:34:04.187000;7;1135;1;1;0.0000;1;None;None;64500.0000
12065;2023-01-04 12:34:04.187000;7;1135;1;1;0.0000;1;None;None;64500.0000
24885;2023-01-04 15:47:47.220000;7;1135;1;1;0.0000;1;14778.0000;None;159600.0000
24883;2023-01-04 14:42:36.087000;7;1135;1;1;None;1;21889.0000;None;236400.0000
24889;2023-01-04 17:59:29.083000;7;1157;1;1;0.0000;1;None;None;52600.0000
24885;2023-01-04 16:04:00.380000;7;1220;1;1;0.0000;1;14778.0000;None;159600.0000
24885;2023-01-04 16:04:00.380000;7;1220;1;1;0.0000;1;14778.0000;None;159600.0000
24882;2023-01-04 13:30:49.230000;7;1220;1;1;0.0000;1;4037.0000;None;43600.0000
24882;2023-01-04 13:30:49.230000;7;1220;1;1;0.0000;1;4037.0000;None;43600.0000
24876;2023-01-04 12:32:34.940000;7;1220;1;1;0.0000;1;10482.0000;None;113200.0000
24876;2023-01-04 12:32:34.940000;7;1220;1;1;0.0000;1;10482.0000;None;113200.0000
24875;2023-01-04 12:25:21.370000;7;1220;1;1;0.0000;1;10296.0000;None;111200.0000
12067;2023-01-04 13:34:40.427000;7;1319;1;1;0.0000;1;None;None;25000.0000
12067;2023-01-04 13:34:40.427000;7;1319;1;1;0.0000;1;None;None;25000.0000
12069;2023-01-04 14:09:45.740000;7;1319;1;1;0.0000;1;None;None;41700.0000
12069;2023-01-04 14:09:45.740000;7;1319;1;1;0.0000;1;None;None;41700.0000
12071;2023-01-04 18:03:07.820000;7;1319;1;1;0.0000;1;None;None;76300.0000
12071;2023-01-04 18:03:07.820000;7;1319;1;1;0.0000;1;None;None;76300.0000
24889;2023-01-04 17:59:29.083000;7;2034;1;1;0.0000;1;None;None;52600.0000
24888;2023-01-04 17:38:22.953000;7;2042;1;1;0.0000;1;21926.0000;None;236800.0000
24880;2023-01-04 13:03:55.167000;7;2042;1;1;0.0000;1;8444.0000;None;91200.0000
24880;2023-01-04 13:03:55.167000;7;2042;1;1;0.0000;1;8444.0000;None;91200.0000
12068;2023-01-04 14:22:13.977000;3;100607;1;2;13600.0000;1;46982.0000;None;507400.0000
24888;2023-01-04 17:46:40.273000;3;100607;1;1;6800.0000;1;21926.0000;None;236800.0000
12068;2023-01-04 14:22:13.977000;3;100614;1;2;11600.0000;1;46982.0000;None;507400.0000
24883;2023-01-04 14:28:59.037000;3;100614;1;1;5800.0000;1;21889.0000;None;236400.0000
12068;2023-01-04 13:44:06.247000;1;101007;1;1;59800.0000;1;46982.0000;None;507400.0000
12068;2023-01-04 13:28:40.927000;1;101270;1;1;0.0000;1;46982.0000;None;507400.0000
12068;2023-01-04 13:58:31.627000;1;101270;1;1;0.0000;1;46982.0000;None;507400.0000
24888;2023-01-04 17:56:33.930000;1;102141;1;1;3800.0000;1;21926.0000;None;236800.0000
24892;2023-01-04 19:30:14.990000;1;102141;1;1;3800.0000;1;17185.0000;None;185600.0000
24888;2023-01-04 17:38:22.953000;1;102158;1;1;6800.0000;1;21926.0000;None;236800.0000
24877;2023-01-04 12:57:00.710000;1;102172;1;1;4800.0000;1;12870.0000;None;139000.0000
24892;2023-01-04 19:30:14.990000;1;103351;1;1;36800.0000;1;17185.0000;None;185600.0000
24880;2023-01-04 13:03:55.167000;1;103351;1;1;36800.0000;1;8444.0000;None;91200.0000
24880;2023-01-04 13:03:55.167000;1;103351;1;1;36800.0000;1;8444.0000;None;91200.0000
24882;2023-01-04 13:18:09.800000;1;103351;1;1;36800.0000;1;4037.0000;None;43600.0000
12069;2023-01-04 14:09:45.740000;1;103856;1;1;34500.0000;1;None;None;41700.0000
24881;2023-01-04 15:28:45.803000;1;103993;1;1;16800.0000;1;16685.0000;None;180200.0000
24883;2023-01-04 14:42:36.087000;1;104337;1;1;46800.0000;1;21889.0000;None;236400.0000
24884;2023-01-04 14:44:25.180000;1;104341;1;1;39800.0000;1;6722.0000;None;72600.0000
24886;2023-01-04 16:12:55.037000;1;104341;1;1;39800.0000;1;7370.0000;None;79600.0000
24876;2023-01-04 12:21:48.550000;1;104341;1;1;39800.0000;1;10482.0000;None;113200.0000
24875;2023-01-04 12:14:09.827000;1;104341;1;1;39800.0000;1;10296.0000;None;111200.0000
24892;2023-01-04 19:30:14.990000;1;104341;1;1;39800.0000;1;17185.0000;None;185600.0000
24889;2023-01-04 17:59:29.083000;1;104347;1;1;43800.0000;1;None;None;52600.0000
12068;2023-01-04 13:07:13.897000;1;104347;1;4;175200.0000;1;46982.0000;None;507400.0000
24879;2023-01-04 13:01:59.433000;3;104355;1;1;10800.0000;1;6778.0000;None;73200.0000
24888;2023-01-04 17:38:22.953000;3;104355;1;1;10800.0000;1;21926.0000;None;236800.0000
24891;2023-01-04 19:09:21.147000;3;104355;1;1;10800.0000;1;2185.0000;None;23600.0000
24881;2023-01-04 13:14:35.033000;1;104357;1;1;44800.0000;1;16685.0000;None;180200.0000
12065;2023-01-04 12:34:04.187000;1;104413;1;1;1900.0000;1;None;None;64500.0000
24877;2023-01-04 12:57:00.710000;1;104447;1;1;56800.0000;1;12870.0000;None;139000.0000
24888;2023-01-04 17:38:22.953000;1;104447;1;1;56800.0000;1;21926.0000;None;236800.0000
24888;2023-01-04 17:38:22.953000;1;104450;1;1;22800.0000;1;21926.0000;None;236800.0000
24885;2023-01-04 15:47:47.220000;1;104450;1;1;22800.0000;1;14778.0000;None;159600.0000
12068;2023-01-04 14:22:13.977000;3;104554;1;2;9600.0000;1;46982.0000;None;507400.0000
24883;2023-01-04 14:42:36.087000;1;104974;1;1;45800.0000;1;21889.0000;None;236400.0000
24888;2023-01-04 17:38:22.953000;1;106866;1;1;27800.0000;1;21926.0000;None;236800.0000
24885;2023-01-04 15:47:47.220000;1;106866;1;1;27800.0000;1;14778.0000;None;159600.0000
12067;2023-01-04 13:34:40.427000;1;107823;1;1;25000.0000;1;None;None;25000.0000
24888;2023-01-04 17:38:22.953000;1;107827;1;1;49800.0000;1;21926.0000;None;236800.0000
24892;2023-01-04 19:30:14.990000;1;107827;1;1;49800.0000;1;17185.0000;None;185600.0000
12068;2023-01-04 13:44:06.247000;1;107827;1;1;49800.0000;1;46982.0000;None;507400.0000
24876;2023-01-04 12:21:48.550000;1;107831;1;1;55800.0000;1;10482.0000;None;113200.0000
12065;2023-01-04 12:34:04.187000;1;107836;1;1;20800.0000;1;None;None;64500.0000
12065;2023-01-04 12:34:04.187000;1;107839;1;1;41800.0000;1;None;None;64500.0000
12068;2023-01-04 13:07:13.897000;1;107839;1;2;79600.0000;1;46982.0000;None;507400.0000
24886;2023-01-04 16:12:55.037000;1;107839;1;1;39800.0000;1;7370.0000;None;79600.0000
24885;2023-01-04 16:09:17.880000;1;107839;1;1;39800.0000;1;14778.0000;None;159600.0000
24888;2023-01-04 17:38:22.953000;1;107839;1;1;39800.0000;1;21926.0000;None;236800.0000
12071;2023-01-04 18:03:07.820000;1;107839;1;1;41800.0000;1;None;None;76300.0000
24885;2023-01-04 15:47:47.220000;1;107840;1;1;42800.0000;1;14778.0000;None;159600.0000
24884;2023-01-04 14:44:25.180000;1;107846;1;1;32800.0000;1;6722.0000;None;72600.0000
12071;2023-01-04 18:03:07.820000;1;107846;1;1;34500.0000;1;None;None;76300.0000
24889;2023-01-04 17:59:29.083000;3;107873;1;1;8800.0000;1;None;None;52600.0000
24885;2023-01-04 15:47:47.220000;3;107873;1;1;8800.0000;1;14778.0000;None;159600.0000
24885;2023-01-04 15:47:47.220000;3;107873;1;1;8800.0000;1;14778.0000;None;159600.0000
24885;2023-01-04 16:22:49.677000;3;107873;1;1;8800.0000;1;14778.0000;None;159600.0000
24879;2023-01-04 13:01:59.433000;3;107873;1;1;8800.0000;1;6778.0000;None;73200.0000
24880;2023-01-04 13:03:55.167000;3;107873;1;1;8800.0000;1;8444.0000;None;91200.0000
24880;2023-01-04 13:03:55.167000;3;107873;1;1;8800.0000;1;8444.0000;None;91200.0000
24877;2023-01-04 12:57:00.710000;3;107873;1;1;8800.0000;1;12870.0000;None;139000.0000
24877;2023-01-04 12:57:00.710000;3;107873;1;1;8800.0000;1;12870.0000;None;139000.0000
24876;2023-01-04 12:21:48.550000;3;107873;1;1;8800.0000;1;10482.0000;None;113200.0000
24876;2023-01-04 12:21:48.550000;3;107873;1;1;8800.0000;1;10482.0000;None;113200.0000
24879;2023-01-04 13:01:59.433000;1;108321;1;1;26800.0000;1;6778.0000;None;73200.0000
24879;2023-01-04 13:01:59.433000;1;108321;1;1;26800.0000;1;6778.0000;None;73200.0000
24883;2023-01-04 15:13:21.793000;3;108325;1;1;16800.0000;1;21889.0000;None;236400.0000
24877;2023-01-04 12:57:00.710000;1;109155;1;1;59800.0000;1;12870.0000;None;139000.0000
24883;2023-01-04 14:42:36.087000;1;109243;1;1;42800.0000;1;21889.0000;None;236400.0000
24883;2023-01-04 14:42:36.087000;1;109336;1;1;59800.0000;1;21889.0000;None;236400.0000
24875;2023-01-04 12:17:13.137000;1;109336;1;1;59800.0000;1;10296.0000;None;111200.0000
24881;2023-01-04 13:14:35.033000;1;109336;1;1;59800.0000;1;16685.0000;None;180200.0000
24892;2023-01-04 19:30:14.990000;1;109450;1;1;31800.0000;1;17185.0000;None;185600.0000
24891;2023-01-04 19:09:21.147000;2;200480;1;1;12800.0000;1;2185.0000;None;23600.0000
24883;2023-01-04 14:28:59.037000;2;200480;1;1;12800.0000;1;21889.0000;None;236400.0000
12068;2023-01-04 13:58:31.627000;3;200644;1;1;5800.0000;1;46982.0000;None;507400.0000
12068;2023-01-04 13:28:40.927000;3;200644;1;1;5800.0000;1;46982.0000;None;507400.0000
24881;2023-01-04 13:47:36.337000;3;200644;1;1;5800.0000;1;16685.0000;None;180200.0000
24875;2023-01-04 12:14:09.827000;3;200644;1;1;5800.0000;1;10296.0000;None;111200.0000
24875;2023-01-04 12:14:09.827000;3;201146;1;1;5800.0000;1;10296.0000;None;111200.0000
24881;2023-01-04 13:10:20.483000;3;201146;1;1;5800.0000;1;16685.0000;None;180200.0000
24883;2023-01-04 14:42:36.087000;3;201146;1;1;5800.0000;1;21889.0000;None;236400.0000
24892;2023-01-04 19:30:14.990000;2;201187;1;1;9800.0000;1;17185.0000;None;185600.0000
24881;2023-01-04 13:10:20.483000;3;201206;1;1;5800.0000;1;16685.0000;None;180200.0000
24882;2023-01-04 13:18:09.800000;3;201211;1;1;6800.0000;1;4037.0000;None;43600.0000
24888;2023-01-04 17:38:22.953000;3;201269;1;1;5800.0000;1;21926.0000;None;236800.0000
24888;2023-01-04 16:34:52.107000;3;201277;1;1;5800.0000;1;21926.0000;None;236800.0000
12069;2023-01-04 14:09:45.740000;3;201420;1;1;7200.0000;1;None;None;41700.0000
12068;2023-01-04 13:25:35.427000;2;201615;1;5;69000.0000;1;46982.0000;None;507400.0000
12068;2023-01-04 12:57:53.187000;2;201615;1;1;13800.0000;1;46982.0000;None;507400.0000
12068;2023-01-04 12:57:53.187000;2;201615;1;1;13800.0000;1;46982.0000;None;507400.0000
24881;2023-01-04 15:50:33.753000;2;201615;1;1;13800.0000;1;16685.0000;None;180200.0000
24881;2023-01-04 14:54:27.730000;2;201615;1;1;13800.0000;1;16685.0000;None;180200.0000
24881;2023-01-04 15:24:26.623000;2;201615;1;1;13800.0000;1;16685.0000;None;180200.0000
24892;2023-01-04 19:30:14.990000;2;201959;1;1;13800.0000;1;17185.0000;None;185600.0000
12066;2023-01-04 13:05:43.877000;1;202274;1;1;1728.0000;1;None;None;1728.0000
12070;2023-01-04 15:02:35.977000;1;202274;1;17;29376.0000;1;None;None;29376.0000
