24962;2023-01-07 13:16:13.133000;7;1001;1;1;0.0000;1;15370.0000;None;166000.0000
24976;2023-01-07 20:27:36.150000;7;1001;1;1;0.0000;1;18315.0000;None;197800.0000
24975;2023-01-07 20:26:14.637000;7;1001;1;1;0.0000;1;12778.0000;None;138000.0000
24980;2023-01-07 21:54:32.680000;7;1001;1;1;0.0000;1;13796.0000;None;149000.0000
24979;2023-01-07 21:28:45.563000;7;1001;1;1;0.0000;1;27408.0000;None;296000.0000
24979;2023-01-07 21:33:06.007000;7;1001;1;1;0.0000;1;27408.0000;None;296000.0000
24971;2023-01-07 17:59:42.007000;7;1001;1;1;0.0000;1;12833.0000;None;138600.0000
24972;2023-01-07 18:21:45.490000;7;1001;1;1;0.0000;1;14537.0000;None;157000.0000
24973;2023-01-07 18:38:46.930000;7;1001;1;1;0.0000;1;20056.0000;None;216600.0000
24970;2023-01-07 17:37:48.563000;7;1001;1;1;0.0000;1;12444.0000;None;134400.0000
24964;2023-01-07 14:42:03.927000;7;1001;1;1;0.0000;1;12519.0000;None;135200.0000
24974;2023-01-07 18:55:48.603000;7;1039;1;1;0.0000;1;None;None;16800.0000
12108;2023-01-07 13:30:57.240000;7;1090;1;1;0.0000;1;None;None;295700.0000
12108;2023-01-07 13:30:57.240000;7;1101;1;1;0.0000;1;None;None;295700.0000
12108;2023-01-07 13:30:57.240000;7;1101;1;1;0.0000;1;None;None;295700.0000
24961;2023-01-07 12:47:02.360000;7;1135;1;1;0.0000;1;8537.0000;None;92200.0000
12108;2023-01-07 13:30:57.240000;7;1135;1;1;0.0000;1;None;None;295700.0000
12111;2023-01-07 14:19:50.430000;7;1135;1;1;0.0000;1;None;None;131800.0000
24964;2023-01-07 14:42:03.927000;7;1135;1;1;0.0000;1;12519.0000;None;135200.0000
12113;2023-01-07 16:18:40.840000;7;1135;1;1;0.0000;1;None;None;86800.0000
24961;2023-01-07 12:42:30.847000;7;1207;1;1;0.0000;1;8537.0000;None;92200.0000
24975;2023-01-07 20:35:30.797000;7;1220;1;1;0.0000;1;12778.0000;None;138000.0000
24975;2023-01-07 20:35:30.797000;7;1220;1;1;0.0000;1;12778.0000;None;138000.0000
12113;2023-01-07 16:18:40.840000;7;1319;1;1;0.0000;1;None;None;86800.0000
12111;2023-01-07 14:19:50.430000;7;1319;1;1;0.0000;1;None;None;131800.0000
12111;2023-01-07 14:19:50.430000;7;1319;1;1;0.0000;1;None;None;131800.0000
12108;2023-01-07 13:30:57.240000;7;1319;1;1;0.0000;1;None;None;295700.0000
12108;2023-01-07 13:30:57.240000;7;1319;1;1;0.0000;1;None;None;295700.0000
12109;2023-01-07 13:57:27.540000;7;1319;1;1;0.0000;1;None;None;148300.0000
12109;2023-01-07 13:57:27.540000;7;1319;1;1;0.0000;1;None;None;148300.0000
12114;2023-01-07 17:43:59.643000;7;1319;1;1;0.0000;1;None;None;52300.0000
12114;2023-01-07 17:43:59.643000;7;1319;1;1;0.0000;1;None;None;52300.0000
24973;2023-01-07 18:38:46.930000;7;2018;1;1;0.0000;1;20056.0000;None;216600.0000
24973;2023-01-07 18:38:46.930000;7;2018;1;1;0.0000;1;20056.0000;None;216600.0000
24973;2023-01-07 18:38:46.930000;7;2018;1;1;0.0000;1;20056.0000;None;216600.0000
24976;2023-01-07 21:09:33.227000;7;2042;1;1;0.0000;1;18315.0000;None;197800.0000
24968;2023-01-07 17:17:18.823000;3;100606;1;1;6800.0000;1;4370.0000;None;47200.0000
24968;2023-01-07 17:17:18.823000;3;100606;1;1;6800.0000;1;4370.0000;None;47200.0000
24976;2023-01-07 20:41:22.953000;1;101007;1;1;59800.0000;1;18315.0000;None;197800.0000
12108;2023-01-07 13:30:57.240000;1;101007;1;1;62800.0000;1;None;None;295700.0000
24962;2023-01-07 13:10:32.800000;1;101270;1;1;0.0000;1;15370.0000;None;166000.0000
12112;2023-01-07 14:48:23.143000;1;102239;1;1;5800.0000;1;None;None;11600.0000
12112;2023-01-07 14:48:23.143000;1;102239;1;1;5800.0000;1;None;None;11600.0000
24970;2023-01-07 17:37:48.563000;2;103225;1;1;45800.0000;1;12444.0000;None;134400.0000
24969;2023-01-07 17:28:09.780000;1;103351;1;1;36800.0000;1;3852.0000;None;41600.0000
12109;2023-01-07 13:57:27.540000;1;103351;1;1;38700.0000;1;None;None;148300.0000
24975;2023-01-07 20:26:14.637000;1;103351;1;1;36800.0000;1;12778.0000;None;138000.0000
24978;2023-01-07 21:20:19.940000;1;103351;1;1;36800.0000;1;19945.0000;None;215400.0000
24961;2023-01-07 13:09:38.973000;1;103993;1;1;16800.0000;1;8537.0000;None;92200.0000
12108;2023-01-07 13:30:57.240000;1;103993;1;1;17700.0000;1;None;None;295700.0000
12108;2023-01-07 13:30:57.240000;1;103993;1;1;17700.0000;1;None;None;295700.0000
24968;2023-01-07 17:17:18.823000;1;103993;1;1;16800.0000;1;4370.0000;None;47200.0000
24968;2023-01-07 17:17:18.823000;1;103993;1;1;16800.0000;1;4370.0000;None;47200.0000
24974;2023-01-07 18:55:48.603000;1;103993;1;1;16800.0000;1;None;None;16800.0000
24975;2023-01-07 20:26:14.637000;1;104347;1;1;43800.0000;1;12778.0000;None;138000.0000
24978;2023-01-07 21:20:19.940000;3;104355;1;1;10800.0000;1;19945.0000;None;215400.0000
24979;2023-01-07 21:33:06.007000;3;104355;1;1;10800.0000;1;27408.0000;None;296000.0000
24979;2023-01-07 21:33:06.007000;3;104355;1;1;10800.0000;1;27408.0000;None;296000.0000
24979;2023-01-07 21:35:20.453000;3;104355;1;1;10800.0000;1;27408.0000;None;296000.0000
24980;2023-01-07 21:54:32.680000;3;104355;1;1;10800.0000;1;13796.0000;None;149000.0000
12109;2023-01-07 13:57:27.540000;3;104355;1;1;11400.0000;1;None;None;148300.0000
24963;2023-01-07 14:21:02.967000;3;104355;1;1;10800.0000;1;22019.0000;None;237800.0000
24962;2023-01-07 13:16:13.133000;1;104357;1;1;44800.0000;1;15370.0000;None;166000.0000
24980;2023-01-07 22:16:37.413000;1;104357;1;1;44800.0000;1;13796.0000;None;149000.0000
24976;2023-01-07 20:27:36.150000;1;104357;1;1;44800.0000;1;18315.0000;None;197800.0000
24965;2023-01-07 15:43:32.027000;1;104447;1;1;56800.0000;1;11500.0000;None;124200.0000
24965;2023-01-07 15:43:32.027000;1;104447;1;1;56800.0000;1;11500.0000;None;124200.0000
24970;2023-01-07 17:37:48.563000;1;104447;1;1;56800.0000;1;12444.0000;None;134400.0000
24969;2023-01-07 17:28:09.780000;3;104554;1;1;4800.0000;1;3852.0000;None;41600.0000
24965;2023-01-07 15:43:32.027000;3;104554;1;1;4800.0000;1;11500.0000;None;124200.0000
24966;2023-01-07 16:21:45.173000;1;104974;1;1;45800.0000;1;10482.0000;None;113200.0000
24963;2023-01-07 14:21:02.967000;1;105696;1;1;69800.0000;1;22019.0000;None;237800.0000
24963;2023-01-07 14:21:02.967000;1;105696;1;1;69800.0000;1;22019.0000;None;237800.0000
24963;2023-01-07 14:21:02.967000;1;105696;1;1;69800.0000;1;22019.0000;None;237800.0000
12111;2023-01-07 14:19:50.430000;1;106358;1;1;38700.0000;1;None;None;131800.0000
12109;2023-01-07 13:57:27.540000;1;106358;1;1;38700.0000;1;None;None;148300.0000
12113;2023-01-07 16:18:40.840000;1;107827;1;1;52300.0000;1;None;None;86800.0000
24964;2023-01-07 14:39:29.197000;1;107827;1;1;49800.0000;1;12519.0000;None;135200.0000
24967;2023-01-07 16:32:14.893000;1;107827;1;1;49800.0000;1;9370.0000;None;101200.0000
12114;2023-01-07 17:43:59.643000;1;107827;1;1;52300.0000;1;None;None;52300.0000
24972;2023-01-07 18:21:45.490000;1;107827;1;1;49800.0000;1;14537.0000;None;157000.0000
12108;2023-01-07 13:30:57.240000;1;107831;1;1;58600.0000;1;None;None;295700.0000
24977;2023-01-07 21:15:18.717000;1;107831;1;1;55800.0000;1;5167.0000;None;55800.0000
24979;2023-01-07 21:33:06.007000;1;107831;1;1;55800.0000;1;27408.0000;None;296000.0000
24979;2023-01-07 21:33:06.007000;1;107831;1;1;55800.0000;1;27408.0000;None;296000.0000
24964;2023-01-07 14:39:29.197000;1;107831;1;1;55800.0000;1;12519.0000;None;135200.0000
12111;2023-01-07 14:19:50.430000;1;107831;1;1;58600.0000;1;None;None;131800.0000
12108;2023-01-07 13:30:57.240000;1;107833;1;1;52300.0000;1;None;None;295700.0000
24964;2023-01-07 14:42:03.927000;1;107836;1;1;19800.0000;1;12519.0000;None;135200.0000
12108;2023-01-07 13:30:57.240000;1;107839;1;1;41800.0000;1;None;None;295700.0000
12109;2023-01-07 13:57:27.540000;1;107839;1;1;41800.0000;1;None;None;148300.0000
12110;2023-01-07 14:11:12.160000;1;107839;1;1;39800.0000;1;3685.0000;None;39800.0000
24967;2023-01-07 16:19:06.303000;1;107839;1;1;39800.0000;1;9370.0000;None;101200.0000
24978;2023-01-07 21:20:19.940000;1;107840;1;1;42800.0000;1;19945.0000;None;215400.0000
24979;2023-01-07 21:28:45.563000;1;107840;1;1;42800.0000;1;27408.0000;None;296000.0000
24972;2023-01-07 18:21:45.490000;1;107840;1;1;42800.0000;1;14537.0000;None;157000.0000
12111;2023-01-07 14:19:50.430000;1;107846;1;1;34500.0000;1;None;None;131800.0000
12113;2023-01-07 16:18:40.840000;1;107846;1;1;34500.0000;1;None;None;86800.0000
24963;2023-01-07 14:21:02.967000;3;107873;1;1;8800.0000;1;22019.0000;None;237800.0000
24963;2023-01-07 14:21:02.967000;3;107873;1;1;8800.0000;1;22019.0000;None;237800.0000
24973;2023-01-07 18:38:46.930000;3;107873;1;3;26400.0000;1;20056.0000;None;216600.0000
24972;2023-01-07 18:13:15.030000;3;107873;1;1;8800.0000;1;14537.0000;None;157000.0000
24972;2023-01-07 18:13:15.030000;3;107873;1;1;8800.0000;1;14537.0000;None;157000.0000
24979;2023-01-07 21:28:37.507000;3;107873;1;1;8800.0000;1;27408.0000;None;296000.0000
24979;2023-01-07 21:28:37.507000;3;107873;1;1;8800.0000;1;27408.0000;None;296000.0000
24978;2023-01-07 21:20:19.940000;3;107873;1;1;8800.0000;1;19945.0000;None;215400.0000
24975;2023-01-07 20:26:14.637000;3;107873;1;1;8800.0000;1;12778.0000;None;138000.0000
24975;2023-01-07 20:26:14.637000;3;107873;1;1;8800.0000;1;12778.0000;None;138000.0000
24973;2023-01-07 18:38:46.930000;1;107893;1;1;54800.0000;1;20056.0000;None;216600.0000
12108;2023-01-07 13:30:57.240000;1;108015;1;1;3000.0000;1;None;None;295700.0000
24978;2023-01-07 21:20:19.940000;1;108054;1;1;28800.0000;1;19945.0000;None;215400.0000
24973;2023-01-07 18:38:46.930000;1;108054;1;1;28800.0000;1;20056.0000;None;216600.0000
24969;2023-01-07 17:28:09.780000;3;108170;1;1;0.0000;1;3852.0000;None;41600.0000
24971;2023-01-07 17:59:42.007000;3;108191;1;1;0.0000;1;12833.0000;None;138600.0000
24971;2023-01-07 19:49:58.870000;3;108191;1;1;0.0000;1;12833.0000;None;138600.0000
24971;2023-01-07 18:48:38.623000;3;108191;2;1;0.0000;1;12833.0000;None;138600.0000
24975;2023-01-07 20:26:14.637000;1;108314;1;1;39800.0000;1;12778.0000;None;138000.0000
24966;2023-01-07 16:18:53.990000;1;108314;1;1;39800.0000;1;10482.0000;None;113200.0000
12108;2023-01-07 13:30:57.240000;None;108314;None;1;41800.0000;1;None;None;295700.0000
24979;2023-01-07 21:33:06.007000;1;108314;1;1;39800.0000;1;27408.0000;None;296000.0000
24980;2023-01-07 21:54:32.680000;1;108319;1;1;79800.0000;1;13796.0000;None;149000.0000
24971;2023-01-07 17:59:42.007000;1;108319;1;1;79800.0000;1;12833.0000;None;138600.0000
24961;2023-01-07 12:42:30.847000;1;108321;1;1;26800.0000;1;8537.0000;None;92200.0000
24962;2023-01-07 13:16:13.133000;1;108323;1;1;49800.0000;1;15370.0000;None;166000.0000
12109;2023-01-07 13:57:27.540000;3;108325;1;1;17700.0000;1;None;None;148300.0000
24973;2023-01-07 18:38:46.930000;1;109155;1;1;59800.0000;1;20056.0000;None;216600.0000
24978;2023-01-07 21:20:19.940000;1;109155;1;1;59800.0000;1;19945.0000;None;215400.0000
24976;2023-01-07 20:41:22.953000;1;109155;1;1;59800.0000;1;18315.0000;None;197800.0000
24970;2023-01-07 17:37:48.563000;1;109156;1;1;31800.0000;1;12444.0000;None;134400.0000
24961;2023-01-07 12:47:02.360000;1;109243;1;1;42800.0000;1;8537.0000;None;92200.0000
24973;2023-01-07 18:38:46.930000;1;109245;1;1;46800.0000;1;20056.0000;None;216600.0000
24972;2023-01-07 18:21:45.490000;1;109245;1;1;46800.0000;1;14537.0000;None;157000.0000
24979;2023-01-07 21:33:06.007000;1;109246;1;1;51800.0000;1;27408.0000;None;296000.0000
24962;2023-01-07 13:16:13.133000;1;109246;1;1;51800.0000;1;15370.0000;None;166000.0000
24962;2023-01-07 13:10:32.800000;3;200644;1;1;5800.0000;1;15370.0000;None;166000.0000
24961;2023-01-07 12:42:30.847000;3;200644;1;1;5800.0000;1;8537.0000;None;92200.0000
24971;2023-01-07 19:49:58.870000;2;201187;1;1;9800.0000;1;12833.0000;None;138600.0000
24971;2023-01-07 19:49:58.870000;2;201187;1;1;9800.0000;1;12833.0000;None;138600.0000
24971;2023-01-07 18:48:38.623000;2;201187;1;1;9800.0000;1;12833.0000;None;138600.0000
24971;2023-01-07 18:48:38.623000;2;201187;1;1;9800.0000;1;12833.0000;None;138600.0000
24971;2023-01-07 17:59:42.007000;2;201187;1;1;9800.0000;1;12833.0000;None;138600.0000
24971;2023-01-07 17:59:42.007000;2;201187;1;1;9800.0000;1;12833.0000;None;138600.0000
24964;2023-01-07 15:02:49.300000;2;201187;1;1;9800.0000;1;12519.0000;None;135200.0000
24967;2023-01-07 17:04:33.687000;3;201206;1;1;5800.0000;1;9370.0000;None;101200.0000
24967;2023-01-07 16:19:06.303000;3;201206;1;1;5800.0000;1;9370.0000;None;101200.0000
24976;2023-01-07 21:09:33.227000;3;201206;1;1;5800.0000;1;18315.0000;None;197800.0000
24980;2023-01-07 22:23:50.697000;3;201211;1;1;6800.0000;1;13796.0000;None;149000.0000
24980;2023-01-07 21:54:32.680000;3;201211;1;1;6800.0000;1;13796.0000;None;149000.0000
24965;2023-01-07 15:43:32.027000;3;201261;1;1;5800.0000;1;11500.0000;None;124200.0000
24976;2023-01-07 20:27:36.150000;2;201615;1;1;13800.0000;1;18315.0000;None;197800.0000
24976;2023-01-07 20:27:36.150000;2;201615;1;1;13800.0000;1;18315.0000;None;197800.0000
24978;2023-01-07 21:20:19.940000;2;201615;1;1;13800.0000;1;19945.0000;None;215400.0000
24978;2023-01-07 21:20:19.940000;2;201615;1;1;13800.0000;1;19945.0000;None;215400.0000
24966;2023-01-07 16:18:53.990000;2;201615;1;1;13800.0000;1;10482.0000;None;113200.0000
24966;2023-01-07 16:36:24.180000;2;201615;1;1;13800.0000;1;10482.0000;None;113200.0000
24962;2023-01-07 13:16:13.133000;2;201959;1;1;13800.0000;1;15370.0000;None;166000.0000
