25007;2023-01-08 16:37:56.040000;7;1001;1;1;0.0000;1;13648.0000;None;147400.0000
25012;2023-01-08 18:06:04.127000;7;1001;1;1;None;1;37259.0000;None;402400.0000
25004;2023-01-08 16:14:48.480000;7;1001;1;1;0.0000;1;23852.0000;None;257600.0000
24999;2023-01-08 15:41:14.443000;7;1001;1;1;0.0000;1;12167.0000;None;131400.0000
12122;2023-01-08 14:15:49.663000;7;1001;1;1;0.0000;1;28074.0000;None;303200.0000
24989;2023-01-08 13:46:22.770000;7;1001;1;1;0.0000;1;9741.0000;None;105200.0000
24986;2023-01-08 13:25:56.533000;7;1001;1;1;0.0000;1;13222.0000;None;142800.0000
24981;2023-01-08 12:28:54.340000;7;1001;1;1;0.0000;1;19426.0000;None;209800.0000
24981;2023-01-08 12:40:16.580000;7;1001;1;1;0.0000;1;19426.0000;None;209800.0000
24984;2023-01-08 12:48:01.067000;7;1001;1;1;0.0000;1;14722.0000;None;159000.0000
24982;2023-01-08 12:34:51.063000;7;1001;1;1;0.0000;1;11852.0000;None;128000.0000
24999;2023-01-08 15:41:14.443000;7;1044;1;1;0.0000;1;12167.0000;None;131400.0000
25004;2023-01-08 16:14:48.480000;7;1044;1;1;0.0000;1;23852.0000;None;257600.0000
25004;2023-01-08 16:14:48.480000;7;1044;1;1;0.0000;1;23852.0000;None;257600.0000
12115;2023-01-08 12:05:59.443000;7;1074;1;1;0.0000;1;None;None;85600.0000
12115;2023-01-08 12:05:59.443000;7;1074;1;1;0.0000;1;None;None;85600.0000
25013;2023-01-08 19:20:40.303000;7;1075;1;1;0.0000;1;18945.0000;None;204600.0000
25013;2023-01-08 19:20:40.303000;7;1100;1;1;0.0000;1;18945.0000;None;204600.0000
12115;2023-01-08 12:05:59.443000;7;1101;1;1;0.0000;1;None;None;85600.0000
12115;2023-01-08 12:05:59.443000;7;1101;1;1;0.0000;1;None;None;85600.0000
24982;2023-01-08 12:43:57.257000;7;1135;1;1;0.0000;1;11852.0000;None;128000.0000
12118;2023-01-08 12:44:10.100000;7;1135;1;1;0.0000;1;None;None;125000.0000
12118;2023-01-08 12:44:10.100000;7;1135;1;1;0.0000;1;None;None;125000.0000
25009;2023-01-08 16:52:39.323000;7;1135;1;1;0.0000;1;2093.0000;None;22600.0000
25003;2023-01-08 16:20:01.340000;7;1135;1;1;0.0000;1;4852.0000;None;52400.0000
12126;2023-01-08 15:50:04.537000;7;1135;1;1;0.0000;1;None;None;99400.0000
12126;2023-01-08 15:50:04.537000;7;1135;1;1;0.0000;1;None;None;99400.0000
12126;2023-01-08 15:50:04.537000;7;1135;1;1;0.0000;1;None;None;99400.0000
24991;2023-01-08 14:02:22.327000;7;1135;1;1;0.0000;1;15278.0000;None;165000.0000
24995;2023-01-08 15:06:41.517000;7;1135;1;1;0.0000;1;15556.0000;None;168000.0000
24997;2023-01-08 15:12:39.927000;7;1157;1;1;0.0000;1;None;None;16800.0000
24995;2023-01-08 15:20:11.507000;7;1220;1;1;0.0000;1;15556.0000;None;168000.0000
24995;2023-01-08 15:20:11.507000;7;1220;1;1;0.0000;1;15556.0000;None;168000.0000
24995;2023-01-08 15:20:11.507000;7;1220;1;1;0.0000;1;15556.0000;None;168000.0000
24995;2023-01-08 15:20:11.507000;7;1220;1;1;0.0000;1;15556.0000;None;168000.0000
24995;2023-01-08 15:20:11.507000;7;1220;1;1;0.0000;1;15556.0000;None;168000.0000
24995;2023-01-08 15:20:11.507000;7;1220;1;1;0.0000;1;15556.0000;None;168000.0000
24995;2023-01-08 15:20:11.507000;7;1220;1;1;0.0000;1;15556.0000;None;168000.0000
24995;2023-01-08 15:20:11.507000;7;1220;1;1;0.0000;1;15556.0000;None;168000.0000
24989;2023-01-08 14:05:14.090000;7;1220;1;1;0.0000;1;9741.0000;None;105200.0000
24989;2023-01-08 14:05:14.090000;7;1220;1;1;0.0000;1;9741.0000;None;105200.0000
24991;2023-01-08 14:06:31.720000;7;1220;1;1;0.0000;1;15278.0000;None;165000.0000
24982;2023-01-08 12:49:30.497000;7;1220;1;1;0.0000;1;11852.0000;None;128000.0000
24982;2023-01-08 13:04:58.893000;7;1220;1;1;0.0000;1;11852.0000;None;128000.0000
24982;2023-01-08 12:38:51.103000;7;1220;1;1;0.0000;1;11852.0000;None;128000.0000
24982;2023-01-08 12:38:51.103000;7;1220;1;1;0.0000;1;11852.0000;None;128000.0000
24981;2023-01-08 12:57:44.953000;7;1220;1;1;0.0000;1;19426.0000;None;209800.0000
24981;2023-01-08 12:57:44.953000;7;1220;1;1;0.0000;1;19426.0000;None;209800.0000
24981;2023-01-08 12:36:54.983000;7;1220;1;1;0.0000;1;19426.0000;None;209800.0000
24981;2023-01-08 12:36:54.983000;7;1220;1;1;0.0000;1;19426.0000;None;209800.0000
12115;2023-01-08 12:05:59.443000;7;1319;1;1;0.0000;1;None;None;85600.0000
12115;2023-01-08 12:05:59.443000;7;1319;1;1;0.0000;1;None;None;85600.0000
12117;2023-01-08 12:41:53.757000;7;1319;1;1;0.0000;1;None;None;111800.0000
12117;2023-01-08 12:41:53.757000;7;1319;1;1;0.0000;1;None;None;111800.0000
12118;2023-01-08 12:44:10.100000;7;1319;1;1;0.0000;1;None;None;125000.0000
12118;2023-01-08 12:44:10.100000;7;1319;1;1;0.0000;1;None;None;125000.0000
12119;2023-01-08 12:45:07.807000;7;1319;1;1;0.0000;1;None;None;118300.0000
12119;2023-01-08 12:45:07.807000;7;1319;1;1;0.0000;1;None;None;118300.0000
12120;2023-01-08 12:53:57.787000;7;1319;1;1;0.0000;1;None;None;97300.0000
12120;2023-01-08 12:53:57.787000;7;1319;1;1;0.0000;1;None;None;97300.0000
24986;2023-01-08 14:00:41.287000;7;2042;1;1;0.0000;1;13222.0000;None;142800.0000
24986;2023-01-08 14:00:41.287000;7;2042;1;1;0.0000;1;13222.0000;None;142800.0000
24992;2023-01-08 14:24:11.347000;7;2042;1;1;0.0000;1;12889.0000;None;139200.0000
25009;2023-01-08 16:52:39.323000;3;100614;1;1;5800.0000;1;2093.0000;None;22600.0000
25004;2023-01-08 17:09:06.263000;3;100614;1;1;5800.0000;1;23852.0000;None;257600.0000
25004;2023-01-08 17:09:06.263000;3;100614;1;1;5800.0000;1;23852.0000;None;257600.0000
25004;2023-01-08 16:14:48.480000;1;101007;1;1;59800.0000;1;23852.0000;None;257600.0000
24999;2023-01-08 15:41:14.443000;1;101007;1;1;59800.0000;1;12167.0000;None;131400.0000
24998;2023-01-08 15:17:12.090000;1;101007;1;1;59800.0000;1;16741.0000;None;180800.0000
24992;2023-01-08 14:24:11.347000;1;101007;1;1;59800.0000;1;12889.0000;None;139200.0000
24987;2023-01-08 13:28:54.787000;1;101007;1;1;59800.0000;1;10796.0000;None;116600.0000
12115;2023-01-08 12:05:59.443000;1;101007;1;1;62800.0000;1;None;None;85600.0000
24983;2023-01-08 12:46:37.940000;1;101007;1;1;59800.0000;1;7648.0000;None;82600.0000
12122;2023-01-08 14:47:37.050000;1;101270;1;1;0.0000;1;28074.0000;None;303200.0000
24989;2023-01-08 13:46:22.770000;1;101270;1;1;0.0000;1;9741.0000;None;105200.0000
24998;2023-01-08 15:17:12.090000;1;101270;1;1;0.0000;1;16741.0000;None;180800.0000
25012;2023-01-08 18:06:04.127000;1;101270;1;1;None;1;37259.0000;None;402400.0000
25012;2023-01-08 18:06:04.127000;1;101270;1;1;None;1;37259.0000;None;402400.0000
25012;2023-01-08 18:23:10.917000;1;102303;1;1;3800.0000;1;37259.0000;None;402400.0000
12124;2023-01-08 14:53:44.940000;1;103351;1;1;36800.0000;1;8667.0000;None;93600.0000
12123;2023-01-08 20:33:41.283000;1;103993;1;1;16800.0000;1;None;None;33600.0000
24997;2023-01-08 15:12:39.927000;1;103993;1;1;16800.0000;1;None;None;16800.0000
12125;2023-01-08 15:09:07.670000;1;103993;1;1;17700.0000;1;None;None;53100.0000
12125;2023-01-08 15:09:07.670000;1;103993;1;1;17700.0000;1;None;None;53100.0000
25009;2023-01-08 16:52:39.323000;1;103993;1;1;16800.0000;1;2093.0000;None;22600.0000
25006;2023-01-08 17:13:26.097000;1;103993;1;1;16800.0000;1;11778.0000;None;127200.0000
24982;2023-01-08 12:43:57.257000;1;104337;1;1;46800.0000;1;11852.0000;None;128000.0000
25000;2023-01-08 15:57:14.450000;1;104337;1;1;46800.0000;1;9185.0000;None;99200.0000
25001;2023-01-08 16:26:04.333000;1;104347;1;1;43800.0000;1;12426.0000;None;134200.0000
25002;2023-01-08 16:13:41.843000;1;104347;1;1;43800.0000;1;4056.0000;None;43800.0000
25011;2023-01-08 17:40:13.753000;1;104347;1;1;43800.0000;1;4056.0000;None;43800.0000
25013;2023-01-08 19:20:40.303000;1;104347;1;1;43800.0000;1;18945.0000;None;204600.0000
24993;2023-01-08 14:26:17.203000;1;104347;1;1;43800.0000;1;10296.0000;None;111200.0000
12122;2023-01-08 14:15:49.663000;1;104347;1;1;43800.0000;1;28074.0000;None;303200.0000
24991;2023-01-08 14:02:22.327000;1;104347;1;1;43800.0000;1;15278.0000;None;165000.0000
12115;2023-01-08 12:05:59.443000;3;104355;1;1;11400.0000;1;None;None;85600.0000
12115;2023-01-08 12:05:59.443000;3;104355;1;1;11400.0000;1;None;None;85600.0000
24982;2023-01-08 12:34:51.063000;3;104355;1;1;10800.0000;1;11852.0000;None;128000.0000
12117;2023-01-08 12:41:53.757000;3;104355;1;1;11400.0000;1;None;None;111800.0000
24991;2023-01-08 13:51:19.097000;3;104355;1;1;10800.0000;1;15278.0000;None;165000.0000
24991;2023-01-08 13:51:19.097000;3;104355;1;1;10800.0000;1;15278.0000;None;165000.0000
24992;2023-01-08 14:24:11.347000;3;104355;1;1;10800.0000;1;12889.0000;None;139200.0000
24994;2023-01-08 14:47:12.267000;3;104355;1;1;10800.0000;1;16185.0000;None;174800.0000
24998;2023-01-08 15:17:12.090000;3;104355;1;1;10800.0000;1;16741.0000;None;180800.0000
24998;2023-01-08 15:17:12.090000;3;104355;1;1;10800.0000;1;16741.0000;None;180800.0000
25013;2023-01-08 19:20:40.303000;3;104355;1;1;10800.0000;1;18945.0000;None;204600.0000
25013;2023-01-08 19:20:40.303000;3;104355;1;1;10800.0000;1;18945.0000;None;204600.0000
25012;2023-01-08 18:06:04.127000;3;104355;1;1;10800.0000;1;37259.0000;None;402400.0000
25012;2023-01-08 18:06:04.127000;3;104355;1;1;10800.0000;1;37259.0000;None;402400.0000
25006;2023-01-08 16:34:21.683000;3;104355;1;1;10800.0000;1;11778.0000;None;127200.0000
25003;2023-01-08 16:14:05.167000;3;104355;1;1;10800.0000;1;4852.0000;None;52400.0000
25005;2023-01-08 16:15:10.250000;3;104355;1;1;10800.0000;1;12222.0000;None;132000.0000
25007;2023-01-08 16:37:56.040000;1;104357;1;1;44800.0000;1;13648.0000;None;147400.0000
24991;2023-01-08 13:51:19.097000;1;104357;1;1;44800.0000;1;15278.0000;None;165000.0000
12122;2023-01-08 14:15:49.663000;1;104357;1;1;44800.0000;1;28074.0000;None;303200.0000
24986;2023-01-08 13:25:56.533000;1;104357;1;1;44800.0000;1;13222.0000;None;142800.0000
24981;2023-01-08 12:40:16.580000;1;104357;1;1;44800.0000;1;19426.0000;None;209800.0000
12118;2023-01-08 12:44:10.100000;1;104413;1;1;1900.0000;1;None;None;125000.0000
12118;2023-01-08 12:44:10.100000;1;104421;1;1;11400.0000;1;None;None;125000.0000
12119;2023-01-08 12:45:07.807000;1;104447;1;1;59700.0000;1;None;None;118300.0000
12118;2023-01-08 12:44:10.100000;1;104447;1;1;59700.0000;1;None;None;125000.0000
24981;2023-01-08 12:44:09.403000;1;104447;1;1;56800.0000;1;19426.0000;None;209800.0000
24987;2023-01-08 13:28:54.787000;1;104447;1;1;56800.0000;1;10796.0000;None;116600.0000
24994;2023-01-08 14:47:12.267000;1;104447;1;1;56800.0000;1;16185.0000;None;174800.0000
12124;2023-01-08 14:53:44.940000;1;104447;1;1;56800.0000;1;8667.0000;None;93600.0000
25012;2023-01-08 18:06:04.127000;1;104447;1;1;56800.0000;1;37259.0000;None;402400.0000
25012;2023-01-08 18:06:04.127000;1;104447;1;1;56800.0000;1;37259.0000;None;402400.0000
24983;2023-01-08 12:46:37.940000;1;104450;1;1;22800.0000;1;7648.0000;None;82600.0000
25004;2023-01-08 16:16:49.897000;3;104554;1;1;4800.0000;1;23852.0000;None;257600.0000
25004;2023-01-08 17:00:54.297000;3;104554;1;1;4800.0000;1;23852.0000;None;257600.0000
25003;2023-01-08 16:20:01.340000;1;104777;1;1;1800.0000;1;4852.0000;None;52400.0000
25004;2023-01-08 16:14:48.480000;1;104974;1;1;45800.0000;1;23852.0000;None;257600.0000
24995;2023-01-08 15:10:52.117000;1;104974;1;1;45800.0000;1;15556.0000;None;168000.0000
12117;2023-01-08 12:41:53.757000;1;104974;1;1;48100.0000;1;None;None;111800.0000
24994;2023-01-08 14:47:12.267000;1;106358;1;1;36800.0000;1;16185.0000;None;174800.0000
12120;2023-01-08 12:53:57.787000;1;106358;1;1;38700.0000;1;None;None;97300.0000
24995;2023-01-08 15:06:41.517000;1;106866;1;1;27800.0000;1;15556.0000;None;168000.0000
24995;2023-01-08 15:06:41.517000;1;107825;1;1;44800.0000;1;15556.0000;None;168000.0000
25012;2023-01-08 18:06:04.127000;1;107825;1;1;44800.0000;1;37259.0000;None;402400.0000
25012;2023-01-08 18:06:04.127000;1;107826;1;1;43800.0000;1;37259.0000;None;402400.0000
25001;2023-01-08 16:13:12.400000;1;107826;1;1;43800.0000;1;12426.0000;None;134200.0000
24998;2023-01-08 15:17:12.090000;1;107826;1;1;43800.0000;1;16741.0000;None;180800.0000
24984;2023-01-08 12:48:01.067000;1;107826;1;1;43800.0000;1;14722.0000;None;159000.0000
12117;2023-01-08 12:41:53.757000;1;107827;1;1;52300.0000;1;None;None;111800.0000
24998;2023-01-08 15:17:12.090000;1;107827;1;1;49800.0000;1;16741.0000;None;180800.0000
25012;2023-01-08 18:06:04.127000;1;107827;1;1;49800.0000;1;37259.0000;None;402400.0000
24986;2023-01-08 13:34:30.697000;1;107829;1;1;34800.0000;1;13222.0000;None;142800.0000
24982;2023-01-08 12:43:57.257000;1;107829;1;1;34800.0000;1;11852.0000;None;128000.0000
24981;2023-01-08 12:44:09.403000;1;107831;1;1;55800.0000;1;19426.0000;None;209800.0000
24984;2023-01-08 12:48:01.067000;1;107831;1;1;55800.0000;1;14722.0000;None;159000.0000
12119;2023-01-08 12:45:07.807000;1;107831;1;1;58600.0000;1;None;None;118300.0000
12120;2023-01-08 12:53:57.787000;1;107831;1;1;58600.0000;1;None;None;97300.0000
12122;2023-01-08 14:15:49.663000;1;107831;1;1;55800.0000;1;28074.0000;None;303200.0000
24989;2023-01-08 13:46:22.770000;1;107831;1;1;55800.0000;1;9741.0000;None;105200.0000
24994;2023-01-08 14:47:12.267000;1;107831;1;1;55800.0000;1;16185.0000;None;174800.0000
24993;2023-01-08 14:26:17.203000;1;107831;1;1;55800.0000;1;10296.0000;None;111200.0000
25007;2023-01-08 16:37:56.040000;1;107831;1;1;55800.0000;1;13648.0000;None;147400.0000
25014;2023-01-08 19:26:26.577000;1;107831;1;1;55800.0000;1;6519.0000;None;70400.0000
25005;2023-01-08 16:15:10.250000;1;107831;1;1;55800.0000;1;12222.0000;None;132000.0000
25003;2023-01-08 16:16:05.170000;1;107832;1;1;39800.0000;1;4852.0000;None;52400.0000
25006;2023-01-08 16:34:21.683000;1;107836;1;1;19800.0000;1;11778.0000;None;127200.0000
25013;2023-01-08 19:20:40.303000;1;107839;1;1;39800.0000;1;18945.0000;None;204600.0000
12126;2023-01-08 15:50:04.537000;1;107839;1;1;41800.0000;1;None;None;99400.0000
25000;2023-01-08 15:57:14.450000;1;107839;1;1;39800.0000;1;9185.0000;None;99200.0000
24996;2023-01-08 15:05:10.490000;1;107839;1;1;39800.0000;1;4222.0000;None;45600.0000
24981;2023-01-08 12:28:54.340000;1;107839;1;1;39800.0000;1;19426.0000;None;209800.0000
25013;2023-01-08 19:20:40.303000;1;107846;1;1;32800.0000;1;18945.0000;None;204600.0000
25014;2023-01-08 19:26:26.577000;3;107873;1;1;8800.0000;1;6519.0000;None;70400.0000
25013;2023-01-08 19:20:40.303000;3;107873;1;1;8800.0000;1;18945.0000;None;204600.0000
25010;2023-01-08 17:10:08.283000;3;107873;1;1;8800.0000;1;1352.0000;None;14600.0000
25005;2023-01-08 16:15:10.250000;3;107873;1;1;8800.0000;1;12222.0000;None;132000.0000
24992;2023-01-08 14:24:11.347000;3;107873;1;1;8800.0000;1;12889.0000;None;139200.0000
24994;2023-01-08 14:47:12.267000;3;107873;1;1;8800.0000;1;16185.0000;None;174800.0000
24986;2023-01-08 14:00:41.287000;3;107873;1;1;8800.0000;1;13222.0000;None;142800.0000
24986;2023-01-08 13:29:02.480000;3;107873;1;1;8800.0000;1;13222.0000;None;142800.0000
24982;2023-01-08 12:34:51.063000;3;107873;1;1;8800.0000;1;11852.0000;None;128000.0000
12126;2023-01-08 15:50:04.537000;1;107893;1;1;57600.0000;1;None;None;99400.0000
12118;2023-01-08 12:44:10.100000;1;108015;1;1;3000.0000;1;None;None;125000.0000
24985;2023-01-08 12:52:10.667000;1;108054;1;1;28800.0000;1;8130.0000;None;87800.0000
24985;2023-01-08 12:52:10.667000;1;108054;1;1;28800.0000;1;8130.0000;None;87800.0000
25004;2023-01-08 16:14:48.480000;3;108169;1;1;None;1;23852.0000;None;257600.0000
25004;2023-01-08 16:14:48.480000;3;108170;1;1;None;1;23852.0000;None;257600.0000
24986;2023-01-08 13:25:56.533000;3;108170;1;1;0.0000;1;13222.0000;None;142800.0000
12122;2023-01-08 13:51:37.720000;3;108191;2;1;0.0000;1;28074.0000;None;303200.0000
12122;2023-01-08 13:51:37.720000;3;108191;2;1;0.0000;1;28074.0000;None;303200.0000
25010;2023-01-08 17:06:11.380000;3;108192;1;1;0.0000;1;1352.0000;None;14600.0000
25005;2023-01-08 16:15:10.250000;1;108314;1;1;39800.0000;1;12222.0000;None;132000.0000
25004;2023-01-08 16:33:25.733000;1;108314;1;1;39800.0000;1;23852.0000;None;257600.0000
25001;2023-01-08 16:13:12.400000;1;108314;1;1;39800.0000;1;12426.0000;None;134200.0000
24986;2023-01-08 13:34:30.697000;1;108314;1;1;39800.0000;1;13222.0000;None;142800.0000
24990;2023-01-08 13:48:47.043000;1;108314;1;1;39800.0000;1;3685.0000;None;39800.0000
24995;2023-01-08 14:59:35.010000;1;108314;1;1;39800.0000;1;15556.0000;None;168000.0000
24984;2023-01-08 12:48:01.067000;1;108314;1;1;39800.0000;1;14722.0000;None;159000.0000
12118;2023-01-08 12:44:10.100000;None;108314;None;1;41800.0000;1;None;None;125000.0000
24999;2023-01-08 15:41:14.443000;1;108315;1;1;24800.0000;1;12167.0000;None;131400.0000
25006;2023-01-08 16:34:21.683000;1;108319;1;1;79800.0000;1;11778.0000;None;127200.0000
24989;2023-01-08 13:46:22.770000;1;108320;1;1;29800.0000;1;9741.0000;None;105200.0000
12122;2023-01-08 14:15:49.663000;1;108321;1;1;26800.0000;1;28074.0000;None;303200.0000
12123;2023-01-08 20:33:41.283000;3;108325;1;1;16800.0000;1;None;None;33600.0000
12125;2023-01-08 15:09:07.670000;3;108325;1;1;17700.0000;1;None;None;53100.0000
25005;2023-01-08 16:42:20.967000;3;108325;1;1;16800.0000;1;12222.0000;None;132000.0000
24992;2023-01-08 14:24:11.347000;1;109155;1;1;59800.0000;1;12889.0000;None;139200.0000
25013;2023-01-08 19:20:40.303000;1;109157;1;1;57800.0000;1;18945.0000;None;204600.0000
25007;2023-01-08 16:14:48.480000;1;109245;1;1;46800.0000;1;13648.0000;None;147400.0000
25012;2023-01-08 18:06:04.127000;1;109245;1;1;46800.0000;1;37259.0000;None;402400.0000
24999;2023-01-08 15:41:14.443000;1;109245;1;1;46800.0000;1;12167.0000;None;131400.0000
25004;2023-01-08 16:14:48.480000;1;109246;1;1;51800.0000;1;23852.0000;None;257600.0000
25012;2023-01-08 18:06:04.127000;1;109336;1;1;59800.0000;1;37259.0000;None;402400.0000
24982;2023-01-08 12:34:51.063000;1;109451;1;1;26800.0000;1;11852.0000;None;128000.0000
12122;2023-01-08 14:15:49.663000;1;109454;1;1;54800.0000;1;28074.0000;None;303200.0000
24991;2023-01-08 14:02:22.327000;1;109454;1;1;54800.0000;1;15278.0000;None;165000.0000
12123;2023-01-08 13:09:53.497000;3;200004;1;1;9800.0000;1;None;None;33600.0000
12123;2023-01-08 20:32:58.967000;3;200004;1;-1;-9800.0000;1;None;None;33600.0000
24985;2023-01-08 12:52:10.667000;3;200004;1;1;9800.0000;1;8130.0000;None;87800.0000
24981;2023-01-08 12:28:54.340000;3;200644;1;1;5800.0000;1;19426.0000;None;209800.0000
24996;2023-01-08 15:05:10.490000;3;200644;1;1;5800.0000;1;4222.0000;None;45600.0000
24986;2023-01-08 14:00:41.287000;3;200644;1;1;5800.0000;1;13222.0000;None;142800.0000
24989;2023-01-08 13:46:22.770000;3;200644;1;1;5800.0000;1;9741.0000;None;105200.0000
25012;2023-01-08 18:06:04.127000;3;200644;1;1;5800.0000;1;37259.0000;None;402400.0000
25000;2023-01-08 16:01:30.350000;3;201146;1;1;5800.0000;1;9185.0000;None;99200.0000
12122;2023-01-08 14:21:02.807000;3;201146;1;1;5800.0000;1;28074.0000;None;303200.0000
12122;2023-01-08 14:47:37.050000;3;201146;1;1;5800.0000;1;28074.0000;None;303200.0000
24998;2023-01-08 15:17:12.090000;3;201146;1;1;5800.0000;1;16741.0000;None;180800.0000
24993;2023-01-08 14:26:17.203000;3;201146;1;1;5800.0000;1;10296.0000;None;111200.0000
24993;2023-01-08 14:26:17.203000;3;201146;1;1;5800.0000;1;10296.0000;None;111200.0000
24995;2023-01-08 15:24:20.917000;2;201187;1;1;9800.0000;1;15556.0000;None;168000.0000
12122;2023-01-08 14:33:04.277000;2;201187;1;1;9800.0000;1;28074.0000;None;303200.0000
12122;2023-01-08 14:18:44.753000;2;201187;1;1;9800.0000;1;28074.0000;None;303200.0000
12122;2023-01-08 13:51:37.720000;2;201187;1;1;9800.0000;1;28074.0000;None;303200.0000
12122;2023-01-08 13:39:18.717000;2;201187;1;1;9800.0000;1;28074.0000;None;303200.0000
12122;2023-01-08 13:39:18.717000;2;201187;1;1;9800.0000;1;28074.0000;None;303200.0000
12122;2023-01-08 13:51:37.720000;2;201187;1;1;9800.0000;1;28074.0000;None;303200.0000
25004;2023-01-08 16:53:09.660000;2;201187;1;1;9800.0000;1;23852.0000;None;257600.0000
25004;2023-01-08 16:53:09.660000;2;201187;1;1;9800.0000;1;23852.0000;None;257600.0000
25004;2023-01-08 16:14:48.480000;2;201187;1;1;9800.0000;1;23852.0000;None;257600.0000
25004;2023-01-08 16:14:48.480000;2;201187;1;1;9800.0000;1;23852.0000;None;257600.0000
24984;2023-01-08 12:48:22.027000;3;201206;1;1;5800.0000;1;14722.0000;None;159000.0000
25014;2023-01-08 19:26:26.577000;3;201206;1;1;5800.0000;1;6519.0000;None;70400.0000
24994;2023-01-08 14:47:12.267000;3;201206;1;1;5800.0000;1;16185.0000;None;174800.0000
12122;2023-01-08 13:51:37.720000;3;201211;1;1;6800.0000;1;28074.0000;None;303200.0000
25001;2023-01-08 16:35:23.777000;3;201211;1;1;6800.0000;1;12426.0000;None;134200.0000
25000;2023-01-08 15:57:14.450000;3;201211;1;1;6800.0000;1;9185.0000;None;99200.0000
24985;2023-01-08 12:52:10.667000;3;201211;1;1;6800.0000;1;8130.0000;None;87800.0000
24985;2023-01-08 13:08:28.630000;3;201211;1;1;6800.0000;1;8130.0000;None;87800.0000
24985;2023-01-08 13:11:42.143000;3;201211;1;1;6800.0000;1;8130.0000;None;87800.0000
24981;2023-01-08 12:40:16.580000;3;201211;1;1;6800.0000;1;19426.0000;None;209800.0000
25012;2023-01-08 18:06:04.127000;3;201269;1;1;5800.0000;1;37259.0000;None;402400.0000
25010;2023-01-08 17:06:11.380000;3;201269;1;1;5800.0000;1;1352.0000;None;14600.0000
25012;2023-01-08 18:06:04.127000;3;201420;1;1;6800.0000;1;37259.0000;None;402400.0000
12118;2023-01-08 12:44:10.100000;3;201420;1;1;7200.0000;1;None;None;125000.0000
24984;2023-01-08 12:48:01.067000;2;201615;1;1;13800.0000;1;14722.0000;None;159000.0000
24989;2023-01-08 13:46:22.770000;2;201615;1;1;13800.0000;1;9741.0000;None;105200.0000
