25302;2023-01-18 18:54:22.273000;7;1001;1;1;0.0000;1;15722.0000;None;169800.0000
25300;2023-01-18 18:12:22.573000;7;1001;1;1;0.0000;1;15482.0000;None;167200.0000
25287;2023-01-18 12:47:14.103000;7;1001;1;1;0.0000;1;10648.0000;None;115000.0000
12261;2023-01-18 20:22:43.353000;7;1001;1;1;0.0000;1;29685.0000;None;320600.0000
25290;2023-01-18 13:14:47.353000;7;1039;1;1;0.0000;1;15704.0000;None;169600.0000
25290;2023-01-18 13:14:47.353000;7;1039;1;1;0.0000;1;15704.0000;None;169600.0000
12254;2023-01-18 12:10:52.283000;7;1061;1;1;0.0000;1;None;None;104600.0000
12257;2023-01-18 16:35:27.753000;7;1061;1;1;0.0000;1;None;None;103600.0000
12259;2023-01-18 18:54:46.147000;7;1061;1;1;0.0000;1;None;None;147500.0000
12259;2023-01-18 18:54:46.147000;7;1061;1;1;0.0000;1;None;None;147500.0000
25281;2023-01-18 12:42:28.573000;7;1131;1;1;0.0000;1;19759.0000;None;213400.0000
25289;2023-01-18 13:22:48.730000;7;1135;1;1;0.0000;1;15037.0000;None;162400.0000
25289;2023-01-18 13:05:44.457000;7;1135;1;1;0.0000;1;15037.0000;None;162400.0000
25285;2023-01-18 12:44:25.303000;7;1135;1;1;0.0000;1;None;None;229600.0000
12257;2023-01-18 16:35:27.753000;7;1135;1;1;0.0000;1;None;None;103600.0000
12256;2023-01-18 16:12:58.417000;7;1135;1;1;0.0000;1;None;None;41800.0000
25298;2023-01-18 16:53:45.160000;7;1135;1;1;0.0000;1;None;None;16800.0000
25300;2023-01-18 18:12:22.573000;7;1135;1;1;0.0000;1;15482.0000;None;167200.0000
25301;2023-01-18 18:43:51.290000;7;1135;1;1;0.0000;1;26111.0000;None;282000.0000
25295;2023-01-18 13:38:24.417000;7;1135;1;1;0.0000;1;4130.0000;None;44600.0000
25297;2023-01-18 15:59:29.723000;7;1135;1;1;0.0000;1;20407.0000;None;220400.0000
12260;2023-01-18 20:06:52.797000;7;1135;1;1;0.0000;1;None;None;162200.0000
12256;2023-01-18 16:12:58.417000;7;1157;1;1;0.0000;1;None;None;41800.0000
25299;2023-01-18 17:49:52.763000;7;1207;1;1;0.0000;1;9982.0000;None;107800.0000
25302;2023-01-18 19:11:54.397000;7;1220;1;1;0.0000;1;15722.0000;None;169800.0000
25302;2023-01-18 19:11:54.397000;7;1220;1;1;0.0000;1;15722.0000;None;169800.0000
12254;2023-01-18 12:10:52.283000;7;1319;1;1;0.0000;1;None;None;104600.0000
12258;2023-01-18 18:36:36.737000;7;1319;1;1;0.0000;1;None;None;62400.0000
12257;2023-01-18 16:35:27.753000;7;1319;1;1;0.0000;1;None;None;103600.0000
12260;2023-01-18 20:06:52.797000;7;1319;1;1;0.0000;1;None;None;162200.0000
12259;2023-01-18 18:54:46.147000;7;1319;1;1;0.0000;1;None;None;147500.0000
25281;2023-01-18 13:13:10.227000;7;2018;1;1;0.0000;1;19759.0000;None;213400.0000
25281;2023-01-18 13:13:10.227000;7;2042;1;1;0.0000;1;19759.0000;None;213400.0000
25281;2023-01-18 13:13:10.227000;7;2042;1;1;0.0000;1;19759.0000;None;213400.0000
25281;2023-01-18 12:11:26.290000;7;2042;1;1;0.0000;1;19759.0000;None;213400.0000
25281;2023-01-18 12:11:26.290000;7;2042;1;1;0.0000;1;19759.0000;None;213400.0000
25299;2023-01-18 18:13:19.157000;3;100596;1;1;5800.0000;1;9982.0000;None;107800.0000
25287;2023-01-18 13:43:20.163000;3;100607;1;1;6800.0000;1;10648.0000;None;115000.0000
25289;2023-01-18 13:42:11.793000;3;100607;1;1;6800.0000;1;15037.0000;None;162400.0000
25289;2023-01-18 13:42:11.793000;3;100614;1;1;5800.0000;1;15037.0000;None;162400.0000
25285;2023-01-18 13:22:35.783000;3;100614;1;1;5800.0000;1;None;None;229600.0000
25285;2023-01-18 13:22:35.783000;3;100614;1;1;5800.0000;1;None;None;229600.0000
25285;2023-01-18 13:22:35.783000;3;100614;1;1;5800.0000;1;None;None;229600.0000
25292;2023-01-18 13:27:45.490000;1;101007;1;1;63800.0000;1;77167.0000;None;833400.0000
12260;2023-01-18 20:06:52.797000;1;101007;1;1;67000.0000;1;None;None;162200.0000
25282;2023-01-18 12:29:37.307000;1;101270;1;1;0.0000;1;9667.0000;None;104400.0000
25284;2023-01-18 12:30:26.457000;1;101270;1;1;0.0000;1;11685.0000;None;126200.0000
25288;2023-01-18 12:55:04.523000;1;101270;1;1;0.0000;1;8444.0000;None;91200.0000
25288;2023-01-18 12:55:04.523000;1;101270;1;1;0.0000;1;8444.0000;None;91200.0000
25301;2023-01-18 19:05:09.957000;2;101680;1;1;20800.0000;1;26111.0000;None;282000.0000
25301;2023-01-18 18:35:07.970000;2;101680;1;1;20800.0000;1;26111.0000;None;282000.0000
25304;2023-01-18 20:50:02.893000;2;101680;1;1;20800.0000;1;16833.0000;None;181800.0000
25304;2023-01-18 20:50:02.893000;2;101680;1;1;20800.0000;1;16833.0000;None;181800.0000
25304;2023-01-18 19:55:56.083000;2;101680;1;1;20800.0000;1;16833.0000;None;181800.0000
25304;2023-01-18 19:55:56.083000;2;101680;1;1;20800.0000;1;16833.0000;None;181800.0000
25292;2023-01-18 13:27:45.490000;1;102170;1;1;3800.0000;1;77167.0000;None;833400.0000
25301;2023-01-18 18:35:07.970000;2;103225;1;1;45800.0000;1;26111.0000;None;282000.0000
25306;2023-01-18 20:29:29.053000;2;103225;1;1;45800.0000;1;16111.0000;None;174000.0000
25306;2023-01-18 20:32:00.993000;1;103856;1;1;34800.0000;1;16111.0000;None;174000.0000
25303;2023-01-18 19:34:32.547000;1;103856;1;1;34800.0000;1;9833.0000;None;106200.0000
25301;2023-01-18 19:37:09.847000;1;103993;1;1;16800.0000;1;26111.0000;None;282000.0000
25302;2023-01-18 19:38:10.620000;1;103993;1;1;16800.0000;1;15722.0000;None;169800.0000
25298;2023-01-18 16:53:45.160000;1;103993;1;1;16800.0000;1;None;None;16800.0000
25290;2023-01-18 13:48:54.087000;1;103993;1;1;16800.0000;1;15704.0000;None;169600.0000
25289;2023-01-18 13:22:48.730000;1;103993;1;1;16800.0000;1;15037.0000;None;162400.0000
25306;2023-01-18 20:32:00.993000;1;104337;1;1;48800.0000;1;16111.0000;None;174000.0000
12261;2023-01-18 20:59:02.177000;1;104341;1;1;39800.0000;1;29685.0000;None;320600.0000
25281;2023-01-18 12:42:28.573000;1;104341;1;1;39800.0000;1;19759.0000;None;213400.0000
25281;2023-01-18 12:42:28.573000;1;104347;1;1;46800.0000;1;19759.0000;None;213400.0000
25290;2023-01-18 13:14:47.353000;1;104347;1;1;46800.0000;1;15704.0000;None;169600.0000
25296;2023-01-18 15:27:43.073000;1;104347;1;1;46800.0000;1;4333.0000;None;46800.0000
25293;2023-01-18 13:28:55.770000;1;104347;1;1;46800.0000;1;12426.0000;None;134200.0000
25299;2023-01-18 17:49:52.763000;1;104347;1;1;46800.0000;1;9982.0000;None;107800.0000
12261;2023-01-18 20:22:43.353000;1;104347;1;1;46800.0000;1;29685.0000;None;320600.0000
25306;2023-01-18 20:29:29.053000;3;104355;1;1;11800.0000;1;16111.0000;None;174000.0000
25303;2023-01-18 19:34:32.547000;3;104355;1;1;11800.0000;1;9833.0000;None;106200.0000
25302;2023-01-18 18:54:22.273000;3;104355;1;1;11800.0000;1;15722.0000;None;169800.0000
25293;2023-01-18 13:28:55.770000;3;104355;1;1;11800.0000;1;12426.0000;None;134200.0000
25293;2023-01-18 13:28:55.770000;3;104355;1;1;11800.0000;1;12426.0000;None;134200.0000
25292;2023-01-18 13:27:45.490000;3;104355;1;1;11800.0000;1;77167.0000;None;833400.0000
25292;2023-01-18 13:27:45.490000;3;104355;1;1;11800.0000;1;77167.0000;None;833400.0000
25281;2023-01-18 13:13:27.790000;1;104357;1;1;45800.0000;1;19759.0000;None;213400.0000
12261;2023-01-18 20:26:56.867000;1;104357;1;1;45800.0000;1;29685.0000;None;320600.0000
25282;2023-01-18 12:29:37.307000;1;104447;1;1;56800.0000;1;9667.0000;None;104400.0000
25289;2023-01-18 13:05:44.457000;1;104447;1;1;56800.0000;1;15037.0000;None;162400.0000
25284;2023-01-18 12:48:45.313000;1;104447;1;1;56800.0000;1;11685.0000;None;126200.0000
25285;2023-01-18 12:44:25.303000;1;104447;1;1;56800.0000;1;None;None;229600.0000
25292;2023-01-18 13:27:45.490000;1;104447;1;1;56800.0000;1;77167.0000;None;833400.0000
25292;2023-01-18 13:27:45.490000;1;104447;1;1;56800.0000;1;77167.0000;None;833400.0000
25292;2023-01-18 13:27:45.490000;1;104447;1;1;56800.0000;1;77167.0000;None;833400.0000
25292;2023-01-18 13:27:45.490000;1;104447;1;1;56800.0000;1;77167.0000;None;833400.0000
25297;2023-01-18 15:59:29.723000;1;104447;1;1;56800.0000;1;20407.0000;None;220400.0000
25300;2023-01-18 18:12:22.573000;1;104447;1;1;56800.0000;1;15482.0000;None;167200.0000
12261;2023-01-18 20:59:02.177000;1;104447;1;1;56800.0000;1;29685.0000;None;320600.0000
25304;2023-01-18 20:26:48.603000;1;104447;1;1;56800.0000;1;16833.0000;None;181800.0000
12260;2023-01-18 20:06:52.797000;1;104447;1;1;59700.0000;1;None;None;162200.0000
25292;2023-01-18 14:04:24.297000;3;104554;1;1;4800.0000;1;77167.0000;None;833400.0000
25285;2023-01-18 13:22:35.783000;3;104554;1;1;4800.0000;1;None;None;229600.0000
25287;2023-01-18 13:44:56.297000;3;104554;1;1;4800.0000;1;10648.0000;None;115000.0000
25301;2023-01-18 18:43:51.290000;1;105696;1;1;69800.0000;1;26111.0000;None;282000.0000
25290;2023-01-18 13:14:47.353000;1;107823;1;1;24800.0000;1;15704.0000;None;169600.0000
25299;2023-01-18 17:49:52.763000;1;107824;1;1;23800.0000;1;9982.0000;None;107800.0000
12254;2023-01-18 12:10:52.283000;1;107827;1;1;56500.0000;1;None;None;104600.0000
25302;2023-01-18 18:54:22.273000;1;107827;1;1;53800.0000;1;15722.0000;None;169800.0000
25295;2023-01-18 13:38:24.417000;1;107829;1;1;38800.0000;1;4130.0000;None;44600.0000
25294;2023-01-18 13:37:07.137000;1;107831;1;1;58800.0000;1;15352.0000;None;165800.0000
12259;2023-01-18 18:54:46.147000;1;107831;1;1;61800.0000;1;None;None;147500.0000
12257;2023-01-18 16:35:27.753000;1;107831;1;1;61800.0000;1;None;None;103600.0000
25291;2023-01-18 13:19:29.937000;1;107831;1;1;58800.0000;1;5444.0000;None;58800.0000
25285;2023-01-18 12:44:25.303000;1;107831;1;1;58800.0000;1;None;None;229600.0000
25282;2023-01-18 12:29:37.307000;1;107832;1;1;41800.0000;1;9667.0000;None;104400.0000
12258;2023-01-18 18:36:36.737000;1;107836;1;2;41600.0000;1;None;None;62400.0000
12258;2023-01-18 18:36:36.737000;1;107836;1;1;20800.0000;1;None;None;62400.0000
25292;2023-01-18 13:27:45.490000;1;107836;1;1;19800.0000;1;77167.0000;None;833400.0000
12256;2023-01-18 16:12:58.417000;1;107839;1;1;41800.0000;1;None;None;41800.0000
12259;2023-01-18 18:54:46.147000;1;107839;1;1;43900.0000;1;None;None;147500.0000
25290;2023-01-18 13:14:47.353000;1;107839;1;1;41800.0000;1;15704.0000;None;169600.0000
25304;2023-01-18 20:26:48.603000;1;107839;1;1;41800.0000;1;16833.0000;None;181800.0000
25281;2023-01-18 13:13:10.227000;1;107840;1;1;45800.0000;1;19759.0000;None;213400.0000
12254;2023-01-18 12:10:52.283000;1;107840;1;1;48100.0000;1;None;None;104600.0000
12260;2023-01-18 20:06:52.797000;1;107846;1;1;35500.0000;1;None;None;162200.0000
25281;2023-01-18 12:11:26.290000;3;107873;1;1;8800.0000;1;19759.0000;None;213400.0000
25281;2023-01-18 12:11:26.290000;3;107873;1;1;8800.0000;1;19759.0000;None;213400.0000
25281;2023-01-18 13:13:10.227000;3;107873;1;1;8800.0000;1;19759.0000;None;213400.0000
25281;2023-01-18 13:13:10.227000;3;107873;1;1;8800.0000;1;19759.0000;None;213400.0000
25285;2023-01-18 12:44:25.303000;3;107873;1;4;35200.0000;1;None;None;229600.0000
25299;2023-01-18 17:49:52.763000;3;107873;1;1;8800.0000;1;9982.0000;None;107800.0000
25299;2023-01-18 17:49:52.763000;3;107873;1;1;8800.0000;1;9982.0000;None;107800.0000
25292;2023-01-18 13:27:45.490000;3;107873;1;1;8800.0000;1;77167.0000;None;833400.0000
25292;2023-01-18 13:27:45.490000;3;107873;1;1;8800.0000;1;77167.0000;None;833400.0000
25292;2023-01-18 13:27:45.490000;3;107873;1;1;8800.0000;1;77167.0000;None;833400.0000
25292;2023-01-18 13:27:45.490000;1;108054;1;1;29800.0000;1;77167.0000;None;833400.0000
25301;2023-01-18 19:00:34.320000;2;108132;1;1;23800.0000;1;26111.0000;None;282000.0000
25300;2023-01-18 18:12:22.573000;2;108143;1;1;39800.0000;1;15482.0000;None;167200.0000
25292;2023-01-18 13:27:45.490000;3;108192;1;1;0.0000;1;77167.0000;None;833400.0000
25292;2023-01-18 13:27:45.490000;3;108192;1;1;0.0000;1;77167.0000;None;833400.0000
25292;2023-01-18 13:28:35.973000;3;108192;1;1;0.0000;1;77167.0000;None;833400.0000
12261;2023-01-18 20:38:35.607000;3;108192;1;1;0.0000;1;29685.0000;None;320600.0000
12261;2023-01-18 20:38:35.607000;3;108192;1;1;0.0000;1;29685.0000;None;320600.0000
12261;2023-01-18 20:22:43.353000;3;108192;1;1;0.0000;1;29685.0000;None;320600.0000
12261;2023-01-18 20:22:43.353000;3;108192;1;1;0.0000;1;29685.0000;None;320600.0000
12259;2023-01-18 18:54:46.147000;None;108314;None;1;41800.0000;1;None;None;147500.0000
25297;2023-01-18 15:55:44.003000;1;108314;1;1;39800.0000;1;20407.0000;None;220400.0000
12257;2023-01-18 16:35:27.753000;None;108314;None;1;41800.0000;1;None;None;103600.0000
25285;2023-01-18 12:44:25.303000;1;108314;1;1;39800.0000;1;None;None;229600.0000
25288;2023-01-18 12:55:04.523000;1;108314;1;2;79600.0000;1;8444.0000;None;91200.0000
25287;2023-01-18 12:47:14.103000;1;108319;1;1;85800.0000;1;10648.0000;None;115000.0000
25290;2023-01-18 13:14:47.353000;1;108321;1;1;27800.0000;1;15704.0000;None;169600.0000
25292;2023-01-18 13:27:45.490000;1;108323;1;1;52800.0000;1;77167.0000;None;833400.0000
25292;2023-01-18 13:27:45.490000;1;108323;1;1;52800.0000;1;77167.0000;None;833400.0000
25302;2023-01-18 19:38:10.620000;3;108325;1;1;16800.0000;1;15722.0000;None;169800.0000
25285;2023-01-18 13:22:35.783000;3;108325;1;1;16800.0000;1;None;None;229600.0000
25300;2023-01-18 18:12:22.573000;2;108627;1;1;31800.0000;1;15482.0000;None;167200.0000
25302;2023-01-18 18:54:22.273000;1;109155;1;1;63800.0000;1;15722.0000;None;169800.0000
25301;2023-01-18 18:43:51.290000;1;109155;1;1;63800.0000;1;26111.0000;None;282000.0000
25292;2023-01-18 13:27:45.490000;1;109155;1;1;63800.0000;1;77167.0000;None;833400.0000
25306;2023-01-18 20:32:00.993000;1;109156;1;1;32800.0000;1;16111.0000;None;174000.0000
25292;2023-01-18 13:27:45.490000;1;109243;1;1;45800.0000;1;77167.0000;None;833400.0000
25303;2023-01-18 19:34:32.547000;1;109243;1;1;45800.0000;1;9833.0000;None;106200.0000
25294;2023-01-18 13:37:07.137000;1;109245;1;1;47800.0000;1;15352.0000;None;165800.0000
25289;2023-01-18 13:05:44.457000;1;109245;1;1;47800.0000;1;15037.0000;None;162400.0000
25292;2023-01-18 13:27:45.490000;1;109335;1;1;38800.0000;1;77167.0000;None;833400.0000
25300;2023-01-18 18:12:22.573000;1;109335;1;1;38800.0000;1;15482.0000;None;167200.0000
25293;2023-01-18 13:28:55.770000;1;109336;1;1;63800.0000;1;12426.0000;None;134200.0000
25297;2023-01-18 15:59:29.723000;1;109336;1;1;63800.0000;1;20407.0000;None;220400.0000
25292;2023-01-18 13:27:45.490000;1;109336;1;1;63800.0000;1;77167.0000;None;833400.0000
25292;2023-01-18 13:27:45.490000;1;109336;1;1;63800.0000;1;77167.0000;None;833400.0000
12261;2023-01-18 20:59:02.177000;1;109336;1;1;63800.0000;1;29685.0000;None;320600.0000
12261;2023-01-18 20:59:02.177000;1;109451;1;1;26800.0000;1;29685.0000;None;320600.0000
25284;2023-01-18 12:48:45.313000;1;109452;1;1;56800.0000;1;11685.0000;None;126200.0000
25292;2023-01-18 13:27:45.490000;2;200480;1;1;12800.0000;1;77167.0000;None;833400.0000
25295;2023-01-18 13:38:24.417000;3;200644;1;1;5800.0000;1;4130.0000;None;44600.0000
25302;2023-01-18 18:54:22.273000;3;200644;1;1;6800.0000;1;15722.0000;None;169800.0000
25282;2023-01-18 12:29:37.307000;3;200644;1;1;5800.0000;1;9667.0000;None;104400.0000
25284;2023-01-18 12:30:26.457000;3;200644;1;1;5800.0000;1;11685.0000;None;126200.0000
25288;2023-01-18 12:55:04.523000;3;200644;1;2;11600.0000;1;8444.0000;None;91200.0000
25289;2023-01-18 13:46:43.353000;3;201146;1;1;6800.0000;1;15037.0000;None;162400.0000
25301;2023-01-18 18:35:07.970000;3;201146;1;1;6800.0000;1;26111.0000;None;282000.0000
25301;2023-01-18 18:35:07.970000;3;201146;1;1;6800.0000;1;26111.0000;None;282000.0000
12261;2023-01-18 20:59:02.177000;3;201146;1;1;6800.0000;1;29685.0000;None;320600.0000
25297;2023-01-18 16:13:48.677000;2;201187;1;1;10800.0000;1;20407.0000;None;220400.0000
25297;2023-01-18 17:12:08.850000;2;201187;1;1;10800.0000;1;20407.0000;None;220400.0000
25297;2023-01-18 15:55:44.003000;2;201187;1;1;10800.0000;1;20407.0000;None;220400.0000
25287;2023-01-18 12:47:14.103000;2;201187;1;1;10800.0000;1;10648.0000;None;115000.0000
25290;2023-01-18 13:14:47.353000;3;201206;1;1;5800.0000;1;15704.0000;None;169600.0000
25292;2023-01-18 13:27:45.490000;3;201206;1;1;5800.0000;1;77167.0000;None;833400.0000
25301;2023-01-18 18:35:07.970000;3;201206;1;1;6800.0000;1;26111.0000;None;282000.0000
12261;2023-01-18 20:22:43.353000;3;201206;1;1;6800.0000;1;29685.0000;None;320600.0000
25292;2023-01-18 13:27:45.490000;3;201211;1;1;6800.0000;1;77167.0000;None;833400.0000
25289;2023-01-18 13:05:44.457000;3;201211;1;1;6800.0000;1;15037.0000;None;162400.0000
25287;2023-01-18 12:47:14.103000;3;201211;1;1;6800.0000;1;10648.0000;None;115000.0000
25284;2023-01-18 12:43:47.453000;3;201211;1;1;6800.0000;1;11685.0000;None;126200.0000
25290;2023-01-18 13:14:47.353000;3;201237;1;1;5800.0000;1;15704.0000;None;169600.0000
25292;2023-01-18 13:38:58.617000;3;201261;1;1;6800.0000;1;77167.0000;None;833400.0000
25292;2023-01-18 13:28:35.973000;3;201269;1;1;6800.0000;1;77167.0000;None;833400.0000
25292;2023-01-18 13:27:45.490000;3;201269;1;1;6800.0000;1;77167.0000;None;833400.0000
25292;2023-01-18 13:27:45.490000;3;201269;1;1;6800.0000;1;77167.0000;None;833400.0000
12261;2023-01-18 20:22:43.353000;3;201269;1;1;6800.0000;1;29685.0000;None;320600.0000
12261;2023-01-18 20:22:43.353000;3;201269;1;1;6800.0000;1;29685.0000;None;320600.0000
12261;2023-01-18 20:38:35.607000;3;201269;1;1;6800.0000;1;29685.0000;None;320600.0000
12261;2023-01-18 20:38:35.607000;3;201269;1;1;6800.0000;1;29685.0000;None;320600.0000
25294;2023-01-18 13:59:24.567000;2;201615;1;1;14800.0000;1;15352.0000;None;165800.0000
25294;2023-01-18 13:59:24.567000;2;201615;1;1;14800.0000;1;15352.0000;None;165800.0000
25294;2023-01-18 13:37:07.137000;2;201615;1;1;14800.0000;1;15352.0000;None;165800.0000
25294;2023-01-18 13:37:07.137000;2;201615;1;1;14800.0000;1;15352.0000;None;165800.0000
25289;2023-01-18 13:05:44.457000;2;201615;1;1;14800.0000;1;15037.0000;None;162400.0000
25297;2023-01-18 15:55:44.003000;2;201961;1;1;13800.0000;1;20407.0000;None;220400.0000
25297;2023-01-18 16:20:23.443000;2;201961;1;1;13800.0000;1;20407.0000;None;220400.0000
25299;2023-01-18 17:49:52.763000;2;201961;1;1;13800.0000;1;9982.0000;None;107800.0000
25303;2023-01-18 19:34:32.547000;2;201961;1;1;13800.0000;1;9833.0000;None;106200.0000
