25408;2023-01-21 23:51:24.347000;None;3;None;1;-44000.0000;2;None;None;44000.0000
25400;2023-01-21 13:19:07.457000;7;1001;1;1;0.0000;1;10852.0000;None;117200.0000
25401;2023-01-21 13:20:00.840000;7;1001;1;1;0.0000;1;11333.0000;None;122400.0000
25394;2023-01-21 13:06:43.820000;7;1001;1;1;0.0000;1;13333.0000;None;144000.0000
25391;2023-01-21 13:13:57.597000;7;1001;1;1;0.0000;1;11278.0000;None;121800.0000
25389;2023-01-21 12:25:04.957000;7;1001;1;1;0.0000;1;13482.0000;None;145600.0000
25390;2023-01-21 12:50:40.523000;7;1001;1;1;0.0000;1;9185.0000;None;99200.0000
25458;2023-01-21 20:54:25.137000;7;1001;1;1;0.0000;1;29000.0000;None;313200.0000
25457;2023-01-21 20:46:41.370000;7;1001;1;1;0.0000;1;21445.0000;None;231600.0000
25455;2023-01-21 20:22:30.517000;7;1001;1;1;0.0000;1;20093.0000;None;217000.0000
25448;2023-01-21 17:09:50.980000;7;1001;1;1;0.0000;1;12056.0000;None;130200.0000
25422;2023-01-21 14:36:02.747000;7;1001;1;1;0.0000;1;15056.0000;None;162600.0000
25426;2023-01-21 14:51:01.820000;7;1001;1;1;0.0000;1;23278.0000;None;251400.0000
25431;2023-01-21 15:03:51;7;1001;1;1;0.0000;1;10759.0000;None;116200.0000
25417;2023-01-21 13:56:48.173000;7;1001;1;1;0.0000;1;10130.0000;None;109400.0000
25465;2023-01-21 21:56:19.573000;7;1018;1;1;0.0000;1;5444.0000;None;58800.0000
25456;2023-01-21 20:30:40.650000;7;1044;1;1;0.0000;1;21019.0000;None;227000.0000
12298;2023-01-21 12:13:43.197000;7;1061;1;1;0.0000;1;None;None;129500.0000
12297;2023-01-21 12:10:42.917000;7;1135;1;1;0.0000;1;None;None;100500.0000
25395;2023-01-21 13:08:43.997000;7;1135;1;1;0.0000;1;14833.0000;None;160200.0000
25396;2023-01-21 13:09:44.627000;7;1135;1;1;0.0000;1;7630.0000;None;82400.0000
25399;2023-01-21 13:23:55.860000;7;1135;1;1;0.0000;1;10296.0000;None;111200.0000
25407;2023-01-21 13:50:24.417000;7;1135;1;1;0.0000;1;11870.0000;None;128200.0000
12301;2023-01-21 13:43:12.413000;7;1135;1;1;0.0000;1;None;None;163300.0000
25410;2023-01-21 13:46:08.200000;7;1135;1;1;0.0000;1;33945.0000;None;366600.0000
25457;2023-01-21 20:50:10.137000;7;1135;1;1;0.0000;1;21445.0000;None;231600.0000
12311;2023-01-21 20:40:15.357000;7;1135;1;1;0.0000;1;None;None;23800.0000
25465;2023-01-21 21:56:19.573000;7;1135;1;1;0.0000;1;5444.0000;None;58800.0000
12315;2023-01-21 21:11:30.860000;7;1135;1;1;0.0000;1;25148.0000;None;271600.0000
12303;2023-01-21 13:13:22.230000;7;1135;1;1;0.0000;1;12889.0000;None;139200.0000
12305;2023-01-21 14:23:28.740000;7;1135;1;1;0.0000;1;4333.0000;None;46800.0000
25447;2023-01-21 16:56:04.457000;7;1135;1;1;0.0000;1;9278.0000;None;100200.0000
25439;2023-01-21 16:15:17.587000;7;1135;1;1;0.0000;1;15167.0000;None;163800.0000
25438;2023-01-21 15:52:16.477000;7;1193;1;1;0.0000;1;14019.0000;None;151400.0000
25438;2023-01-21 15:52:16.477000;7;1193;1;1;0.0000;1;14019.0000;None;151400.0000
25424;2023-01-21 14:43:34.687000;7;1193;1;1;0.0000;1;11500.0000;None;124200.0000
12317;2023-01-21 21:07:02.760000;7;1207;1;1;None;1;20185.0000;None;218000.0000
12317;2023-01-21 21:22:18.067000;7;1207;1;-1;0.0000;1;20185.0000;None;218000.0000
25405;2023-01-21 13:37:14.250000;7;1207;1;1;0.0000;1;7167.0000;None;77400.0000
25405;2023-01-21 13:31:33.777000;7;1207;1;1;0.0000;1;7167.0000;None;77400.0000
25401;2023-01-21 13:34:35.263000;7;1220;1;1;0.0000;1;11333.0000;None;122400.0000
25408;2023-01-21 20:39:01.040000;7;1220;1;1;0.0000;1;None;None;44000.0000
25394;2023-01-21 13:20:41.097000;7;1220;1;1;0.0000;1;13333.0000;None;144000.0000
25394;2023-01-21 13:20:41.097000;7;1220;1;1;0.0000;1;13333.0000;None;144000.0000
25390;2023-01-21 13:07:12.670000;7;1220;1;1;0.0000;1;9185.0000;None;99200.0000
25390;2023-01-21 13:07:12.670000;7;1220;1;1;0.0000;1;9185.0000;None;99200.0000
25389;2023-01-21 12:26:00.263000;7;1220;1;1;0.0000;1;13482.0000;None;145600.0000
25389;2023-01-21 12:27:27.960000;7;1220;1;1;0.0000;1;13482.0000;None;145600.0000
25455;2023-01-21 20:32:50.603000;7;1220;1;1;0.0000;1;20093.0000;None;217000.0000
25431;2023-01-21 15:26:59.503000;7;1220;1;1;0.0000;1;10759.0000;None;116200.0000
25426;2023-01-21 15:04:29.507000;7;1220;1;1;0.0000;1;23278.0000;None;251400.0000
25426;2023-01-21 15:04:29.507000;7;1220;1;1;0.0000;1;23278.0000;None;251400.0000
12302;2023-01-21 14:01:38.190000;7;1319;1;1;0.0000;1;None;None;105500.0000
12310;2023-01-21 20:33:13.180000;7;1319;1;1;0.0000;1;None;None;35400.0000
12310;2023-01-21 20:33:13.180000;7;1319;1;1;0.0000;1;None;None;35400.0000
12310;2023-01-21 20:33:13.180000;7;1319;1;1;0.0000;1;None;None;35400.0000
12310;2023-01-21 20:33:13.180000;7;1319;1;1;0.0000;1;None;None;35400.0000
12307;2023-01-21 19:22:41.397000;7;1319;1;1;0.0000;1;None;None;61800.0000
12307;2023-01-21 19:22:41.397000;7;1319;1;1;0.0000;1;None;None;61800.0000
12308;2023-01-21 19:47:23.050000;7;1319;1;1;0.0000;1;None;None;41600.0000
12308;2023-01-21 19:47:23.050000;7;1319;1;1;0.0000;1;None;None;41600.0000
12318;2023-01-21 21:09:03.307000;7;1319;1;1;0.0000;1;None;None;83600.0000
12318;2023-01-21 21:09:03.307000;7;1319;1;1;0.0000;1;None;None;83600.0000
12297;2023-01-21 12:10:42.917000;7;1319;1;1;0.0000;1;None;None;100500.0000
12298;2023-01-21 12:13:43.197000;7;1319;1;1;0.0000;1;None;None;129500.0000
12301;2023-01-21 13:43:12.413000;7;1319;1;1;0.0000;1;None;None;163300.0000
25439;2023-01-21 15:54:28.510000;7;2042;1;1;0.0000;1;15167.0000;None;163800.0000
25439;2023-01-21 16:32:04.557000;7;2042;1;1;0.0000;1;15167.0000;None;163800.0000
25437;2023-01-21 15:48:33.500000;7;2042;1;1;0.0000;1;12333.0000;None;133200.0000
25437;2023-01-21 15:48:33.500000;7;2042;1;1;0.0000;1;12333.0000;None;133200.0000
25389;2023-01-21 12:25:04.957000;7;2042;1;1;0.0000;1;13482.0000;None;145600.0000
25390;2023-01-21 12:50:40.523000;7;2050;1;1;0.0000;1;9185.0000;None;99200.0000
12315;2023-01-21 21:22:04.577000;7;2050;1;1;0.0000;1;25148.0000;None;271600.0000
25395;2023-01-21 13:48:45.437000;3;100606;1;1;6800.0000;1;14833.0000;None;160200.0000
25449;2023-01-21 17:16:23.927000;3;100606;1;1;6800.0000;1;2815.0000;None;30400.0000
25449;2023-01-21 17:16:23.927000;3;100606;1;1;6800.0000;1;2815.0000;None;30400.0000
25421;2023-01-21 14:46:37.030000;3;100606;1;1;6800.0000;1;9630.0000;None;104000.0000
25395;2023-01-21 13:48:45.437000;3;100614;1;1;5800.0000;1;14833.0000;None;160200.0000
25400;2023-01-21 14:15:06.663000;3;100614;1;1;5800.0000;1;10852.0000;None;117200.0000
25400;2023-01-21 14:15:06.663000;3;100614;1;1;5800.0000;1;10852.0000;None;117200.0000
25396;2023-01-21 13:54:01.410000;3;100614;1;1;5800.0000;1;7630.0000;None;82400.0000
25443;2023-01-21 16:51:07.730000;3;100614;1;1;5800.0000;1;12741.0000;None;137600.0000
25443;2023-01-21 16:51:07.730000;3;100614;1;1;5800.0000;1;12741.0000;None;137600.0000
25407;2023-01-21 13:50:24.417000;1;100624;1;1;1000.0000;1;11870.0000;None;128200.0000
25404;2023-01-21 13:30:34.047000;1;101007;1;1;63800.0000;1;5907.0000;None;63800.0000
25411;2023-01-21 13:49:08.610000;1;101007;1;1;63800.0000;1;7278.0000;None;78600.0000
25391;2023-01-21 13:13:57.597000;1;101007;1;1;63800.0000;1;11278.0000;None;121800.0000
12298;2023-01-21 12:13:43.197000;1;101007;1;1;67000.0000;1;None;None;129500.0000
25426;2023-01-21 14:51:01.820000;1;101007;1;1;63800.0000;1;23278.0000;None;251400.0000
25424;2023-01-21 14:41:55.307000;1;101007;1;1;63800.0000;1;11500.0000;None;124200.0000
12315;2023-01-21 21:10:31.670000;1;101007;1;1;63800.0000;1;25148.0000;None;271600.0000
25463;2023-01-21 21:20:05.193000;1;101007;1;1;63800.0000;1;5907.0000;None;63800.0000
25456;2023-01-21 20:30:40.650000;1;101007;1;1;63800.0000;1;21019.0000;None;227000.0000
25457;2023-01-21 20:46:41.370000;1;101270;1;1;0.0000;1;21445.0000;None;231600.0000
25424;2023-01-21 14:41:55.307000;1;101270;1;1;None;1;11500.0000;None;124200.0000
25424;2023-01-21 14:41:55.307000;1;101270;1;1;None;1;11500.0000;None;124200.0000
25421;2023-01-21 14:26:45.507000;1;101270;1;1;None;1;9630.0000;None;104000.0000
25421;2023-01-21 14:26:45.507000;1;101270;1;1;None;1;9630.0000;None;104000.0000
25437;2023-01-21 15:48:33.500000;1;101270;1;1;0.0000;1;12333.0000;None;133200.0000
25437;2023-01-21 15:48:33.500000;1;101270;1;1;0.0000;1;12333.0000;None;133200.0000
25391;2023-01-21 12:55:20.210000;1;101270;1;1;0.0000;1;11278.0000;None;121800.0000
25391;2023-01-21 13:25:50.263000;1;101270;1;1;0.0000;1;11278.0000;None;121800.0000
25391;2023-01-21 13:25:50.263000;1;101270;1;1;0.0000;1;11278.0000;None;121800.0000
25395;2023-01-21 14:07:43.763000;1;101270;1;1;0.0000;1;14833.0000;None;160200.0000
25412;2023-01-21 13:49:45.643000;1;101270;1;1;0.0000;1;15093.0000;None;163000.0000
25412;2023-01-21 13:49:45.643000;1;101270;1;1;0.0000;1;15093.0000;None;163000.0000
25405;2023-01-21 13:31:33.777000;1;101270;1;1;0.0000;1;7167.0000;None;77400.0000
25407;2023-01-21 13:35:02.273000;1;101270;1;1;0.0000;1;11870.0000;None;128200.0000
25407;2023-01-21 13:35:02.273000;1;101270;1;1;0.0000;1;11870.0000;None;128200.0000
25405;2023-01-21 13:37:14.250000;1;101270;1;1;0.0000;1;7167.0000;None;77400.0000
25396;2023-01-21 13:09:44.627000;1;101270;1;1;0.0000;1;7630.0000;None;82400.0000
25435;2023-01-21 15:16:37.967000;2;101327;1;1;29800.0000;1;5519.0000;None;59600.0000
25435;2023-01-21 15:16:37.967000;2;101327;1;1;29800.0000;1;5519.0000;None;59600.0000
25391;2023-01-21 13:37:29.117000;1;102132;1;1;3800.0000;1;11278.0000;None;121800.0000
25391;2023-01-21 13:25:50.263000;1;102132;1;1;3800.0000;1;11278.0000;None;121800.0000
25422;2023-01-21 14:50:04.287000;1;102170;1;1;3800.0000;1;15056.0000;None;162600.0000
25440;2023-01-21 16:30:14.830000;1;102303;1;1;3800.0000;1;16667.0000;None;180000.0000
25457;2023-01-21 20:53:22.790000;2;103225;1;1;48800.0000;1;21445.0000;None;231600.0000
25464;2023-01-21 21:55:51.243000;2;103225;1;1;48800.0000;1;11759.0000;None;127000.0000
25410;2023-01-21 14:00:22.157000;2;103225;1;1;48800.0000;1;33945.0000;None;366600.0000
25410;2023-01-21 14:00:22.157000;2;103225;1;1;48800.0000;1;33945.0000;None;366600.0000
25410;2023-01-21 14:00:22.157000;2;103225;1;1;48800.0000;1;33945.0000;None;366600.0000
12297;2023-01-21 12:10:42.917000;1;103351;1;1;38700.0000;1;None;None;100500.0000
12315;2023-01-21 21:10:31.670000;1;103351;1;1;36800.0000;1;25148.0000;None;271600.0000
12315;2023-01-21 21:10:31.670000;1;103351;1;1;36800.0000;1;25148.0000;None;271600.0000
25433;2023-01-21 15:12:03.967000;1;103351;1;1;36800.0000;1;3407.0000;None;36800.0000
25451;2023-01-21 18:28:08.060000;1;103856;1;1;34800.0000;1;14982.0000;None;161800.0000
25425;2023-01-21 14:45:12.290000;1;103856;1;1;34800.0000;1;9833.0000;None;106200.0000
12298;2023-01-21 12:13:43.197000;1;103993;1;1;17700.0000;1;None;None;129500.0000
25395;2023-01-21 13:48:45.437000;1;103993;1;1;16800.0000;1;14833.0000;None;160200.0000
12310;2023-01-21 20:33:13.180000;1;103993;1;2;35400.0000;1;None;None;35400.0000
25423;2023-01-21 15:39:11.597000;1;103993;1;1;16800.0000;1;10556.0000;None;114000.0000
25423;2023-01-21 15:39:11.597000;1;103993;1;1;16800.0000;1;10556.0000;None;114000.0000
25423;2023-01-21 15:39:11.597000;1;103993;1;1;16800.0000;1;10556.0000;None;114000.0000
25423;2023-01-21 15:39:11.597000;1;103993;1;1;16800.0000;1;10556.0000;None;114000.0000
25453;2023-01-21 19:01:55.447000;1;103993;1;1;16800.0000;1;None;None;16800.0000
25449;2023-01-21 17:16:23.927000;1;103993;1;1;16800.0000;1;2815.0000;None;30400.0000
25446;2023-01-21 16:55:36.770000;1;103993;1;1;16800.0000;1;1556.0000;None;16800.0000
25440;2023-01-21 16:00:47.287000;1;103993;1;1;16800.0000;1;16667.0000;None;180000.0000
25455;2023-01-21 20:22:30.517000;2;104319;1;1;48800.0000;1;20093.0000;None;217000.0000
25419;2023-01-21 14:12:07.950000;1;104337;1;1;48800.0000;1;10111.0000;None;109200.0000
25441;2023-01-21 16:04:15.420000;1;104341;1;1;39800.0000;1;9982.0000;None;107800.0000
25455;2023-01-21 20:22:30.517000;1;104341;1;1;39800.0000;1;20093.0000;None;217000.0000
25459;2023-01-21 21:14:56.403000;1;104341;1;1;39800.0000;1;9648.0000;None;104200.0000
12317;2023-01-21 21:14:05.910000;1;104341;1;1;39800.0000;1;20185.0000;None;218000.0000
25412;2023-01-21 13:49:45.643000;1;104341;1;1;39800.0000;1;15093.0000;None;163000.0000
25399;2023-01-21 13:23:55.860000;1;104341;1;1;39800.0000;1;10296.0000;None;111200.0000
25401;2023-01-21 13:20:00.840000;1;104347;1;1;46800.0000;1;11333.0000;None;122400.0000
25412;2023-01-21 13:49:45.643000;1;104347;1;1;46800.0000;1;15093.0000;None;163000.0000
25467;2023-01-21 22:06:24.997000;1;104347;1;1;46800.0000;1;12056.0000;None;130200.0000
25468;2023-01-21 22:13:01.997000;1;104347;1;1;46800.0000;1;24926.0000;None;269200.0000
25468;2023-01-21 22:13:01.997000;1;104347;1;1;46800.0000;1;24926.0000;None;269200.0000
25455;2023-01-21 20:22:30.517000;1;104347;1;1;46800.0000;1;20093.0000;None;217000.0000
25458;2023-01-21 20:54:25.137000;1;104347;1;1;46800.0000;1;29000.0000;None;313200.0000
25458;2023-01-21 20:54:25.137000;1;104347;1;1;46800.0000;1;29000.0000;None;313200.0000
25441;2023-01-21 16:04:15.420000;1;104347;1;1;46800.0000;1;9982.0000;None;107800.0000
25447;2023-01-21 16:56:04.457000;1;104347;1;1;46800.0000;1;9278.0000;None;100200.0000
25445;2023-01-21 16:55:18.807000;1;104347;1;1;46800.0000;1;10870.0000;None;117400.0000
25419;2023-01-21 14:12:07.950000;1;104347;1;1;46800.0000;1;10111.0000;None;109200.0000
25418;2023-01-21 14:08:45.173000;1;104347;1;1;46800.0000;1;11407.0000;None;123200.0000
25424;2023-01-21 14:43:34.687000;1;104347;1;1;46800.0000;1;11500.0000;None;124200.0000
25428;2023-01-21 14:56:25.183000;1;104347;1;1;46800.0000;1;4333.0000;None;46800.0000
25429;2023-01-21 14:58:35.213000;1;104347;1;1;46800.0000;1;10463.0000;None;113000.0000
25429;2023-01-21 15:20:04.043000;3;104355;1;1;11800.0000;1;10463.0000;None;113000.0000
25429;2023-01-21 14:58:35.197000;3;104355;1;1;11800.0000;1;10463.0000;None;113000.0000
25426;2023-01-21 14:51:01.820000;3;104355;1;1;11800.0000;1;23278.0000;None;251400.0000
25426;2023-01-21 14:51:01.820000;3;104355;1;1;11800.0000;1;23278.0000;None;251400.0000
12303;2023-01-21 13:13:22.230000;3;104355;1;1;11800.0000;1;12889.0000;None;139200.0000
12303;2023-01-21 14:01:58.210000;3;104355;1;1;11800.0000;1;12889.0000;None;139200.0000
12306;2023-01-21 14:53:49.867000;3;104355;1;1;11800.0000;1;17574.0000;None;189800.0000
12304;2023-01-21 13:13:22.230000;3;104355;1;1;11800.0000;1;7815.0000;None;84400.0000
25445;2023-01-21 16:55:18.807000;3;104355;1;1;11800.0000;1;10870.0000;None;117400.0000
25448;2023-01-21 17:09:50.980000;3;104355;1;1;11800.0000;1;12056.0000;None;130200.0000
25443;2023-01-21 16:18:49.757000;3;104355;1;1;11800.0000;1;12741.0000;None;137600.0000
25443;2023-01-21 16:30:47.797000;3;104355;1;1;11800.0000;1;12741.0000;None;137600.0000
25440;2023-01-21 16:01:06.537000;3;104355;1;1;11800.0000;1;16667.0000;None;180000.0000
25458;2023-01-21 21:01:21.587000;3;104355;1;3;35400.0000;1;29000.0000;None;313200.0000
12315;2023-01-21 21:02:43.290000;3;104355;1;1;11800.0000;1;25148.0000;None;271600.0000
12315;2023-01-21 21:02:43.290000;3;104355;1;1;11800.0000;1;25148.0000;None;271600.0000
12315;2023-01-21 21:02:43.290000;3;104355;1;1;11800.0000;1;25148.0000;None;271600.0000
12315;2023-01-21 21:28:51.890000;3;104355;1;1;11800.0000;1;25148.0000;None;271600.0000
25395;2023-01-21 13:08:43.997000;3;104355;1;1;11800.0000;1;14833.0000;None;160200.0000
25393;2023-01-21 13:04:05.643000;3;104355;1;1;11800.0000;1;12056.0000;None;130200.0000
25393;2023-01-21 13:04:05.643000;3;104355;1;1;11800.0000;1;12056.0000;None;130200.0000
25392;2023-01-21 13:02:38.607000;3;104355;1;1;11800.0000;1;7537.0000;None;81400.0000
25415;2023-01-21 13:55:21.747000;3;104355;1;1;11800.0000;1;13352.0000;None;144200.0000
25415;2023-01-21 13:55:21.747000;3;104355;1;1;11800.0000;1;13352.0000;None;144200.0000
25401;2023-01-21 13:20:00.840000;3;104355;1;1;11800.0000;1;11333.0000;None;122400.0000
25389;2023-01-21 12:25:04.957000;1;104357;1;1;45800.0000;1;13482.0000;None;145600.0000
12318;2023-01-21 21:09:03.307000;1;104357;1;1;48100.0000;1;None;None;83600.0000
25458;2023-01-21 20:54:25.137000;1;104357;1;1;45800.0000;1;29000.0000;None;313200.0000
25455;2023-01-21 20:22:30.517000;1;104357;1;1;45800.0000;1;20093.0000;None;217000.0000
25431;2023-01-21 15:03:51;1;104357;1;1;45800.0000;1;10759.0000;None;116200.0000
25448;2023-01-21 17:09:50.980000;1;104357;1;1;45800.0000;1;12056.0000;None;130200.0000
12303;2023-01-21 13:13:22.230000;1;104357;1;1;45800.0000;1;12889.0000;None;139200.0000
12311;2023-01-21 20:40:15.357000;1;104358;1;1;23800.0000;1;None;None;23800.0000
25395;2023-01-21 13:08:43.997000;1;104358;1;1;23800.0000;1;14833.0000;None;160200.0000
25416;2023-01-21 13:55:35.397000;1;104413;1;1;1800.0000;1;9648.0000;None;104200.0000
25416;2023-01-21 13:55:35.397000;1;104413;1;1;1800.0000;1;9648.0000;None;104200.0000
25464;2023-01-21 22:08:17.137000;1;104413;1;1;1800.0000;1;11759.0000;None;127000.0000
12302;2023-01-21 14:01:38.190000;1;104413;1;1;1900.0000;1;None;None;105500.0000
25436;2023-01-21 15:32:30.173000;1;104413;1;1;1800.0000;1;14593.0000;None;157600.0000
25440;2023-01-21 16:02:46.047000;1;104413;1;1;1800.0000;1;16667.0000;None;180000.0000
25440;2023-01-21 16:02:46.047000;1;104413;1;1;1800.0000;1;16667.0000;None;180000.0000
25441;2023-01-21 16:04:15.420000;1;104413;1;1;1800.0000;1;9982.0000;None;107800.0000
25441;2023-01-21 16:04:15.420000;1;104413;1;1;1800.0000;1;9982.0000;None;107800.0000
25443;2023-01-21 16:18:49.757000;1;104447;1;1;56800.0000;1;12741.0000;None;137600.0000
12306;2023-01-21 14:53:49.867000;1;104447;1;1;56800.0000;1;17574.0000;None;189800.0000
25431;2023-01-21 15:03:51;1;104447;1;1;56800.0000;1;10759.0000;None;116200.0000
25422;2023-01-21 14:50:04.287000;1;104447;1;1;56800.0000;1;15056.0000;None;162600.0000
25457;2023-01-21 20:50:10.137000;1;104447;1;1;56800.0000;1;21445.0000;None;231600.0000
25415;2023-01-21 13:55:21.747000;1;104447;1;1;56800.0000;1;13352.0000;None;144200.0000
25410;2023-01-21 13:51:06.327000;1;104447;1;1;56800.0000;1;33945.0000;None;366600.0000
12301;2023-01-21 13:43:12.413000;1;104447;1;1;59700.0000;1;None;None;163300.0000
25407;2023-01-21 13:35:02.273000;1;104447;1;1;56800.0000;1;11870.0000;None;128200.0000
25407;2023-01-21 13:35:02.273000;1;104447;1;1;56800.0000;1;11870.0000;None;128200.0000
25390;2023-01-21 12:50:40.523000;1;104447;1;1;56800.0000;1;9185.0000;None;99200.0000
12315;2023-01-21 21:11:30.860000;1;104450;1;1;23800.0000;1;25148.0000;None;271600.0000
25420;2023-01-21 14:16:33.867000;1;104777;1;1;1800.0000;1;5130.0000;None;55400.0000
25436;2023-01-21 15:30:05.920000;1;104777;1;1;1800.0000;1;14593.0000;None;157600.0000
12305;2023-01-21 14:23:28.740000;1;104974;1;1;46800.0000;1;4333.0000;None;46800.0000
25417;2023-01-21 13:56:48.173000;1;104974;1;1;46800.0000;1;10130.0000;None;109400.0000
25423;2023-01-21 14:37:46.877000;1;104974;1;1;46800.0000;1;10556.0000;None;114000.0000
25400;2023-01-21 13:19:07.457000;1;104974;1;1;46800.0000;1;10852.0000;None;117200.0000
25413;2023-01-21 13:51:19.503000;1;104974;1;1;46800.0000;1;4333.0000;None;46800.0000
25438;2023-01-21 15:52:16.477000;1;106358;1;1;38800.0000;1;14019.0000;None;151400.0000
25439;2023-01-21 16:15:17.587000;1;106358;1;1;38800.0000;1;15167.0000;None;163800.0000
25443;2023-01-21 16:18:49.757000;1;106358;1;1;38800.0000;1;12741.0000;None;137600.0000
25444;2023-01-21 16:25:56.623000;1;107824;1;1;23800.0000;1;5593.0000;None;60400.0000
25459;2023-01-21 21:14:56.403000;1;107825;1;1;46800.0000;1;9648.0000;None;104200.0000
25406;2023-01-21 13:34:24.223000;1;107826;1;1;46800.0000;1;5333.0000;None;57600.0000
25457;2023-01-21 20:46:41.370000;1;107826;1;1;46800.0000;1;21445.0000;None;231600.0000
25458;2023-01-21 20:54:25.137000;1;107826;1;1;46800.0000;1;29000.0000;None;313200.0000
25426;2023-01-21 14:51:01.820000;1;107826;1;1;46800.0000;1;23278.0000;None;251400.0000
25450;2023-01-21 17:38:27.440000;1;107827;1;1;53800.0000;1;11019.0000;None;119000.0000
25438;2023-01-21 15:52:16.477000;1;107827;1;1;53800.0000;1;14019.0000;None;151400.0000
25394;2023-01-21 13:06:43.820000;1;107827;1;1;53800.0000;1;13333.0000;None;144000.0000
25450;2023-01-21 17:38:27.440000;1;107829;1;1;38800.0000;1;11019.0000;None;119000.0000
12315;2023-01-21 21:10:31.670000;1;107829;1;1;38800.0000;1;25148.0000;None;271600.0000
25465;2023-01-21 21:56:19.573000;1;107831;1;1;58800.0000;1;5444.0000;None;58800.0000
25468;2023-01-21 22:13:01.997000;1;107831;1;1;58800.0000;1;24926.0000;None;269200.0000
12307;2023-01-21 19:22:41.397000;1;107831;1;1;61800.0000;1;None;None;61800.0000
12320;2023-01-21 22:37:03.960000;1;107831;1;1;58800.0000;1;None;None;76400.0000
25445;2023-01-21 16:55:18.807000;1;107831;1;1;58800.0000;1;10870.0000;None;117400.0000
25438;2023-01-21 15:52:16.477000;1;107831;1;1;58800.0000;1;14019.0000;None;151400.0000
25439;2023-01-21 16:15:17.587000;1;107831;1;1;58800.0000;1;15167.0000;None;163800.0000
25440;2023-01-21 16:01:06.537000;1;107831;1;1;58800.0000;1;16667.0000;None;180000.0000
25432;2023-01-21 15:08:03.380000;1;107831;1;1;58800.0000;1;11352.0000;None;122600.0000
25418;2023-01-21 14:08:45.173000;1;107831;1;1;58800.0000;1;11407.0000;None;123200.0000
25393;2023-01-21 13:04:05.643000;1;107831;1;1;58800.0000;1;12056.0000;None;130200.0000
25395;2023-01-21 13:16:18.377000;1;107831;1;1;58800.0000;1;14833.0000;None;160200.0000
12297;2023-01-21 12:10:42.917000;1;107831;1;1;61800.0000;1;None;None;100500.0000
25400;2023-01-21 13:22:37.247000;1;107831;1;1;58800.0000;1;10852.0000;None;117200.0000
25402;2023-01-21 13:24:40.093000;1;107831;1;1;58800.0000;1;5444.0000;None;58800.0000
25414;2023-01-21 13:53:36.150000;1;107831;1;1;58800.0000;1;5444.0000;None;58800.0000
25416;2023-01-21 13:55:35.397000;1;107831;1;1;58800.0000;1;9648.0000;None;104200.0000
25410;2023-01-21 13:51:06.327000;1;107831;1;1;58800.0000;1;33945.0000;None;366600.0000
25412;2023-01-21 13:49:45.643000;1;107831;1;1;58800.0000;1;15093.0000;None;163000.0000
12301;2023-01-21 13:43:12.413000;1;107831;1;1;61800.0000;1;None;None;163300.0000
25439;2023-01-21 16:15:17.587000;1;107832;1;1;41800.0000;1;15167.0000;None;163800.0000
25425;2023-01-21 14:45:12.290000;1;107833;1;1;53800.0000;1;9833.0000;None;106200.0000
25389;2023-01-21 12:25:04.957000;1;107836;1;1;19800.0000;1;13482.0000;None;145600.0000
25440;2023-01-21 16:01:06.537000;1;107836;1;1;19800.0000;1;16667.0000;None;180000.0000
12308;2023-01-21 19:47:23.050000;1;107836;1;2;41600.0000;1;None;None;41600.0000
25468;2023-01-21 22:13:01.997000;1;107839;1;1;41800.0000;1;24926.0000;None;269200.0000
25468;2023-01-21 22:13:01.997000;1;107839;1;1;41800.0000;1;24926.0000;None;269200.0000
25464;2023-01-21 21:55:51.243000;1;107839;1;1;41800.0000;1;11759.0000;None;127000.0000
25440;2023-01-21 16:01:06.537000;1;107839;1;1;41800.0000;1;16667.0000;None;180000.0000
12302;2023-01-21 14:01:38.190000;1;107839;1;1;43900.0000;1;None;None;105500.0000
25421;2023-01-21 14:26:45.507000;1;107839;1;1;41800.0000;1;9630.0000;None;104000.0000
25421;2023-01-21 14:26:45.507000;1;107839;1;1;41800.0000;1;9630.0000;None;104000.0000
25416;2023-01-21 14:23:45.327000;1;107839;1;1;41800.0000;1;9648.0000;None;104200.0000
12306;2023-01-21 15:25:32.860000;1;107840;1;1;45800.0000;1;17574.0000;None;189800.0000
25458;2023-01-21 20:54:25.137000;1;107840;1;1;45800.0000;1;29000.0000;None;313200.0000
25458;2023-01-21 20:54:25.137000;1;107840;1;1;45800.0000;1;29000.0000;None;313200.0000
25457;2023-01-21 20:50:10.137000;1;107846;1;1;33800.0000;1;21445.0000;None;231600.0000
12318;2023-01-21 21:09:03.307000;1;107846;1;1;35500.0000;1;None;None;83600.0000
12317;2023-01-21 21:14:05.910000;1;107846;1;1;33800.0000;1;20185.0000;None;218000.0000
25451;2023-01-21 18:17:32.610000;1;107846;1;1;33800.0000;1;14982.0000;None;161800.0000
12298;2023-01-21 12:13:43.197000;1;107846;1;1;35500.0000;1;None;None;129500.0000
25417;2023-01-21 14:54:47.653000;1;107871;1;1;14800.0000;1;10130.0000;None;109400.0000
25457;2023-01-21 21:29:23.730000;1;107871;1;1;14800.0000;1;21445.0000;None;231600.0000
12315;2023-01-21 20:54:25.137000;3;107873;1;1;8800.0000;1;25148.0000;None;271600.0000
12315;2023-01-21 20:54:25.137000;3;107873;1;1;8800.0000;1;25148.0000;None;271600.0000
25459;2023-01-21 21:15:59.297000;3;107873;1;1;8800.0000;1;9648.0000;None;104200.0000
25459;2023-01-21 21:15:59.297000;3;107873;1;1;8800.0000;1;9648.0000;None;104200.0000
12317;2023-01-21 20:54:25.137000;3;107873;1;1;8800.0000;1;20185.0000;None;218000.0000
25468;2023-01-21 22:13:01.997000;3;107873;1;1;8800.0000;1;24926.0000;None;269200.0000
25468;2023-01-21 22:13:01.997000;3;107873;1;1;8800.0000;1;24926.0000;None;269200.0000
25466;2023-01-21 22:04:19.470000;3;107873;1;1;8800.0000;1;3852.0000;None;41600.0000
12320;2023-01-21 22:22:58.667000;3;107873;1;1;8800.0000;1;None;None;76400.0000
12320;2023-01-21 22:27:56.907000;3;107873;1;1;8800.0000;1;None;None;76400.0000
25468;2023-01-21 22:17:19.290000;3;107873;1;1;8800.0000;1;24926.0000;None;269200.0000
12306;2023-01-21 14:53:49.867000;3;107873;1;1;8800.0000;1;17574.0000;None;189800.0000
12304;2023-01-21 13:13:22.230000;3;107873;1;1;8800.0000;1;7815.0000;None;84400.0000
25425;2023-01-21 14:45:12.290000;3;107873;1;1;8800.0000;1;9833.0000;None;106200.0000
25425;2023-01-21 14:45:12.290000;3;107873;1;1;8800.0000;1;9833.0000;None;106200.0000
25422;2023-01-21 14:36:02.747000;3;107873;1;1;8800.0000;1;15056.0000;None;162600.0000
25450;2023-01-21 17:38:27.440000;3;107873;1;1;8800.0000;1;11019.0000;None;119000.0000
25450;2023-01-21 17:38:27.440000;3;107873;1;1;8800.0000;1;11019.0000;None;119000.0000
25450;2023-01-21 17:38:27.440000;3;107873;1;1;8800.0000;1;11019.0000;None;119000.0000
25451;2023-01-21 18:29:22.723000;3;107873;1;1;8800.0000;1;14982.0000;None;161800.0000
25444;2023-01-21 16:25:56.623000;3;107873;1;1;8800.0000;1;5593.0000;None;60400.0000
25448;2023-01-21 17:09:50.980000;3;107873;1;1;8800.0000;1;12056.0000;None;130200.0000
25441;2023-01-21 16:04:15.420000;3;107873;1;1;8800.0000;1;9982.0000;None;107800.0000
25441;2023-01-21 16:04:15.420000;3;107873;1;1;8800.0000;1;9982.0000;None;107800.0000
25439;2023-01-21 16:32:04.557000;3;107873;1;1;8800.0000;1;15167.0000;None;163800.0000
25439;2023-01-21 16:15:17.587000;3;107873;1;1;8800.0000;1;15167.0000;None;163800.0000
12298;2023-01-21 12:13:43.197000;3;107873;1;1;9300.0000;1;None;None;129500.0000
25389;2023-01-21 12:25:04.957000;3;107873;1;1;8800.0000;1;13482.0000;None;145600.0000
25390;2023-01-21 12:50:40.523000;3;107873;1;1;8800.0000;1;9185.0000;None;99200.0000
25409;2023-01-21 13:42:32.127000;3;107873;1;1;8800.0000;1;13445.0000;None;145200.0000
25409;2023-01-21 13:42:32.127000;3;107873;1;1;8800.0000;1;13445.0000;None;145200.0000
25397;2023-01-21 13:13:22.230000;3;107873;1;1;8800.0000;1;3852.0000;None;41600.0000
25410;2023-01-21 13:51:06.327000;1;107893;1;1;56800.0000;1;33945.0000;None;366600.0000
12302;2023-01-21 14:01:38.190000;1;107893;1;1;59700.0000;1;None;None;105500.0000
25389;2023-01-21 12:25:04.957000;1;108054;1;1;29800.0000;1;13482.0000;None;145600.0000
25456;2023-01-21 20:24:09.470000;2;108101;1;1;36800.0000;1;21019.0000;None;227000.0000
25456;2023-01-21 20:24:09.470000;2;108101;1;1;36800.0000;1;21019.0000;None;227000.0000
25408;2023-01-21 22:25:50.707000;2;108101;1;1;36800.0000;1;None;None;44000.0000
25408;2023-01-21 22:25:50.707000;2;108101;1;1;36800.0000;1;None;None;44000.0000
25408;2023-01-21 23:50:08.847000;2;108101;1;-1;-36800.0000;1;None;None;44000.0000
25408;2023-01-21 23:50:08.847000;2;108101;1;-1;-36800.0000;1;None;None;44000.0000
25457;2023-01-21 20:46:41.370000;2;108132;1;1;23800.0000;1;21445.0000;None;231600.0000
25456;2023-01-21 22:33:18.013000;2;108143;1;1;44800.0000;1;21019.0000;None;227000.0000
25456;2023-01-21 22:33:18.013000;2;108143;1;1;44800.0000;1;21019.0000;None;227000.0000
25405;2023-01-21 13:31:33.777000;3;108169;1;1;0.0000;1;7167.0000;None;77400.0000
25420;2023-01-21 14:18:56.453000;3;108191;1;1;0.0000;1;5130.0000;None;55400.0000
25422;2023-01-21 14:36:02.747000;3;108191;2;1;0.0000;1;15056.0000;None;162600.0000
25422;2023-01-21 15:09:35.157000;3;108191;2;1;0.0000;1;15056.0000;None;162600.0000
25403;2023-01-21 13:35:52.710000;3;108192;1;1;0.0000;1;1630.0000;None;17600.0000
25452;2023-01-21 18:44:14.207000;3;108192;2;1;0.0000;1;14796.0000;None;159800.0000
25452;2023-01-21 18:44:14.207000;3;108192;2;1;0.0000;1;14796.0000;None;159800.0000
12317;2023-01-21 21:14:05.910000;1;108314;1;1;39800.0000;1;20185.0000;None;218000.0000
25447;2023-01-21 16:56:04.457000;1;108314;1;1;39800.0000;1;9278.0000;None;100200.0000
25420;2023-01-21 14:16:33.867000;1;108314;1;1;39800.0000;1;5130.0000;None;55400.0000
25422;2023-01-21 14:36:02.747000;1;108314;1;1;39800.0000;1;15056.0000;None;162600.0000
12301;2023-01-21 13:43:12.413000;None;108314;None;1;41800.0000;1;None;None;163300.0000
25437;2023-01-21 15:48:33.500000;1;108319;1;1;85800.0000;1;12333.0000;None;133200.0000
25397;2023-01-21 13:13:22.230000;1;108320;1;1;32800.0000;1;3852.0000;None;41600.0000
25389;2023-01-21 12:25:04.957000;1;108321;1;1;27800.0000;1;13482.0000;None;145600.0000
25464;2023-01-21 21:55:51.243000;1;108321;1;1;27800.0000;1;11759.0000;None;127000.0000
25444;2023-01-21 16:25:56.623000;1;108321;1;1;27800.0000;1;5593.0000;None;60400.0000
25422;2023-01-21 14:50:04.287000;1;108321;1;1;27800.0000;1;15056.0000;None;162600.0000
25429;2023-01-21 14:58:35.213000;1;108321;1;1;27800.0000;1;10463.0000;None;113000.0000
12306;2023-01-21 14:53:49.867000;1;108323;1;1;52800.0000;1;17574.0000;None;189800.0000
25440;2023-01-21 16:00:47.287000;3;108325;1;1;16800.0000;1;16667.0000;None;180000.0000
25455;2023-01-21 20:22:30.517000;2;108627;1;1;35800.0000;1;20093.0000;None;217000.0000
25436;2023-01-21 16:09:02.960000;2;109053;1;1;21800.0000;1;14593.0000;None;157600.0000
25436;2023-01-21 15:23:11.960000;2;109053;1;1;21800.0000;1;14593.0000;None;157600.0000
25452;2023-01-21 18:44:14.207000;1;109155;1;1;63800.0000;1;14796.0000;None;159800.0000
25452;2023-01-21 18:44:14.207000;1;109155;1;1;63800.0000;1;14796.0000;None;159800.0000
25448;2023-01-21 17:09:50.980000;1;109155;1;1;63800.0000;1;12056.0000;None;130200.0000
12304;2023-01-21 13:13:22.230000;1;109155;1;1;63800.0000;1;7815.0000;None;84400.0000
25392;2023-01-21 13:02:38.607000;1;109155;1;1;63800.0000;1;7537.0000;None;81400.0000
25394;2023-01-21 13:06:43.820000;1;109155;1;1;63800.0000;1;13333.0000;None;144000.0000
25405;2023-01-21 13:31:33.777000;1;109155;1;1;63800.0000;1;7167.0000;None;77400.0000
25409;2023-01-21 13:42:32.127000;1;109155;1;1;63800.0000;1;13445.0000;None;145200.0000
25415;2023-01-21 13:55:21.747000;1;109155;1;1;63800.0000;1;13352.0000;None;144200.0000
25466;2023-01-21 22:05:14.880000;1;109156;1;1;32800.0000;1;3852.0000;None;41600.0000
25427;2023-01-21 14:56:12.950000;1;109157;1;1;62800.0000;1;5815.0000;None;62800.0000
25451;2023-01-21 18:17:32.610000;1;109157;1;1;62800.0000;1;14982.0000;None;161800.0000
25426;2023-01-21 14:51:01.820000;1;109243;1;1;45800.0000;1;23278.0000;None;251400.0000
25408;2023-01-21 13:41:53.493000;1;109244;1;1;29800.0000;1;None;None;44000.0000
25410;2023-01-21 13:46:08.200000;1;109245;1;1;47800.0000;1;33945.0000;None;366600.0000
25393;2023-01-21 13:04:05.643000;1;109245;1;1;47800.0000;1;12056.0000;None;130200.0000
25417;2023-01-21 13:56:48.173000;1;109245;1;1;47800.0000;1;10130.0000;None;109400.0000
25432;2023-01-21 15:08:03.380000;1;109336;1;1;63800.0000;1;11352.0000;None;122600.0000
25469;2023-01-21 22:19:43.340000;1;109336;1;1;63800.0000;1;7093.0000;None;76600.0000
25409;2023-01-21 13:42:32.127000;1;109336;1;1;63800.0000;1;13445.0000;None;145200.0000
25401;2023-01-21 13:20:00.840000;1;109336;1;1;63800.0000;1;11333.0000;None;122400.0000
25437;2023-01-21 16:17:10.233000;1;109450;1;1;33800.0000;1;12333.0000;None;133200.0000
25434;2023-01-21 15:13:15.817000;1;109451;1;1;26800.0000;1;2481.0000;None;26800.0000
25391;2023-01-21 13:13:57.597000;1;109451;1;1;26800.0000;1;11278.0000;None;121800.0000
25390;2023-01-21 12:50:40.523000;1;109451;1;1;26800.0000;1;9185.0000;None;99200.0000
25408;2023-01-21 13:41:53.493000;1;109451;1;1;26800.0000;1;None;None;44000.0000
25467;2023-01-21 22:06:24.997000;1;109454;1;1;57800.0000;1;12056.0000;None;130200.0000
25426;2023-01-21 14:51:01.820000;1;109454;1;1;57800.0000;1;23278.0000;None;251400.0000
25399;2023-01-21 13:17:51.277000;1;109454;1;1;57800.0000;1;10296.0000;None;111200.0000
25436;2023-01-21 15:23:11.960000;1;109568;1;1;47800.0000;1;14593.0000;None;157600.0000
25436;2023-01-21 15:23:11.960000;1;109568;1;1;47800.0000;1;14593.0000;None;157600.0000
12303;2023-01-21 13:13:22.230000;1;109569;1;1;69800.0000;1;12889.0000;None;139200.0000
25396;2023-01-21 13:09:44.627000;1;109569;1;1;69800.0000;1;7630.0000;None;82400.0000
25391;2023-01-21 12:55:20.210000;3;200004;1;1;9800.0000;1;11278.0000;None;121800.0000
25391;2023-01-21 13:25:50.263000;3;200005;1;1;13800.0000;1;11278.0000;None;121800.0000
25408;2023-01-21 13:37:42.123000;3;200005;1;1;13800.0000;1;None;None;44000.0000
12317;2023-01-21 21:11:41.773000;2;200136;1;1;95800.0000;1;20185.0000;None;218000.0000
12317;2023-01-21 21:22:18.067000;2;200137;1;-1;-100800.0000;1;20185.0000;None;218000.0000
12317;2023-01-21 21:07:02.760000;2;200137;1;1;100800.0000;1;20185.0000;None;218000.0000
25467;2023-01-21 22:06:24.997000;2;200480;1;1;12800.0000;1;12056.0000;None;130200.0000
25467;2023-01-21 22:06:24.997000;2;200480;1;1;12800.0000;1;12056.0000;None;130200.0000
25469;2023-01-21 22:19:43.340000;2;200480;1;1;12800.0000;1;7093.0000;None;76600.0000
25422;2023-01-21 15:09:35.157000;2;200480;1;1;12800.0000;1;15056.0000;None;162600.0000
25422;2023-01-21 14:36:02.747000;2;200480;1;1;12800.0000;1;15056.0000;None;162600.0000
25452;2023-01-21 18:44:14.207000;2;200480;1;1;12800.0000;1;14796.0000;None;159800.0000
25394;2023-01-21 13:06:43.820000;2;200480;1;1;12800.0000;1;13333.0000;None;144000.0000
25396;2023-01-21 13:09:44.627000;3;200644;1;1;6800.0000;1;7630.0000;None;82400.0000
25395;2023-01-21 14:07:43.763000;3;200644;1;1;6800.0000;1;14833.0000;None;160200.0000
25405;2023-01-21 13:31:33.777000;3;200644;1;1;6800.0000;1;7167.0000;None;77400.0000
25407;2023-01-21 13:35:02.273000;3;200644;1;1;6800.0000;1;11870.0000;None;128200.0000
25407;2023-01-21 13:35:02.273000;3;200644;1;1;6800.0000;1;11870.0000;None;128200.0000
25437;2023-01-21 15:48:33.500000;3;200644;1;1;6800.0000;1;12333.0000;None;133200.0000
25419;2023-01-21 14:12:07.950000;3;200644;1;1;6800.0000;1;10111.0000;None;109200.0000
25464;2023-01-21 22:20:04.130000;3;200644;1;1;6800.0000;1;11759.0000;None;127000.0000
25457;2023-01-21 20:46:41.370000;3;200644;1;1;6800.0000;1;21445.0000;None;231600.0000
25421;2023-01-21 14:26:45.507000;3;201146;1;1;6800.0000;1;9630.0000;None;104000.0000
25421;2023-01-21 14:26:45.507000;3;201146;1;1;6800.0000;1;9630.0000;None;104000.0000
25437;2023-01-21 15:48:33.500000;3;201146;1;1;6800.0000;1;12333.0000;None;133200.0000
25439;2023-01-21 15:54:28.510000;3;201146;1;1;6800.0000;1;15167.0000;None;163800.0000
25405;2023-01-21 13:37:14.250000;3;201146;1;1;6800.0000;1;7167.0000;None;77400.0000
25390;2023-01-21 12:50:40.523000;3;201146;1;1;6800.0000;1;9185.0000;None;99200.0000
25403;2023-01-21 13:26:35.487000;2;201187;1;1;10800.0000;1;1630.0000;None;17600.0000
25406;2023-01-21 13:32:27.037000;2;201187;1;1;10800.0000;1;5333.0000;None;57600.0000
25412;2023-01-21 13:49:45.643000;2;201187;1;1;10800.0000;1;15093.0000;None;163000.0000
25451;2023-01-21 18:43:51.960000;2;201187;1;1;10800.0000;1;14982.0000;None;161800.0000
25451;2023-01-21 18:17:32.610000;2;201187;1;1;10800.0000;1;14982.0000;None;161800.0000
25418;2023-01-21 14:08:45.173000;2;201187;1;1;10800.0000;1;11407.0000;None;123200.0000
25468;2023-01-21 22:13:01.997000;3;201206;1;1;6800.0000;1;24926.0000;None;269200.0000
25418;2023-01-21 14:08:45.173000;3;201206;1;1;6800.0000;1;11407.0000;None;123200.0000
25426;2023-01-21 14:51:01.820000;3;201206;1;1;6800.0000;1;23278.0000;None;251400.0000
25426;2023-01-21 15:39:31.707000;3;201206;1;1;6800.0000;1;23278.0000;None;251400.0000
25452;2023-01-21 18:44:14.207000;3;201206;1;1;6800.0000;1;14796.0000;None;159800.0000
25452;2023-01-21 18:44:14.207000;3;201206;1;1;6800.0000;1;14796.0000;None;159800.0000
25443;2023-01-21 16:18:49.757000;3;201206;1;1;6800.0000;1;12741.0000;None;137600.0000
25447;2023-01-21 16:56:04.457000;3;201206;1;1;6800.0000;1;9278.0000;None;100200.0000
25447;2023-01-21 16:56:04.457000;3;201206;1;1;6800.0000;1;9278.0000;None;100200.0000
25440;2023-01-21 16:01:06.537000;3;201206;1;1;6800.0000;1;16667.0000;None;180000.0000
25399;2023-01-21 13:17:51.277000;3;201206;1;1;6800.0000;1;10296.0000;None;111200.0000
25399;2023-01-21 13:40:39.470000;3;201206;1;1;6800.0000;1;10296.0000;None;111200.0000
25389;2023-01-21 12:25:04.957000;3;201206;1;1;6800.0000;1;13482.0000;None;145600.0000
25389;2023-01-21 12:48:15.857000;3;201211;1;1;6800.0000;1;13482.0000;None;145600.0000
25431;2023-01-21 15:03:51;3;201211;1;1;6800.0000;1;10759.0000;None;116200.0000
25431;2023-01-21 15:33:37.717000;3;201211;1;1;6800.0000;1;10759.0000;None;116200.0000
25419;2023-01-21 14:12:07.950000;3;201211;1;1;6800.0000;1;10111.0000;None;109200.0000
25452;2023-01-21 18:44:14.207000;3;201237;1;1;5800.0000;1;14796.0000;None;159800.0000
25392;2023-01-21 13:05:05.713000;3;201237;1;1;5800.0000;1;7537.0000;None;81400.0000
25403;2023-01-21 13:35:52.710000;3;201269;1;1;6800.0000;1;1630.0000;None;17600.0000
25412;2023-01-21 13:49:45.643000;3;201269;1;1;6800.0000;1;15093.0000;None;163000.0000
25424;2023-01-21 14:41:55.307000;3;201269;1;1;6800.0000;1;11500.0000;None;124200.0000
25424;2023-01-21 14:41:55.307000;3;201269;1;1;6800.0000;1;11500.0000;None;124200.0000
12315;2023-01-21 21:22:04.577000;3;201277;1;1;6800.0000;1;25148.0000;None;271600.0000
25394;2023-01-21 13:06:43.820000;3;201277;1;1;6800.0000;1;13333.0000;None;144000.0000
25394;2023-01-21 13:06:43.820000;3;201277;1;1;6800.0000;1;13333.0000;None;144000.0000
25429;2023-01-21 14:58:35.213000;2;201615;1;1;14800.0000;1;10463.0000;None;113000.0000
25436;2023-01-21 15:30:51.883000;2;201615;1;1;14800.0000;1;14593.0000;None;157600.0000
25395;2023-01-21 13:07:04.993000;2;201615;1;1;14800.0000;1;14833.0000;None;160200.0000
25395;2023-01-21 13:07:04.993000;2;201615;1;1;14800.0000;1;14833.0000;None;160200.0000
25411;2023-01-21 13:49:08.610000;2;201615;1;1;14800.0000;1;7278.0000;None;78600.0000
12306;2023-01-21 14:16:33.867000;2;201960;1;1;13800.0000;1;17574.0000;None;189800.0000
25420;2023-01-21 14:18:56.453000;2;201960;1;1;13800.0000;1;5130.0000;None;55400.0000
25408;2023-01-21 13:37:42.123000;3;202570;1;1;8800.0000;1;None;None;44000.0000
25408;2023-01-21 13:37:42.123000;3;202570;1;1;8800.0000;1;None;None;44000.0000
