14498;21122022 18:05;6;101394;1;1;0.0000;1;None;None
14498;21122022 18:05;6;101394;1;1;0.0000;1;None;None
14491;21122022 18:00;6;101394;1;1;0.0000;1;None;None
14491;21122022 18:00;6;101394;1;1;0.0000;1;None;None
14486;21122022 17:56;6;101591;1;1;0.0000;1;None;None
14486;21122022 17:56;6;101591;1;1;0.0000;1;None;None
14488;21122022 17:58;1;101643;1;1;8900.0000;1;None;None
14492;21122022 18:01;1;101643;1;1;8900.0000;1;None;None
14494;21122022 18:02;1;101643;1;1;8900.0000;1;None;None
14529;21122022 18:48;1;101643;1;1;8900.0000;1;None;None
14529;21122022 18:48;1;101643;1;1;8900.0000;1;None;None
14522;21122022 18:37;1;101643;1;5;44500.0000;1;None;None
14523;21122022 18:40;1;101643;1;1;8900.0000;1;None;None
14515;21122022 18:28;1;101643;1;1;8900.0000;1;None;None
14513;21122022 18:25;1;101643;1;-5;-44500.0000;1;None;None
14514;21122022 18:27;1;101643;1;1;8900.0000;1;None;None
14457;21122022 17:23;1;101643;1;1;8900.0000;1;None;None
14455;21122022 17:22;1;101643;1;1;8900.0000;1;None;None
14455;21122022 17:22;1;101643;1;1;8900.0000;1;None;None
14459;21122022 17:25;1;101643;1;1;8900.0000;1;None;None
14464;21122022 17:29;1;101643;1;1;8900.0000;1;None;None
14464;21122022 17:29;1;101643;1;1;8900.0000;1;None;None
14453;21122022 17:20;1;101643;1;1;8900.0000;1;None;None
14440;21122022 17:03;1;101643;1;1;8900.0000;1;None;None
14445;21122022 17:12;1;101643;1;4;35600.0000;1;None;None
14438;21122022 17:02;1;101643;1;1;8900.0000;1;None;None
14423;21122022 16:39;1;101643;1;1;8900.0000;1;None;None
14420;21122022 16:37;1;101643;1;1;8900.0000;1;None;None
14412;21122022 16:29;1;101643;1;1;8900.0000;1;None;None
14402;21122022 16:09;1;101643;1;1;8900.0000;1;None;None
14397;21122022 16:02;1;101643;1;1;8900.0000;1;None;None
14386;21122022 15:42;1;101643;1;1;8900.0000;1;None;None
14377;21122022 15:32;1;101643;1;1;8900.0000;1;None;None
14368;21122022 15:15;1;101643;1;1;8900.0000;1;None;None
14367;21122022 15:14;1;101643;1;1;8900.0000;1;None;None
14354;21122022 14:50;1;101643;1;1;8900.0000;1;None;None
14336;21122022 14:18;1;101643;1;1;8900.0000;1;None;None
14332;21122022 14:13;1;101643;1;1;8900.0000;1;None;None
14323;21122022 13:57;1;101643;1;1;8900.0000;1;None;None
14319;21122022 13:50;1;101643;1;1;8900.0000;1;None;None
14319;21122022 13:50;1;101643;1;1;8900.0000;1;None;None
14296;21122022 13:09;1;101643;1;1;8900.0000;1;None;None
14292;21122022 13:01;1;101643;1;1;8900.0000;1;None;None
14291;21122022 13:01;1;101643;1;1;8900.0000;1;None;None
14293;21122022 13:02;1;101643;1;1;8900.0000;1;None;None
14277;21122022 12:38;1;101643;1;1;8900.0000;1;None;None
14276;21122022 12:36;1;101643;1;1;8900.0000;1;None;None
14273;21122022 12:34;1;101643;1;1;8900.0000;1;None;None
14273;21122022 12:34;1;101643;1;1;8900.0000;1;None;None
14257;21122022 11:58;1;101643;1;1;8900.0000;1;None;None
14253;21122022 11:47;1;101643;1;1;8900.0000;1;None;None
14254;21122022 11:49;1;101643;1;1;8900.0000;1;None;None
14246;21122022 11:34;1;101643;1;1;8900.0000;1;None;None
14246;21122022 11:34;1;101643;1;1;8900.0000;1;None;None
14247;21122022 11:35;1;101643;1;1;8900.0000;1;None;None
14244;21122022 11:31;1;101643;1;1;8900.0000;1;None;None
14244;21122022 11:31;1;101643;1;1;8900.0000;1;None;None
14238;21122022 11:21;1;101643;1;1;8900.0000;1;None;None
14238;21122022 11:21;1;101644;1;1;5900.0000;1;None;None
14237;21122022 11:20;1;101644;1;1;5900.0000;1;None;None
14237;21122022 11:20;1;101644;1;1;5900.0000;1;None;None
14243;21122022 11:30;1;101644;1;1;5900.0000;1;None;None
14235;21122022 11:18;1;101644;1;1;5900.0000;1;None;None
14235;21122022 11:18;1;101644;1;1;5900.0000;1;None;None
14245;21122022 11:32;1;101644;1;1;5900.0000;1;None;None
14245;21122022 11:32;1;101644;1;1;5900.0000;1;None;None
14249;21122022 11:39;1;101644;1;1;5900.0000;1;None;None
14249;21122022 11:39;1;101644;1;1;5900.0000;1;None;None
14255;21122022 11:52;1;101644;1;1;5900.0000;1;None;None
14255;21122022 11:52;1;101644;1;1;5900.0000;1;None;None
14255;21122022 11:52;1;101644;1;1;5900.0000;1;None;None
14256;21122022 11:54;1;101644;1;1;5900.0000;1;None;None
14256;21122022 11:54;1;101644;1;1;5900.0000;1;None;None
14258;21122022 11:59;1;101644;1;1;5900.0000;1;None;None
14259;21122022 12:03;1;101644;1;1;5900.0000;1;None;None
14260;21122022 12:06;1;101644;1;1;5900.0000;1;None;None
14265;21122022 12:20;1;101644;1;1;5900.0000;1;None;None
14272;21122022 12:33;1;101644;1;1;5900.0000;1;None;None
14272;21122022 12:33;1;101644;1;1;5900.0000;1;None;None
14267;21122022 12:26;1;101644;1;1;5900.0000;1;None;None
14267;21122022 12:26;1;101644;1;1;5900.0000;1;None;None
14278;21122022 12:40;1;101644;1;1;5900.0000;1;None;None
14278;21122022 12:40;1;101644;1;1;5900.0000;1;None;None
14278;21122022 12:40;1;101644;1;1;5900.0000;1;None;None
14275;21122022 12:36;1;101644;1;1;5900.0000;1;None;None
14275;21122022 12:36;1;101644;1;1;5900.0000;1;None;None
14283;21122022 12:50;1;101644;1;1;5900.0000;1;None;None
14283;21122022 12:50;1;101644;1;1;5900.0000;1;None;None
14285;21122022 12:52;1;101644;1;1;5900.0000;1;None;None
14285;21122022 12:52;1;101644;1;1;5900.0000;1;None;None
14299;21122022 13:22;1;101644;1;1;5900.0000;1;None;None
14299;21122022 13:22;1;101644;1;1;5900.0000;1;None;None
14306;21122022 13:31;1;101644;1;1;5900.0000;1;None;None
14320;21122022 13:55;1;101644;1;1;5900.0000;1;None;None
14320;21122022 13:55;1;101644;1;1;5900.0000;1;None;None
14321;21122022 13:56;1;101644;1;3;17700.0000;1;None;None
14314;21122022 13:43;1;101644;1;1;5900.0000;1;None;None
14312;21122022 13:40;1;101644;1;1;5900.0000;1;None;None
14312;21122022 13:40;1;101644;1;1;5900.0000;1;None;None
14309;21122022 13:36;1;101644;1;1;5900.0000;1;None;None
14331;21122022 14:12;1;101644;1;1;5900.0000;1;None;None
14331;21122022 14:12;1;101644;1;1;5900.0000;1;None;None
14333;21122022 14:13;1;101644;1;1;5900.0000;1;None;None
14329;21122022 14:09;1;101644;1;1;5900.0000;1;None;None
14337;21122022 14:21;1;101644;1;1;5900.0000;1;None;None
14342;21122022 14:30;1;101644;1;1;5900.0000;1;None;None
14355;21122022 14:54;1;101644;1;1;5900.0000;1;None;None
14356;21122022 14:56;1;101644;1;1;5900.0000;1;None;None
14356;21122022 14:56;1;101644;1;1;5900.0000;1;None;None
14351;21122022 14:46;1;101644;1;1;5900.0000;1;None;None
14351;21122022 14:46;1;101644;1;1;5900.0000;1;None;None
14362;21122022 15:03;1;101644;1;3;17700.0000;1;None;None
14361;21122022 15:03;1;101644;1;1;5900.0000;1;None;None
14375;21122022 15:26;1;101644;1;1;5900.0000;1;None;None
14372;21122022 15:22;1;101644;1;1;5900.0000;1;None;None
14373;21122022 15:24;1;101644;1;2;11800.0000;1;None;None
14374;21122022 15:25;1;101644;1;1;5900.0000;1;None;None
14374;21122022 15:25;1;101644;1;1;5900.0000;1;None;None
14380;21122022 15:35;1;101644;1;1;5900.0000;1;None;None
14380;21122022 15:35;1;101644;1;1;5900.0000;1;None;None
14381;21122022 15:35;1;101644;1;1;5900.0000;1;None;None
14383;21122022 15:38;1;101644;1;1;5900.0000;1;None;None
14383;21122022 15:38;1;101644;1;1;5900.0000;1;None;None
14385;21122022 15:41;1;101644;1;1;5900.0000;1;None;None
14385;21122022 15:41;1;101644;1;1;5900.0000;1;None;None
14391;21122022 15:53;1;101644;1;1;5900.0000;1;None;None
14403;21122022 16:11;1;101644;1;1;5900.0000;1;None;None
14399;21122022 16:03;1;101644;1;1;5900.0000;1;None;None
14420;21122022 16:37;1;101644;1;1;5900.0000;1;None;None
14418;21122022 16:36;1;101644;1;1;5900.0000;1;None;None
14405;21122022 16:18;1;101644;1;1;5900.0000;1;None;None
14410;21122022 16:27;1;101644;1;3;17700.0000;1;None;None
14427;21122022 16:48;1;101644;1;1;5900.0000;1;None;None
14427;21122022 16:48;1;101644;1;1;5900.0000;1;None;None
14426;21122022 16:45;1;101644;1;1;5900.0000;1;None;None
14426;21122022 16:45;1;101644;1;1;5900.0000;1;None;None
14429;21122022 16:50;1;101644;1;1;5900.0000;1;None;None
14438;21122022 17:02;1;101644;1;1;5900.0000;1;None;None
14436;21122022 17:00;1;101644;1;1;5900.0000;1;None;None
14437;21122022 17:01;1;101644;1;1;5900.0000;1;None;None
14443;21122022 17:08;1;101644;1;3;17700.0000;1;None;None
14452;21122022 17:19;1;101644;1;1;5900.0000;1;None;None
14451;21122022 17:18;1;101644;1;1;5900.0000;1;None;None
14450;21122022 17:18;1;101644;1;2;11800.0000;1;None;None
14465;21122022 17:30;1;101644;1;1;5900.0000;1;None;None
14469;21122022 17:37;1;101644;1;1;5900.0000;1;None;None
14469;21122022 17:37;1;101644;1;1;5900.0000;1;None;None
14461;21122022 17:27;1;101644;1;1;5900.0000;1;None;None
14456;21122022 17:22;1;101644;1;1;5900.0000;1;None;None
14456;21122022 17:22;1;101644;1;1;5900.0000;1;None;None
14534;21122022 18:52;1;101644;1;1;5900.0000;1;None;None
14535;21122022 18:53;1;101644;1;1;5900.0000;1;None;None
14535;21122022 18:53;1;101644;1;1;5900.0000;1;None;None
14536;21122022 18:54;1;101644;1;1;5900.0000;1;None;None
14513;21122022 18:25;1;101644;1;-2;-11800.0000;1;None;None
14516;21122022 18:29;1;101644;1;1;5900.0000;1;None;None
14517;21122022 18:29;1;101644;1;2;11800.0000;1;None;None
14508;21122022 18:19;1;101644;1;1;5900.0000;1;None;None
14522;21122022 18:37;1;101644;1;2;11800.0000;1;None;None
14518;21122022 18:31;1;101644;1;2;11800.0000;1;None;None
14526;21122022 18:46;1;101644;1;1;5900.0000;1;None;None
14526;21122022 18:46;1;101644;1;1;5900.0000;1;None;None
14531;21122022 18:50;1;101644;1;1;5900.0000;1;None;None
14495;21122022 18:02;1;101644;1;1;5900.0000;1;None;None
14500;21122022 18:08;1;101644;1;1;5900.0000;1;None;None
14500;21122022 18:08;1;101644;1;1;5900.0000;1;None;None
14500;21122022 18:08;1;101644;1;1;5900.0000;1;None;None
14500;21122022 18:08;1;101644;1;1;5900.0000;1;None;None
14486;21122022 17:56;1;101644;1;1;5900.0000;1;None;None
14485;21122022 17:53;1;101644;1;1;5900.0000;1;None;None
14487;21122022 17:57;1;101644;1;1;5900.0000;1;None;None
14481;21122022 17:48;1;101644;1;1;5900.0000;1;None;None
14482;21122022 17:49;1;101644;1;1;5900.0000;1;None;None
14479;21122022 17:47;1;101644;1;1;5900.0000;1;None;None
14479;21122022 17:47;1;101644;1;1;5900.0000;1;None;None
14471;21122022 17:39;1;101644;1;1;5900.0000;1;None;None
14471;21122022 17:39;1;101644;1;1;5900.0000;1;None;None
14472;21122022 17:41;1;101644;1;1;5900.0000;1;None;None
14472;21122022 17:41;1;101644;1;1;5900.0000;1;None;None
14473;21122022 17:42;1;101644;1;1;5900.0000;1;None;None
14475;21122022 17:44;1;101644;1;1;5900.0000;1;None;None
14544;21122022 19:03;1;102534;1;1;34600.0000;1;None;None
14466;21122022 17:31;1;102813;1;1;3000.0000;1;None;None
14466;21122022 17:31;1;102813;1;1;3000.0000;1;None;None
14441;21122022 17:04;1;102813;1;4;12000.0000;1;None;None
14427;21122022 16:48;1;102813;1;1;3000.0000;1;None;None
14413;21122022 16:30;1;102813;1;1;3000.0000;1;None;None
14413;21122022 16:30;1;102813;1;1;3000.0000;1;None;None
14414;21122022 16:31;1;102813;1;1;3000.0000;1;None;None
14414;21122022 16:31;1;102813;1;1;3000.0000;1;None;None
14399;21122022 16:03;1;102813;1;1;3000.0000;1;None;None
14399;21122022 16:03;1;102813;1;1;3000.0000;1;None;None
14339;21122022 14:22;1;102813;1;1;3000.0000;1;None;None
14339;21122022 14:22;1;102813;1;1;3000.0000;1;None;None
14259;21122022 12:03;1;102813;1;2;6000.0000;1;None;None
14250;21122022 11:43;1;102813;1;30;90000.0000;1;None;None
14232;21122022 11:04;1;102813;1;1;3000.0000;1;None;None
14486;21122022 17:56;3;102838;1;1;11800.0000;1;None;None
14498;21122022 18:05;3;102838;1;1;11800.0000;1;None;None
14491;21122022 18:00;3;102838;1;1;11800.0000;1;None;None
14487;21122022 17:57;1;103084;1;1;5000.0000;1;None;None
14282;21122022 12:47;1;103086;1;1;5000.0000;1;None;None
14392;21122022 15:54;1;103086;1;1;5000.0000;1;None;None
14348;21122022 14:42;1;103086;1;1;5000.0000;1;None;None
14447;21122022 17:15;1;103086;1;1;5000.0000;1;None;None
14445;21122022 17:12;1;103088;1;1;5000.0000;1;None;None
14344;21122022 14:33;1;103088;1;1;5000.0000;1;None;None
14282;21122022 12:47;1;103088;1;1;5000.0000;1;None;None
14287;21122022 12:57;1;103088;1;1;5000.0000;1;None;None
14475;21122022 17:44;1;103088;1;1;5000.0000;1;None;None
14477;21122022 17:45;1;103088;1;1;5000.0000;1;None;None
14530;21122022 18:49;1;103088;1;1;5000.0000;1;None;None
14239;21122022 11:23;1;103092;1;1;8800.0000;1;None;None
14302;21122022 13:26;1;103092;1;1;8800.0000;1;None;None
14338;21122022 14:21;1;103092;1;1;8800.0000;1;None;None
14311;21122022 13:39;1;103092;1;1;8800.0000;1;None;None
14402;21122022 16:09;1;103092;1;1;8800.0000;1;None;None
14468;21122022 17:34;1;103092;1;1;8800.0000;1;None;None
14421;21122022 16:37;1;103095;1;1;8800.0000;1;None;None
14432;21122022 16:55;1;103095;1;3;26400.0000;1;None;None
14369;21122022 15:15;1;103095;1;1;8800.0000;1;None;None
14287;21122022 12:57;1;103095;1;1;8800.0000;1;None;None
14269;21122022 12:31;1;103095;1;1;8800.0000;1;None;None
14269;21122022 12:31;1;103095;1;1;8800.0000;1;None;None
14515;21122022 18:28;1;103095;1;1;8800.0000;1;None;None
14515;21122022 18:28;1;103095;1;1;8800.0000;1;None;None
14497;21122022 18:05;1;103095;1;1;8800.0000;1;None;None
14536;21122022 18:54;1;103097;1;1;8800.0000;1;None;None
14541;21122022 18:59;1;103097;1;1;8800.0000;1;None;None
14252;21122022 11:46;1;103097;1;1;8800.0000;1;None;None
14236;21122022 11:18;1;103097;1;1;8800.0000;1;None;None
14297;21122022 13:10;1;103097;1;1;8800.0000;1;None;None
14359;21122022 15:01;1;103097;1;1;8800.0000;1;None;None
14379;21122022 15:34;1;103097;1;1;8800.0000;1;None;None
14428;21122022 16:49;1;103097;1;1;8800.0000;1;None;None
14401;21122022 16:07;1;103100;1;1;8800.0000;1;None;None
14395;21122022 15:59;1;103100;1;1;8800.0000;1;None;None
14371;21122022 15:18;1;103100;1;1;8800.0000;1;None;None
14375;21122022 15:26;1;103100;1;1;8800.0000;1;None;None
14303;21122022 13:28;1;103100;1;1;8800.0000;1;None;None
14287;21122022 12:57;1;103100;1;1;8800.0000;1;None;None
14337;21122022 14:21;1;103100;1;1;8800.0000;1;None;None
14230;21122022 10:55;1;103100;1;1;8800.0000;1;None;None
14489;21122022 17:59;1;103100;1;1;8800.0000;1;None;None
14490;21122022 17:59;1;103100;1;1;8800.0000;1;None;None
14524;21122022 18:41;1;103100;1;1;8800.0000;1;None;None
14523;21122022 18:40;1;104194;1;1;8900.0000;1;None;None
14530;21122022 18:49;1;104194;1;1;8900.0000;1;None;None
14508;21122022 18:19;1;104194;1;1;8900.0000;1;None;None
14506;21122022 18:16;1;104194;1;1;8900.0000;1;None;None
14494;21122022 18:02;1;104194;1;1;8900.0000;1;None;None
14494;21122022 18:02;1;104194;1;1;8900.0000;1;None;None
14476;21122022 17:45;1;104194;1;1;8900.0000;1;None;None
14478;21122022 17:45;1;104194;1;1;8900.0000;1;None;None
14480;21122022 17:47;1;104194;1;1;8900.0000;1;None;None
14545;21122022 19:04;1;104194;1;1;9400.0000;1;None;None
14541;21122022 18:59;1;104194;1;1;8900.0000;1;None;None
14540;21122022 18:58;1;104194;1;1;8900.0000;1;None;None
14540;21122022 18:58;1;104194;1;1;8900.0000;1;None;None
14538;21122022 18:56;1;104194;1;1;8900.0000;1;None;None
14233;21122022 11:09;1;104194;1;1;8900.0000;1;None;None
14234;21122022 11:15;1;104194;1;1;8900.0000;1;None;None
14253;21122022 11:47;1;104194;1;1;8900.0000;1;None;None
14248;21122022 11:36;1;104194;1;1;8900.0000;1;None;None
14266;21122022 12:24;1;104194;1;1;8900.0000;1;None;None
14270;21122022 12:32;1;104194;1;1;8900.0000;1;None;None
14340;21122022 14:23;1;104194;1;1;8900.0000;1;None;None
14341;21122022 14:24;1;104194;1;1;8900.0000;1;None;None
14328;21122022 14:07;1;104194;1;1;8900.0000;1;None;None
14328;21122022 14:07;1;104194;1;1;8900.0000;1;None;None
14327;21122022 14:02;1;104194;1;2;17800.0000;1;None;None
14334;21122022 14:14;1;104194;1;1;8900.0000;1;None;None
14313;21122022 13:42;1;104194;1;1;8900.0000;1;None;None
14316;21122022 13:44;1;104194;1;1;8900.0000;1;None;None
14324;21122022 13:59;1;104194;1;1;8900.0000;1;None;None
14326;21122022 14:01;1;104194;1;1;8900.0000;1;None;None
14317;21122022 13:47;1;104194;1;1;8900.0000;1;None;None
14284;21122022 12:51;1;104194;1;1;8900.0000;1;None;None
14305;21122022 13:30;1;104194;1;1;8900.0000;1;None;None
14292;21122022 13:01;1;104194;1;1;8900.0000;1;None;None
14370;21122022 15:16;1;104194;1;1;8900.0000;1;None;None
14365;21122022 15:12;1;104194;1;1;8900.0000;1;None;None
14349;21122022 14:42;1;104194;1;1;8900.0000;1;None;None
14397;21122022 16:02;1;104194;1;1;8900.0000;1;None;None
14400;21122022 16:05;1;104194;1;1;8900.0000;1;None;None
14400;21122022 16:05;1;104194;1;1;8900.0000;1;None;None
14404;21122022 16:17;1;104194;1;1;8900.0000;1;None;None
14378;21122022 15:33;1;104194;1;1;8900.0000;1;None;None
14376;21122022 15:30;1;104194;1;1;8900.0000;1;None;None
14382;21122022 15:37;1;104194;1;1;8900.0000;1;None;None
14382;21122022 15:37;1;104194;1;1;8900.0000;1;None;None
14382;21122022 15:37;1;104194;1;1;8900.0000;1;None;None
14386;21122022 15:42;1;104194;1;1;8900.0000;1;None;None
14387;21122022 15:47;1;104194;1;1;8900.0000;1;None;None
14390;21122022 15:52;1;104194;1;1;8900.0000;1;None;None
14423;21122022 16:39;1;104194;1;1;8900.0000;1;None;None
14430;21122022 16:52;1;104194;1;1;8900.0000;1;None;None
14434;21122022 16:57;1;104194;1;1;8900.0000;1;None;None
14434;21122022 16:57;1;104194;1;1;8900.0000;1;None;None
14435;21122022 16:58;1;104194;1;1;8900.0000;1;None;None
14435;21122022 16:58;1;104194;1;1;8900.0000;1;None;None
14407;21122022 16:22;1;104194;1;1;8900.0000;1;None;None
14470;21122022 17:38;1;104194;1;3;26700.0000;1;None;None
14467;21122022 17:32;1;104194;1;1;8900.0000;1;None;None
14468;21122022 17:34;1;104194;1;1;8900.0000;1;None;None
14458;21122022 17:24;1;104194;1;1;8900.0000;1;None;None
14460;21122022 17:26;1;104194;1;1;8900.0000;1;None;None
14462;21122022 17:28;1;104194;1;1;8900.0000;1;None;None
14462;21122022 17:28;1;104194;1;1;8900.0000;1;None;None
14439;21122022 17:03;1;104194;1;1;8900.0000;1;None;None
14439;21122022 17:03;1;104194;1;1;8900.0000;1;None;None
14446;21122022 17:13;1;104194;1;1;8900.0000;1;None;None
14448;21122022 17:17;1;104194;1;1;8900.0000;1;None;None
14406;21122022 16:21;1;104275;1;1;8800.0000;1;None;None
14406;21122022 16:21;1;104275;1;1;8800.0000;1;None;None
14416;21122022 16:34;1;104275;1;1;8800.0000;1;None;None
14416;21122022 16:34;1;104275;1;1;8800.0000;1;None;None
14424;21122022 16:42;1;104275;1;1;8800.0000;1;None;None
14426;21122022 16:45;1;104275;1;1;8800.0000;1;None;None
14353;21122022 14:49;1;104275;1;1;8800.0000;1;None;None
14364;21122022 15:12;1;104275;1;1;8800.0000;1;None;None
14364;21122022 15:12;1;104275;1;1;8800.0000;1;None;None
14298;21122022 13:16;1;104275;1;1;8800.0000;1;None;None
14295;21122022 13:05;1;104275;1;1;8800.0000;1;None;None
14287;21122022 12:57;1;104275;1;1;8800.0000;1;None;None
14286;21122022 12:55;1;104275;1;1;8800.0000;1;None;None
14287;21122022 12:57;1;104275;1;1;8800.0000;1;None;None
14289;21122022 12:59;1;104275;1;1;8800.0000;1;None;None
14310;21122022 13:38;1;104275;1;1;8800.0000;1;None;None
14329;21122022 14:09;1;104275;1;1;8800.0000;1;None;None
14262;21122022 12:07;1;104275;1;1;8800.0000;1;None;None
14251;21122022 11:45;1;104275;1;1;8800.0000;1;None;None
14251;21122022 11:45;1;104275;1;1;8800.0000;1;None;None
14474;21122022 17:43;1;104275;1;1;8800.0000;1;None;None
14474;21122022 17:43;1;104275;1;1;8800.0000;1;None;None
14531;21122022 18:50;1;104275;1;1;8800.0000;1;None;None
14533;21122022 18:51;1;104551;1;1;8800.0000;1;None;None
14476;21122022 17:45;1;104551;1;1;8800.0000;1;None;None
14501;21122022 18:10;1;104551;1;1;8800.0000;1;None;None
14311;21122022 13:39;1;104551;1;1;8800.0000;1;None;None
14286;21122022 12:55;1;104958;1;1;8800.0000;1;None;None
14401;21122022 16:07;1;104958;1;1;8800.0000;1;None;None
14396;21122022 16:01;1;104958;1;1;8800.0000;1;None;None
14408;21122022 16:24;1;104958;1;1;8800.0000;1;None;None
14408;21122022 16:24;1;104958;1;1;8800.0000;1;None;None
14409;21122022 16:25;1;105281;1;1;20000.0000;1;None;None
14411;21122022 16:27;1;105281;1;1;20000.0000;1;None;None
14433;21122022 16:55;1;105281;1;1;20000.0000;1;None;None
14454;21122022 17:21;1;105281;1;1;20000.0000;1;None;None
14395;21122022 15:59;1;105281;1;1;20000.0000;1;None;None
14398;21122022 16:03;1;105281;1;1;20000.0000;1;None;None
14404;21122022 16:17;1;105281;1;1;20000.0000;1;None;None
14357;21122022 14:58;1;105281;1;1;20000.0000;1;None;None
14298;21122022 13:16;1;105281;1;1;20000.0000;1;None;None
14308;21122022 13:33;1;105281;1;1;20000.0000;1;None;None
14308;21122022 13:33;1;105281;1;1;20000.0000;1;None;None
14325;21122022 14:00;1;105281;1;1;20000.0000;1;None;None
14242;21122022 11:26;1;105281;1;1;20000.0000;1;None;None
14240;21122022 11:24;1;105281;1;1;20000.0000;1;None;None
14248;21122022 11:36;1;105281;1;1;20000.0000;1;None;None
14261;21122022 12:06;1;105281;1;1;20000.0000;1;None;None
14263;21122022 12:10;1;105281;1;1;20000.0000;1;None;None
14505;21122022 18:16;1;105281;1;1;20000.0000;1;None;None
14546;21122022 19:05;1;105281;1;1;21100.0000;1;None;None
14545;21122022 19:04;1;105428;1;1;6300.0000;1;None;None
14539;21122022 18:57;1;105428;1;1;5900.0000;1;None;None
14539;21122022 18:57;1;105428;1;1;5900.0000;1;None;None
14537;21122022 18:56;1;105428;1;1;5900.0000;1;None;None
14507;21122022 18:17;1;105428;1;1;5900.0000;1;None;None
14509;21122022 18:20;1;105428;1;1;5900.0000;1;None;None
14513;21122022 18:25;1;105428;1;-1;-5900.0000;1;None;None
14510;21122022 18:20;1;105428;1;1;5900.0000;1;None;None
14512;21122022 18:21;1;105428;1;1;5900.0000;1;None;None
14532;21122022 18:51;1;105428;1;1;5900.0000;1;None;None
14532;21122022 18:51;1;105428;1;1;5900.0000;1;None;None
14525;21122022 18:43;1;105428;1;1;5900.0000;1;None;None
14525;21122022 18:43;1;105428;1;1;5900.0000;1;None;None
14519;21122022 18:31;1;105428;1;2;11800.0000;1;None;None
14522;21122022 18:37;1;105428;1;1;5900.0000;1;None;None
14502;21122022 18:11;1;105428;1;1;5900.0000;1;None;None
14503;21122022 18:13;1;105428;1;1;5900.0000;1;None;None
14503;21122022 18:13;1;105428;1;1;5900.0000;1;None;None
14499;21122022 18:06;1;105428;1;1;5900.0000;1;None;None
14499;21122022 18:06;1;105428;1;1;5900.0000;1;None;None
14490;21122022 17:59;1;105428;1;1;5900.0000;1;None;None
14490;21122022 17:59;1;105428;1;1;5900.0000;1;None;None
14481;21122022 17:48;1;105428;1;2;11800.0000;1;None;None
14483;21122022 17:50;1;105428;1;1;5900.0000;1;None;None
14488;21122022 17:58;1;105428;1;1;5900.0000;1;None;None
14271;21122022 12:32;1;105428;1;1;5900.0000;1;None;None
14267;21122022 12:26;1;105428;1;1;5900.0000;1;None;None
14267;21122022 12:26;1;105428;1;1;5900.0000;1;None;None
14252;21122022 11:46;1;105428;1;1;5900.0000;1;None;None
14252;21122022 11:46;1;105428;1;1;5900.0000;1;None;None
14241;21122022 11:26;1;105428;1;1;5900.0000;1;None;None
14241;21122022 11:26;1;105428;1;1;5900.0000;1;None;None
14231;21122022 11:01;1;105428;1;1;5900.0000;1;None;None
14231;21122022 11:01;1;105428;1;1;5900.0000;1;None;None
14324;21122022 13:59;1;105428;1;1;5900.0000;1;None;None
14322;21122022 13:57;1;105428;1;4;23600.0000;1;None;None
14315;21122022 13:43;1;105428;1;1;5900.0000;1;None;None
14313;21122022 13:42;1;105428;1;1;5900.0000;1;None;None
14314;21122022 13:43;1;105428;1;1;5900.0000;1;None;None
14330;21122022 14:10;1;105428;1;1;5900.0000;1;None;None
14335;21122022 14:14;1;105428;1;1;5900.0000;1;None;None
14342;21122022 14:30;1;105428;1;1;5900.0000;1;None;None
14306;21122022 13:31;1;105428;1;1;5900.0000;1;None;None
14304;21122022 13:28;1;105428;1;1;5900.0000;1;None;None
14301;21122022 13:25;1;105428;1;1;5900.0000;1;None;None
14298;21122022 13:16;1;105428;1;4;23600.0000;1;None;None
14290;21122022 13:00;1;105428;1;1;5900.0000;1;None;None
14294;21122022 13:03;1;105428;1;1;5900.0000;1;None;None
14288;21122022 12:58;1;105428;1;1;5900.0000;1;None;None
14280;21122022 12:42;1;105428;1;1;5900.0000;1;None;None
14274;21122022 12:35;1;105428;1;1;5900.0000;1;None;None
14359;21122022 15:01;1;105428;1;1;5900.0000;1;None;None
14358;21122022 14:58;1;105428;1;1;5900.0000;1;None;None
14360;21122022 15:02;1;105428;1;1;5900.0000;1;None;None
14355;21122022 14:54;1;105428;1;1;5900.0000;1;None;None
14355;21122022 14:54;1;105428;1;1;5900.0000;1;None;None
14349;21122022 14:42;1;105428;1;1;5900.0000;1;None;None
14352;21122022 14:46;1;105428;1;1;5900.0000;1;None;None
14345;21122022 14:37;1;105428;1;1;5900.0000;1;None;None
14345;21122022 14:37;1;105428;1;1;5900.0000;1;None;None
14343;21122022 14:31;1;105428;1;1;5900.0000;1;None;None
14346;21122022 14:39;1;105428;1;1;5900.0000;1;None;None
14347;21122022 14:41;1;105428;1;1;5900.0000;1;None;None
14363;21122022 15:04;1;105428;1;1;5900.0000;1;None;None
14363;21122022 15:04;1;105428;1;1;5900.0000;1;None;None
14366;21122022 15:13;1;105428;1;1;5900.0000;1;None;None
14371;21122022 15:18;1;105428;1;1;5900.0000;1;None;None
14374;21122022 15:25;1;105428;1;1;5900.0000;1;None;None
14403;21122022 16:11;1;105428;1;1;5900.0000;1;None;None
14400;21122022 16:05;1;105428;1;1;5900.0000;1;None;None
14400;21122022 16:05;1;105428;1;1;5900.0000;1;None;None
14392;21122022 15:54;1;105428;1;1;5900.0000;1;None;None
14391;21122022 15:53;1;105428;1;1;5900.0000;1;None;None
14393;21122022 15:55;1;105428;1;1;5900.0000;1;None;None
14393;21122022 15:55;1;105428;1;1;5900.0000;1;None;None
14389;21122022 15:52;1;105428;1;1;5900.0000;1;None;None
14388;21122022 15:51;1;105428;1;1;5900.0000;1;None;None
14388;21122022 15:51;1;105428;1;1;5900.0000;1;None;None
14387;21122022 15:47;1;105428;1;1;5900.0000;1;None;None
14387;21122022 15:47;1;105428;1;1;5900.0000;1;None;None
14380;21122022 15:35;1;105428;1;1;5900.0000;1;None;None
14380;21122022 15:35;1;105428;1;1;5900.0000;1;None;None
14450;21122022 17:18;1;105428;1;1;5900.0000;1;None;None
14437;21122022 17:01;1;105428;1;1;5900.0000;1;None;None
14436;21122022 17:00;1;105428;1;1;5900.0000;1;None;None
14442;21122022 17:07;1;105428;1;1;5900.0000;1;None;None
14433;21122022 16:55;1;105428;1;3;17700.0000;1;None;None
14431;21122022 16:52;1;105428;1;1;5900.0000;1;None;None
14429;21122022 16:50;1;105428;1;1;5900.0000;1;None;None
14435;21122022 16:58;1;105428;1;1;5900.0000;1;None;None
14434;21122022 16:57;1;105428;1;1;5900.0000;1;None;None
14421;21122022 16:37;1;105428;1;1;5900.0000;1;None;None
14417;21122022 16:35;1;105428;1;1;5900.0000;1;None;None
14417;21122022 16:35;1;105428;1;1;5900.0000;1;None;None
14417;21122022 16:35;1;105428;1;1;5900.0000;1;None;None
14415;21122022 16:33;1;105428;1;1;5900.0000;1;None;None
14447;21122022 17:15;1;105535;1;1;1000.0000;1;None;None
14544;21122022 19:03;1;105535;1;1;1000.0000;1;None;None
14544;21122022 19:03;1;105535;1;1;1000.0000;1;None;None
14268;21122022 12:30;1;105924;1;1;8800.0000;1;None;None
14287;21122022 12:57;1;106044;1;1;5000.0000;1;None;None
14329;21122022 14:09;1;106044;1;1;5000.0000;1;None;None
14318;21122022 13:47;1;106044;1;1;5000.0000;1;None;None
14450;21122022 17:18;1;106044;1;1;5000.0000;1;None;None
14359;21122022 15:01;1;106044;1;1;5000.0000;1;None;None
14359;21122022 15:01;1;106044;1;1;5000.0000;1;None;None
14347;21122022 14:41;1;106387;1;1;2800.0000;1;None;None
14346;21122022 14:39;1;106387;1;1;2800.0000;1;None;None
14374;21122022 15:25;1;106387;1;1;2800.0000;1;None;None
14374;21122022 15:25;1;106387;1;1;2800.0000;1;None;None
14468;21122022 17:34;1;106387;1;1;2800.0000;1;None;None
14415;21122022 16:33;1;106387;1;1;2800.0000;1;None;None
14427;21122022 16:48;1;106387;1;1;2800.0000;1;None;None
14427;21122022 16:48;1;106387;1;1;2800.0000;1;None;None
14435;21122022 16:58;1;106387;1;1;2800.0000;1;None;None
14435;21122022 16:58;1;106387;1;1;2800.0000;1;None;None
14313;21122022 13:42;1;106387;1;1;2800.0000;1;None;None
14304;21122022 13:28;1;106387;1;1;2800.0000;1;None;None
14241;21122022 11:26;1;106387;1;1;2800.0000;1;None;None
14241;21122022 11:26;1;106387;1;1;2800.0000;1;None;None
14545;21122022 19:04;1;106387;1;1;3000.0000;1;None;None
14478;21122022 17:45;1;106387;1;1;2800.0000;1;None;None
14504;21122022 18:14;1;106387;1;1;2800.0000;1;None;None
14308;21122022 13:33;1;107031;1;25;2500.0000;1;None;None
14504;21122022 18:14;1;107040;1;1;11800.0000;1;None;None
14484;21122022 17:51;1;107040;1;1;11800.0000;1;None;None
14546;21122022 19:05;1;108324;1;1;23000.0000;1;None;None
14547;21122022 19:06;1;108324;1;1;23000.0000;1;None;None
14547;21122022 19:06;1;108324;1;1;23000.0000;1;None;None
14471;21122022 17:39;1;109175;1;1;8800.0000;1;None;None
14497;21122022 18:05;1;109175;1;1;8800.0000;1;None;None
14497;21122022 18:05;1;109175;1;1;8800.0000;1;None;None
14350;21122022 14:43;1;109175;1;1;8800.0000;1;None;None
14513;21122022 18:25;1;109279;1;-2;-19600.0000;1;None;None
14522;21122022 18:37;1;109279;1;2;19600.0000;1;None;None
14279;21122022 12:41;1;109518;1;1;34800.0000;1;None;None
14300;21122022 13:24;3;200644;1;1;4800.0000;1;None;None
14404;21122022 16:17;3;200644;1;1;4800.0000;1;None;None
14543;21122022 19:02;3;201146;1;1;4800.0000;1;None;None
14538;21122022 18:56;3;201146;1;1;4800.0000;1;None;None
14520;21122022 18:32;3;201146;1;1;4800.0000;1;None;None
14527;21122022 18:46;3;201146;1;1;4800.0000;1;None;None
14528;21122022 18:47;3;201146;1;1;4800.0000;1;None;None
14496;21122022 18:03;3;201146;1;1;4800.0000;1;None;None
14479;21122022 17:47;3;201146;1;1;4800.0000;1;None;None
14394;21122022 15:57;3;201146;1;1;4800.0000;1;None;None
14384;21122022 15:41;3;201146;1;1;4800.0000;1;None;None
14425;21122022 16:44;3;201146;1;1;4800.0000;1;None;None
14463;21122022 17:28;3;201146;1;1;4800.0000;1;None;None
14300;21122022 13:24;3;201146;1;1;4800.0000;1;None;None
14281;21122022 12:45;3;201146;1;1;4800.0000;1;None;None
14281;21122022 12:45;3;201146;1;1;4800.0000;1;None;None
14309;21122022 13:36;3;201146;1;1;4800.0000;1;None;None
14264;21122022 12:15;3;201146;1;1;4800.0000;1;None;None
14257;21122022 11:58;3;201146;1;1;4800.0000;1;None;None
