60;21122022 11:18;7;1135;7;1;0.0000;1;None;None
60;21122022 11:18;7;1135;9;1;0.0000;1;None;None
64;21122022 12:29;7;1135;7;1;0.0000;1;None;None
4275;21122022 17:34;7;1135;9;1;0.0000;1;None;None
8545;21122022 14:00;7;1302;9;1;0.0000;1;None;None
78;21122022 17:09;1;100842;7;2;49600.0000;1;None;None
78;21122022 17:09;1;100850;7;1;21800.0000;1;None;None
63;21122022 12:03;1;100894;9;1;36800.0000;1;None;None
86;21122022 20:59;8;100953;11;1;42800.0000;1;None;None
73;21122022 15:08;1;100963;9;1;0.0000;1;None;None
2388;21122022 15:14;1;100974;7;1;17800.0000;1;None;None
84;21122022 19:53;1;100978;7;1;28800.0000;1;None;None
2393;21122022 20:49;1;101048;11;1;44800.0000;1;None;None
78;21122022 17:09;1;101176;7;1;39800.0000;1;None;None
8545;21122022 14:00;1;101267;9;1;28800.0000;1;None;None
2389;21122022 19:41;1;101323;11;1;28800.0000;1;None;None
8545;21122022 14:00;1;101520;9;1;0.0000;1;None;None
69;21122022 12:52;1;101520;9;1;0.0000;1;None;None
69;21122022 12:52;1;101520;9;1;0.0000;1;None;None
69;21122022 12:52;1;101520;9;1;0.0000;1;None;None
63;21122022 12:03;1;101522;7;1;0.0000;1;None;None
66;21122022 12:33;6;101525;9;1;0.0000;1;None;None
78;21122022 17:09;6;101585;7;1;0.0000;1;None;None
85;21122022 20:44;1;101651;11;2;31600.0000;1;None;None
73;21122022 15:08;1;101665;9;1;38800.0000;1;None;None
69;21122022 12:52;1;101665;9;1;38800.0000;1;None;None
69;21122022 12:52;1;101665;9;1;38800.0000;1;None;None
69;21122022 12:52;1;101665;9;1;38800.0000;1;None;None
85;21122022 20:44;8;101883;11;1;52800.0000;1;None;None
73;21122022 15:08;8;101992;11;1;31800.0000;1;None;None
59;21122022 11:13;1;102037;9;1;42800.0000;1;None;None
4275;21122022 17:34;1;102037;9;1;42800.0000;1;None;None
63;21122022 12:03;8;102052;11;1;59800.0000;1;None;None
69;21122022 12:52;1;102053;7;1;32800.0000;1;None;None
85;21122022 20:44;1;102058;9;1;49800.0000;1;None;None
63;21122022 12:03;1;102170;9;1;4800.0000;1;None;None
8545;21122022 14:00;1;102222;9;1;2800.0000;1;None;None
73;21122022 15:08;1;102222;9;1;2800.0000;1;None;None
80;21122022 18:53;1;102222;9;1;2800.0000;1;None;None
71;21122022 14:53;1;102227;7;1;1200.0000;1;None;None
79;21122022 18:19;1;102361;9;1;16800.0000;1;None;None
78;21122022 17:09;1;102522;7;1;9800.0000;1;None;None
64;21122022 12:29;1;102534;1;1;36800.0000;1;None;None
81;21122022 19:01;1;102666;7;2;63600.0000;1;None;None
59;21122022 11:13;1;102675;7;1;27800.0000;1;None;None
64;21122022 12:29;1;102675;7;1;27800.0000;1;None;None
2388;21122022 15:14;1;102675;7;1;27800.0000;1;None;None
74;21122022 15:13;1;102679;7;2;65600.0000;1;None;None
71;21122022 14:53;1;102685;7;1;19800.0000;1;None;None
2391;21122022 20:23;8;102690;11;1;33800.0000;1;None;None
8542;21122022 12:05;1;102877;9;1;49800.0000;1;None;None
83;21122022 19:25;1;102897;7;1;10800.0000;1;None;None
2393;21122022 20:49;1;102925;11;1;12800.0000;1;None;None
86;21122022 20:59;8;103019;11;1;31800.0000;1;None;None
85;21122022 20:44;8;103028;11;1;49800.0000;1;None;None
8543;21122022 12:12;1;103114;9;1;6800.0000;1;None;None
66;21122022 12:33;1;103134;9;1;31800.0000;1;None;None
2392;21122022 20:43;1;103452;9;1;34800.0000;1;None;None
60;21122022 11:18;1;103564;9;1;67800.0000;1;None;None
8542;21122022 12:05;1;103564;9;1;67800.0000;1;None;None
8542;21122022 12:05;1;103564;9;2;135600.0000;1;None;None
8545;21122022 14:00;1;103600;9;1;69800.0000;1;None;None
83;21122022 19:25;8;103615;11;1;37800.0000;1;None;None
79;21122022 18:19;1;103704;9;1;49800.0000;1;None;None
60;21122022 11:18;1;103749;7;1;14800.0000;1;None;None
85;21122022 20:44;1;103771;9;1;24800.0000;1;None;None
2387;21122022 11:55;1;103773;7;1;14800.0000;1;None;None
2387;21122022 11:55;1;103773;7;3;44400.0000;1;None;None
83;21122022 19:25;8;103866;11;1;28800.0000;1;None;None
4277;21122022 19:51;8;103867;11;1;27800.0000;1;None;None
86;21122022 20:59;8;103867;11;1;27800.0000;1;None;None
80;21122022 18:53;1;103898;9;1;26800.0000;1;None;None
66;21122022 12:33;1;103993;7;1;16800.0000;1;None;None
8545;21122022 14:00;1;104004;9;1;16800.0000;1;None;None
78;21122022 17:09;1;104010;7;1;13800.0000;1;None;None
8545;21122022 14:00;1;104206;9;1;0.0000;1;None;None
8542;21122022 12:05;1;104206;9;1;0.0000;1;None;None
85;21122022 20:44;1;104233;7;2;47600.0000;1;None;None
85;21122022 20:44;1;104447;7;2;113600.0000;1;None;None
62;21122022 11:56;1;104447;7;1;56800.0000;1;None;None
72;21122022 15:06;1;104447;7;1;56800.0000;1;None;None
8546;21122022 16:34;1;104447;7;1;56800.0000;1;None;None
8545;21122022 14:00;1;104463;5;1;16800.0000;1;None;None
63;21122022 12:03;1;104491;5;1;54800.0000;1;None;None
79;21122022 18:19;1;104503;5;1;49800.0000;1;None;None
82;21122022 19:09;8;104655;11;2;75600.0000;1;None;None
86;21122022 20:59;8;104728;11;1;8200.0000;1;None;None
80;21122022 18:53;1;104873;7;1;37800.0000;1;None;None
85;21122022 20:44;1;104873;7;2;75600.0000;1;None;None
84;21122022 19:53;1;104873;7;1;37800.0000;1;None;None
78;21122022 17:09;1;104873;7;1;37800.0000;1;None;None
63;21122022 12:03;1;104898;7;1;69800.0000;1;None;None
70;21122022 13:57;1;105009;5;1;76800.0000;1;None;None
70;21122022 13:57;1;105009;5;1;76800.0000;1;None;None
69;21122022 12:52;1;105421;7;1;17800.0000;1;None;None
69;21122022 12:52;1;105421;7;1;17800.0000;1;None;None
4277;21122022 19:51;8;105424;11;1;58800.0000;1;None;None
8545;21122022 14:00;1;105885;9;1;79800.0000;1;None;None
85;21122022 20:44;8;106491;11;1;46800.0000;1;None;None
8543;21122022 12:12;1;106523;9;1;21400.0000;1;None;None
65;21122022 12:32;1;107831;7;1;55800.0000;1;None;None
61;21122022 11:40;1;107831;7;1;55800.0000;1;None;None
8546;21122022 16:34;1;107831;7;1;55800.0000;1;None;None
2390;21122022 20:04;1;107831;7;2;111600.0000;1;None;None
8546;21122022 16:34;1;107839;7;1;39800.0000;1;None;None
65;21122022 12:32;1;107840;7;1;42800.0000;1;None;None
2392;21122022 20:43;3;201420;1;1;5800.0000;1;None;None
84;21122022 19:53;3;201420;1;1;5800.0000;1;None;None
84;21122022 19:53;9;802020;1;1;7240.0000;1;None;None
2389;21122022 19:41;9;802020;1;1;3500.0000;1;None;None
2392;21122022 20:43;9;802020;1;1;4060.0000;1;None;None
2390;21122022 20:04;9;802020;1;1;10000.0000;1;None;None
85;21122022 20:44;9;802020;1;1;10000.0000;1;None;None
2391;21122022 20:23;9;802020;1;1;3500.0000;1;None;None
4277;21122022 19:51;9;802020;1;1;8660.0000;1;None;None
83;21122022 19:25;9;802020;1;1;7740.0000;1;None;None
82;21122022 19:09;9;802020;1;1;10000.0000;1;None;None
80;21122022 18:53;9;802020;1;1;6740.0000;1;None;None
81;21122022 19:01;9;802020;1;1;6360.0000;1;None;None
79;21122022 18:19;9;802020;1;1;10000.0000;1;None;None
4275;21122022 17:34;9;802020;1;1;4280.0000;1;None;None
86;21122022 20:59;9;802020;1;1;8600.0000;1;None;None
2393;21122022 20:49;9;802020;1;1;5760.0000;1;None;None
65;21122022 12:32;9;802020;1;1;9860.0000;1;None;None
66;21122022 12:33;9;802020;1;1;4860.0000;1;None;None
8543;21122022 12:12;9;802020;1;1;3500.0000;1;None;None
8542;21122022 12:05;9;802020;1;1;10000.0000;1;None;None
64;21122022 12:29;9;802020;1;1;6460.0000;1;None;None
61;21122022 11:40;9;802020;1;1;5580.0000;1;None;None
60;21122022 11:18;9;802020;1;1;8260.0000;1;None;None
62;21122022 11:56;9;802020;1;1;5680.0000;1;None;None
2387;21122022 11:55;9;802020;1;1;5920.0000;1;None;None
63;21122022 12:03;9;802020;1;1;10000.0000;1;None;None
2388;21122022 15:14;9;802020;1;1;4560.0000;1;None;None
74;21122022 15:13;9;802020;1;1;6560.0000;1;None;None
73;21122022 15:08;9;802020;1;1;7340.0000;1;None;None
8546;21122022 16:34;9;802020;1;1;10000.0000;1;None;None
78;21122022 17:09;9;802020;1;1;10000.0000;1;None;None
69;21122022 12:52;9;802020;1;1;10000.0000;1;None;None
70;21122022 13:57;9;802020;1;1;10000.0000;1;None;None
72;21122022 15:06;9;802020;1;1;5680.0000;1;None;None
71;21122022 14:53;9;802020;1;1;3500.0000;1;None;None
8545;21122022 14:00;9;802020;1;1;10000.0000;1;None;None
8545;21122022 14:00;9;802020;1;-1;-10000.0000;1;None;None
8545;21122022 14:00;9;802020;1;1;10000.0000;1;None;None
59;21122022 11:13;9;802020;1;1;7060.0000;1;None;None
